Temps,Temperature,Frequency,Cpu_usage,Cpu_memory,Classe
1697489865.779,41.868,1800.0,3.8,8.0,normal
1697489866.282,41.381,1800.0,2.5,8.2,normal
1697489866.785,40.894,1800.0,2.5,8.3,normal
1697489867.288,42.355,1800.0,2.5,8.4,normal
1697489867.79,40.407,1800.0,10.6,8.7,normal
1697489868.293,41.381,1800.0,4.0,8.8,normal
1697489868.795,41.868,1800.0,9.4,8.8,normal
1697489869.298,41.381,1800.0,10.8,8.9,normal
1697489869.801,41.868,1800.0,2.0,8.9,normal
1697489870.305,41.868,700.0,6.0,8.9,normal
1697489870.81,41.868,1000.0,14.0,9.0,normal
1697489871.312,42.842,1800.0,23.1,9.2,normal
1697489871.815,42.842,1800.0,39.7,9.5,normal
1697489872.318,42.842,1800.0,17.0,9.7,normal
1697489872.821,43.816,1800.0,21.6,9.8,normal
1697489873.323,43.329,1800.0,29.1,10.0,normal
1697489873.826,42.842,1800.0,24.4,10.1,normal
1697489874.329,43.816,1800.0,20.6,10.2,normal
1697489874.832,42.842,1800.0,28.9,9.8,normal
1697489875.335,45.277,1800.0,29.9,10.0,normal
1697489875.838,44.303,1800.0,21.4,10.1,normal
1697489876.341,43.329,1800.0,25.5,10.2,normal
1697489876.844,43.816,1800.0,28.1,10.0,normal
1697489877.347,45.764,1800.0,64.0,10.2,normal
1697489877.849,44.303,1800.0,50.8,10.5,normal
1697489878.352,45.277,1800.0,19.1,10.5,normal
1697489878.855,44.79,1800.0,4.5,10.5,normal
1697489879.357,44.303,1800.0,3.0,10.5,normal
1697489879.86,44.79,1800.0,4.9,10.5,normal
1697489880.362,43.816,1800.0,3.0,10.5,normal
1697489880.865,43.816,1800.0,7.4,10.6,normal
1697489881.37,44.303,600.0,4.5,10.6,normal
1697489881.874,43.816,1100.0,8.9,10.6,normal
1697489882.377,43.329,1800.0,10.0,10.6,normal
1697489882.879,43.329,1800.0,4.0,10.6,normal
1697489883.383,43.329,1800.0,23.3,10.3,normal
1697489883.886,43.329,1800.0,29.1,10.7,normal
1697489884.388,43.329,1800.0,3.5,10.7,normal
1697489884.891,43.816,1800.0,4.5,10.7,normal
1697489885.393,43.816,1800.0,4.0,10.7,normal
1697489885.896,42.842,1800.0,4.5,10.7,normal
1697489886.398,43.329,1800.0,4.5,10.7,normal
1697489886.901,43.329,1800.0,4.0,10.7,normal
1697489887.405,43.816,900.0,4.5,10.7,normal
1697489887.909,42.842,900.0,4.0,10.7,normal
1697489888.413,43.329,1100.0,8.5,10.7,normal
1697489888.915,42.842,1800.0,10.5,10.7,normal
1697489889.418,43.816,1800.0,17.2,10.3,normal
1697489889.921,44.303,1800.0,34.7,10.7,normal
1697489890.423,42.842,1800.0,3.0,10.7,normal
1697489890.926,43.329,1800.0,5.0,10.7,normal
1697489891.429,43.816,1800.0,2.0,10.7,normal
1697489891.931,42.842,1800.0,4.5,10.7,normal
1697489892.434,43.816,1800.0,3.5,10.7,normal
1697489892.937,43.329,1800.0,4.0,10.7,normal
1697489893.439,43.329,1800.0,5.5,10.7,normal
1697489893.944,42.842,800.0,5.0,10.7,normal
1697489894.448,42.842,800.0,4.9,10.7,normal
1697489894.952,42.842,900.0,4.5,10.7,normal
1697489895.455,43.329,1800.0,13.5,10.1,normal
1697489895.959,43.816,1800.0,37.6,10.6,normal
1697489896.462,43.816,1800.0,8.0,10.7,normal
1697489896.964,42.842,1800.0,4.5,10.7,normal
1697489897.467,43.329,1800.0,3.5,10.7,normal
1697489897.97,42.355,1800.0,3.5,10.7,normal
1697489898.472,43.816,1800.0,4.0,10.7,normal
1697489898.975,43.329,1800.0,3.5,10.7,normal
1697489899.477,44.303,1800.0,3.5,10.3,normal
1697489899.98,44.303,1800.0,4.0,10.3,normal
1697489900.485,43.329,700.0,3.0,10.3,normal
1697489900.989,42.842,800.0,5.5,10.3,normal
1697489901.492,43.816,1800.0,19.8,9.9,normal
1697489901.995,45.277,1800.0,35.5,10.3,normal
1697489902.498,44.303,1800.0,4.5,10.3,normal
1697489903.0,43.329,1800.0,5.0,10.3,normal
1697489903.503,44.303,1800.0,4.9,10.3,normal
1697489904.005,43.329,1800.0,3.0,10.3,normal
1697489904.508,42.355,1800.0,3.0,10.3,normal
1697489905.01,43.816,1800.0,4.0,10.3,normal
1697489905.513,43.816,1800.0,3.0,10.3,normal
1697489906.016,43.816,1800.0,3.5,10.3,normal
1697489906.52,43.329,700.0,4.0,10.3,normal
1697489907.026,43.816,700.0,5.0,10.3,normal
1697489907.529,43.329,1800.0,11.5,9.6,normal
1697489908.033,44.79,1800.0,35.0,10.2,normal
1697489908.536,43.816,1800.0,10.5,10.3,normal
1697489909.038,43.329,1800.0,3.0,10.3,normal
1697489909.541,43.329,1800.0,4.0,10.3,normal
1697489910.043,43.816,1800.0,3.5,10.3,normal
1697489910.546,43.816,1800.0,3.5,10.3,normal
1697489911.049,43.329,1800.0,4.5,10.3,normal
1697489911.551,43.329,1800.0,4.5,10.3,normal
1697489912.054,43.816,1800.0,2.5,10.3,normal
1697489912.559,43.329,700.0,4.5,10.3,normal
1697489913.063,43.816,900.0,5.0,10.3,normal
1697489913.567,43.329,900.0,7.5,10.1,normal
1697489914.07,43.329,1800.0,29.2,10.1,normal
1697489914.573,44.303,1800.0,23.4,10.3,normal
1697489915.075,45.277,1800.0,3.5,10.3,normal
1697489915.578,44.79,1800.0,5.0,10.3,normal
1697489916.08,43.329,1800.0,3.5,10.3,normal
1697489916.583,43.816,1800.0,4.0,10.3,normal
1697489917.086,43.329,1800.0,3.5,10.3,normal
1697489917.588,44.303,1800.0,2.5,10.3,normal
1697489918.091,43.816,1800.0,6.4,10.3,normal
1697489918.593,43.329,1800.0,3.0,10.3,normal
1697489919.099,43.329,600.0,4.5,10.3,normal
1697489919.605,43.816,600.0,4.0,10.3,normal
1697489920.108,43.329,1800.0,25.4,10.0,normal
1697489920.611,43.816,1800.0,28.1,10.3,normal
1697489921.114,43.816,1800.0,4.0,10.3,normal
1697489921.616,43.816,1800.0,4.0,10.3,normal
1697489922.119,44.303,1800.0,4.5,10.3,normal
1697489922.622,43.816,1800.0,4.0,10.3,normal
1697489923.125,43.816,1800.0,4.5,10.3,normal
1697489923.628,43.329,1800.0,3.0,10.3,normal
1697489924.131,44.303,1800.0,5.0,10.3,normal
1697489924.633,42.842,1800.0,3.0,10.3,normal
1697489925.137,43.329,900.0,4.5,10.3,normal
1697489925.642,42.842,700.0,4.4,10.3,normal
1697489926.145,44.79,1800.0,18.0,10.0,normal
1697489926.648,45.764,1800.0,32.8,10.3,normal
1697489927.151,44.303,1800.0,1.5,10.3,normal
1697489927.653,43.816,1800.0,6.4,10.3,normal
1697489928.156,44.303,1800.0,3.0,10.4,normal
1697489928.658,43.329,1800.0,4.0,10.3,normal
1697489929.161,42.842,1800.0,2.5,10.4,normal
1697489929.663,43.816,1800.0,5.0,10.4,normal
1697489930.166,43.816,1800.0,4.0,10.4,normal
1697489930.669,44.303,1800.0,4.0,10.4,normal
1697489931.174,44.303,600.0,3.4,10.4,normal
1697489931.68,42.842,600.0,4.0,10.4,normal
1697489932.183,43.816,1800.0,12.5,9.9,normal
1697489932.686,45.277,1800.0,37.3,10.3,normal
1697489933.188,43.816,1800.0,7.4,10.3,normal
1697489933.691,44.303,1800.0,3.0,10.3,normal
1697489934.193,43.816,1800.0,4.0,10.3,normal
1697489934.696,44.303,1800.0,3.0,10.3,normal
1697489935.199,44.303,1800.0,3.0,10.3,normal
1697489935.701,43.816,1800.0,3.0,10.3,normal
1697489936.204,44.303,1800.0,3.0,10.3,normal
1697489936.706,43.816,1800.0,3.5,10.3,normal
1697489937.212,43.329,600.0,3.9,10.3,normal
1697489937.718,43.329,600.0,4.5,10.3,normal
1697489938.221,44.79,1800.0,21.0,9.9,normal
1697489938.724,44.79,1800.0,33.3,10.2,normal
1697489939.228,44.79,1800.0,4.9,10.2,normal
1697489939.732,44.303,1800.0,3.5,10.3,normal
1697489940.234,43.816,1800.0,4.0,10.3,normal
1697489940.737,44.303,1800.0,3.0,10.3,normal
1697489941.24,43.816,1800.0,5.0,10.3,normal
1697489941.742,43.329,1800.0,5.9,10.3,normal
1697489942.245,43.816,1800.0,3.5,10.3,normal
1697489942.747,44.303,1800.0,4.0,10.3,normal
1697489943.255,43.816,600.0,4.4,10.3,normal
1697489943.761,44.303,600.0,7.9,10.3,normal
1697489944.265,45.277,1800.0,27.2,10.0,normal
1697489944.767,43.329,1800.0,28.2,10.3,normal
1697489945.27,44.303,1800.0,4.0,10.3,normal
1697489945.772,44.303,1800.0,3.0,10.3,normal
1697489946.275,43.816,1800.0,1.5,10.3,normal
1697489946.777,44.303,1800.0,5.5,10.3,normal
1697489947.28,43.816,1800.0,3.5,10.3,normal
1697489947.783,44.303,1800.0,4.0,10.3,normal
1697489948.285,44.79,1800.0,5.0,10.3,normal
1697489948.788,44.303,1800.0,4.5,10.3,normal
1697489949.293,43.816,700.0,3.5,10.3,normal
1697489949.798,43.329,600.0,5.4,10.3,normal
1697489950.301,44.303,1800.0,21.9,10.0,normal
1697489950.803,44.79,1800.0,31.8,10.3,normal
1697489951.306,45.764,1800.0,3.5,10.3,normal
1697489951.808,44.79,1800.0,3.5,10.3,normal
1697489952.311,43.816,1800.0,3.5,10.3,normal
1697489952.814,45.277,1800.0,4.0,10.3,normal
1697489953.316,44.303,1800.0,5.0,10.4,normal
1697489953.819,45.277,1800.0,3.5,10.4,normal
1697489954.322,43.816,1800.0,4.0,10.4,normal
1697489954.824,43.816,1800.0,5.4,10.4,normal
1697489955.329,43.816,700.0,5.4,10.4,normal
1697489955.834,43.816,800.0,5.4,10.4,normal
1697489956.338,44.303,1800.0,26.2,10.1,normal
1697489956.84,44.303,1800.0,26.5,10.3,normal
1697489957.343,44.303,1800.0,3.0,10.3,normal
1697489957.846,45.277,1800.0,4.0,10.3,normal
1697489958.348,44.303,1800.0,4.0,10.3,normal
1697489958.851,44.303,1800.0,4.5,10.3,normal
1697489959.353,44.303,1800.0,3.5,10.3,normal
1697489959.856,43.816,1800.0,4.5,10.3,normal
1697489960.359,43.329,1800.0,3.0,10.3,normal
1697489960.861,44.79,1800.0,3.9,10.3,normal
1697489961.366,44.303,800.0,3.0,10.3,normal
1697489961.87,43.816,1000.0,5.9,10.3,normal
1697489962.372,44.79,1800.0,20.9,9.9,normal
1697489962.875,44.303,1800.0,34.2,10.3,normal
1697489963.378,45.277,1800.0,5.4,10.3,normal
1697489963.88,45.277,1800.0,3.0,10.3,normal
1697489964.383,43.816,1800.0,4.0,10.3,normal
1697489964.886,44.303,1800.0,3.9,10.3,normal
1697489965.388,43.816,1800.0,3.0,10.3,normal
1697489965.891,44.79,1800.0,4.0,10.3,normal
1697489966.393,43.329,1800.0,3.0,10.3,normal
1697489966.896,44.303,1800.0,5.4,10.3,normal
1697489967.401,44.303,700.0,4.9,10.3,normal
1697489967.904,43.816,1200.0,5.0,10.3,normal
1697489968.408,45.277,1800.0,29.0,10.0,normal
1697489968.91,44.79,1800.0,29.9,10.4,normal
1697489969.413,44.79,1800.0,2.5,10.4,normal
1697489969.915,44.79,1800.0,4.5,10.4,normal
1697489970.418,43.816,1800.0,3.0,10.3,normal
1697489970.921,44.79,1800.0,3.0,10.4,normal
1697489971.423,44.303,1800.0,3.0,10.3,normal
1697489971.926,44.303,1800.0,4.0,10.3,normal
1697489972.428,44.303,1800.0,3.0,10.4,normal
1697489972.931,43.816,1800.0,4.5,10.3,normal
1697489973.436,43.816,725.0,4.9,10.3,normal
1697489973.94,43.329,1100.0,4.5,10.4,normal
1697489974.443,43.329,1800.0,17.1,9.9,normal
1697489974.945,44.303,1800.0,35.4,10.4,normal
1697489975.448,45.277,1800.0,3.5,10.4,normal
1697489975.95,44.303,1800.0,4.4,10.3,normal
1697489976.453,44.79,1800.0,3.0,10.4,normal
1697489976.956,44.303,1800.0,3.9,10.3,normal
1697489977.458,44.79,1800.0,4.0,10.4,normal
1697489977.961,43.816,1800.0,4.5,10.3,normal
1697489978.463,44.79,1800.0,15.5,10.3,normal
1697489978.966,44.79,1800.0,4.0,10.3,normal
1697489979.471,44.303,700.0,4.4,10.3,normal
1697489979.975,43.329,800.0,5.5,10.3,normal
1697489980.479,44.79,1800.0,10.4,9.5,normal
1697489980.983,45.764,1800.0,33.2,10.1,normal
1697489981.486,44.79,1800.0,13.1,10.2,normal
1697489981.988,43.816,1800.0,5.9,10.2,normal
1697489982.491,44.79,1800.0,4.5,10.2,normal
1697489982.993,44.79,1800.0,3.5,10.2,normal
1697489983.496,45.277,1800.0,4.5,10.2,normal
1697489983.999,43.816,1800.0,3.9,10.3,normal
1697489984.501,43.816,1800.0,4.0,10.3,normal
1697489985.004,44.79,1800.0,2.5,10.3,normal
1697489985.509,45.277,700.0,5.0,10.3,normal
1697489986.014,44.303,600.0,5.0,10.3,normal
1697489986.52,45.277,600.0,4.0,10.2,normal
1697489987.024,44.303,1800.0,29.4,10.0,normal
1697489987.527,45.764,1800.0,25.1,10.3,normal
1697489988.029,43.816,1800.0,4.0,10.3,normal
1697489988.532,44.303,1800.0,6.0,10.3,normal
1697489989.034,45.277,1800.0,4.0,10.3,normal
1697489989.537,45.277,1800.0,4.0,10.3,normal
1697489990.039,44.79,1800.0,4.0,10.3,normal
1697489990.542,43.816,1800.0,3.5,10.3,normal
1697489991.045,44.303,1800.0,3.5,10.3,normal
1697489991.547,43.816,1800.0,3.5,10.3,normal
1697489992.052,43.816,800.0,4.5,10.3,normal
1697489992.557,44.79,600.0,6.3,10.3,normal
1697489993.06,44.79,1800.0,22.0,10.0,normal
1697489993.563,45.277,1800.0,35.5,10.3,normal
1697489994.065,44.303,1800.0,4.0,10.3,normal
1697489994.568,44.303,1800.0,4.5,10.3,normal
1697489995.07,44.79,1800.0,3.0,10.3,normal
1697489995.573,44.303,1800.0,3.5,10.3,normal
1697489996.075,44.79,1800.0,3.5,10.3,normal
1697489996.578,44.303,1800.0,3.5,10.3,normal
1697489997.081,45.277,1800.0,4.5,10.3,normal
1697489997.583,43.816,1800.0,3.0,10.3,normal
1697489998.089,43.816,600.0,5.0,10.3,normal
1697489998.595,42.842,600.0,5.0,10.3,normal
1697489999.098,44.79,1800.0,15.3,9.9,normal
1697489999.6,45.764,1800.0,36.7,10.3,normal
1697490000.103,44.79,1800.0,5.4,10.3,normal
1697490000.606,45.277,1800.0,4.0,10.3,normal
1697490001.108,44.303,1800.0,4.0,10.3,normal
1697490001.611,44.303,1800.0,3.0,10.3,normal
1697490002.113,45.277,1800.0,3.0,10.3,normal
1697490002.616,44.303,1800.0,3.5,10.3,normal
1697490003.119,44.79,1800.0,5.4,10.3,normal
1697490003.621,44.79,1800.0,3.5,10.3,normal
1697490004.127,44.303,600.0,4.4,10.3,normal
1697490004.632,43.816,600.0,5.4,10.3,normal
1697490005.137,44.303,800.0,9.5,9.3,normal
1697490005.641,44.79,1800.0,28.7,10.2,normal
1697490006.143,44.303,1800.0,19.7,10.3,normal
1697490006.646,44.303,1800.0,5.0,10.3,normal
1697490007.148,45.764,1800.0,2.5,10.3,normal
1697490007.651,45.277,1800.0,4.9,10.3,normal
1697490008.153,44.303,1800.0,3.5,10.3,normal
1697490008.656,43.816,1800.0,4.0,10.3,normal
1697490009.159,44.79,1800.0,4.0,10.3,normal
1697490009.662,44.79,1800.0,5.0,10.3,normal
1697490010.164,45.277,1800.0,3.5,10.3,normal
1697490010.67,44.303,600.0,4.4,10.3,normal
1697490011.175,45.277,1100.0,13.6,9.7,normal
1697490011.68,44.79,1800.0,32.3,10.2,normal
1697490012.183,43.816,1800.0,15.8,10.3,normal
1697490012.686,44.303,1800.0,3.5,10.3,normal
1697490013.188,43.816,1800.0,4.0,10.3,normal
1697490013.691,44.303,1800.0,4.0,10.3,normal
1697490014.193,44.79,1800.0,3.0,10.3,normal
1697490014.696,44.79,1800.0,3.0,10.3,normal
1697490015.198,44.303,1800.0,2.5,10.3,normal
1697490015.701,44.79,1800.0,2.5,10.3,normal
1697490016.203,42.842,1800.0,3.5,10.3,normal
1697490016.709,45.277,600.0,3.9,10.3,normal
1697490017.214,43.816,600.0,4.9,10.3,normal
1697490017.718,45.277,1800.0,29.0,10.1,normal
1697490018.22,44.303,1800.0,26.7,10.3,normal
1697490018.723,44.79,1800.0,4.0,10.3,normal
1697490019.226,44.79,1800.0,4.0,10.3,normal
1697490019.729,44.303,1800.0,3.0,10.3,normal
1697490020.232,44.79,1800.0,5.0,10.3,normal
1697490020.734,44.79,1800.0,4.0,10.3,normal
1697490021.237,44.79,1800.0,2.5,10.3,normal
1697490021.739,44.303,1800.0,3.5,10.3,normal
1697490022.242,44.79,1800.0,4.5,10.3,normal
1697490022.747,43.816,800.0,5.0,10.3,normal
1697490023.253,44.303,700.0,11.3,9.3,normal
1697490023.757,45.764,1800.0,29.0,10.2,normal
1697490024.259,44.79,1800.0,20.8,10.3,normal
1697490024.762,45.764,1800.0,3.5,10.3,normal
1697490025.264,45.764,1800.0,3.0,10.3,normal
1697490025.767,44.79,1800.0,3.5,10.3,normal
1697490026.27,44.303,1800.0,3.0,10.3,normal
1697490026.773,44.303,1800.0,3.5,10.3,normal
1697490027.276,44.303,1800.0,4.5,10.3,normal
1697490027.778,45.277,1800.0,5.9,10.3,normal
1697490028.283,45.277,700.0,5.4,10.3,normal
1697490028.789,44.303,600.0,4.0,10.3,normal
1697490029.295,45.277,600.0,4.4,10.3,normal
1697490029.799,44.79,1800.0,26.1,10.0,normal
1697490030.301,45.764,1800.0,27.6,10.3,normal
1697490030.804,44.303,1800.0,3.0,10.3,normal
1697490031.307,43.329,1800.0,3.9,10.3,normal
1697490031.809,44.79,1800.0,3.0,10.3,normal
1697490032.312,42.842,1800.0,3.5,10.3,normal
1697490032.814,45.277,1800.0,4.0,10.3,normal
1697490033.317,44.303,1800.0,4.5,10.3,normal
1697490033.819,44.79,1800.0,3.5,10.3,normal
1697490034.322,44.303,1800.0,3.5,10.3,normal
1697490034.827,45.764,800.0,5.4,10.3,normal
1697490035.332,43.329,1800.0,7.5,10.2,normal
1697490035.836,44.79,1800.0,29.2,10.2,normal
1697490036.338,45.277,1800.0,20.6,10.3,normal
1697490036.841,45.764,1800.0,3.5,10.3,normal
1697490037.344,43.816,1800.0,3.0,10.3,normal
1697490037.846,45.277,1800.0,3.5,10.3,normal
1697490038.349,44.79,1800.0,3.0,10.3,normal
1697490038.851,44.79,1800.0,4.5,10.3,normal
1697490039.354,43.816,1800.0,4.0,10.3,normal
1697490039.856,44.79,1800.0,4.0,10.3,normal
1697490040.361,45.277,700.0,4.0,10.3,normal
1697490040.866,43.816,900.0,5.4,10.3,normal
1697490041.37,45.277,1000.0,5.9,10.3,normal
1697490041.874,45.277,1800.0,27.2,10.1,normal
1697490042.377,44.79,1800.0,27.1,10.3,normal
1697490042.879,45.764,1800.0,3.5,10.3,normal
1697490043.382,45.277,1800.0,5.0,10.3,normal
1697490043.885,44.79,1800.0,4.5,10.3,normal
1697490044.387,44.79,1800.0,3.0,10.3,normal
1697490044.89,45.764,1800.0,2.5,10.3,normal
1697490045.392,43.816,1800.0,4.9,10.3,normal
1697490045.895,44.303,1800.0,2.0,10.3,normal
1697490046.397,44.303,1800.0,1.0,10.3,normal
1697490046.902,44.303,800.0,2.0,10.3,normal
1697490047.408,43.816,600.0,1.0,10.3,normal
1697490047.911,44.79,1800.0,24.7,9.9,normal
1697490048.414,45.764,1800.0,37.3,10.3,normal
1697490048.916,44.303,1800.0,3.5,10.3,normal
1697490049.419,44.79,1800.0,3.5,10.3,normal
1697490049.921,43.816,1800.0,5.0,10.3,normal
1697490050.424,44.303,1800.0,3.5,10.3,normal
1697490050.926,44.79,1800.0,3.5,10.3,normal
1697490051.429,44.303,1800.0,3.0,10.3,normal
1697490051.931,44.79,1800.0,3.5,10.3,normal
1697490052.434,44.79,1800.0,4.0,10.3,normal
1697490052.939,44.79,600.0,3.9,10.4,normal
1697490053.445,44.303,600.0,5.9,10.4,normal
1697490053.948,45.277,1800.0,24.6,10.0,normal
1697490054.451,45.764,1800.0,30.0,10.3,normal
1697490054.953,43.816,1800.0,1.5,10.3,normal
1697490055.456,44.79,1800.0,3.5,10.3,normal
1697490055.959,43.816,1800.0,3.5,10.3,normal
1697490056.461,44.303,1800.0,2.0,10.3,normal
1697490056.964,45.764,1800.0,2.5,10.3,normal
1697490057.466,44.303,1800.0,3.0,10.3,normal
1697490057.969,44.303,1800.0,3.5,10.3,normal
1697490058.471,44.79,1800.0,4.0,10.3,normal
1697490058.977,44.303,600.0,4.5,10.3,normal
1697490059.481,45.277,900.0,6.0,10.2,normal
1697490059.984,45.277,1800.0,28.7,10.1,normal
1697490060.487,44.303,1800.0,24.9,10.3,normal
1697490060.99,45.764,1800.0,3.5,10.3,normal
1697490061.492,44.79,1800.0,3.5,10.3,normal
1697490061.995,44.303,1800.0,4.5,10.3,normal
1697490062.497,44.303,1800.0,3.0,10.3,normal
1697490063.0,43.816,1800.0,4.0,10.3,normal
1697490063.503,44.79,1800.0,4.0,10.3,normal
1697490064.006,44.303,1800.0,4.4,10.3,normal
1697490064.508,44.303,1800.0,3.0,10.3,normal
1697490065.013,43.816,800.0,4.5,10.3,normal
1697490065.517,44.79,1200.0,10.4,9.4,normal
1697490066.02,45.277,1800.0,31.7,10.2,normal
1697490066.523,45.277,1800.0,17.0,10.3,normal
1697490067.026,44.79,1800.0,3.5,10.3,normal
1697490067.528,45.764,1800.0,2.5,10.3,normal
1697490068.031,45.764,1800.0,4.5,10.3,normal
1697490068.533,44.79,1800.0,3.5,10.3,normal
1697490069.036,44.79,1800.0,3.5,10.3,normal
1697490069.539,45.277,1800.0,4.0,10.3,normal
1697490070.041,44.79,1800.0,4.0,10.3,normal
1697490070.544,44.79,1800.0,4.4,10.3,normal
1697490071.048,45.277,800.0,8.5,10.3,normal
1697490071.551,45.277,1800.0,16.3,9.9,normal
1697490072.054,44.79,1800.0,37.5,10.3,normal
1697490072.557,44.79,1800.0,5.4,10.3,normal
1697490073.059,45.764,1800.0,5.0,10.3,normal
1697490073.562,44.303,1800.0,4.0,10.3,normal
1697490074.064,44.79,1800.0,4.5,10.3,normal
1697490074.567,45.277,1800.0,3.5,10.3,normal
1697490075.07,44.79,1800.0,4.0,10.3,normal
1697490075.572,43.816,1800.0,3.5,10.3,normal
1697490076.075,45.277,1800.0,5.0,10.3,normal
1697490076.579,44.79,800.0,4.4,10.3,normal
1697490077.084,45.277,700.0,5.0,10.3,normal
1697490077.587,45.277,1800.0,21.0,10.0,normal
1697490078.09,45.764,1800.0,32.3,10.3,normal
1697490078.593,45.277,1800.0,4.5,10.3,normal
1697490079.095,44.79,1800.0,3.5,10.3,normal
1697490079.598,44.79,1800.0,3.5,10.3,normal
1697490080.1,44.303,1800.0,3.5,10.3,normal
1697490080.603,44.79,1800.0,3.5,10.3,normal
1697490081.105,44.79,1800.0,4.5,10.3,normal
1697490081.608,45.277,1800.0,3.5,10.3,normal
1697490082.111,44.79,1800.0,4.5,10.3,normal
1697490082.616,44.303,600.0,5.4,10.3,normal
1697490083.121,44.303,800.0,7.4,10.4,normal
1697490083.623,44.303,1800.0,18.0,9.9,normal
1697490084.126,45.277,1800.0,37.2,10.3,normal
1697490084.629,45.277,1800.0,14.9,10.3,normal
1697490085.132,45.764,1800.0,5.0,10.3,normal
1697490085.634,44.303,1800.0,3.0,10.3,normal
1697490086.137,45.277,1800.0,3.0,10.3,normal
1697490086.639,45.277,1800.0,4.0,10.3,normal
1697490087.142,44.303,1800.0,4.0,10.3,normal
1697490087.644,44.303,1800.0,4.5,10.3,normal
1697490088.147,44.79,1800.0,7.4,10.3,normal
1697490088.653,44.303,600.0,4.4,10.3,normal
1697490089.158,44.79,700.0,4.5,10.3,normal
1697490089.661,44.79,1800.0,10.9,9.2,normal
1697490090.163,45.277,1800.0,29.6,10.1,normal
1697490090.666,45.764,1800.0,20.6,10.3,normal
1697490091.168,45.277,1800.0,4.5,10.3,normal
1697490091.671,45.764,1800.0,5.0,10.3,normal
1697490092.174,45.277,1800.0,3.0,10.3,normal
1697490092.676,44.303,1800.0,3.5,10.3,normal
1697490093.179,43.816,1800.0,4.5,10.3,normal
1697490093.681,44.79,1800.0,3.0,10.3,normal
1697490094.184,44.303,1800.0,4.0,10.3,normal
1697490094.69,44.303,700.0,3.9,10.3,normal
1697490095.193,44.79,1800.0,9.4,10.3,normal
1697490095.696,44.79,1800.0,3.0,10.3,normal
1697490096.2,45.764,1800.0,27.7,10.1,normal
1697490096.702,44.79,1800.0,24.1,10.3,normal
1697490097.205,44.79,1800.0,3.0,10.3,normal
1697490097.707,46.251,1800.0,2.0,10.3,normal
1697490098.21,44.79,1800.0,4.5,10.3,normal
1697490098.713,44.79,1800.0,2.5,10.3,normal
1697490099.215,46.738,1800.0,3.5,10.3,normal
1697490099.718,44.79,1800.0,4.0,10.3,normal
1697490100.224,44.79,600.0,3.4,10.3,normal
1697490100.731,44.79,600.0,6.9,10.3,normal
1697490101.234,43.816,1800.0,8.5,10.3,normal
1697490101.736,45.277,1800.0,9.0,9.6,normal
1697490102.24,45.277,1800.0,34.0,10.2,normal
1697490102.743,45.764,1800.0,11.9,10.3,normal
1697490103.246,45.764,1800.0,4.5,10.3,normal
1697490103.748,44.79,1800.0,4.0,10.3,normal
1697490104.251,45.277,1800.0,3.5,10.3,normal
1697490104.753,45.277,1800.0,3.0,10.3,normal
1697490105.256,45.277,1800.0,3.0,10.3,normal
1697490105.758,45.764,1800.0,3.0,10.3,normal
1697490106.263,45.277,700.0,2.0,10.3,normal
1697490106.769,45.277,600.0,2.5,10.3,normal
1697490107.272,44.303,1800.0,6.9,10.3,normal
1697490107.775,46.251,1800.0,16.4,9.9,normal
1697490108.281,45.277,1800.0,35.1,10.3,normal
1697490108.783,44.303,1800.0,5.0,10.3,normal
1697490109.286,44.79,1800.0,2.5,10.3,normal
1697490109.789,44.303,1800.0,2.0,10.3,normal
1697490110.291,43.816,1800.0,4.5,10.3,normal
1697490110.794,45.277,1800.0,4.0,10.3,normal
1697490111.296,45.277,1800.0,3.5,10.3,normal
1697490111.799,45.277,1800.0,3.5,10.3,normal
1697490112.304,44.79,700.0,5.0,10.3,normal
1697490112.809,45.277,600.0,5.4,10.3,normal
1697490113.315,44.79,600.0,5.9,10.3,normal
1697490113.819,44.79,1800.0,23.6,10.0,normal
1697490114.322,46.738,1800.0,30.0,10.3,normal
1697490114.825,45.764,1800.0,4.5,10.3,normal
1697490115.327,45.277,1800.0,3.0,10.3,normal
1697490115.83,45.277,1800.0,3.0,10.3,normal
1697490116.333,46.738,1800.0,4.5,10.3,normal
1697490116.835,43.816,1800.0,4.0,10.3,normal
1697490117.338,44.79,1800.0,4.5,10.3,normal
1697490117.84,44.303,1800.0,3.0,10.3,normal
1697490118.343,45.277,1800.0,5.4,10.3,normal
1697490118.847,44.303,900.0,4.5,10.3,normal
1697490119.356,45.277,1000.0,6.3,10.3,normal
1697490119.859,44.79,1800.0,16.9,9.8,normal
1697490120.362,45.764,1800.0,36.5,10.3,normal
1697490120.864,45.764,1800.0,3.5,10.3,normal
1697490121.367,45.277,1800.0,5.0,10.3,normal
1697490121.869,45.277,1800.0,3.0,10.3,normal
1697490122.372,45.277,1800.0,4.0,10.3,normal
1697490122.874,45.277,1800.0,3.0,10.3,normal
1697490123.377,45.277,1800.0,5.0,10.3,normal
1697490123.88,45.764,1800.0,4.0,10.3,normal
1697490124.382,44.79,1800.0,3.5,10.3,normal
1697490124.886,44.79,900.0,5.5,10.3,normal
1697490125.391,45.764,800.0,5.0,10.3,normal
1697490125.895,44.303,1800.0,10.0,9.3,normal
1697490126.399,45.764,1800.0,31.7,10.1,normal
1697490126.901,45.277,1800.0,15.1,10.2,normal
1697490127.404,44.303,1800.0,4.5,10.2,normal
1697490127.906,45.277,1800.0,3.5,10.3,normal
1697490128.409,45.764,1800.0,4.5,10.3,normal
1697490128.912,44.79,1800.0,4.0,10.3,normal
1697490129.414,44.79,1800.0,5.0,10.3,normal
1697490129.917,45.764,1800.0,3.5,10.3,normal
1697490130.419,45.277,1800.0,3.5,10.3,normal
1697490130.924,44.303,700.0,3.0,10.3,normal
1697490131.428,45.764,1000.0,5.4,10.3,normal
1697490131.933,45.277,700.0,4.0,10.3,normal
1697490132.437,45.277,1800.0,29.2,10.1,normal
1697490132.939,43.816,1800.0,24.6,10.3,normal
1697490133.442,45.764,1800.0,6.9,10.3,normal
1697490133.945,45.764,1800.0,4.0,10.3,normal
1697490134.447,44.303,1800.0,3.0,10.3,normal
1697490134.95,44.303,1800.0,4.9,10.3,normal
1697490135.452,45.764,1800.0,3.5,10.3,normal
1697490135.955,44.79,1800.0,3.5,10.3,normal
1697490136.457,45.764,1800.0,3.5,10.3,normal
1697490136.96,45.764,1800.0,3.5,10.3,normal
1697490137.465,43.816,600.0,4.9,10.3,normal
1697490137.971,44.303,700.0,5.0,10.3,normal
1697490138.474,45.277,1800.0,22.9,10.0,normal
1697490138.977,44.79,1800.0,30.5,10.3,normal
1697490139.479,45.277,1800.0,2.5,10.3,normal
1697490139.982,45.764,1800.0,2.5,10.3,normal
1697490140.484,45.277,1800.0,2.0,10.3,normal
1697490140.987,44.303,1800.0,3.0,10.3,normal
1697490141.489,44.79,1800.0,3.5,10.3,normal
1697490141.992,45.764,1800.0,3.0,10.3,normal
1697490142.495,44.79,1800.0,3.0,10.3,normal
1697490142.997,46.251,1800.0,4.0,10.3,normal
1697490143.503,44.303,600.0,5.9,10.3,normal
1697490144.008,44.79,600.0,4.5,10.3,normal
1697490144.511,45.764,1800.0,16.0,9.9,normal
1697490145.014,45.764,1800.0,37.5,10.3,normal
1697490145.517,44.79,1800.0,5.0,10.3,normal
1697490146.019,46.251,1800.0,3.0,10.3,normal
1697490146.522,44.79,1800.0,4.0,10.3,normal
1697490147.024,45.277,1800.0,2.5,10.3,normal
1697490147.527,44.79,1800.0,4.4,10.3,normal
1697490148.03,44.303,1800.0,5.4,10.3,normal
1697490148.532,45.764,1800.0,4.0,10.3,normal
1697490149.035,45.277,1800.0,5.0,10.3,normal
1697490149.54,45.764,600.0,3.9,10.3,normal
1697490150.045,44.79,800.0,5.0,10.3,normal
1697490150.548,44.303,1800.0,22.8,10.0,normal
1697490151.051,45.277,1800.0,33.5,10.3,normal
1697490151.554,45.764,1800.0,3.5,10.3,normal
1697490152.056,45.277,1800.0,5.0,10.3,normal
1697490152.559,45.277,1800.0,4.0,10.3,normal
1697490153.061,45.764,1800.0,4.0,10.3,normal
1697490153.564,45.277,1800.0,3.5,10.4,normal
1697490154.066,44.303,1800.0,4.0,10.4,normal
1697490154.569,44.79,1800.0,3.0,10.4,normal
1697490155.072,45.277,1800.0,3.5,10.4,normal
1697490155.577,46.251,600.0,4.4,10.4,normal
1697490156.08,45.277,1800.0,7.4,10.4,normal
1697490156.583,45.277,1800.0,14.4,9.9,normal
1697490157.086,46.738,1800.0,37.4,10.3,normal
1697490157.589,45.764,1800.0,4.0,10.3,normal
1697490158.091,45.277,1800.0,4.5,10.3,normal
1697490158.594,45.764,1800.0,4.0,10.3,normal
1697490159.096,45.277,1800.0,4.0,10.3,normal
1697490159.599,44.79,1800.0,3.5,10.3,normal
1697490160.101,45.277,1800.0,3.5,10.3,normal
1697490160.604,44.79,1800.0,4.5,10.3,normal
1697490161.108,44.79,800.0,3.5,10.3,normal
1697490161.613,44.303,800.0,4.5,10.3,normal
1697490162.117,45.277,800.0,4.0,10.3,normal
1697490162.62,45.764,1800.0,22.5,10.0,normal
1697490163.123,46.251,1800.0,32.0,10.3,normal
1697490163.626,45.277,1800.0,3.0,10.3,normal
1697490164.128,46.738,1800.0,3.0,10.3,normal
1697490164.631,45.277,1800.0,4.4,10.3,normal
1697490165.133,45.277,1800.0,3.5,10.3,normal
1697490165.636,44.79,1800.0,2.5,10.3,normal
1697490166.138,45.277,1800.0,2.5,10.3,normal
1697490166.641,44.79,1800.0,1.5,10.3,normal
1697490167.144,45.764,1800.0,4.4,10.4,normal
1697490167.649,45.764,600.0,4.9,10.4,normal
1697490168.155,45.764,900.0,5.4,10.4,normal
1697490168.659,45.277,1800.0,29.7,10.1,normal
1697490169.162,44.79,1800.0,26.1,10.3,normal
1697490169.664,45.277,1800.0,2.0,10.3,normal
1697490170.167,45.764,1800.0,2.0,10.3,normal
1697490170.67,45.277,1800.0,2.0,10.3,normal
1697490171.172,45.764,1800.0,5.9,10.3,normal
1697490171.675,45.277,1800.0,3.0,10.3,normal
1697490172.177,45.277,1800.0,3.0,10.3,normal
1697490172.68,45.277,1800.0,3.5,10.3,normal
1697490173.183,45.277,1800.0,3.5,10.3,normal
1697490173.688,44.79,600.0,5.0,10.3,normal
1697490174.193,45.764,800.0,5.0,10.3,normal
1697490174.696,46.251,1800.0,21.0,10.0,normal
1697490175.199,45.764,1800.0,32.5,10.4,normal
1697490175.701,44.79,1800.0,4.0,10.4,normal
1697490176.204,44.79,1800.0,3.0,10.4,normal
1697490176.706,45.277,1800.0,3.5,10.4,normal
1697490177.209,44.79,1800.0,4.5,10.4,normal
1697490177.711,45.764,1800.0,3.5,10.4,normal
1697490178.214,45.277,1800.0,4.0,10.4,normal
1697490178.716,45.277,1800.0,4.4,10.4,normal
1697490179.219,44.303,1800.0,4.0,10.4,normal
1697490179.726,43.816,600.0,4.4,10.4,normal
1697490180.231,44.79,800.0,5.0,10.4,normal
1697490180.734,45.277,1800.0,16.8,9.8,normal
1697490181.236,46.251,1800.0,35.4,10.3,normal
1697490181.739,46.251,1800.0,8.5,10.3,normal
1697490182.241,45.764,1800.0,2.5,10.3,normal
1697490182.744,46.738,1800.0,2.5,10.3,normal
1697490183.247,47.225,1800.0,4.0,10.3,normal
1697490183.749,45.277,1800.0,4.0,10.3,normal
1697490184.252,45.764,1800.0,3.9,10.3,normal
1697490184.755,45.764,1800.0,3.0,10.3,normal
1697490185.258,46.251,1800.0,4.0,10.3,normal
1697490185.762,45.277,800.0,4.0,10.3,normal
1697490186.268,44.79,600.0,2.5,10.3,normal
1697490186.771,46.251,1800.0,20.4,9.9,normal
1697490187.273,45.764,1800.0,36.7,10.3,normal
1697490187.776,45.277,1800.0,3.5,10.3,normal
1697490188.279,46.251,1800.0,4.5,10.3,normal
1697490188.781,44.79,1800.0,3.0,10.3,normal
1697490189.284,45.277,1800.0,4.0,10.3,normal
1697490189.786,44.303,1800.0,4.5,10.3,normal
1697490190.289,45.277,1800.0,13.9,10.3,normal
1697490190.791,45.277,1800.0,3.0,10.3,normal
1697490191.294,44.79,1800.0,4.5,10.3,normal
1697490191.799,45.764,600.0,5.9,10.3,normal
1697490192.304,44.79,800.0,5.4,10.3,normal
1697490192.808,45.277,1800.0,12.0,9.5,normal
1697490193.312,46.738,1800.0,34.2,10.2,normal
1697490193.815,45.764,1800.0,17.0,10.3,normal
1697490194.317,44.79,1800.0,4.0,10.3,normal
1697490194.82,45.764,1800.0,3.0,10.3,normal
1697490195.322,46.738,1800.0,4.0,10.3,normal
1697490195.825,44.79,1800.0,3.0,10.3,normal
1697490196.327,45.277,1800.0,3.5,10.3,normal
1697490196.83,46.738,1800.0,3.5,10.3,normal
1697490197.333,45.277,1800.0,5.5,10.3,normal
1697490197.837,45.764,700.0,4.4,10.3,normal
1697490198.342,44.79,900.0,6.4,10.3,normal
1697490198.847,45.277,900.0,5.9,10.3,normal
1697490199.35,46.738,1800.0,29.0,10.1,normal
1697490199.852,44.79,1800.0,23.9,10.3,normal
1697490200.355,45.277,1800.0,6.0,10.3,normal
1697490200.857,44.303,1800.0,3.5,10.3,normal
1697490201.36,44.79,1800.0,4.0,10.3,normal
1697490201.863,45.764,1800.0,4.0,10.3,normal
1697490202.365,45.764,1800.0,3.0,10.3,normal
1697490202.868,44.303,1800.0,4.5,10.3,normal
1697490203.37,45.764,1800.0,5.5,10.3,normal
1697490203.873,45.277,1800.0,3.0,10.3,normal
1697490204.377,44.79,800.0,5.4,10.3,normal
1697490204.88,44.303,1800.0,10.5,9.5,normal
1697490205.384,46.251,1800.0,32.5,10.2,normal
1697490205.887,44.79,1800.0,14.5,10.3,normal
1697490206.389,46.738,1800.0,4.0,10.3,normal
1697490206.892,45.764,1800.0,3.5,10.3,normal
1697490207.394,46.251,1800.0,4.0,10.3,normal
1697490207.897,45.277,1800.0,3.5,10.3,normal
1697490208.399,45.764,1800.0,4.5,10.3,normal
1697490208.902,44.79,1800.0,3.0,10.3,normal
1697490209.404,45.277,1800.0,4.0,10.3,normal
1697490209.909,45.277,800.0,4.0,10.3,normal
1697490210.413,45.764,800.0,5.4,10.3,normal
1697490210.918,45.764,900.0,5.5,10.3,normal
1697490211.421,46.738,1800.0,30.3,10.1,normal
1697490211.924,46.251,1800.0,25.8,10.3,normal
1697490212.426,45.764,1800.0,4.9,10.3,normal
1697490212.929,45.277,1800.0,2.0,10.3,normal
1697490213.431,45.764,1800.0,5.9,10.3,normal
1697490213.934,44.79,1800.0,2.5,10.3,normal
1697490214.436,45.277,1800.0,3.0,10.3,normal
1697490214.939,44.79,1800.0,3.5,10.3,normal
1697490215.442,45.764,1800.0,3.0,10.3,normal
1697490215.944,45.277,1800.0,4.0,10.3,normal
1697490216.45,45.277,600.0,4.9,10.3,normal
1697490216.954,45.277,1800.0,8.6,9.2,normal
1697490217.457,46.251,1800.0,29.7,10.1,normal
1697490217.96,45.764,1800.0,18.4,10.2,normal
1697490218.463,46.251,1800.0,4.5,10.2,normal
1697490218.965,45.764,1800.0,4.0,10.3,normal
1697490219.468,45.277,1800.0,3.5,10.3,normal
1697490219.97,45.277,1800.0,3.5,10.3,normal
1697490220.473,45.764,1800.0,3.5,10.3,normal
1697490220.976,45.764,1800.0,3.0,10.3,normal
1697490221.478,46.251,1800.0,3.0,10.3,normal
1697490221.983,45.277,700.0,4.0,10.3,normal
1697490222.488,45.277,700.0,4.5,10.3,normal
1697490222.994,45.764,600.0,5.9,10.3,normal
1697490223.497,47.225,1800.0,28.4,10.1,normal
1697490223.999,45.764,1800.0,24.6,10.3,normal
1697490224.502,44.79,1800.0,3.5,10.3,normal
1697490225.005,45.764,1800.0,2.5,10.3,normal
1697490225.507,46.251,1800.0,3.0,10.3,normal
1697490226.01,45.764,1800.0,2.0,10.3,normal
1697490226.512,45.277,1800.0,3.0,10.3,normal
1697490227.015,45.764,1800.0,1.0,10.3,normal
1697490227.517,45.277,1800.0,1.5,10.3,normal
1697490228.02,46.251,1800.0,7.9,10.3,normal
1697490228.526,45.277,600.0,4.0,10.3,normal
1697490229.028,45.277,1800.0,9.4,9.2,normal
1697490229.532,45.764,1800.0,28.7,10.1,normal
1697490230.034,46.251,1800.0,20.6,10.3,normal
1697490230.537,46.251,1800.0,4.5,10.3,normal
1697490231.04,45.764,1800.0,3.5,10.3,normal
1697490231.542,46.251,1800.0,4.4,10.3,normal
1697490232.045,44.79,1800.0,3.5,10.3,normal
1697490232.547,45.764,1800.0,3.5,10.3,normal
1697490233.05,45.764,1800.0,5.0,10.3,normal
1697490233.552,45.764,1800.0,4.0,10.3,normal
1697490234.057,45.764,700.0,4.0,10.3,normal
1697490234.563,45.277,600.0,5.4,10.3,normal
1697490235.069,45.277,600.0,5.0,10.3,normal
1697490235.572,46.251,1800.0,28.6,10.1,normal
1697490236.075,44.79,1800.0,26.4,10.3,normal
1697490236.577,45.764,1800.0,2.5,10.3,normal
1697490237.08,45.764,1800.0,3.5,10.3,normal
1697490237.583,45.277,1800.0,4.0,10.3,normal
1697490238.085,45.277,1800.0,5.9,10.3,normal
1697490238.588,45.764,1800.0,2.5,10.3,normal
1697490239.09,45.277,1800.0,4.4,10.4,normal
1697490239.593,46.251,1800.0,4.0,10.4,normal
1697490240.095,45.764,1800.0,2.5,10.4,normal
1697490240.6,44.79,800.0,4.5,10.4,normal
1697490241.104,44.79,900.0,5.9,10.4,normal
1697490241.607,45.277,1800.0,20.8,9.9,normal
1697490242.11,46.251,1800.0,34.3,10.3,normal
1697490242.612,46.738,1800.0,3.0,10.3,normal
1697490243.115,45.277,1800.0,4.5,10.3,normal
1697490243.617,45.764,1800.0,4.0,10.3,normal
1697490244.12,45.764,1800.0,3.5,10.3,normal
1697490244.622,45.277,1800.0,3.5,10.3,normal
1697490245.125,45.277,1800.0,3.0,10.4,normal
1697490245.628,44.303,1800.0,3.0,10.4,normal
1697490246.13,45.277,1800.0,4.0,10.4,normal
1697490246.635,45.764,800.0,4.9,10.4,normal
1697490247.139,44.79,800.0,4.9,10.4,normal
1697490247.642,46.738,1800.0,13.4,9.8,normal
1697490248.146,46.251,1800.0,37.1,10.3,normal
1697490248.649,46.251,1800.0,8.5,10.3,normal
1697490249.151,45.764,1800.0,3.5,10.3,normal
1697490249.654,45.764,1800.0,4.9,10.3,normal
1697490250.156,44.303,1800.0,4.0,10.3,normal
1697490250.659,45.764,1800.0,3.5,10.3,normal
1697490251.162,45.764,1800.0,2.5,10.4,normal
1697490251.664,45.764,1800.0,4.0,10.3,normal
1697490252.167,46.251,1800.0,4.0,10.3,normal
1697490252.672,44.79,700.0,4.9,10.3,normal
1697490253.176,45.764,1100.0,5.0,10.3,normal
1697490253.682,44.303,800.0,7.4,10.2,normal
1697490254.185,45.764,1800.0,29.7,10.2,normal
1697490254.687,46.738,1800.0,24.8,10.3,normal
1697490255.19,45.277,1800.0,3.0,10.3,normal
1697490255.693,45.764,1800.0,3.0,10.3,normal
1697490256.195,45.764,1800.0,2.5,10.3,normal
1697490256.698,44.79,1800.0,4.0,10.3,normal
1697490257.2,44.79,1800.0,3.5,10.3,normal
1697490257.703,45.764,1800.0,3.9,10.3,normal
1697490258.206,45.764,1800.0,4.5,10.4,normal
1697490258.708,45.277,1800.0,5.0,10.3,normal
1697490259.214,45.764,600.0,5.4,10.3,normal
1697490259.721,45.764,600.0,4.0,10.3,normal
1697490260.225,46.251,1800.0,25.2,10.0,normal
1697490260.728,46.251,1800.0,31.3,10.3,normal
1697490261.231,46.738,1800.0,3.0,10.3,normal
1697490261.735,46.251,1800.0,4.0,10.3,normal
1697490262.238,45.764,1800.0,3.9,10.3,normal
1697490262.741,46.251,1800.0,3.5,10.3,normal
1697490263.243,46.251,1800.0,5.9,10.3,normal
1697490263.746,45.764,1800.0,2.0,10.3,normal
1697490264.249,47.225,1800.0,3.0,10.3,normal
1697490264.751,46.738,1800.0,5.0,10.3,normal
1697490265.255,45.764,1000.0,4.0,10.3,normal
1697490265.761,45.277,600.0,4.5,10.3,normal
1697490266.264,46.251,1800.0,30.2,10.0,normal
1697490266.768,45.764,1800.0,23.5,10.2,normal
1697490267.27,45.277,1800.0,4.4,10.2,normal
1697490267.773,45.277,1800.0,3.5,10.3,normal
1697490268.275,45.277,1800.0,4.0,10.3,normal
1697490268.778,45.764,1800.0,3.0,10.3,normal
1697490269.281,45.764,1800.0,2.0,10.3,normal
1697490269.783,46.251,1800.0,4.4,10.3,normal
1697490270.286,45.277,1800.0,2.5,10.3,normal
1697490270.788,45.277,1800.0,4.5,10.3,normal
1697490271.294,44.79,600.0,5.9,10.3,normal
1697490271.8,45.277,600.0,4.4,10.3,normal
1697490272.303,45.764,1800.0,23.4,10.0,normal
1697490272.806,45.764,1800.0,31.3,10.3,normal
1697490273.308,45.764,1800.0,4.0,10.3,normal
1697490273.811,46.738,1800.0,3.5,10.3,normal
1697490274.314,45.277,1800.0,3.5,10.3,normal
1697490274.816,46.738,1800.0,4.9,10.3,normal
1697490275.319,45.764,1800.0,3.9,10.3,normal
1697490275.821,45.277,1800.0,3.0,10.3,normal
1697490276.324,46.738,1800.0,3.0,10.3,normal
1697490276.826,45.277,1800.0,4.5,10.3,normal
1697490277.331,45.764,900.0,4.0,10.3,normal
1697490277.835,44.79,900.0,5.0,10.3,normal
1697490278.338,45.277,1800.0,19.9,9.8,normal
1697490278.84,46.251,1800.0,37.3,10.2,normal
1697490279.343,46.251,1800.0,3.5,10.2,normal
1697490279.845,46.251,1800.0,4.0,10.2,normal
1697490280.348,46.251,1800.0,4.4,10.2,normal
1697490280.85,45.764,1800.0,3.0,10.2,normal
1697490281.353,46.251,1800.0,3.5,10.2,normal
1697490281.855,46.738,1800.0,3.0,10.2,normal
1697490282.358,44.79,1800.0,4.9,10.2,normal
1697490282.861,45.764,1800.0,4.0,10.2,normal
1697490283.365,44.79,900.0,6.9,10.2,normal
1697490283.87,45.277,600.0,5.4,10.2,normal
1697490284.373,45.764,1800.0,8.5,9.2,normal
1697490284.877,46.738,1800.0,27.9,10.2,normal
1697490285.379,47.225,1800.0,19.5,10.3,normal
1697490285.882,45.277,1800.0,3.0,10.3,normal
1697490286.384,46.251,1800.0,2.0,10.3,normal
1697490286.887,45.764,1800.0,2.0,10.3,normal
1697490287.389,45.764,1800.0,4.5,10.3,normal
1697490287.892,45.277,1800.0,3.0,10.3,normal
1697490288.395,46.738,1800.0,7.0,10.3,normal
1697490288.897,45.764,1800.0,1.0,10.3,normal
1697490289.408,46.251,975.0,6.3,10.3,normal
1697490289.911,45.764,1800.0,11.9,10.3,normal
1697490290.414,45.764,1800.0,5.0,10.3,normal
1697490290.917,46.251,1800.0,27.5,10.1,normal
1697490291.419,46.738,1800.0,27.0,10.3,normal
1697490291.922,47.225,1800.0,3.5,10.3,normal
1697490292.424,46.738,1800.0,6.0,10.3,normal
1697490292.928,46.251,1800.0,5.0,10.3,normal
1697490293.43,45.277,1800.0,6.0,10.3,normal
1697490293.933,46.251,1800.0,5.0,10.4,normal
1697490294.435,45.764,1800.0,6.4,10.4,normal
1697490294.94,46.251,900.0,7.9,10.4,normal
1697490295.446,45.764,600.0,8.4,10.4,normal
1697490295.952,46.251,600.0,11.9,10.4,normal
1697490296.455,45.277,1800.0,9.0,10.4,normal
1697490296.958,46.251,1800.0,23.3,10.0,normal
1697490297.461,46.738,1800.0,30.0,10.3,normal
1697490297.963,45.764,1800.0,6.4,10.3,normal
1697490298.466,46.251,1800.0,5.9,10.4,normal
1697490298.968,45.764,1800.0,4.0,10.4,normal
1697490299.471,45.277,1800.0,5.0,10.4,normal
1697490299.973,46.251,1800.0,5.5,10.4,normal
1697490300.476,46.251,1800.0,4.5,10.4,normal
1697490300.978,46.251,1800.0,4.5,10.4,normal
1697490301.486,46.251,600.0,6.9,10.4,normal
1697490301.992,45.277,600.0,8.4,10.4,normal
1697490302.495,45.277,1800.0,9.4,10.4,normal
1697490302.997,45.277,1800.0,17.5,10.0,normal
1697490303.5,47.712,1800.0,36.3,10.3,normal
1697490304.003,46.738,1800.0,5.5,10.3,normal
1697490304.505,46.738,1800.0,4.0,10.3,normal
1697490305.008,45.764,1800.0,3.5,10.3,normal
1697490305.511,46.251,1800.0,3.5,10.3,normal
1697490306.013,45.277,1800.0,5.0,10.3,normal
1697490306.516,45.764,1800.0,3.0,10.3,normal
1697490307.018,45.764,1800.0,3.5,10.3,normal
1697490307.524,45.764,600.0,3.0,10.3,normal
1697490308.03,45.764,600.0,6.4,10.3,normal
1697490308.532,45.764,1800.0,7.9,10.3,normal
1697490309.035,46.251,1800.0,24.1,10.0,normal
1697490309.538,45.764,1800.0,28.1,10.3,normal
1697490310.04,44.79,1800.0,3.5,10.3,normal
1697490310.543,46.251,1800.0,4.0,10.3,normal
1697490311.046,45.764,1800.0,4.0,10.3,normal
1697490311.548,46.738,1800.0,4.0,10.3,normal
1697490312.051,45.764,1800.0,3.5,10.3,normal
1697490312.553,45.764,1800.0,4.0,10.3,normal
1697490313.056,45.764,1800.0,3.5,10.3,normal
1697490313.561,46.251,600.0,3.5,10.3,normal
1697490314.067,46.738,600.0,5.4,10.3,normal
1697490314.573,46.251,600.0,7.0,10.2,normal
1697490315.076,46.251,1800.0,29.2,10.2,normal
1697490315.579,47.225,1800.0,22.9,10.3,normal
1697490316.081,46.251,1800.0,3.0,10.4,normal
1697490316.584,46.251,1800.0,3.0,10.4,normal
1697490317.086,45.277,1800.0,3.5,10.4,normal
1697490317.589,46.251,1800.0,4.0,10.4,normal
1697490318.091,45.277,1800.0,4.5,10.4,normal
1697490318.594,45.277,1800.0,4.0,10.4,normal
1697490319.097,45.764,1800.0,3.0,10.4,normal
1697490319.599,45.277,1800.0,3.0,10.4,normal
1697490320.105,45.277,600.0,4.9,10.4,normal
1697490320.611,45.277,600.0,4.5,10.4,normal
1697490321.114,46.738,1800.0,26.0,10.1,normal
1697490321.616,45.764,1800.0,27.9,10.3,normal
1697490322.119,45.764,1800.0,3.0,10.3,normal
1697490322.621,46.251,1800.0,3.5,10.3,normal
1697490323.124,45.764,1800.0,4.9,10.3,normal
1697490323.627,44.79,1800.0,3.0,10.3,normal
1697490324.129,46.251,1800.0,2.5,10.3,normal
1697490324.632,45.277,1800.0,4.9,10.3,normal
1697490325.134,45.764,1800.0,3.0,10.3,normal
1697490325.637,47.225,1800.0,3.5,10.3,normal
1697490326.142,45.764,700.0,3.9,10.3,normal
1697490326.646,45.277,800.0,5.9,10.3,normal
1697490327.149,47.225,1800.0,19.0,9.9,normal
1697490327.652,46.738,1800.0,35.7,10.3,normal
1697490328.155,45.764,1800.0,5.0,10.3,normal
1697490328.657,46.738,1800.0,4.5,10.3,normal
1697490329.16,44.79,1800.0,4.5,10.3,normal
1697490329.662,45.277,1800.0,3.0,10.4,normal
1697490330.165,45.764,1800.0,3.5,10.4,normal
1697490330.667,45.764,1800.0,3.5,10.4,normal
1697490331.17,45.764,1800.0,4.0,10.4,normal
1697490331.672,44.79,1800.0,3.0,10.4,normal
1697490332.177,45.277,800.0,3.5,10.4,normal
1697490332.681,45.277,800.0,5.4,10.4,normal
1697490333.185,45.277,1800.0,13.0,9.5,normal
1697490333.689,46.251,1800.0,32.2,10.3,normal
1697490334.192,45.764,1800.0,15.0,10.3,normal
1697490334.694,45.764,1800.0,3.5,10.3,normal
1697490335.197,45.764,1800.0,4.0,10.3,normal
1697490335.699,45.764,1800.0,4.0,10.3,normal
1697490336.202,46.251,1800.0,3.9,10.4,normal
1697490336.705,45.764,1800.0,2.5,10.4,normal
1697490337.207,45.277,1800.0,3.5,10.4,normal
1697490337.71,45.277,1800.0,4.0,10.4,normal
1697490338.215,45.764,700.0,4.9,10.3,normal
1697490338.72,45.764,900.0,4.5,10.3,normal
1697490339.224,45.277,900.0,5.9,10.3,normal
1697490339.727,46.251,1800.0,29.4,10.1,normal
1697490340.23,45.764,1800.0,26.5,10.3,normal
1697490340.733,45.277,1800.0,3.0,10.3,normal
1697490341.235,44.79,1800.0,2.5,10.3,normal
1697490341.738,45.764,1800.0,5.9,10.4,normal
1697490342.24,46.251,1800.0,2.5,10.4,normal
1697490342.743,45.277,1800.0,2.5,10.4,normal
1697490343.246,46.251,1800.0,5.0,10.4,normal
1697490343.748,45.764,1800.0,3.5,10.4,normal
1697490344.251,45.764,1800.0,4.0,10.4,normal
1697490344.756,45.764,600.0,1.0,10.4,normal
1697490345.26,45.277,1800.0,10.0,9.4,normal
1697490345.764,45.764,1800.0,31.2,10.2,normal
1697490346.267,46.251,1800.0,15.1,10.3,normal
1697490346.769,45.277,1800.0,3.0,10.3,normal
1697490347.272,45.764,1800.0,1.0,10.3,normal
1697490347.775,46.251,1800.0,2.0,10.3,normal
1697490348.277,45.277,1800.0,4.5,10.3,normal
1697490348.78,45.277,1800.0,6.0,10.4,normal
1697490349.283,46.251,1800.0,3.5,10.4,normal
1697490349.785,45.764,1800.0,3.0,10.4,normal
1697490350.29,46.251,700.0,4.0,10.4,normal
1697490350.794,45.764,900.0,4.5,10.4,normal
1697490351.298,46.251,900.0,4.5,10.3,normal
1697490351.802,47.225,1800.0,27.9,10.2,normal
1697490352.304,46.738,1800.0,26.4,10.4,normal
1697490352.807,45.764,1800.0,3.5,10.4,normal
1697490353.31,45.764,1800.0,3.5,10.4,normal
1697490353.812,46.251,1800.0,3.0,10.4,normal
1697490354.315,45.764,1800.0,4.4,10.4,normal
1697490354.817,46.251,1800.0,4.5,10.4,normal
1697490355.32,45.764,1800.0,3.0,10.4,normal
1697490355.823,46.251,1800.0,3.4,10.4,normal
1697490356.325,46.251,1800.0,3.0,10.4,normal
1697490356.83,45.764,900.0,5.0,10.4,normal
1697490357.335,46.251,900.0,9.4,9.4,normal
1697490357.838,46.251,1800.0,26.9,10.2,normal
1697490358.341,46.738,1800.0,22.6,10.4,normal
1697490358.844,46.251,1800.0,3.5,10.4,normal
1697490359.346,46.738,1800.0,3.5,10.4,normal
1697490359.849,45.764,1800.0,3.5,10.4,normal
1697490360.351,45.764,1800.0,2.5,10.4,normal
1697490360.854,46.251,1800.0,4.4,10.4,normal
1697490361.357,47.225,1800.0,4.0,10.4,normal
1697490361.859,45.277,1800.0,3.5,10.4,normal
1697490362.364,45.764,700.0,4.0,10.4,normal
1697490362.868,45.277,900.0,5.9,10.4,normal
1697490363.372,46.251,1000.0,6.9,10.4,normal
1697490363.876,46.738,1800.0,24.3,10.2,normal
1697490364.378,46.251,1800.0,27.6,10.4,normal
1697490364.881,45.764,1800.0,3.5,10.4,normal
1697490365.383,46.251,1800.0,3.0,10.4,normal
1697490365.886,46.251,1800.0,4.0,10.4,normal
1697490366.388,45.764,1800.0,2.5,10.4,normal
1697490366.891,45.764,1800.0,4.0,10.4,normal
1697490367.394,46.251,1800.0,2.5,10.4,normal
1697490367.896,46.738,1800.0,3.5,10.4,normal
1697490368.399,45.764,1800.0,5.0,10.4,normal
1697490368.903,45.277,800.0,4.5,10.4,normal
1697490369.407,45.764,1000.0,8.9,10.2,normal
1697490369.911,47.225,1800.0,28.9,10.2,normal
1697490370.413,46.251,1800.0,22.0,10.4,normal
1697490370.916,46.738,1800.0,3.0,10.4,normal
1697490371.418,46.738,1800.0,4.0,10.4,normal
1697490371.921,45.764,1800.0,3.5,10.4,normal
1697490372.423,45.277,1800.0,3.5,10.4,normal
1697490372.926,46.251,1800.0,4.0,10.4,normal
1697490373.429,45.277,1800.0,4.0,10.4,normal
1697490373.931,45.277,1800.0,3.5,10.4,normal
1697490374.434,45.277,1800.0,3.0,10.4,normal
1697490374.939,44.79,600.0,4.5,10.4,normal
1697490375.444,46.251,1200.0,12.8,9.5,normal
1697490375.948,46.738,1800.0,31.3,10.2,normal
1697490376.45,45.764,1800.0,16.0,10.4,normal
1697490376.953,46.251,1800.0,2.5,10.4,normal
1697490377.456,46.251,1800.0,4.0,10.4,normal
1697490377.958,45.764,1800.0,9.0,10.4,normal
1697490378.461,46.251,1800.0,6.4,10.4,normal
1697490378.964,46.738,1800.0,3.0,10.4,normal
1697490379.466,45.764,1800.0,3.0,10.4,normal
1697490379.969,46.251,1800.0,4.4,10.4,normal
1697490380.471,45.277,1800.0,3.0,10.4,normal
1697490380.977,45.764,600.0,4.4,10.4,normal
1697490381.482,44.79,600.0,4.0,10.4,normal
1697490381.985,45.764,1800.0,28.4,10.2,normal
1697490382.488,46.738,1800.0,25.5,10.4,normal
1697490382.991,45.764,1800.0,4.4,10.4,normal
1697490383.493,46.251,1800.0,4.5,10.4,normal
1697490383.996,46.738,1800.0,4.5,10.4,normal
1697490384.498,46.251,1800.0,4.0,10.4,normal
1697490385.001,46.251,1800.0,3.5,10.4,normal
1697490385.503,45.277,1800.0,3.0,10.4,normal
1697490386.006,46.738,1800.0,4.0,10.4,normal
1697490386.508,45.764,1800.0,3.5,10.4,normal
1697490387.014,45.764,600.0,4.9,10.4,normal
1697490387.519,45.764,900.0,10.4,9.4,normal
1697490388.022,46.251,1800.0,29.1,10.2,normal
1697490388.524,46.251,1800.0,19.6,10.4,normal
1697490389.027,46.251,1800.0,3.0,10.4,normal
1697490389.53,45.764,1800.0,3.0,10.4,normal
1697490390.032,46.251,1800.0,3.5,10.4,normal
1697490390.535,46.251,1800.0,4.0,10.4,normal
1697490391.037,45.277,1800.0,2.5,10.4,normal
1697490391.54,45.764,1800.0,3.5,10.4,normal
1697490392.042,45.764,1800.0,3.0,10.4,normal
1697490392.547,46.738,700.0,3.5,10.4,normal
1697490393.053,46.251,600.0,4.5,10.4,normal
1697490393.561,46.251,600.0,4.9,10.4,normal
1697490394.064,47.225,1800.0,28.0,10.2,normal
1697490394.567,46.251,1800.0,27.9,10.4,normal
1697490395.07,46.738,1800.0,3.5,10.4,normal
1697490395.572,46.251,1800.0,4.0,10.4,normal
1697490396.075,46.251,1800.0,4.9,10.4,normal
1697490396.577,46.251,1800.0,2.5,10.4,normal
1697490397.08,45.764,1800.0,3.5,10.4,normal
1697490397.582,46.251,1800.0,4.4,10.4,normal
1697490398.085,45.764,1800.0,4.0,10.4,normal
1697490398.588,46.251,1800.0,4.0,10.4,normal
1697490399.093,45.764,600.0,4.0,10.4,normal
1697490399.599,45.277,600.0,4.9,10.4,normal
1697490400.102,45.277,1800.0,21.3,10.0,normal
1697490400.604,46.738,1800.0,34.0,10.3,normal
1697490401.107,45.764,1800.0,4.4,10.3,normal
1697490401.61,45.277,1800.0,3.5,10.3,normal
1697490402.112,45.277,1800.0,4.0,10.3,normal
1697490402.615,45.764,1800.0,3.9,10.3,normal
1697490403.117,45.277,1800.0,4.0,10.3,normal
1697490403.62,46.251,1800.0,2.5,10.3,normal
1697490404.122,46.251,1800.0,5.9,10.3,normal
1697490404.625,46.251,1800.0,5.0,10.3,normal
1697490405.129,45.764,900.0,4.0,10.3,normal
1697490405.634,45.764,700.0,5.0,10.3,normal
1697490406.137,47.225,1800.0,10.0,9.7,normal
1697490406.64,46.251,1800.0,36.5,10.3,normal
1697490407.143,46.738,1800.0,6.4,10.4,normal
1697490407.645,45.764,1800.0,0.5,10.4,normal
1697490408.148,46.251,1800.0,1.0,10.4,normal
1697490408.651,45.764,1800.0,6.0,10.4,normal
1697490409.153,46.738,1800.0,3.5,10.4,normal
1697490409.656,45.277,1800.0,4.0,10.4,normal
1697490410.158,46.251,1800.0,3.0,10.4,normal
1697490410.661,45.764,1800.0,4.5,10.4,normal
1697490411.165,45.764,700.0,3.0,10.4,normal
1697490411.67,45.277,800.0,5.0,10.4,normal
1697490412.177,45.764,800.0,7.9,10.2,normal
1697490412.683,46.738,1800.0,30.2,10.2,normal
1697490413.185,46.251,1800.0,23.5,10.4,normal
1697490413.688,46.738,1800.0,3.5,10.4,normal
1697490414.191,45.764,1800.0,3.0,10.4,normal
1697490414.693,46.251,1800.0,5.4,10.4,normal
1697490415.195,45.764,1800.0,4.0,10.4,normal
1697490415.698,45.277,1800.0,3.0,10.4,normal
1697490416.2,44.79,1800.0,2.5,10.4,normal
1697490416.703,45.764,1800.0,5.4,10.4,normal
1697490417.206,46.738,1800.0,2.5,10.4,normal
1697490417.711,45.764,800.0,4.9,10.4,normal
1697490418.215,44.79,900.0,6.9,10.4,normal
1697490418.719,45.764,1800.0,25.5,10.2,normal
1697490419.222,46.251,1800.0,29.7,10.4,normal
1697490419.724,45.764,1800.0,3.0,10.4,normal
1697490420.227,45.764,1800.0,3.5,10.4,normal
1697490420.73,45.277,1800.0,4.0,10.4,normal
1697490421.232,46.251,1800.0,5.4,10.5,normal
1697490421.735,45.277,1800.0,3.5,10.5,normal
1697490422.237,45.764,1800.0,2.5,10.5,normal
1697490422.74,46.251,1800.0,4.9,10.5,normal
1697490423.243,45.764,1800.0,5.0,10.5,normal
1697490423.747,45.277,900.0,4.0,10.5,normal
1697490424.252,45.764,800.0,7.4,10.4,normal
1697490424.755,47.225,1800.0,29.7,10.2,normal
1697490425.258,46.251,1800.0,21.6,10.3,normal
1697490425.76,45.764,1800.0,3.5,10.3,normal
1697490426.263,45.764,1800.0,2.5,10.3,normal
1697490426.766,46.738,1800.0,4.5,10.3,normal
1697490427.269,46.251,1800.0,5.0,10.3,normal
1697490427.771,47.225,1800.0,2.5,10.4,normal
1697490428.274,46.251,1800.0,5.0,10.4,normal
1697490428.776,46.738,1800.0,4.0,10.4,normal
1697490429.281,45.764,700.0,3.4,10.4,normal
1697490429.786,46.251,800.0,4.0,10.4,normal
1697490430.29,45.764,1000.0,4.0,10.4,normal
1697490430.793,46.738,1800.0,25.4,10.1,normal
1697490431.296,47.225,1800.0,28.2,10.4,normal
1697490431.798,45.764,1800.0,3.0,10.4,normal
1697490432.301,45.764,1800.0,2.5,10.4,normal
1697490432.804,46.251,1800.0,3.0,10.4,normal
1697490433.306,45.277,1800.0,4.5,10.4,normal
1697490433.809,45.764,1800.0,2.5,10.4,normal
1697490434.311,45.277,1800.0,3.5,10.4,normal
1697490434.814,45.764,1800.0,3.9,10.4,normal
1697490435.316,45.764,1800.0,3.0,10.4,normal
1697490435.82,45.277,900.0,4.5,10.4,normal
1697490436.325,45.277,900.0,4.5,10.4,normal
1697490436.827,46.738,1800.0,17.8,9.9,normal
1697490437.33,47.225,1800.0,37.5,10.4,normal
1697490437.833,47.225,1800.0,4.0,10.4,normal
1697490438.335,45.764,1800.0,4.5,10.4,normal
1697490438.838,45.764,1800.0,2.0,10.4,normal
1697490439.34,46.251,1800.0,5.0,10.4,normal
1697490439.843,46.251,1800.0,3.0,10.4,normal
1697490440.346,46.251,1800.0,3.5,10.4,normal
1697490440.848,45.764,1800.0,3.0,10.4,normal
1697490441.351,45.764,1800.0,3.5,10.4,normal
1697490441.854,46.251,1000.0,4.5,10.4,normal
1697490442.36,45.277,600.0,3.0,10.4,normal
1697490442.864,46.738,1100.0,9.5,9.4,normal
1697490443.368,46.738,1800.0,28.9,10.3,normal
1697490443.87,45.764,1800.0,21.4,10.4,normal
1697490444.373,45.764,1800.0,2.5,10.4,normal
1697490444.876,46.251,1800.0,2.5,10.4,normal
1697490445.378,45.764,1800.0,2.5,10.4,normal
1697490445.881,45.764,1800.0,4.0,10.4,normal
1697490446.383,46.251,1800.0,3.0,10.4,normal
1697490446.886,45.764,1800.0,3.0,10.4,normal
1697490447.388,45.277,1800.0,2.5,10.4,normal
1697490447.891,45.277,1800.0,4.0,10.4,normal
1697490448.395,46.251,800.0,5.0,10.4,normal
1697490448.899,45.277,1100.0,15.0,9.9,normal
1697490449.403,46.251,1800.0,33.7,10.3,normal
1697490449.906,46.738,1800.0,11.9,10.4,normal
1697490450.408,46.251,1800.0,3.0,10.4,normal
1697490450.911,46.251,1800.0,4.0,10.4,normal
1697490451.414,46.251,1800.0,3.0,10.4,normal
1697490451.916,46.251,1800.0,4.5,10.4,normal
1697490452.419,45.764,1800.0,4.9,10.4,normal
1697490452.921,46.251,1800.0,3.5,10.4,normal
1697490453.424,45.277,1800.0,4.0,10.4,normal
1697490453.926,46.251,1800.0,4.0,10.4,normal
1697490454.431,45.764,800.0,5.4,10.4,normal
1697490454.934,45.277,1800.0,18.0,10.0,normal
1697490455.436,46.738,1800.0,35.7,10.3,normal
1697490455.939,46.738,1800.0,3.5,10.4,normal
1697490456.442,47.225,1800.0,4.4,10.4,normal
1697490456.944,46.251,1800.0,3.0,10.4,normal
1697490457.447,45.764,1800.0,3.0,10.4,normal
1697490457.949,46.738,1800.0,2.5,10.4,normal
1697490458.452,44.303,1800.0,4.9,10.4,normal
1697490458.954,45.277,1800.0,4.5,10.4,normal
1697490459.457,45.277,1800.0,3.0,10.4,normal
1697490459.962,46.738,600.0,4.0,10.4,normal
1697490460.468,45.764,600.0,4.4,10.4,normal
1697490460.971,45.764,1800.0,23.4,10.2,normal
1697490461.474,45.764,1800.0,31.3,10.4,normal
1697490461.977,45.277,1800.0,2.5,10.4,normal
1697490462.479,46.251,1800.0,3.5,10.4,normal
1697490462.982,46.738,1800.0,5.0,10.4,normal
1697490463.484,46.738,1800.0,4.0,10.4,normal
1697490463.987,45.764,1800.0,3.5,10.4,normal
1697490464.489,45.764,1800.0,3.0,10.4,normal
1697490464.992,46.738,1800.0,3.0,10.4,normal
1697490465.494,46.251,1800.0,3.5,10.4,normal
1697490466.0,46.251,600.0,5.4,10.4,normal
1697490466.505,45.277,700.0,5.0,10.4,normal
1697490467.007,46.251,1800.0,14.5,9.8,normal
1697490467.51,46.738,1800.0,36.3,10.3,normal
1697490468.013,45.277,1800.0,3.5,10.3,normal
1697490468.515,46.251,1800.0,5.0,10.4,normal
1697490469.018,45.764,1800.0,4.0,10.4,normal
1697490469.52,46.738,1800.0,3.9,10.4,normal
1697490470.023,45.764,1800.0,3.5,10.4,normal
1697490470.525,46.251,1800.0,3.5,10.4,normal
1697490471.028,45.764,1800.0,4.5,10.4,normal
1697490471.531,46.251,1800.0,3.5,10.4,normal
1697490472.035,45.764,700.0,3.5,10.4,normal
1697490472.541,45.277,600.0,4.0,10.4,normal
1697490473.045,45.277,1800.0,9.5,9.4,normal
1697490473.547,47.712,1800.0,27.9,10.3,normal
1697490474.05,46.251,1800.0,19.3,10.4,normal
1697490474.552,46.251,1800.0,3.0,10.4,normal
1697490475.055,45.277,1800.0,3.5,10.4,normal
1697490475.557,45.764,1800.0,3.5,10.4,normal
1697490476.06,45.764,1800.0,2.5,10.4,normal
1697490476.562,46.251,1800.0,3.5,10.4,normal
1697490477.065,46.738,1800.0,4.0,10.4,normal
1697490477.568,46.251,1800.0,3.0,10.4,normal
1697490478.073,46.738,700.0,4.5,10.4,normal
1697490478.578,46.251,600.0,4.9,10.4,normal
1697490479.084,46.251,600.0,5.0,10.4,normal
1697490479.587,46.251,1800.0,26.0,10.2,normal
1697490480.09,45.764,1800.0,27.5,10.4,normal
1697490480.593,46.738,1800.0,3.5,10.4,normal
1697490481.095,46.738,1800.0,5.4,10.4,normal
1697490481.598,46.251,1800.0,3.5,10.4,normal
1697490482.1,46.738,1800.0,3.5,10.4,normal
1697490482.603,45.277,1800.0,3.0,10.4,normal
1697490483.105,45.764,1800.0,5.9,10.4,normal
1697490483.608,45.764,1800.0,3.5,10.4,normal
1697490484.11,45.764,1800.0,3.5,10.4,normal
1697490484.616,45.764,600.0,4.9,10.4,normal
1697490485.122,45.764,600.0,5.4,10.4,normal
1697490485.625,46.251,1800.0,20.5,10.0,normal
1697490486.127,46.251,1800.0,32.7,10.3,normal
1697490486.63,45.764,1800.0,4.9,10.4,normal
1697490487.132,45.764,1800.0,4.5,10.4,normal
1697490487.635,46.738,1800.0,3.5,10.4,normal
1697490488.137,46.251,1800.0,4.5,10.4,normal
1697490488.64,45.277,1800.0,3.5,10.4,normal
1697490489.143,45.277,1800.0,4.0,10.4,normal
1697490489.645,45.764,1800.0,3.5,10.4,normal
1697490490.148,45.764,1800.0,2.5,10.4,normal
1697490490.653,46.251,600.0,2.0,10.4,normal
1697490491.161,45.764,600.0,7.3,10.4,normal
1697490491.663,46.251,1800.0,26.6,10.2,normal
1697490492.166,46.738,1800.0,28.0,10.5,normal
1697490492.669,46.738,1800.0,4.4,10.4,normal
1697490493.171,46.251,1800.0,4.0,10.4,normal
1697490493.674,46.251,1800.0,3.5,10.4,normal
1697490494.176,45.764,1800.0,4.0,10.4,normal
1697490494.679,45.277,1800.0,2.5,10.4,normal
1697490495.181,46.251,1800.0,3.5,10.4,normal
1697490495.684,46.251,1800.0,4.5,10.4,normal
1697490496.187,46.251,1800.0,2.5,10.4,normal
1697490496.691,45.764,800.0,4.0,10.4,normal
1697490497.196,46.251,800.0,9.4,10.3,normal
1697490497.699,46.738,1800.0,28.7,10.3,normal
1697490498.201,47.225,1800.0,23.4,10.5,normal
1697490498.704,47.225,1800.0,3.0,10.5,normal
1697490499.207,46.738,1800.0,4.0,10.5,normal
1697490499.709,45.764,1800.0,3.5,10.5,normal
1697490500.212,45.764,1800.0,4.0,10.5,normal
1697490500.715,45.277,1800.0,4.0,10.5,normal
1697490501.218,47.225,1800.0,3.0,10.5,normal
1697490501.72,46.738,1800.0,4.0,10.5,normal
1697490502.223,45.764,1800.0,3.0,10.5,normal
1697490502.728,44.79,800.0,5.4,10.5,normal
1697490503.231,45.764,1800.0,12.6,9.8,normal
1697490503.735,47.712,1800.0,36.9,10.3,normal
1697490504.238,47.225,1800.0,9.5,10.4,normal
1697490504.741,46.251,1800.0,3.5,10.4,normal
1697490505.243,47.712,1800.0,4.0,10.4,normal
1697490505.746,45.764,1800.0,3.0,10.4,normal
1697490506.248,46.738,1800.0,3.5,10.4,normal
1697490506.751,46.251,1800.0,4.0,10.4,normal
1697490507.253,46.251,1800.0,3.5,10.4,normal
1697490507.756,46.738,1800.0,2.5,10.4,normal
1697490508.26,46.251,900.0,6.4,10.4,normal
1697490508.764,46.251,900.0,4.5,10.4,normal
1697490509.269,45.764,1000.0,5.0,10.3,normal
1697490509.772,47.225,1800.0,29.4,10.3,normal
1697490510.275,46.251,1800.0,23.8,10.4,normal
1697490510.777,47.225,1800.0,3.0,10.4,normal
1697490511.28,46.251,1800.0,3.5,10.4,normal
1697490511.782,46.251,1800.0,4.0,10.4,normal
1697490512.285,47.225,1800.0,3.0,10.4,normal
1697490512.787,46.251,1800.0,3.5,10.4,normal
1697490513.29,45.764,1800.0,4.0,10.4,normal
1697490513.793,46.251,1800.0,3.5,10.4,normal
1697490514.295,45.764,1800.0,2.5,10.4,normal
1697490514.799,46.251,900.0,3.5,10.4,normal
1697490515.304,45.277,800.0,4.0,10.4,normal
1697490515.807,46.738,1800.0,22.4,10.1,normal
1697490516.31,46.738,1800.0,30.8,10.4,normal
1697490516.812,46.251,1800.0,3.9,10.4,normal
1697490517.315,46.251,1800.0,3.0,10.4,normal
1697490517.817,46.251,1800.0,3.0,10.4,normal
1697490518.32,45.764,1800.0,4.5,10.4,normal
1697490518.822,46.251,1800.0,2.5,10.4,normal
1697490519.325,46.738,1800.0,3.5,10.4,normal
1697490519.83,45.277,1800.0,3.9,10.4,normal
1697490520.333,46.738,1800.0,4.0,10.4,normal
1697490520.837,45.764,800.0,3.5,10.4,normal
1697490521.341,46.251,900.0,5.9,10.4,normal
1697490521.844,46.738,1800.0,15.0,9.8,normal
1697490522.347,46.738,1800.0,36.5,10.3,normal
1697490522.85,46.738,1800.0,4.5,10.4,normal
1697490523.352,46.251,1800.0,5.0,10.4,normal
1697490523.855,46.251,1800.0,3.5,10.4,normal
1697490524.357,45.764,1800.0,3.5,10.4,normal
1697490524.86,46.251,1800.0,4.5,10.4,normal
1697490525.362,46.738,1800.0,4.5,10.4,normal
1697490525.865,46.251,1800.0,2.0,10.4,normal
1697490526.367,46.251,1800.0,2.0,10.4,normal
1697490526.872,45.764,800.0,2.5,10.4,normal
1697490527.378,45.277,600.0,4.4,10.4,normal
1697490527.881,46.738,1800.0,21.5,10.1,normal
1697490528.383,45.764,1800.0,32.5,10.5,normal
1697490528.886,47.225,1800.0,5.5,10.5,normal
1697490529.389,45.764,1800.0,2.5,10.5,normal
1697490529.891,45.764,1800.0,3.5,10.5,normal
1697490530.394,46.251,1800.0,3.0,10.5,normal
1697490530.897,46.738,1800.0,4.0,10.5,normal
1697490531.399,45.764,1800.0,3.0,10.5,normal
1697490531.902,45.764,1800.0,3.9,10.5,normal
1697490532.405,46.251,1800.0,4.0,10.5,normal
1697490532.909,45.277,900.0,4.0,10.5,normal
1697490533.413,45.764,800.0,6.9,10.4,normal
1697490533.916,46.738,1800.0,16.6,9.9,normal
1697490534.419,46.738,1800.0,36.0,10.3,normal
1697490534.922,46.738,1800.0,6.5,10.4,normal
1697490535.424,47.225,1800.0,3.5,10.4,normal
1697490535.927,45.764,1800.0,2.5,10.4,normal
1697490536.429,46.738,1800.0,3.0,10.4,normal
1697490536.932,46.251,1800.0,3.5,10.4,normal
1697490537.434,45.764,1800.0,3.5,10.4,normal
1697490537.937,45.277,1800.0,4.0,10.4,normal
1697490538.439,45.277,1800.0,4.9,10.4,normal
1697490538.949,46.251,700.0,3.0,10.4,normal
1697490539.454,46.251,600.0,4.5,10.4,normal
1697490539.958,45.764,1800.0,10.4,9.3,normal
1697490540.463,46.738,1800.0,30.7,10.2,normal
1697490540.965,46.251,1800.0,17.3,10.4,normal
1697490541.468,45.764,1800.0,4.0,10.4,normal
1697490541.97,46.251,1800.0,4.0,10.4,normal
1697490542.473,45.277,1800.0,3.5,10.4,normal
1697490542.975,46.251,1800.0,2.5,10.4,normal
1697490543.478,45.277,1800.0,5.4,10.4,normal
1697490543.98,45.764,1800.0,3.5,10.4,normal
1697490544.483,46.251,1800.0,3.0,10.4,normal
1697490544.988,45.764,700.0,3.0,10.4,normal
1697490545.493,46.251,600.0,4.5,10.4,normal
1697490545.996,45.277,1800.0,7.4,10.3,normal
1697490546.499,45.764,1800.0,28.4,10.2,normal
1697490547.002,46.251,1800.0,22.2,10.4,normal
1697490547.504,45.764,1800.0,3.5,10.4,normal
1697490548.007,46.738,1800.0,4.4,10.4,normal
1697490548.509,46.251,1800.0,5.5,10.4,normal
1697490549.012,46.738,1800.0,3.0,10.4,normal
1697490549.514,45.764,1800.0,3.0,10.4,normal
1697490550.017,45.764,1800.0,4.4,10.4,normal
1697490550.519,46.251,1800.0,4.5,10.4,normal
1697490551.025,45.764,600.0,3.4,10.4,normal
1697490551.531,46.251,600.0,4.0,10.4,normal
1697490552.036,45.764,600.0,3.5,10.4,normal
1697490552.54,46.738,1800.0,24.0,10.1,normal
1697490553.042,46.251,1800.0,31.5,10.4,normal
1697490553.545,45.277,1800.0,4.0,10.4,normal
1697490554.047,46.738,1800.0,2.0,10.4,normal
1697490554.55,46.251,1800.0,4.5,10.4,normal
1697490555.053,45.764,1800.0,3.5,10.4,normal
1697490555.555,45.764,1800.0,3.0,10.4,normal
1697490556.058,46.738,1800.0,2.5,10.4,normal
1697490556.56,45.764,1800.0,1.5,10.4,normal
1697490557.063,45.277,1800.0,4.0,10.5,normal
1697490557.568,45.277,600.0,4.4,10.5,normal
1697490558.074,45.277,600.0,5.4,10.4,normal
1697490558.577,46.251,1800.0,28.4,10.2,normal
1697490559.08,46.251,1800.0,25.0,10.4,normal
1697490559.583,46.738,1800.0,3.5,10.4,normal
1697490560.085,46.251,1800.0,3.0,10.4,normal
1697490560.588,46.251,1800.0,3.0,10.4,normal
1697490561.09,46.738,1800.0,4.5,10.4,normal
1697490561.593,45.764,1800.0,2.5,10.4,normal
1697490562.096,45.764,1800.0,3.5,10.4,normal
1697490562.598,46.251,1800.0,3.4,10.4,normal
1697490563.101,45.277,1800.0,5.0,10.4,normal
1697490563.606,45.277,600.0,4.9,10.4,normal
1697490564.11,45.764,1800.0,7.5,9.9,normal
1697490564.613,46.251,1800.0,28.7,10.3,normal
1697490565.116,46.738,1800.0,21.4,10.4,normal
1697490565.619,46.251,1800.0,5.4,10.4,normal
1697490566.121,46.738,1800.0,3.0,10.4,normal
1697490566.623,46.738,1800.0,3.0,10.4,normal
1697490567.126,47.225,1800.0,3.9,10.4,normal
1697490567.629,46.738,1800.0,4.5,10.4,normal
1697490568.131,46.251,1800.0,5.4,10.4,normal
1697490568.634,46.738,1800.0,3.0,10.4,normal
1697490569.137,46.251,1800.0,2.5,10.4,normal
1697490569.642,45.277,600.0,5.9,10.4,normal
1697490570.148,46.251,600.0,3.5,10.4,normal
1697490570.651,46.738,1800.0,26.4,10.2,normal
1697490571.154,46.738,1800.0,27.4,10.4,normal
1697490571.656,46.251,1800.0,4.0,10.4,normal
1697490572.159,46.738,1800.0,3.0,10.4,normal
1697490572.661,45.764,1800.0,3.5,10.4,normal
1697490573.164,46.251,1800.0,4.5,10.4,normal
1697490573.667,46.251,1800.0,2.5,10.4,normal
1697490574.169,45.764,1800.0,4.5,10.4,normal
1697490574.677,46.738,1800.0,2.5,10.4,normal
1697490575.179,45.764,1800.0,3.5,10.4,normal
1697490575.685,45.764,600.0,4.0,10.5,normal
1697490576.189,46.251,1000.0,10.3,9.4,normal
1697490576.692,46.251,1800.0,29.4,10.3,normal
1697490577.194,46.251,1800.0,21.0,10.4,normal
1697490577.697,45.764,1800.0,3.0,10.4,normal
1697490578.199,46.738,1800.0,4.5,10.4,normal
1697490578.702,46.738,1800.0,3.5,10.4,normal
1697490579.205,46.738,1800.0,3.0,10.4,normal
1697490579.707,47.225,1800.0,4.4,10.4,normal
1697490580.21,46.251,1800.0,5.4,10.4,normal
1697490580.713,45.764,1800.0,3.0,10.4,normal
1697490581.216,45.277,1800.0,4.5,10.4,normal
1697490581.722,45.764,600.0,4.4,10.4,normal
1697490582.225,46.251,1800.0,13.0,9.9,normal
1697490582.728,47.712,1800.0,37.5,10.4,normal
1697490583.23,46.738,1800.0,6.0,10.5,normal
1697490583.733,46.738,1800.0,2.0,10.5,normal
1697490584.235,46.251,1800.0,3.5,10.5,normal
1697490584.738,46.738,1800.0,3.5,10.5,normal
1697490585.241,46.251,1800.0,3.5,10.5,normal
1697490585.743,45.764,1800.0,2.0,10.5,normal
1697490586.246,46.251,1800.0,2.0,10.5,normal
1697490586.748,46.251,1800.0,3.0,10.5,normal
1697490587.253,46.251,700.0,2.5,10.5,normal
1697490587.759,45.764,600.0,3.9,10.5,normal
1697490588.265,46.251,600.0,6.9,10.4,normal
1697490588.768,47.225,1800.0,31.8,10.2,normal
1697490589.271,46.738,1800.0,21.5,10.4,normal
1697490589.773,46.251,1800.0,2.0,10.4,normal
1697490590.276,47.225,1800.0,4.5,10.4,normal
1697490590.778,46.738,1800.0,3.5,10.4,normal
1697490591.281,46.251,1800.0,4.0,10.4,normal
1697490591.783,46.738,1800.0,3.0,10.4,normal
1697490592.286,46.251,1800.0,3.5,10.4,normal
1697490592.789,46.251,1800.0,3.5,10.5,normal
1697490593.291,45.764,1800.0,4.5,10.5,normal
1697490593.795,46.738,1100.0,5.0,10.5,normal
1697490594.299,46.251,800.0,4.0,10.5,normal
1697490594.802,47.712,1800.0,22.5,10.2,normal
1697490595.305,47.225,1800.0,33.0,10.4,normal
1697490595.807,47.225,1800.0,3.0,10.4,normal
1697490596.31,46.738,1800.0,3.0,10.4,normal
1697490596.813,45.764,1800.0,2.5,10.4,normal
1697490597.315,45.277,1800.0,3.0,10.4,normal
1697490597.818,45.277,1800.0,1.5,10.4,normal
1697490598.32,45.277,1800.0,2.5,10.4,normal
1697490598.823,46.251,1800.0,2.0,10.4,normal
1697490599.326,46.251,1800.0,5.5,10.4,normal
1697490599.829,45.764,1000.0,5.0,10.4,normal
1697490600.333,46.251,1100.0,5.4,10.4,normal
1697490600.836,46.738,1800.0,14.6,9.9,normal
1697490601.339,47.712,1800.0,38.0,10.4,normal
1697490601.841,46.251,1800.0,6.0,10.4,normal
1697490602.344,46.251,1800.0,3.5,10.4,normal
1697490602.847,46.251,1800.0,3.0,10.5,normal
1697490603.349,46.251,1800.0,4.0,10.5,normal
1697490603.852,46.738,1800.0,3.5,10.5,normal
1697490604.354,46.738,1800.0,4.0,10.5,normal
1697490604.857,46.251,1800.0,3.0,10.5,normal
1697490605.359,46.251,1800.0,4.5,10.5,normal
1697490605.863,46.738,1000.0,5.0,10.5,normal
1697490606.368,45.277,600.0,2.5,10.5,normal
1697490606.877,45.764,1000.0,10.7,9.6,normal
1697490607.38,46.251,1800.0,28.1,10.3,normal
1697490607.883,47.225,1800.0,21.4,10.5,normal
1697490608.386,46.738,1800.0,3.5,10.5,normal
1697490608.888,46.738,1800.0,4.0,10.5,normal
1697490609.391,46.251,1800.0,3.0,10.5,normal
1697490609.893,46.738,1800.0,4.0,10.5,normal
1697490610.396,45.764,1800.0,4.5,10.5,normal
1697490610.898,46.251,1800.0,2.5,10.5,normal
1697490611.401,45.764,1800.0,3.5,10.5,normal
1697490611.903,45.764,1800.0,2.0,10.5,normal
1697490612.408,46.251,800.0,6.9,10.5,normal
1697490612.913,45.764,700.0,5.4,10.5,normal
1697490613.415,47.225,1800.0,27.0,10.1,normal
1697490613.918,46.738,1800.0,27.6,10.4,normal
1697490614.421,46.251,1800.0,3.5,10.4,normal
1697490614.923,46.251,1800.0,3.0,10.4,normal
1697490615.426,47.225,1800.0,2.5,10.4,normal
1697490615.929,45.277,1800.0,3.0,10.4,normal
1697490616.431,46.251,1800.0,3.5,10.4,normal
1697490616.934,45.764,1800.0,3.5,10.4,normal
1697490617.437,46.251,1800.0,3.5,10.5,normal
1697490617.939,45.764,1800.0,3.5,10.5,normal
1697490618.444,46.251,800.0,5.9,10.5,normal
1697490618.949,46.251,600.0,4.5,10.5,normal
1697490619.452,46.251,1800.0,20.9,10.1,normal
1697490619.955,46.251,1800.0,34.8,10.4,normal
1697490620.457,46.738,1800.0,4.0,10.4,normal
1697490620.96,46.251,1800.0,5.0,10.4,normal
1697490621.462,46.738,1800.0,2.0,10.4,normal
1697490621.965,45.277,1800.0,3.0,10.4,normal
1697490622.467,46.738,1800.0,4.9,10.4,normal
1697490622.97,46.738,1800.0,4.0,10.4,normal
1697490623.473,45.764,1800.0,4.9,10.4,normal
1697490623.975,45.277,1800.0,3.5,10.4,normal
1697490624.481,45.764,600.0,3.0,10.4,normal
1697490624.985,46.738,800.0,5.4,10.4,normal
1697490625.489,46.738,1800.0,26.4,10.2,normal
1697490625.991,47.712,1800.0,28.9,10.4,normal
1697490626.494,45.277,1800.0,3.5,10.4,normal
1697490626.996,46.738,1800.0,3.5,10.4,normal
1697490627.499,46.738,1800.0,3.5,10.4,normal
1697490628.002,46.251,1800.0,2.0,10.4,normal
1697490628.504,46.251,1800.0,2.5,10.4,normal
1697490629.007,46.251,1800.0,1.5,10.4,normal
1697490629.51,46.251,1800.0,6.0,10.4,normal
1697490630.012,45.277,1800.0,3.5,10.4,normal
1697490630.518,45.764,600.0,4.9,10.4,normal
1697490631.023,46.251,600.0,5.9,10.4,normal
1697490631.527,45.764,1800.0,29.0,10.2,normal
1697490632.03,47.225,1800.0,25.0,10.4,normal
1697490632.532,46.251,1800.0,2.5,10.4,normal
1697490633.035,46.251,1800.0,4.0,10.4,normal
1697490633.537,46.251,1800.0,4.5,10.4,normal
1697490634.04,46.251,1800.0,3.0,10.4,normal
1697490634.542,46.251,1800.0,3.0,10.4,normal
1697490635.045,46.251,1800.0,3.5,10.4,normal
1697490635.547,46.738,1800.0,4.0,10.4,normal
1697490636.05,46.738,1800.0,3.5,10.4,DoS_attack
1697490636.555,46.738,600.0,4.5,10.4,DoS_attack
1697490637.059,46.251,1800.0,9.9,9.5,DoS_attack
1697490637.564,47.225,1800.0,30.0,10.3,DoS_attack
1697490638.066,46.738,1800.0,17.0,10.5,DoS_attack
1697490638.569,46.251,1800.0,3.0,10.5,DoS_attack
1697490639.071,45.764,1800.0,2.0,10.5,DoS_attack
1697490639.574,46.251,1800.0,2.5,10.5,DoS_attack
1697490640.076,45.277,1800.0,2.5,10.5,DoS_attack
1697490640.579,46.738,1800.0,2.5,10.5,DoS_attack
1697490641.082,46.251,1800.0,3.5,10.5,DoS_attack
1697490641.584,45.764,1800.0,3.0,10.4,DoS_attack
1697490642.089,46.738,700.0,14.1,10.5,DoS_attack
1697490642.592,46.738,1800.0,11.0,10.5,DoS_attack
1697490643.095,46.251,1800.0,10.9,10.5,DoS_attack
1697490643.598,46.738,1800.0,38.8,10.3,DoS_attack
1697490644.102,47.225,1800.0,53.0,10.5,DoS_attack
1697490644.605,47.712,1800.0,4.5,10.5,DoS_attack
1697490645.107,46.738,1800.0,6.0,10.6,DoS_attack
1697490645.61,46.738,1800.0,7.1,10.6,DoS_attack
1697490646.112,47.225,1800.0,10.7,10.6,DoS_attack
1697490646.615,46.738,1800.0,16.2,10.6,DoS_attack
1697490647.119,48.199,900.0,22.8,10.6,DoS_attack
1697490647.622,46.738,1800.0,29.5,10.6,DoS_attack
1697490648.126,47.712,1800.0,26.4,10.6,DoS_attack
1697490648.629,48.686,1800.0,49.7,10.7,DoS_attack
1697490649.132,49.66,1800.0,57.4,10.7,DoS_attack
1697490649.635,50.147,1800.0,67.0,10.7,DoS_attack
1697490650.138,50.147,1800.0,54.7,10.7,DoS_attack
1697490650.643,50.147,1800.0,59.1,10.3,DoS_attack
1697490651.146,50.147,1800.0,65.1,10.7,DoS_attack
1697490651.649,50.147,1800.0,25.3,10.7,DoS_attack
1697490652.152,48.686,1800.0,23.3,10.7,DoS_attack
1697490652.655,49.66,1800.0,31.3,10.7,DoS_attack
1697490653.158,49.66,1800.0,13.4,10.7,DoS_attack
1697490653.66,49.173,1800.0,22.3,10.7,DoS_attack
1697490654.163,49.66,1800.0,25.8,10.8,DoS_attack
1697490654.667,49.66,1800.0,36.2,10.8,DoS_attack
1697490655.17,48.686,1800.0,40.6,10.8,DoS_attack
1697490655.673,51.121,1800.0,48.7,10.8,DoS_attack
1697490656.175,49.66,1800.0,54.8,10.9,DoS_attack
1697490656.684,50.634,1800.0,52.5,10.1,DoS_attack
1697490657.188,50.634,1800.0,61.0,10.6,DoS_attack
1697490657.691,50.634,1800.0,48.2,10.8,DoS_attack
1697490658.194,50.147,1800.0,27.3,10.8,DoS_attack
1697490658.696,51.121,1800.0,33.3,10.8,DoS_attack
1697490659.199,51.121,1800.0,44.9,10.8,DoS_attack
1697490659.702,49.66,1800.0,34.2,10.8,DoS_attack
1697490660.205,51.121,1800.0,31.8,10.9,DoS_attack
1697490660.709,50.147,1800.0,12.4,10.9,DoS_attack
1697490661.212,50.634,1800.0,21.6,10.9,DoS_attack
1697490661.715,49.66,1800.0,26.3,10.9,DoS_attack
1697490662.217,49.173,1800.0,12.0,10.9,DoS_attack
1697490662.72,50.147,1800.0,29.3,10.9,DoS_attack
1697490663.225,50.147,1800.0,25.4,9.7,DoS_attack
1697490663.729,50.634,1800.0,40.3,10.6,DoS_attack
1697490664.231,50.147,1800.0,28.3,10.8,DoS_attack
1697490664.734,50.634,1800.0,6.5,10.8,DoS_attack
1697490665.237,50.147,1800.0,26.0,10.8,DoS_attack
1697490665.74,49.66,1800.0,37.2,10.8,DoS_attack
1697490666.242,50.147,1800.0,32.0,10.8,DoS_attack
1697490666.745,50.634,1800.0,39.7,10.8,DoS_attack
1697490667.248,51.121,1800.0,39.5,10.8,DoS_attack
1697490667.751,51.608,1800.0,41.3,10.8,DoS_attack
1697490668.254,51.608,1800.0,34.9,10.9,DoS_attack
1697490668.757,51.121,1800.0,28.1,10.9,DoS_attack
1697490669.26,51.608,1800.0,53.8,10.9,DoS_attack
1697490669.763,52.095,1800.0,51.9,10.2,DoS_attack
1697490670.266,52.582,1800.0,59.9,10.6,DoS_attack
1697490670.771,51.608,1800.0,51.0,10.8,DoS_attack
1697490671.274,51.608,1800.0,28.0,10.8,DoS_attack
1697490671.778,51.608,1800.0,36.4,10.8,DoS_attack
1697490672.281,51.121,1800.0,33.3,10.8,DoS_attack
1697490672.784,51.608,1800.0,47.2,10.8,DoS_attack
1697490673.287,52.095,1800.0,47.7,10.8,DoS_attack
1697490673.79,51.608,1800.0,35.1,10.8,DoS_attack
1697490674.293,52.582,1800.0,42.9,10.9,DoS_attack
1697490674.796,52.095,1800.0,40.5,10.9,DoS_attack
1697490675.299,52.095,1800.0,36.3,10.9,DoS_attack
1697490675.803,52.582,1800.0,34.9,10.8,DoS_attack
1697490676.314,51.608,1800.0,55.9,10.4,DoS_attack
1697490676.82,52.582,1800.0,65.5,10.8,DoS_attack
1697490677.323,52.095,1800.0,26.9,10.8,DoS_attack
1697490677.825,52.582,1800.0,27.1,10.8,DoS_attack
1697490678.328,52.582,1800.0,46.9,10.8,DoS_attack
1697490678.83,52.095,1800.0,39.8,10.8,DoS_attack
1697490679.333,53.069,1800.0,39.3,10.8,DoS_attack
1697490679.835,52.095,1800.0,33.8,10.9,DoS_attack
1697490680.338,53.069,1800.0,45.5,10.9,DoS_attack
1697490680.841,52.095,1800.0,46.9,10.9,DoS_attack
1697490681.345,53.556,1800.0,38.9,10.9,DoS_attack
1697490681.848,53.069,1800.0,37.7,10.9,DoS_attack
1697490682.364,52.095,1800.0,32.5,10.9,DoS_attack
1697490682.869,53.069,1800.0,65.5,10.5,DoS_attack
1697490683.372,54.043,1800.0,58.8,10.8,DoS_attack
1697490683.877,52.095,1800.0,26.3,10.8,DoS_attack
1697490684.379,52.582,1800.0,24.6,10.8,DoS_attack
1697490684.882,52.582,1800.0,38.2,10.8,DoS_attack
1697490685.385,52.095,1800.0,36.5,10.9,DoS_attack
1697490685.888,53.069,1800.0,41.8,10.9,DoS_attack
1697490686.39,53.069,1800.0,43.2,10.9,DoS_attack
1697490686.893,53.556,1800.0,38.4,10.9,DoS_attack
1697490687.396,52.582,1800.0,36.1,10.9,DoS_attack
1697490687.898,52.582,1800.0,42.1,11.0,DoS_attack
1697490688.401,53.069,1800.0,28.9,11.0,DoS_attack
1697490688.906,52.095,1800.0,39.7,10.2,DoS_attack
1697490689.417,53.069,1800.0,54.9,10.8,DoS_attack
1697490689.92,53.556,1800.0,35.4,10.8,DoS_attack
1697490690.425,53.069,1800.0,26.1,10.8,DoS_attack
1697490690.928,52.095,1800.0,27.4,10.8,DoS_attack
1697490691.431,52.095,1800.0,34.8,10.8,DoS_attack
1697490691.934,52.582,1800.0,37.9,10.8,DoS_attack
1697490692.44,53.069,1800.0,36.7,10.9,DoS_attack
1697490692.943,54.043,1800.0,40.2,10.9,DoS_attack
1697490693.446,51.608,1800.0,41.3,10.9,DoS_attack
1697490693.949,53.556,1800.0,41.1,11.0,DoS_attack
1697490694.452,52.095,1800.0,21.1,10.9,DoS_attack
1697490694.955,53.556,1800.0,54.2,11.0,DoS_attack
1697490695.458,53.556,1800.0,57.6,10.4,DoS_attack
1697490695.967,53.556,1800.0,69.0,10.8,DoS_attack
1697490696.471,53.556,1800.0,26.1,10.8,DoS_attack
1697490696.975,53.556,1800.0,29.0,10.8,DoS_attack
1697490697.478,53.069,1800.0,33.8,10.8,DoS_attack
1697490697.982,53.069,1200.0,39.1,10.8,DoS_attack
1697490698.484,53.556,1800.0,36.3,10.9,DoS_attack
1697490698.988,53.069,1800.0,38.5,10.9,DoS_attack
1697490699.49,54.043,1800.0,32.0,10.9,DoS_attack
1697490699.993,53.069,1800.0,37.0,10.9,DoS_attack
1697490700.495,54.53,1800.0,31.0,10.9,DoS_attack
1697490700.999,54.53,1800.0,22.8,10.9,DoS_attack
1697490701.501,53.556,1800.0,41.8,10.9,DoS_attack
1697490702.005,54.53,1800.0,56.3,10.5,DoS_attack
1697490702.508,55.017,1800.0,67.5,10.8,DoS_attack
1697490703.011,52.582,1800.0,19.6,10.8,DoS_attack
1697490703.514,52.582,1800.0,34.5,10.8,DoS_attack
1697490704.017,53.556,1800.0,30.6,10.9,DoS_attack
1697490704.52,53.556,1800.0,36.1,10.9,DoS_attack
1697490705.022,53.069,1800.0,25.4,10.9,DoS_attack
1697490705.525,52.582,1800.0,18.0,10.9,DoS_attack
1697490706.027,53.069,1800.0,17.8,10.9,DoS_attack
1697490706.53,51.121,1800.0,17.0,11.0,DoS_attack
1697490707.033,51.608,1800.0,18.8,11.0,DoS_attack
1697490707.535,51.608,1800.0,14.6,11.0,DoS_attack
1697490708.038,52.582,1800.0,33.0,10.3,DoS_attack
1697490708.542,53.069,1800.0,57.1,10.7,DoS_attack
1697490709.045,53.069,1800.0,44.2,10.8,DoS_attack
1697490709.548,54.043,1800.0,29.3,10.8,DoS_attack
1697490710.051,52.582,1800.0,40.7,10.8,DoS_attack
1697490710.559,52.582,1800.0,36.1,10.9,DoS_attack
1697490711.064,52.582,1800.0,38.1,10.9,DoS_attack
1697490711.566,53.556,1800.0,31.5,10.9,DoS_attack
1697490712.071,53.556,1800.0,29.6,10.9,DoS_attack
1697490712.577,53.069,1800.0,36.8,10.9,DoS_attack
1697490713.08,53.069,1800.0,32.0,10.9,DoS_attack
1697490713.583,53.069,1800.0,34.0,10.9,DoS_attack
1697490714.091,53.556,1800.0,37.8,9.7,DoS_attack
1697490714.594,52.582,1800.0,51.5,10.5,DoS_attack
1697490715.098,53.069,1800.0,60.2,10.8,DoS_attack
1697490715.6,53.556,1800.0,23.0,10.8,DoS_attack
1697490716.103,53.556,1800.0,32.8,10.8,DoS_attack
1697490716.606,52.582,1800.0,28.2,10.8,DoS_attack
1697490717.108,53.069,1800.0,31.2,10.8,DoS_attack
1697490717.611,53.069,1800.0,33.3,10.8,DoS_attack
1697490718.114,52.095,1800.0,27.2,10.8,DoS_attack
1697490718.617,53.069,1800.0,34.0,10.9,DoS_attack
1697490719.12,53.556,1800.0,36.3,10.9,DoS_attack
1697490719.622,52.582,1800.0,31.6,10.9,DoS_attack
1697490720.125,53.556,1800.0,31.8,10.9,DoS_attack
1697490720.628,52.582,1800.0,33.0,10.3,DoS_attack
1697490721.133,52.582,1800.0,51.3,10.6,DoS_attack
1697490721.636,54.043,1800.0,49.0,10.8,DoS_attack
1697490722.139,54.53,1800.0,26.0,10.8,DoS_attack
1697490722.642,53.069,1800.0,33.2,10.8,DoS_attack
1697490723.144,54.043,1800.0,29.9,10.9,DoS_attack
1697490723.648,54.043,1800.0,28.6,10.9,DoS_attack
1697490724.152,53.556,1800.0,37.6,10.9,DoS_attack
1697490724.654,53.556,1800.0,26.3,10.9,DoS_attack
1697490725.161,53.069,1800.0,32.6,10.9,DoS_attack
1697490725.664,52.582,1800.0,26.8,10.9,DoS_attack
1697490726.168,53.069,1800.0,27.1,10.9,DoS_attack
1697490726.671,53.556,1800.0,35.6,10.9,DoS_attack
1697490727.178,53.556,1800.0,56.9,10.5,DoS_attack
1697490727.685,54.043,1800.0,63.2,10.8,DoS_attack
1697490728.188,53.556,1800.0,17.1,10.8,DoS_attack
1697490728.691,53.556,1100.0,39.5,10.8,DoS_attack
1697490729.194,54.043,1800.0,29.1,10.8,DoS_attack
1697490729.697,54.043,1800.0,27.0,10.8,DoS_attack
1697490730.199,53.069,1800.0,35.6,10.8,DoS_attack
1697490730.702,53.069,1800.0,26.5,10.8,DoS_attack
1697490731.205,54.53,1800.0,34.2,10.9,DoS_attack
1697490731.708,53.069,1800.0,29.6,10.9,DoS_attack
1697490732.211,53.556,1800.0,28.9,10.9,DoS_attack
1697490732.714,54.043,1800.0,32.3,10.9,DoS_attack
1697490733.217,54.53,1800.0,35.8,9.7,DoS_attack
1697490733.721,55.017,1800.0,61.8,10.6,DoS_attack
1697490734.224,54.53,1800.0,57.0,10.9,DoS_attack
1697490734.727,53.069,1800.0,26.2,10.9,DoS_attack
1697490735.231,54.53,1800.0,23.9,10.9,DoS_attack
1697490735.737,53.556,1800.0,23.7,10.9,DoS_attack
1697490736.24,53.556,1800.0,27.4,10.9,DoS_attack
1697490736.744,55.017,1800.0,28.9,10.9,DoS_attack
1697490737.247,54.043,1800.0,29.5,10.9,DoS_attack
1697490737.75,53.556,1800.0,32.0,10.9,DoS_attack
1697490738.253,53.556,1800.0,31.6,11.0,DoS_attack
1697490738.755,53.556,1800.0,22.2,11.0,DoS_attack
1697490739.259,53.556,1800.0,35.7,11.0,DoS_attack
1697490739.762,55.017,1800.0,49.7,10.5,DoS_attack
1697490740.267,55.504,1800.0,63.5,10.8,DoS_attack
1697490740.769,54.043,1800.0,27.3,10.9,DoS_attack
1697490741.272,54.043,1800.0,22.1,10.9,DoS_attack
1697490741.775,53.556,1800.0,27.4,10.9,DoS_attack
1697490742.277,53.069,1800.0,15.6,10.9,DoS_attack
1697490742.78,54.043,1800.0,30.8,10.9,DoS_attack
1697490743.283,53.556,1800.0,32.3,10.9,DoS_attack
1697490743.785,54.043,1800.0,33.9,10.9,DoS_attack
1697490744.288,53.069,1800.0,26.5,10.9,DoS_attack
1697490744.791,54.043,1800.0,30.6,10.9,DoS_attack
1697490745.295,53.556,1800.0,24.3,10.9,DoS_attack
1697490745.798,53.556,1800.0,42.6,10.2,DoS_attack
1697490746.301,53.556,1800.0,52.8,10.7,DoS_attack
1697490746.805,54.043,1800.0,45.5,10.8,DoS_attack
1697490747.308,53.556,1800.0,22.9,10.8,DoS_attack
1697490747.811,53.556,1800.0,25.4,10.8,DoS_attack
1697490748.315,53.556,1800.0,23.6,10.8,DoS_attack
1697490748.818,53.556,1800.0,29.2,10.8,DoS_attack
1697490749.322,54.043,1800.0,43.4,10.8,DoS_attack
1697490749.825,53.069,1800.0,25.8,10.9,DoS_attack
1697490750.327,53.069,1800.0,25.0,10.9,DoS_attack
1697490750.83,53.556,1800.0,27.4,10.9,DoS_attack
1697490751.335,53.556,1800.0,24.4,10.9,DoS_attack
1697490751.838,54.53,1800.0,29.5,10.8,DoS_attack
1697490752.343,54.53,1800.0,53.2,10.5,DoS_attack
1697490752.846,53.556,1800.0,46.8,10.8,DoS_attack
1697490753.35,53.556,1800.0,16.8,10.8,DoS_attack
1697490753.853,54.043,1800.0,24.5,10.8,DoS_attack
1697490754.356,53.556,1800.0,26.3,10.8,DoS_attack
1697490754.858,53.069,1800.0,32.0,10.8,DoS_attack
1697490755.361,54.53,1800.0,32.8,10.9,DoS_attack
1697490755.864,54.043,1800.0,22.2,10.9,DoS_attack
1697490756.366,54.043,1800.0,30.3,10.9,DoS_attack
1697490756.869,54.53,1800.0,21.7,10.9,DoS_attack
1697490757.372,54.043,1800.0,26.9,10.9,DoS_attack
1697490757.875,53.069,1800.0,32.8,10.9,DoS_attack
1697490758.378,55.017,1800.0,39.2,9.6,DoS_attack
1697490758.881,54.043,1800.0,41.0,10.6,DoS_attack
1697490759.384,53.556,1100.0,41.8,10.8,DoS_attack
1697490759.887,53.069,1800.0,25.7,10.8,DoS_attack
1697490760.39,55.017,1800.0,29.8,10.8,DoS_attack
1697490760.893,53.069,1800.0,35.4,10.8,DoS_attack
1697490761.396,53.069,1800.0,27.4,10.8,DoS_attack
1697490761.899,53.556,1800.0,23.7,10.8,DoS_attack
1697490762.403,53.556,1800.0,30.8,10.8,DoS_attack
1697490762.906,53.069,1800.0,24.6,10.8,DoS_attack
1697490763.409,54.043,1800.0,33.3,10.8,DoS_attack
1697490763.912,53.556,1800.0,31.6,10.8,DoS_attack
1697490764.414,54.53,1800.0,25.5,10.8,DoS_attack
1697490764.918,54.043,1800.0,40.1,10.4,DoS_attack
1697490765.42,54.043,1800.0,40.4,10.8,DoS_attack
1697490765.923,53.069,1800.0,10.4,10.8,DoS_attack
1697490766.426,53.069,1800.0,11.0,10.9,DoS_attack
1697490766.928,53.069,1800.0,14.1,10.9,DoS_attack
1697490767.431,52.582,1800.0,13.9,10.9,DoS_attack
1697490767.934,52.582,1800.0,15.3,10.9,DoS_attack
1697490768.437,52.582,1800.0,22.7,10.9,DoS_attack
1697490768.939,51.608,1800.0,36.2,10.8,DoS_attack
1697490769.443,54.043,1800.0,36.2,10.8,DoS_attack
1697490769.946,53.069,1800.0,32.5,10.9,DoS_attack
1697490770.449,53.069,1800.0,31.5,10.9,DoS_attack
1697490770.952,54.043,1800.0,25.1,10.0,DoS_attack
1697490771.455,54.043,1800.0,36.4,10.6,DoS_attack
1697490771.958,54.043,1800.0,28.9,10.8,DoS_attack
1697490772.461,53.069,1800.0,13.0,10.8,DoS_attack
1697490772.964,53.069,1800.0,24.1,10.8,DoS_attack
1697490773.467,54.043,1800.0,25.9,10.8,DoS_attack
1697490773.971,54.043,1800.0,23.1,10.8,DoS_attack
1697490774.475,53.069,1800.0,17.9,10.9,DoS_attack
1697490774.979,54.043,1000.0,30.8,10.9,DoS_attack
1697490775.482,53.069,1800.0,21.4,10.9,DoS_attack
1697490775.985,52.582,1800.0,22.7,10.9,DoS_attack
1697490776.487,53.069,1800.0,29.7,10.8,DoS_attack
1697490776.99,53.069,1800.0,29.9,10.8,DoS_attack
1697490777.493,54.043,1800.0,40.6,10.4,DoS_attack
1697490777.995,54.043,1800.0,55.0,10.8,DoS_attack
1697490778.498,54.043,1800.0,15.0,10.8,DoS_attack
1697490779.001,53.069,1800.0,20.6,10.8,DoS_attack
1697490779.503,53.069,1800.0,29.3,10.8,DoS_attack
1697490780.007,54.043,1800.0,34.3,10.9,DoS_attack
1697490780.509,52.582,1800.0,30.9,10.9,DoS_attack
1697490781.012,54.53,1800.0,25.9,10.8,DoS_attack
1697490781.515,52.582,1800.0,24.5,10.8,DoS_attack
1697490782.018,52.582,1800.0,17.1,10.8,DoS_attack
1697490782.521,54.043,1800.0,23.2,10.9,DoS_attack
1697490783.023,52.582,1800.0,30.9,10.9,DoS_attack
1697490783.526,53.556,1800.0,31.8,10.8,DoS_attack
1697490784.03,53.069,1800.0,41.7,10.6,DoS_attack
1697490784.532,53.556,1800.0,44.7,10.8,DoS_attack
1697490785.036,53.556,1800.0,18.3,10.8,DoS_attack
1697490785.54,53.556,1000.0,24.7,10.8,DoS_attack
1697490786.043,53.556,1800.0,28.6,10.8,DoS_attack
1697490786.546,54.043,1800.0,23.7,10.9,DoS_attack
1697490787.049,53.556,1800.0,23.1,10.9,DoS_attack
1697490787.551,52.582,1800.0,19.9,10.9,DoS_attack
1697490788.054,54.043,1800.0,32.7,10.9,DoS_attack
1697490788.557,53.069,1800.0,20.5,10.9,DoS_attack
1697490789.06,54.043,1800.0,27.2,10.9,DoS_attack
1697490789.563,54.043,1800.0,25.1,10.9,DoS_attack
1697490790.066,54.043,1800.0,52.3,10.4,DoS_attack
1697490790.57,54.043,1000.0,43.3,10.8,DoS_attack
1697490791.074,53.069,1100.0,23.2,10.8,DoS_attack
1697490791.576,53.556,1800.0,23.6,10.8,DoS_attack
1697490792.079,53.069,1800.0,17.4,10.8,DoS_attack
1697490792.582,54.043,1800.0,28.1,10.8,DoS_attack
1697490793.085,53.069,1800.0,32.3,10.8,DoS_attack
1697490793.587,54.53,1800.0,24.0,10.8,DoS_attack
1697490794.09,53.556,1800.0,24.0,10.8,DoS_attack
1697490794.593,53.069,1800.0,27.2,10.8,DoS_attack
1697490795.095,54.043,1800.0,21.2,10.9,DoS_attack
1697490795.598,54.53,1800.0,25.5,10.9,DoS_attack
1697490796.101,53.556,1800.0,46.9,10.3,DoS_attack
1697490796.606,54.53,1800.0,63.1,10.7,DoS_attack
1697490797.109,54.043,1800.0,21.9,10.8,DoS_attack
1697490797.611,53.069,1800.0,23.6,10.8,DoS_attack
1697490798.114,54.043,1800.0,21.5,10.8,DoS_attack
1697490798.617,54.043,1800.0,29.4,10.8,DoS_attack
1697490799.119,54.53,1800.0,30.7,10.9,DoS_attack
1697490799.623,53.556,1800.0,31.7,10.9,DoS_attack
1697490800.126,55.017,1800.0,19.0,10.9,DoS_attack
1697490800.629,54.043,1800.0,23.7,10.9,DoS_attack
1697490801.131,54.043,1800.0,22.2,10.9,DoS_attack
1697490801.636,53.069,1000.0,23.6,10.9,DoS_attack
1697490802.139,53.069,1800.0,26.8,10.9,DoS_attack
1697490802.641,54.043,1800.0,44.4,10.3,DoS_attack
1697490803.152,54.53,1800.0,61.5,10.7,DoS_attack
1697490803.655,55.017,1800.0,18.0,10.8,DoS_attack
1697490804.158,54.043,1800.0,20.9,10.8,DoS_attack
1697490804.661,53.556,1800.0,22.7,10.8,DoS_attack
1697490805.164,53.556,1800.0,20.7,10.8,DoS_attack
1697490805.666,54.043,1800.0,25.0,10.8,DoS_attack
1697490806.172,54.043,1800.0,26.6,10.8,DoS_attack
1697490806.675,53.556,1800.0,30.5,10.9,DoS_attack
1697490807.179,54.043,1200.0,25.1,10.9,DoS_attack
1697490807.682,53.556,1800.0,28.8,10.9,DoS_attack
1697490808.185,53.069,1800.0,24.9,10.9,DoS_attack
1697490808.688,54.53,1800.0,22.0,10.8,DoS_attack
1697490809.191,53.556,1800.0,48.2,10.6,DoS_attack
1697490809.694,54.043,1800.0,52.1,10.8,DoS_attack
1697490810.197,53.556,1800.0,22.7,10.8,DoS_attack
1697490810.701,54.043,1800.0,17.3,10.8,DoS_attack
1697490811.204,53.556,1800.0,23.0,10.8,DoS_attack
1697490811.707,54.043,1800.0,24.6,10.9,DoS_attack
1697490812.212,52.582,1800.0,17.6,10.9,DoS_attack
1697490812.715,53.069,1800.0,25.9,10.8,DoS_attack
1697490813.219,52.582,1800.0,26.8,10.9,DoS_attack
1697490813.723,53.556,1800.0,27.3,10.9,DoS_attack
1697490814.226,54.043,1800.0,21.8,10.9,DoS_attack
1697490814.729,54.53,1800.0,20.2,10.9,DoS_attack
1697490815.232,54.53,1800.0,44.4,10.3,DoS_attack
1697490815.735,54.53,1800.0,53.3,10.8,DoS_attack
1697490816.238,53.556,1800.0,20.5,10.8,DoS_attack
1697490816.742,55.017,1800.0,25.6,10.8,DoS_attack
1697490817.245,54.043,1800.0,30.9,10.8,DoS_attack
1697490817.748,53.556,1800.0,24.7,10.8,DoS_attack
1697490818.251,54.043,1800.0,20.9,10.8,DoS_attack
1697490818.753,54.043,1800.0,25.7,10.8,DoS_attack
1697490819.256,53.556,1800.0,17.4,10.8,DoS_attack
1697490819.759,54.043,1800.0,23.4,10.8,DoS_attack
1697490820.262,54.53,1800.0,29.4,10.9,DoS_attack
1697490820.765,53.556,1800.0,32.1,10.9,DoS_attack
1697490821.267,54.53,1800.0,23.7,10.8,DoS_attack
1697490821.77,54.043,1800.0,45.5,10.4,DoS_attack
1697490822.273,55.017,1800.0,56.1,10.7,DoS_attack
1697490822.776,54.043,1100.0,19.7,10.8,DoS_attack
1697490823.279,54.53,1800.0,34.5,10.8,DoS_attack
1697490823.782,55.504,1800.0,32.5,10.8,DoS_attack
1697490824.285,55.017,1800.0,20.7,10.8,DoS_attack
1697490824.787,53.069,1800.0,19.2,10.7,DoS_attack
1697490825.29,53.556,1800.0,17.2,10.8,DoS_attack
1697490825.793,53.556,1800.0,11.6,10.8,DoS_attack
1697490826.295,53.069,1800.0,10.0,10.8,DoS_attack
1697490826.798,53.556,1800.0,16.2,10.8,DoS_attack
1697490827.301,53.556,1800.0,17.0,10.9,DoS_attack
1697490827.803,54.043,1800.0,15.4,10.8,DoS_attack
1697490828.309,53.556,1800.0,38.8,10.5,DoS_attack
1697490828.814,54.53,1800.0,71.3,10.8,DoS_attack
1697490829.319,54.043,1800.0,25.5,10.8,DoS_attack
1697490829.822,53.556,1800.0,39.2,10.8,DoS_attack
1697490830.325,53.069,1800.0,26.5,10.8,DoS_attack
1697490830.828,53.556,1800.0,27.1,10.8,DoS_attack
1697490831.33,54.043,1800.0,14.8,10.9,DoS_attack
1697490831.833,54.53,1800.0,20.7,10.9,DoS_attack
1697490832.336,54.043,1800.0,23.2,10.9,DoS_attack
1697490832.839,54.53,1800.0,27.5,10.9,DoS_attack
1697490833.341,52.582,1800.0,22.1,10.9,DoS_attack
1697490833.844,53.069,1800.0,25.8,10.9,DoS_attack
1697490834.347,55.017,1800.0,40.0,10.4,DoS_attack
1697490834.851,55.017,1800.0,60.6,10.8,DoS_attack
1697490835.356,53.556,1800.0,23.6,10.8,DoS_attack
1697490835.859,53.069,1800.0,26.9,10.8,DoS_attack
1697490836.361,54.043,1800.0,22.3,10.9,DoS_attack
1697490836.864,55.017,1800.0,20.0,10.9,DoS_attack
1697490837.367,53.556,1800.0,22.4,10.9,DoS_attack
1697490837.87,54.043,1800.0,23.5,10.9,DoS_attack
1697490838.373,52.095,1800.0,26.6,10.9,DoS_attack
1697490838.876,52.582,1800.0,28.4,10.9,DoS_attack
1697490839.379,53.556,1800.0,28.2,11.0,DoS_attack
1697490839.881,53.069,1800.0,24.5,11.0,DoS_attack
1697490840.384,53.069,1800.0,16.0,10.9,DoS_attack
1697490840.887,54.53,1800.0,39.0,10.4,DoS_attack
1697490841.39,54.53,1800.0,58.7,10.8,DoS_attack
1697490841.893,54.53,1800.0,25.3,10.9,DoS_attack
1697490842.395,54.53,1800.0,27.2,10.9,DoS_attack
1697490842.898,54.043,1800.0,28.1,10.9,DoS_attack
1697490843.402,52.582,1100.0,26.6,10.9,DoS_attack
1697490843.905,53.556,1800.0,26.0,10.9,DoS_attack
1697490844.407,54.043,1800.0,21.3,10.9,DoS_attack
1697490844.91,53.556,1800.0,23.4,10.9,DoS_attack
1697490845.412,54.043,1800.0,28.9,10.9,DoS_attack
1697490845.915,53.556,1800.0,28.8,10.9,DoS_attack
1697490846.418,54.043,1800.0,23.4,10.9,DoS_attack
1697490846.92,54.043,1800.0,21.8,9.7,DoS_attack
1697490847.423,53.556,1800.0,42.5,10.7,DoS_attack
1697490847.926,54.043,1800.0,41.6,10.9,DoS_attack
1697490848.428,54.043,1800.0,28.0,10.9,DoS_attack
1697490848.931,54.53,1800.0,32.5,10.9,DoS_attack
1697490849.434,54.53,1800.0,29.2,10.9,DoS_attack
1697490849.936,54.043,1800.0,22.6,10.9,DoS_attack
1697490850.439,54.53,1800.0,18.1,10.9,DoS_attack
1697490850.942,54.043,1800.0,23.1,10.9,DoS_attack
1697490851.444,54.043,1800.0,19.5,10.9,DoS_attack
1697490851.947,54.043,1800.0,31.2,10.9,DoS_attack
1697490852.45,53.556,1800.0,24.7,10.9,DoS_attack
1697490852.953,55.504,1800.0,28.6,10.9,DoS_attack
1697490853.46,53.556,1800.0,43.3,10.5,DoS_attack
1697490853.963,54.043,1800.0,46.2,10.8,DoS_attack
1697490854.466,52.582,1800.0,12.8,10.8,DoS_attack
1697490854.968,54.043,1800.0,23.3,10.8,DoS_attack
1697490855.471,53.556,1800.0,28.4,10.8,DoS_attack
1697490855.974,52.582,1800.0,27.6,10.8,DoS_attack
1697490856.476,55.017,1800.0,29.1,10.8,DoS_attack
1697490856.979,53.556,1800.0,18.7,10.8,DoS_attack
1697490857.482,54.043,1800.0,25.3,10.8,DoS_attack
1697490857.984,53.556,1800.0,19.0,10.9,DoS_attack
1697490858.487,53.069,1800.0,23.9,10.9,DoS_attack
1697490858.99,54.53,1800.0,31.8,10.9,DoS_attack
1697490859.493,54.043,1800.0,21.6,9.7,DoS_attack
1697490859.996,54.53,1800.0,44.0,10.6,DoS_attack
1697490860.499,54.043,1800.0,42.3,10.8,DoS_attack
1697490861.002,53.556,1800.0,17.6,10.8,DoS_attack
1697490861.509,53.069,1800.0,17.3,10.8,DoS_attack
1697490862.011,54.53,1800.0,21.1,10.8,DoS_attack
1697490862.514,54.53,1800.0,18.7,10.8,DoS_attack
1697490863.017,54.043,1800.0,23.8,10.8,DoS_attack
1697490863.52,53.556,1800.0,29.9,10.8,DoS_attack
1697490864.024,54.043,1000.0,32.7,10.8,DoS_attack
1697490864.527,53.556,1800.0,26.0,10.8,DoS_attack
1697490865.03,54.53,1800.0,19.5,10.9,DoS_attack
1697490865.533,54.53,1800.0,26.3,10.8,DoS_attack
1697490866.04,54.53,1800.0,51.3,10.6,DoS_attack
1697490866.543,54.53,1800.0,53.3,10.9,DoS_attack
1697490867.046,54.043,1800.0,19.3,10.9,DoS_attack
1697490867.549,53.556,1800.0,26.6,10.9,DoS_attack
1697490868.052,55.017,1800.0,21.3,10.9,DoS_attack
1697490868.555,54.53,1800.0,28.9,10.9,DoS_attack
1697490869.059,54.043,1100.0,19.2,10.9,DoS_attack
1697490869.561,54.043,1800.0,26.7,10.9,DoS_attack
1697490870.065,53.069,1800.0,31.2,10.9,DoS_attack
1697490870.568,54.53,1800.0,28.1,10.9,DoS_attack
1697490871.071,54.043,1800.0,28.1,10.9,DoS_attack
1697490871.573,53.556,1800.0,19.2,10.9,DoS_attack
1697490872.076,54.53,1800.0,29.1,10.3,DoS_attack
1697490872.58,55.504,1800.0,43.0,10.6,DoS_attack
1697490873.082,54.53,1800.0,55.6,10.8,DoS_attack
1697490873.585,53.556,1800.0,21.1,10.8,DoS_attack
1697490874.088,54.53,1800.0,28.0,10.9,DoS_attack
1697490874.591,55.017,1800.0,30.7,10.9,DoS_attack
1697490875.093,54.043,1800.0,17.6,10.9,DoS_attack
1697490875.596,53.556,1800.0,20.2,10.9,DoS_attack
1697490876.099,53.556,1800.0,15.8,10.9,DoS_attack
1697490876.601,54.043,1800.0,26.2,10.9,DoS_attack
1697490877.105,54.53,1800.0,26.9,10.9,DoS_attack
1697490877.608,53.556,1800.0,30.2,10.9,DoS_attack
1697490878.111,54.53,1800.0,27.1,10.9,DoS_attack
1697490878.614,55.017,1800.0,25.1,9.7,DoS_attack
1697490879.118,54.043,1800.0,43.7,10.6,DoS_attack
1697490879.622,54.043,1200.0,44.8,10.9,DoS_attack
1697490880.125,54.53,1800.0,21.4,10.9,DoS_attack
1697490880.627,54.043,1800.0,32.1,10.9,DoS_attack
1697490881.13,53.556,1800.0,33.2,10.9,DoS_attack
1697490881.633,53.069,1800.0,22.7,10.9,DoS_attack
1697490882.136,53.556,1800.0,17.9,10.9,DoS_attack
1697490882.638,53.556,1800.0,27.0,10.9,DoS_attack
1697490883.141,53.556,1800.0,23.8,10.9,DoS_attack
1697490883.644,54.53,1800.0,26.8,10.9,DoS_attack
1697490884.147,53.556,1800.0,28.3,10.9,DoS_attack
1697490884.649,54.53,1800.0,30.2,10.9,DoS_attack
1697490885.152,55.017,1800.0,27.8,10.2,DoS_attack
1697490885.656,54.53,1800.0,42.2,10.8,DoS_attack
1697490886.159,55.504,1800.0,16.1,10.9,DoS_attack
1697490886.661,53.069,1800.0,17.0,10.9,DoS_attack
1697490887.164,54.043,1800.0,18.6,10.9,DoS_attack
1697490887.666,53.069,1800.0,16.7,10.9,DoS_attack
1697490888.169,53.556,1800.0,11.1,10.9,DoS_attack
1697490888.671,52.582,1800.0,26.1,10.9,DoS_attack
1697490889.174,54.043,1800.0,31.6,10.9,DoS_attack
1697490889.677,54.53,1800.0,28.8,10.9,DoS_attack
1697490890.18,54.53,1800.0,33.3,10.9,DoS_attack
1697490890.683,55.017,1800.0,29.4,10.9,DoS_attack
1697490891.186,54.043,1800.0,27.4,10.2,DoS_attack
1697490891.689,54.043,1800.0,44.7,10.7,DoS_attack
1697490892.192,53.556,1800.0,32.0,10.8,DoS_attack
1697490892.695,53.556,1800.0,20.4,10.8,DoS_attack
1697490893.198,54.53,1800.0,28.4,10.8,DoS_attack
1697490893.701,55.017,1800.0,29.0,10.8,DoS_attack
1697490894.203,54.043,1800.0,23.7,10.8,DoS_attack
1697490894.706,53.556,1800.0,18.4,10.9,DoS_attack
1697490895.21,54.043,1800.0,24.2,10.9,DoS_attack
1697490895.712,53.556,1800.0,20.3,10.9,DoS_attack
1697490896.216,53.556,1800.0,23.0,10.9,DoS_attack
1697490896.719,54.53,1800.0,28.4,10.9,DoS_attack
1697490897.222,54.043,1800.0,31.3,9.7,DoS_attack
1697490897.725,54.53,1800.0,52.8,10.7,DoS_attack
1697490898.228,53.069,1800.0,38.3,10.9,DoS_attack
1697490898.73,53.069,1800.0,11.1,10.9,DoS_attack
1697490899.233,54.53,1800.0,23.1,10.9,DoS_attack
1697490899.735,54.53,1800.0,19.6,10.9,DoS_attack
1697490900.239,53.556,1200.0,27.0,10.9,DoS_attack
1697490900.742,54.043,1800.0,28.4,10.9,DoS_attack
1697490901.245,54.043,1800.0,29.4,10.9,DoS_attack
1697490901.747,53.069,1800.0,19.8,10.9,DoS_attack
1697490902.25,53.556,1800.0,21.8,10.9,DoS_attack
1697490902.753,54.043,1800.0,19.0,10.9,DoS_attack
1697490903.255,53.556,1800.0,22.7,10.9,DoS_attack
1697490903.758,55.017,1800.0,46.6,10.5,DoS_attack
1697490904.264,55.017,1800.0,61.7,10.8,DoS_attack
1697490904.767,54.53,1800.0,18.3,10.8,DoS_attack
1697490905.27,54.043,1800.0,17.6,10.8,DoS_attack
1697490905.773,54.043,1800.0,28.1,10.8,DoS_attack
1697490906.276,53.556,1800.0,20.9,10.9,DoS_attack
1697490906.779,54.043,1800.0,22.3,10.9,DoS_attack
1697490907.282,53.069,1800.0,25.9,10.9,DoS_attack
1697490907.784,53.556,1800.0,28.4,10.9,DoS_attack
1697490908.288,54.043,1800.0,30.5,10.9,DoS_attack
1697490908.791,54.043,1800.0,17.9,10.9,DoS_attack
1697490909.294,53.556,1800.0,20.0,10.9,DoS_attack
1697490909.8,53.556,1800.0,21.2,10.6,DoS_attack
1697490910.304,54.53,1800.0,47.4,10.6,DoS_attack
1697490910.807,54.53,1800.0,58.2,10.8,DoS_attack
1697490911.31,54.53,1800.0,19.1,10.8,DoS_attack
1697490911.814,53.556,1800.0,26.0,10.8,DoS_attack
1697490912.317,53.556,1800.0,15.9,10.8,DoS_attack
1697490912.82,54.53,1800.0,20.5,10.9,DoS_attack
1697490913.323,55.017,1800.0,21.3,10.9,DoS_attack
1697490913.826,54.53,1800.0,22.7,10.9,DoS_attack
1697490914.33,53.556,1800.0,26.0,10.9,DoS_attack
1697490914.832,53.556,1800.0,28.4,10.9,DoS_attack
1697490915.335,53.556,1800.0,30.2,10.9,DoS_attack
1697490915.839,54.043,900.0,19.8,10.9,DoS_attack
1697490916.344,54.043,1800.0,29.7,9.7,DoS_attack
1697490916.848,55.017,1800.0,42.6,10.6,DoS_attack
1697490917.352,54.043,1800.0,40.6,10.8,DoS_attack
1697490917.854,55.017,1800.0,21.4,10.8,DoS_attack
1697490918.357,54.53,1800.0,28.8,10.8,DoS_attack
1697490918.859,54.043,1800.0,29.6,10.8,DoS_attack
1697490919.362,54.53,1800.0,22.1,10.8,DoS_attack
1697490919.865,53.069,1800.0,20.2,10.8,DoS_attack
1697490920.367,53.556,1800.0,20.0,10.9,DoS_attack
1697490920.87,54.043,1800.0,21.1,10.9,DoS_attack
1697490921.373,55.017,1800.0,33.3,10.9,DoS_attack
1697490921.876,54.53,1800.0,30.3,10.9,DoS_attack
1697490922.378,54.043,1800.0,25.5,10.8,DoS_attack
1697490922.882,54.53,1800.0,36.1,10.5,DoS_attack
1697490923.384,54.53,1800.0,48.0,10.8,DoS_attack
1697490923.887,55.017,1800.0,14.8,10.8,DoS_attack
1697490924.39,53.556,1800.0,22.2,10.8,DoS_attack
1697490924.893,54.043,1800.0,22.9,10.8,DoS_attack
1697490925.396,54.53,1800.0,28.9,10.8,DoS_attack
1697490925.898,54.043,1800.0,40.1,10.7,DoS_attack
1697490926.402,53.556,1000.0,19.6,10.8,DoS_attack
1697490926.905,53.556,1800.0,23.5,10.8,DoS_attack
1697490927.407,54.043,1800.0,18.2,10.8,DoS_attack
1697490927.91,54.043,1800.0,19.7,10.8,DoS_attack
1697490928.413,53.556,1800.0,21.3,10.8,DoS_attack
1697490928.916,54.53,1800.0,52.0,10.4,DoS_attack
1697490929.42,54.53,1800.0,60.7,10.8,DoS_attack
1697490929.922,52.582,1800.0,7.6,10.9,DoS_attack
1697490930.425,54.043,1800.0,15.7,10.9,DoS_attack
1697490930.927,53.556,1800.0,16.1,10.9,DoS_attack
1697490931.43,53.069,1800.0,16.5,10.9,DoS_attack
1697490931.932,54.53,1800.0,29.0,10.9,DoS_attack
1697490932.435,54.043,1800.0,18.6,10.9,DoS_attack
1697490932.938,53.556,1800.0,21.7,10.9,DoS_attack
1697490933.44,53.069,1800.0,24.4,10.9,DoS_attack
1697490933.943,53.069,1800.0,20.9,10.9,DoS_attack
1697490934.445,53.069,1800.0,12.4,10.9,DoS_attack
1697490934.948,53.556,1800.0,13.7,10.9,DoS_attack
1697490935.452,53.069,1800.0,39.7,10.7,DoS_attack
1697490935.954,54.53,1800.0,41.2,10.9,DoS_attack
1697490936.457,54.043,1800.0,22.2,10.9,DoS_attack
1697490936.959,55.017,1800.0,29.9,10.9,DoS_attack
1697490937.462,54.043,1800.0,23.6,10.9,DoS_attack
1697490937.965,54.53,1800.0,22.8,10.9,DoS_attack
1697490938.468,54.043,1800.0,23.6,10.9,DoS_attack
1697490938.97,53.556,1800.0,14.9,10.9,DoS_attack
1697490939.473,53.556,1800.0,17.3,10.9,DoS_attack
1697490939.975,53.556,1800.0,16.5,10.9,DoS_attack
1697490940.478,53.069,1800.0,22.6,10.9,DoS_attack
1697490940.985,52.582,1800.0,19.6,10.8,DoS_attack
1697490941.49,54.53,1800.0,46.5,10.5,DoS_attack
1697490941.993,55.017,1800.0,57.1,10.8,DoS_attack
1697490942.497,53.556,1800.0,18.6,10.8,DoS_attack
1697490943.0,53.556,1800.0,17.9,10.8,DoS_attack
1697490943.503,54.043,1800.0,14.3,10.8,DoS_attack
1697490944.006,54.043,1800.0,22.5,10.9,DoS_attack
1697490944.508,53.556,1800.0,15.4,10.9,DoS_attack
1697490945.011,54.53,1800.0,9.1,10.8,DoS_attack
1697490945.514,52.582,1800.0,17.8,10.8,DoS_attack
1697490946.016,52.582,1800.0,10.2,10.8,DoS_attack
1697490946.519,53.069,1800.0,10.1,10.9,DoS_attack
1697490947.023,53.069,800.0,11.6,10.9,DoS_attack
1697490947.526,53.069,1800.0,32.7,10.4,DoS_attack
1697490948.029,54.043,1800.0,39.9,10.8,DoS_attack
1697490948.532,54.043,1800.0,12.3,10.9,DoS_attack
1697490949.035,53.069,1800.0,30.7,10.9,DoS_attack
1697490949.54,53.556,1800.0,35.2,10.9,DoS_attack
1697490950.043,54.043,1800.0,33.8,10.9,DoS_attack
1697490950.547,53.069,1800.0,24.0,10.9,DoS_attack
1697490951.049,53.556,1800.0,17.3,10.9,DoS_attack
1697490951.552,53.069,1800.0,21.9,10.9,DoS_attack
1697490952.054,54.53,1800.0,16.0,10.9,DoS_attack
1697490952.557,53.069,1800.0,23.8,10.9,DoS_attack
1697490953.06,54.043,1800.0,25.8,10.9,DoS_attack
1697490953.562,54.53,1800.0,41.4,10.3,DoS_attack
1697490954.068,54.043,1800.0,49.5,10.7,DoS_attack
1697490954.571,54.043,1800.0,35.5,10.8,DoS_attack
1697490955.073,54.043,1800.0,17.6,10.9,DoS_attack
1697490955.577,53.556,1800.0,16.3,10.9,DoS_attack
1697490956.079,53.556,1800.0,16.4,10.8,DoS_attack
1697490956.582,53.556,1800.0,25.5,10.9,DoS_attack
1697490957.085,53.556,1800.0,26.3,10.8,DoS_attack
1697490957.587,54.043,1800.0,30.1,10.8,DoS_attack
1697490958.09,54.53,1800.0,24.0,10.9,DoS_attack
1697490958.593,53.556,1800.0,16.8,10.9,DoS_attack
1697490959.095,53.069,1800.0,20.6,10.9,DoS_attack
1697490959.599,54.043,1800.0,24.6,9.9,DoS_attack
1697490960.103,55.504,1800.0,44.0,10.6,DoS_attack
1697490960.606,54.53,1800.0,41.9,10.8,DoS_attack
1697490961.109,54.043,1800.0,18.1,10.8,DoS_attack
1697490961.612,54.53,1800.0,27.2,10.8,DoS_attack
1697490962.115,55.017,1800.0,27.3,10.8,DoS_attack
1697490962.621,54.043,900.0,20.4,10.8,DoS_attack
1697490963.125,54.043,1800.0,23.7,10.9,DoS_attack
1697490963.628,53.069,1800.0,20.2,10.9,DoS_attack
1697490964.131,53.556,1800.0,17.3,10.9,DoS_attack
1697490964.635,53.556,1800.0,24.1,10.9,DoS_attack
1697490965.139,54.043,1800.0,28.3,10.9,DoS_attack
1697490965.641,53.556,1800.0,23.5,10.9,DoS_attack
1697490966.144,53.556,1800.0,36.1,10.4,DoS_attack
1697490966.647,54.53,1800.0,47.0,10.8,DoS_attack
1697490967.151,53.069,1800.0,12.4,10.8,DoS_attack
1697490967.653,53.556,1800.0,13.7,10.9,DoS_attack
1697490968.156,52.582,1800.0,17.9,10.9,DoS_attack
1697490968.659,54.043,1800.0,10.6,10.9,DoS_attack
1697490969.162,53.556,1800.0,9.7,10.9,DoS_attack
1697490969.664,53.556,1800.0,16.8,10.9,DoS_attack
1697490970.167,54.043,1800.0,21.1,10.9,DoS_attack
1697490970.67,53.069,1800.0,24.2,10.9,DoS_attack
1697490971.172,53.556,1800.0,27.6,10.9,DoS_attack
1697490971.675,54.043,1800.0,21.9,10.9,DoS_attack
1697490972.178,53.069,1800.0,17.3,10.7,DoS_attack
1697490972.681,54.53,1800.0,37.6,10.6,DoS_attack
1697490973.186,54.53,900.0,39.3,10.8,DoS_attack
1697490973.69,53.556,1000.0,17.9,10.8,DoS_attack
1697490974.194,52.582,1800.0,26.8,10.8,DoS_attack
1697490974.697,53.556,1800.0,26.0,10.8,DoS_attack
1697490975.2,54.043,1800.0,25.4,10.9,DoS_attack
1697490975.702,54.043,1800.0,25.3,10.9,DoS_attack
1697490976.206,53.556,1800.0,14.1,10.9,DoS_attack
1697490976.709,53.556,1800.0,19.4,10.9,DoS_attack
1697490977.211,53.069,1800.0,16.9,10.9,DoS_attack
1697490977.714,53.069,1800.0,16.6,10.9,DoS_attack
1697490978.216,55.017,1800.0,23.2,10.9,DoS_attack
1697490978.719,55.017,1800.0,41.7,10.3,DoS_attack
1697490979.223,54.53,1800.0,50.5,10.7,DoS_attack
1697490979.725,54.53,1800.0,39.7,10.8,DoS_attack
1697490980.229,54.53,1800.0,14.1,10.8,DoS_attack
1697490980.731,53.556,1800.0,21.2,10.8,DoS_attack
1697490981.234,54.043,1800.0,16.8,10.8,DoS_attack
1697490981.736,55.017,1800.0,16.1,10.8,DoS_attack
1697490982.239,53.556,1800.0,17.7,10.8,DoS_attack
1697490982.742,54.53,1800.0,26.7,10.9,DoS_attack
1697490983.244,54.53,1800.0,25.6,10.9,DoS_attack
1697490983.747,54.043,1800.0,23.9,10.9,DoS_attack
1697490984.25,54.043,1800.0,21.1,10.9,DoS_attack
1697490984.753,54.53,1800.0,19.8,10.8,DoS_attack
1697490985.256,53.556,1800.0,41.9,10.6,DoS_attack
1697490985.759,54.53,1800.0,46.9,10.8,DoS_attack
1697490986.265,54.043,1800.0,27.9,10.8,DoS_attack
1697490986.768,54.53,1800.0,23.0,10.8,DoS_attack
1697490987.271,54.53,1800.0,24.1,10.8,DoS_attack
1697490987.774,54.043,1800.0,24.9,10.8,DoS_attack
1697490988.277,53.556,1800.0,16.4,10.8,DoS_attack
1697490988.779,54.043,1800.0,18.8,10.8,DoS_attack
1697490989.283,53.069,1000.0,20.1,10.9,DoS_attack
1697490989.786,54.53,1800.0,19.7,10.9,DoS_attack
1697490990.289,54.53,1800.0,23.5,10.9,DoS_attack
1697490990.792,53.069,1800.0,27.7,10.9,DoS_attack
1697490991.296,54.043,1800.0,51.5,10.5,DoS_attack
1697490991.799,55.017,1800.0,54.1,10.8,DoS_attack
1697490992.302,54.53,1800.0,7.5,10.8,DoS_attack
1697490992.804,54.53,1800.0,18.8,10.8,DoS_attack
1697490993.307,54.53,1800.0,15.5,10.8,DoS_attack
1697490993.81,54.043,1800.0,17.9,10.8,DoS_attack
1697490994.313,53.556,1800.0,20.1,10.8,DoS_attack
1697490994.815,53.556,1800.0,28.0,10.8,DoS_attack
1697490995.318,52.582,1800.0,22.3,10.9,DoS_attack
1697490995.821,54.043,1800.0,18.2,10.9,DoS_attack
1697490996.323,54.043,1800.0,18.6,10.9,DoS_attack
1697490996.826,53.069,1800.0,17.1,10.9,DoS_attack
1697490997.33,53.556,1800.0,23.7,10.2,DoS_attack
1697490997.834,54.53,1800.0,50.0,10.7,DoS_attack
1697490998.337,53.556,1800.0,36.9,10.8,DoS_attack
1697490998.84,54.043,1800.0,21.1,10.8,DoS_attack
1697490999.342,54.043,1800.0,24.0,10.8,DoS_attack
1697490999.845,54.53,1800.0,22.5,10.8,DoS_attack
1697491000.347,54.043,1800.0,15.4,10.8,DoS_attack
1697491000.85,54.043,1800.0,20.5,10.8,DoS_attack
1697491001.353,53.069,1800.0,15.1,10.8,DoS_attack
1697491001.855,54.043,1800.0,17.2,10.8,DoS_attack
1697491002.358,54.043,1800.0,24.2,10.9,DoS_attack
1697491002.861,53.556,1800.0,23.4,10.9,DoS_attack
1697491003.364,55.017,1800.0,31.4,9.7,DoS_attack
1697491003.87,53.556,1800.0,28.6,10.7,DoS_attack
1697491004.373,54.043,1800.0,37.9,10.9,DoS_attack
1697491004.879,53.069,600.0,13.7,10.9,DoS_attack
1697491005.382,53.069,1800.0,16.4,10.9,DoS_attack
1697491005.884,52.582,1800.0,12.1,10.9,DoS_attack
1697491006.387,51.608,1800.0,11.4,10.9,DoS_attack
1697491006.889,53.069,1800.0,13.2,10.9,DoS_attack
1697491007.392,52.582,1800.0,13.6,10.9,DoS_attack
1697491007.895,52.095,1800.0,10.6,10.9,DoS_attack
1697491008.397,52.582,1800.0,14.7,10.9,DoS_attack
1697491008.901,53.556,1800.0,19.1,10.9,DoS_attack
1697491009.406,54.043,1800.0,30.8,10.9,DoS_attack
1697491009.909,53.556,1800.0,41.7,10.4,DoS_attack
1697491010.416,55.017,1800.0,49.0,10.7,DoS_attack
1697491010.919,54.53,1800.0,29.2,10.9,DoS_attack
1697491011.422,53.556,1800.0,11.2,10.9,DoS_attack
1697491011.925,53.556,1800.0,30.0,10.9,DoS_attack
1697491012.427,54.043,1800.0,16.2,10.9,DoS_attack
1697491012.931,53.556,1800.0,22.5,10.9,DoS_attack
1697491013.433,53.556,1800.0,27.6,10.9,DoS_attack
1697491013.936,53.556,1800.0,26.8,10.9,DoS_attack
1697491014.439,53.556,1800.0,24.6,11.0,DoS_attack
1697491014.942,52.582,1800.0,16.2,11.0,DoS_attack
1697491015.444,54.53,1800.0,19.7,11.0,DoS_attack
1697491015.947,52.582,1800.0,19.2,11.0,DoS_attack
1697491016.451,54.53,1800.0,39.7,10.5,DoS_attack
1697491016.954,54.043,1800.0,50.8,10.9,DoS_attack
1697491017.458,55.504,1800.0,21.0,10.9,DoS_attack
1697491017.96,52.582,1800.0,23.0,10.9,DoS_attack
1697491018.463,53.556,1800.0,24.0,10.9,DoS_attack
1697491018.966,53.556,1800.0,19.7,10.9,DoS_attack
1697491019.469,53.556,1800.0,14.9,10.9,DoS_attack
1697491019.971,53.556,1800.0,23.2,10.9,DoS_attack
1697491020.475,53.069,1000.0,20.3,10.9,DoS_attack
1697491020.98,54.043,1000.0,26.5,10.9,DoS_attack
1697491021.483,53.556,1800.0,27.2,10.9,DoS_attack
1697491021.986,53.069,1800.0,42.1,10.8,DoS_attack
1697491022.489,55.017,1800.0,43.6,10.3,DoS_attack
1697491022.992,55.504,1800.0,54.0,10.8,DoS_attack
1697491023.495,54.043,1800.0,13.1,10.9,DoS_attack
1697491023.998,53.556,1800.0,12.2,10.9,DoS_attack
1697491024.5,53.556,1800.0,16.8,10.9,DoS_attack
1697491025.003,54.043,1800.0,14.2,10.9,DoS_attack
1697491025.506,53.556,1800.0,20.9,10.9,DoS_attack
1697491026.008,54.043,1800.0,26.6,10.9,DoS_attack
1697491026.511,53.556,1800.0,29.4,10.9,DoS_attack
1697491027.013,53.556,1800.0,24.0,10.9,DoS_attack
1697491027.516,54.043,1800.0,15.7,10.9,DoS_attack
1697491028.019,53.556,1800.0,18.4,10.9,DoS_attack
1697491028.522,54.53,1800.0,27.4,10.3,DoS_attack
1697491029.028,55.017,1800.0,47.7,10.8,DoS_attack
1697491029.531,54.043,1800.0,20.3,10.8,DoS_attack
1697491030.034,54.043,1800.0,25.1,10.9,DoS_attack
1697491030.536,54.53,1800.0,20.7,10.8,DoS_attack
1697491031.039,54.043,1800.0,21.9,10.9,DoS_attack
1697491031.544,53.556,1800.0,28.3,10.9,DoS_attack
1697491032.047,53.069,1800.0,19.5,10.9,DoS_attack
1697491032.55,53.556,1800.0,12.2,10.9,DoS_attack
1697491033.052,54.043,1800.0,15.2,10.9,DoS_attack
1697491033.555,53.556,1800.0,15.6,10.9,DoS_attack
1697491034.058,53.556,1800.0,18.0,10.9,DoS_attack
1697491034.561,53.556,1800.0,19.6,10.8,DoS_attack
1697491035.064,54.043,1800.0,47.5,10.5,DoS_attack
1697491035.567,54.53,1800.0,52.3,10.8,DoS_attack
1697491036.07,54.043,1800.0,13.0,10.8,DoS_attack
1697491036.574,54.043,900.0,13.2,10.8,DoS_attack
1697491037.077,54.043,1800.0,24.7,10.8,DoS_attack
1697491037.579,53.556,1800.0,16.7,10.8,DoS_attack
1697491038.082,53.556,1800.0,13.8,10.8,DoS_attack
1697491038.584,53.556,1800.0,20.8,10.8,DoS_attack
1697491039.087,54.043,1800.0,23.2,10.8,DoS_attack
1697491039.59,54.53,1800.0,21.8,10.9,DoS_attack
1697491040.093,52.582,1800.0,21.9,10.9,DoS_attack
1697491040.596,53.069,1800.0,22.4,10.9,DoS_attack
1697491041.098,53.556,1800.0,19.2,9.7,DoS_attack
1697491041.602,54.53,1800.0,37.5,10.6,DoS_attack
1697491042.106,54.53,900.0,34.0,10.8,DoS_attack
1697491042.61,53.069,1100.0,16.0,10.8,DoS_attack
1697491043.113,53.556,1800.0,24.4,10.8,DoS_attack
1697491043.615,53.556,1800.0,23.3,10.8,DoS_attack
1697491044.118,53.069,1800.0,25.0,10.8,DoS_attack
1697491044.621,52.582,1800.0,24.7,10.8,DoS_attack
1697491045.124,53.556,1800.0,26.5,10.8,DoS_attack
1697491045.626,53.069,1800.0,15.0,10.8,DoS_attack
1697491046.129,53.069,1800.0,20.8,10.8,DoS_attack
1697491046.632,53.069,1800.0,12.8,10.9,DoS_attack
1697491047.134,53.556,1800.0,15.8,10.9,DoS_attack
1697491047.638,54.53,1800.0,42.8,10.4,DoS_attack
1697491048.143,55.504,1800.0,63.2,10.8,DoS_attack
1697491048.646,54.043,1800.0,25.1,10.8,DoS_attack
1697491049.148,52.582,1800.0,21.8,10.9,DoS_attack
1697491049.651,53.069,1800.0,17.4,10.9,DoS_attack
1697491050.154,53.556,1800.0,18.5,10.9,DoS_attack
1697491050.656,52.582,1800.0,15.0,10.9,DoS_attack
1697491051.159,53.069,1800.0,12.7,10.9,DoS_attack
1697491051.661,54.043,1800.0,19.0,10.9,DoS_attack
1697491052.164,53.556,1800.0,27.6,10.9,DoS_attack
1697491052.667,53.556,1800.0,25.6,10.9,DoS_attack
1697491053.169,54.043,1800.0,32.3,10.9,DoS_attack
1697491053.672,54.043,1800.0,30.6,10.3,DoS_attack
1697491054.177,55.017,1800.0,45.2,10.8,DoS_attack
1697491054.679,53.069,1800.0,14.0,10.8,DoS_attack
1697491055.182,54.043,1800.0,13.9,10.9,DoS_attack
1697491055.684,53.069,1800.0,15.7,10.9,DoS_attack
1697491056.187,54.043,1800.0,21.2,10.9,DoS_attack
1697491056.69,53.556,1800.0,22.4,10.9,DoS_attack
1697491057.192,53.069,1800.0,23.2,10.9,DoS_attack
1697491057.695,53.556,1800.0,24.9,10.9,DoS_attack
1697491058.199,54.53,1000.0,23.7,10.9,DoS_attack
1697491058.702,53.069,1800.0,22.8,10.9,DoS_attack
1697491059.205,53.556,1800.0,13.9,10.9,DoS_attack
1697491059.708,53.556,1800.0,29.1,10.3,DoS_attack
1697491060.212,55.017,1800.0,49.7,10.7,DoS_attack
1697491060.716,53.556,1800.0,21.9,10.8,DoS_attack
1697491061.218,54.043,1800.0,21.4,10.8,DoS_attack
1697491061.721,54.043,1800.0,25.9,10.8,DoS_attack
1697491062.224,53.069,1800.0,23.2,10.8,DoS_attack
1697491062.727,54.043,1800.0,20.7,10.8,DoS_attack
1697491063.231,54.53,1800.0,16.2,10.8,DoS_attack
1697491063.734,54.53,1800.0,18.7,10.9,DoS_attack
1697491064.236,53.556,1800.0,16.1,10.9,DoS_attack
1697491064.739,53.556,1800.0,10.4,10.9,DoS_attack
1697491065.241,53.069,1800.0,11.3,10.8,DoS_attack
1697491065.744,52.582,1800.0,6.4,10.8,DoS_attack
1697491066.247,54.043,1800.0,41.0,10.5,DoS_attack
1697491066.75,54.043,1800.0,43.1,10.8,DoS_attack
1697491067.253,54.043,1800.0,7.0,10.9,DoS_attack
1697491067.755,53.069,1800.0,9.0,10.9,DoS_attack
1697491068.263,53.556,1800.0,14.0,10.9,DoS_attack
1697491068.768,53.556,900.0,32.0,10.9,DoS_attack
1697491069.271,53.069,1800.0,26.4,10.9,DoS_attack
1697491069.774,54.043,1800.0,28.7,10.9,DoS_attack
1697491070.277,54.53,1800.0,26.3,10.9,DoS_attack
1697491070.779,53.556,1800.0,20.6,10.9,DoS_attack
1697491071.282,53.556,1800.0,14.2,10.9,DoS_attack
1697491071.785,53.069,1800.0,14.8,10.9,DoS_attack
1697491072.287,53.556,1800.0,41.7,10.5,DoS_attack
1697491072.79,54.53,1800.0,50.8,10.9,DoS_attack
1697491073.305,54.043,1800.0,18.6,10.9,DoS_attack
1697491073.809,54.53,1000.0,26.0,10.8,DoS_attack
1697491074.311,54.043,1800.0,34.0,10.9,DoS_attack
1697491074.814,54.043,1800.0,16.5,10.9,DoS_attack
1697491075.317,53.069,1800.0,14.2,10.9,DoS_attack
1697491075.82,52.095,1800.0,15.5,10.9,DoS_attack
1697491076.322,53.069,1800.0,17.7,10.9,DoS_attack
1697491076.825,54.043,1800.0,17.1,10.9,DoS_attack
1697491077.327,52.582,1800.0,13.9,10.9,DoS_attack
1697491077.83,53.069,1800.0,15.7,10.9,DoS_attack
1697491078.333,54.53,1800.0,26.6,9.7,DoS_attack
1697491078.836,54.043,1800.0,45.5,10.6,DoS_attack
1697491079.339,53.556,1800.0,49.2,10.8,DoS_attack
1697491079.842,53.556,1800.0,18.0,10.8,DoS_attack
1697491080.345,54.043,1800.0,18.8,10.8,DoS_attack
1697491080.847,54.043,1800.0,14.7,10.8,DoS_attack
1697491081.35,53.556,1800.0,17.3,10.8,DoS_attack
1697491081.853,53.556,1800.0,15.5,10.8,DoS_attack
1697491082.355,54.53,1800.0,14.7,10.8,DoS_attack
1697491082.86,52.582,1800.0,17.1,10.8,DoS_attack
1697491083.363,52.582,1800.0,22.7,10.8,DoS_attack
1697491083.866,53.556,1800.0,25.1,10.8,DoS_attack
1697491084.368,52.582,1800.0,25.0,10.8,DoS_attack
1697491084.871,54.043,1800.0,40.4,10.4,DoS_attack
1697491085.374,55.017,1800.0,47.0,10.8,DoS_attack
1697491085.877,53.556,1800.0,10.8,10.8,DoS_attack
1697491086.382,54.043,1800.0,13.1,10.8,DoS_attack
1697491086.885,53.556,1800.0,15.7,10.8,DoS_attack
1697491087.389,53.556,1800.0,14.8,10.8,DoS_attack
1697491087.891,53.556,1800.0,23.4,10.8,DoS_attack
1697491088.394,54.043,1800.0,27.1,10.8,DoS_attack
1697491088.898,53.556,1800.0,27.6,10.8,DoS_attack
1697491089.402,54.043,1800.0,31.3,10.8,DoS_attack
1697491089.905,54.043,1800.0,17.8,10.9,DoS_attack
1697491090.408,53.069,1800.0,14.0,10.9,DoS_attack
1697491090.913,53.069,1800.0,19.5,10.6,DoS_attack
1697491091.416,54.53,1800.0,41.9,10.6,DoS_attack
1697491091.919,52.582,1800.0,36.2,10.8,DoS_attack
1697491092.421,53.069,1800.0,19.0,10.8,DoS_attack
1697491092.925,54.043,1800.0,23.0,10.8,DoS_attack
1697491093.428,52.582,1800.0,23.5,10.8,DoS_attack
1697491093.931,54.53,1800.0,19.5,10.9,DoS_attack
1697491094.435,53.556,900.0,19.4,10.9,DoS_attack
1697491094.937,53.556,1800.0,17.3,10.9,DoS_attack
1697491095.44,53.556,1800.0,12.0,10.9,DoS_attack
1697491095.943,53.069,1800.0,11.0,10.9,DoS_attack
1697491096.445,53.069,1800.0,8.1,10.9,DoS_attack
1697491096.948,53.069,1800.0,12.6,10.3,DoS_attack
1697491097.45,54.043,1800.0,37.8,10.6,DoS_attack
1697491097.953,52.582,1800.0,38.7,10.8,DoS_attack
1697491098.456,53.069,1800.0,18.7,10.8,DoS_attack
1697491098.96,53.069,1800.0,22.1,10.8,DoS_attack
1697491099.463,53.556,1800.0,23.6,10.8,DoS_attack
1697491099.967,54.043,900.0,26.5,10.8,DoS_attack
1697491100.471,52.582,1800.0,25.0,10.8,DoS_attack
1697491100.974,53.556,1800.0,15.6,10.9,DoS_attack
1697491101.478,53.556,1800.0,15.8,10.9,DoS_attack
1697491101.98,53.069,1800.0,13.8,10.9,DoS_attack
1697491102.483,52.582,1800.0,12.9,10.9,DoS_attack
1697491102.986,53.069,1800.0,13.8,10.9,DoS_attack
1697491103.488,53.556,1800.0,37.6,10.5,DoS_attack
1697491103.991,53.556,1800.0,57.9,10.8,DoS_attack
1697491104.494,54.53,1800.0,17.4,10.8,DoS_attack
1697491104.996,53.069,1800.0,19.5,10.8,DoS_attack
1697491105.499,53.069,1800.0,22.4,10.8,DoS_attack
1697491106.002,53.556,1800.0,11.9,10.8,DoS_attack
1697491106.504,53.556,1800.0,14.9,10.8,DoS_attack
1697491107.007,53.069,1800.0,13.8,10.9,DoS_attack
1697491107.509,53.556,1800.0,12.3,10.8,DoS_attack
1697491108.012,52.582,1800.0,15.5,10.9,DoS_attack
1697491108.515,53.556,1800.0,15.5,10.9,DoS_attack
1697491109.018,53.556,1800.0,24.4,10.9,DoS_attack
1697491109.52,54.043,1800.0,22.6,10.8,DoS_attack
1697491110.024,55.017,1800.0,52.7,10.6,DoS_attack
1697491110.526,54.043,1800.0,41.5,10.8,DoS_attack
1697491111.029,53.556,1800.0,9.6,10.8,DoS_attack
1697491111.532,53.069,1800.0,17.6,10.8,DoS_attack
1697491112.034,52.582,1800.0,12.9,10.8,DoS_attack
1697491112.537,53.069,1800.0,13.7,10.8,DoS_attack
1697491113.04,53.556,1800.0,15.9,10.8,DoS_attack
1697491113.542,53.556,1800.0,23.5,10.8,DoS_attack
1697491114.045,53.556,1800.0,21.8,10.9,DoS_attack
1697491114.547,53.069,1800.0,23.7,10.9,DoS_attack
1697491115.05,53.069,1800.0,23.3,10.9,DoS_attack
1697491115.555,53.069,800.0,15.6,10.9,DoS_attack
1697491116.059,52.582,1800.0,29.4,10.1,DoS_attack
1697491116.563,54.043,1800.0,43.5,10.7,DoS_attack
1697491117.065,53.069,1800.0,29.1,10.8,DoS_attack
1697491117.568,53.556,1800.0,17.1,10.8,DoS_attack
1697491118.071,53.556,1800.0,33.2,10.8,DoS_attack
1697491118.574,54.043,1800.0,25.9,10.8,DoS_attack
1697491119.077,54.043,1800.0,18.5,10.8,DoS_attack
1697491119.58,53.069,1800.0,22.5,10.8,DoS_attack
1697491120.083,53.556,1800.0,11.2,10.8,DoS_attack
1697491120.585,54.53,1800.0,13.4,10.9,DoS_attack
1697491121.089,53.556,900.0,14.1,10.9,DoS_attack
1697491121.592,52.095,1800.0,18.2,10.9,DoS_attack
1697491122.095,53.069,1800.0,11.8,10.9,DoS_attack
1697491122.598,54.043,1800.0,36.9,10.5,DoS_attack
1697491123.101,53.556,1800.0,50.5,10.9,DoS_attack
1697491123.604,53.069,1800.0,21.2,10.8,DoS_attack
1697491124.107,53.069,1800.0,17.9,10.8,DoS_attack
1697491124.61,53.069,1800.0,18.7,10.8,DoS_attack
1697491125.113,54.043,1800.0,16.6,10.9,DoS_attack
1697491125.616,53.556,1800.0,8.5,10.9,DoS_attack
1697491126.118,52.582,1800.0,7.5,10.9,DoS_attack
1697491126.622,52.582,1000.0,9.3,10.9,DoS_attack
1697491127.125,53.069,1800.0,17.9,10.9,DoS_attack
1697491127.627,53.069,1800.0,8.0,10.9,DoS_attack
1697491128.13,51.608,1800.0,12.9,10.9,DoS_attack
1697491128.634,53.069,1800.0,40.7,10.4,DoS_attack
1697491129.137,53.556,1800.0,53.6,10.9,DoS_attack
1697491129.639,52.095,1800.0,12.1,10.9,DoS_attack
1697491130.142,54.53,1800.0,21.0,10.9,DoS_attack
1697491130.645,52.582,1800.0,13.0,10.9,DoS_attack
1697491131.147,53.069,1800.0,14.9,10.9,DoS_attack
1697491131.65,53.069,1800.0,13.7,10.9,DoS_attack
1697491132.154,53.069,1000.0,20.7,10.9,DoS_attack
1697491132.658,52.095,1050.0,23.7,10.9,DoS_attack
1697491133.161,52.582,1800.0,23.6,10.9,DoS_attack
1697491133.663,53.069,1800.0,21.9,10.9,DoS_attack
1697491134.166,52.095,1800.0,22.1,10.9,DoS_attack
1697491134.669,53.556,1800.0,31.2,9.6,DoS_attack
1697491135.172,52.582,1800.0,46.5,10.6,DoS_attack
1697491135.675,53.069,1800.0,27.1,10.8,DoS_attack
1697491136.178,53.069,1800.0,9.2,10.8,DoS_attack
1697491136.68,53.556,1800.0,15.9,10.8,DoS_attack
1697491137.183,53.556,1800.0,13.1,10.8,DoS_attack
1697491137.687,53.556,1800.0,14.2,10.8,DoS_attack
1697491138.191,52.095,1000.0,16.3,10.8,DoS_attack
1697491138.696,52.582,1800.0,33.0,10.9,DoS_attack
1697491139.198,54.043,1800.0,23.8,10.9,DoS_attack
1697491139.701,53.069,1800.0,24.7,10.9,DoS_attack
1697491140.204,53.069,1800.0,22.0,10.9,DoS_attack
1697491140.709,54.53,1800.0,19.9,9.7,DoS_attack
1697491141.213,53.556,1800.0,35.9,10.7,DoS_attack
1697491141.715,53.556,1800.0,31.3,10.8,DoS_attack
1697491142.218,53.556,1800.0,12.5,10.8,DoS_attack
1697491142.721,53.556,1800.0,14.4,10.8,DoS_attack
1697491143.223,52.095,1800.0,15.9,10.8,DoS_attack
1697491143.727,53.069,1200.0,18.6,10.8,DoS_attack
1697491144.229,54.043,1800.0,28.9,10.8,DoS_attack
1697491144.732,53.069,1800.0,21.1,10.8,DoS_attack
1697491145.234,53.069,1800.0,23.6,10.9,DoS_attack
1697491145.737,53.556,1800.0,16.8,10.9,DoS_attack
1697491146.239,52.095,1800.0,12.6,10.9,DoS_attack
1697491146.742,52.582,1800.0,18.2,9.7,DoS_attack
1697491147.245,53.069,1800.0,37.1,10.6,DoS_attack
1697491147.748,52.582,1800.0,34.7,10.8,DoS_attack
1697491148.251,54.043,1800.0,12.4,10.8,DoS_attack
1697491148.754,52.582,1800.0,16.5,10.8,DoS_attack
1697491149.258,54.043,900.0,19.3,10.8,DoS_attack
1697491149.76,53.556,1800.0,22.8,10.8,DoS_attack
1697491150.263,53.556,1800.0,22.4,10.8,DoS_attack
1697491150.766,53.556,1800.0,26.8,10.8,DoS_attack
1697491151.268,53.556,1800.0,13.4,10.9,DoS_attack
1697491151.771,52.582,1800.0,12.8,10.9,DoS_attack
1697491152.273,52.095,1800.0,12.4,10.9,DoS_attack
1697491152.776,53.069,1800.0,16.3,10.9,DoS_attack
1697491153.282,53.556,1800.0,38.5,10.4,DoS_attack
1697491153.785,52.582,1800.0,50.0,10.8,DoS_attack
1697491154.289,53.556,1800.0,20.4,10.8,DoS_attack
1697491154.793,52.582,1100.0,28.4,10.8,DoS_attack
1697491155.296,52.582,1800.0,24.9,10.8,DoS_attack
1697491155.799,53.069,1800.0,21.0,10.8,DoS_attack
1697491156.302,53.069,1800.0,17.3,10.8,DoS_attack
1697491156.805,53.556,1800.0,12.9,10.8,DoS_attack
1697491157.307,53.556,1800.0,15.2,10.8,DoS_attack
1697491157.81,52.582,1800.0,15.2,10.9,DoS_attack
1697491158.313,52.095,1800.0,15.6,10.9,DoS_attack
1697491158.815,54.043,1800.0,13.8,10.9,DoS_attack
1697491159.319,53.556,1800.0,44.8,10.5,DoS_attack
1697491159.822,54.043,1800.0,56.5,10.8,DoS_attack
1697491160.325,53.556,1800.0,23.0,10.8,DoS_attack
1697491160.827,53.556,1800.0,21.5,10.8,DoS_attack
1697491161.33,54.043,1800.0,19.6,10.8,DoS_attack
1697491161.833,53.069,1800.0,14.3,10.8,DoS_attack
1697491162.336,54.043,1800.0,14.6,10.9,DoS_attack
1697491162.839,53.556,1800.0,13.9,10.9,DoS_attack
1697491163.341,52.582,1800.0,16.6,10.9,DoS_attack
1697491163.844,52.582,1800.0,15.1,10.9,DoS_attack
1697491164.347,52.095,1800.0,11.4,10.9,DoS_attack
1697491164.85,53.069,1800.0,18.4,10.9,DoS_attack
1697491165.355,52.095,900.0,29.2,9.7,DoS_attack
1697491165.858,53.556,1800.0,42.9,10.6,DoS_attack
1697491166.361,54.53,1800.0,42.6,10.8,DoS_attack
1697491166.864,54.043,1800.0,9.7,10.8,DoS_attack
1697491167.366,53.069,1800.0,14.1,10.8,DoS_attack
1697491167.869,52.095,1800.0,17.8,10.8,DoS_attack
1697491168.371,52.582,1800.0,13.9,10.8,DoS_attack
1697491168.874,53.069,1800.0,12.0,10.8,DoS_attack
1697491169.377,52.582,1800.0,16.3,10.8,DoS_attack
1697491169.879,53.069,1800.0,14.3,10.8,DoS_attack
1697491170.383,53.069,900.0,21.4,10.8,DoS_attack
1697491170.886,52.095,1800.0,26.0,10.8,DoS_attack
1697491171.389,52.582,1800.0,22.7,10.8,DoS_attack
1697491171.891,54.043,1800.0,37.7,10.4,DoS_attack
1697491172.396,54.53,1800.0,45.0,10.8,DoS_attack
1697491172.899,53.069,1800.0,9.5,10.8,DoS_attack
1697491173.402,53.556,1800.0,13.7,10.8,DoS_attack
1697491173.904,53.069,1800.0,12.2,10.8,DoS_attack
1697491174.407,53.069,1800.0,13.7,10.8,DoS_attack
1697491174.91,53.069,1800.0,14.2,10.9,DoS_attack
1697491175.412,52.582,1800.0,18.3,10.9,DoS_attack
1697491175.915,53.556,1800.0,26.5,10.9,DoS_attack
1697491176.417,53.069,1800.0,35.2,10.9,DoS_attack
1697491176.92,52.582,1800.0,21.8,10.9,DoS_attack
1697491177.422,52.582,1800.0,14.1,10.9,DoS_attack
1697491177.925,53.069,1800.0,24.5,10.3,DoS_attack
1697491178.43,53.069,1800.0,45.7,10.8,DoS_attack
1697491178.932,54.043,1800.0,15.5,10.8,DoS_attack
1697491179.435,52.582,1800.0,14.1,10.8,DoS_attack
1697491179.937,53.069,1800.0,13.9,10.8,DoS_attack
1697491180.44,53.069,1800.0,20.5,10.8,DoS_attack
1697491180.943,53.069,1800.0,28.3,10.9,DoS_attack
1697491181.445,53.069,1800.0,20.9,10.9,DoS_attack
1697491181.948,54.043,1800.0,21.9,10.9,DoS_attack
1697491182.45,52.582,1800.0,18.5,10.9,DoS_attack
1697491182.953,53.556,1800.0,14.6,10.9,DoS_attack
1697491183.456,52.582,1800.0,14.5,10.9,DoS_attack
1697491183.959,53.069,1800.0,13.6,10.8,DoS_attack
1697491184.462,53.069,1800.0,43.7,10.6,DoS_attack
1697491184.965,54.043,1800.0,32.7,10.8,DoS_attack
1697491185.467,52.095,1800.0,12.9,10.9,DoS_attack
1697491185.97,53.556,1800.0,18.5,10.9,DoS_attack
1697491186.473,52.582,1800.0,9.5,10.9,DoS_attack
1697491186.975,53.556,1800.0,13.4,10.9,DoS_attack
1697491187.478,52.582,1800.0,12.9,10.8,DoS_attack
1697491187.981,51.121,1800.0,7.1,10.8,DoS_attack
1697491188.483,53.556,1800.0,12.1,10.8,DoS_attack
1697491188.986,52.095,1800.0,16.8,10.8,DoS_attack
1697491189.489,53.556,1800.0,21.1,10.9,DoS_attack
1697491189.992,54.043,1800.0,21.2,9.8,DoS_attack
1697491190.495,53.069,1800.0,43.4,10.7,DoS_attack
1697491190.999,53.556,900.0,38.8,10.9,DoS_attack
1697491191.502,53.069,1800.0,25.4,10.8,DoS_attack
1697491192.005,53.556,1800.0,23.2,10.8,DoS_attack
1697491192.507,52.582,1800.0,18.4,10.9,DoS_attack
1697491193.01,53.556,1800.0,14.1,10.9,DoS_attack
1697491193.513,52.582,1800.0,14.1,10.9,DoS_attack
1697491194.016,52.582,1800.0,14.2,10.9,DoS_attack
1697491194.518,52.582,1800.0,15.2,10.9,DoS_attack
1697491195.021,52.582,1800.0,17.1,10.9,DoS_attack
1697491195.524,53.069,1800.0,16.2,10.9,DoS_attack
1697491196.031,52.582,1800.0,24.7,9.9,DoS_attack
1697491196.535,52.095,1800.0,52.8,10.6,DoS_attack
1697491197.038,53.556,1800.0,42.3,10.8,DoS_attack
1697491197.541,53.069,1800.0,21.8,10.8,DoS_attack
1697491198.043,53.556,1800.0,16.8,10.8,DoS_attack
1697491198.546,52.582,1800.0,15.2,10.8,DoS_attack
1697491199.048,53.556,1800.0,12.7,10.8,DoS_attack
1697491199.551,53.069,1800.0,14.2,10.8,DoS_attack
1697491200.054,51.608,1800.0,14.1,10.8,DoS_attack
1697491200.556,52.095,1800.0,13.7,10.8,DoS_attack
1697491201.061,52.582,1800.0,14.9,10.9,DoS_attack
1697491201.563,53.069,1800.0,23.5,10.9,DoS_attack
1697491202.067,53.069,1800.0,23.0,10.8,DoS_attack
1697491202.57,54.043,1800.0,46.7,10.6,DoS_attack
1697491203.073,53.069,1800.0,51.7,10.9,DoS_attack
1697491203.575,53.556,1800.0,13.7,10.8,DoS_attack
1697491204.078,52.582,1800.0,11.1,10.9,DoS_attack
1697491204.581,53.069,1800.0,14.2,10.9,DoS_attack
1697491205.083,52.582,1800.0,16.0,10.9,DoS_attack
1697491205.587,52.582,1800.0,14.1,10.9,DoS_attack
1697491206.09,53.069,1800.0,14.1,10.9,DoS_attack
1697491206.594,52.582,900.0,14.6,10.9,DoS_attack
1697491207.097,53.069,1800.0,18.9,10.9,DoS_attack
1697491207.6,51.608,1800.0,20.6,10.8,DoS_attack
1697491208.103,53.069,1800.0,21.5,10.8,DoS_attack
1697491208.607,52.095,1800.0,41.4,10.5,DoS_attack
1697491209.11,53.069,1800.0,46.5,10.8,DoS_attack
1697491209.612,52.095,1800.0,10.6,10.8,DoS_attack
1697491210.115,52.582,1800.0,10.2,10.9,DoS_attack
1697491210.618,51.608,1800.0,17.1,10.9,DoS_attack
1697491211.121,52.095,1800.0,12.2,10.9,DoS_attack
1697491211.623,52.095,1800.0,14.9,10.9,DoS_attack
1697491212.128,51.608,1000.0,19.5,10.9,DoS_attack
1697491212.631,52.095,1800.0,17.2,10.9,DoS_attack
1697491213.134,52.095,1800.0,18.5,10.9,DoS_attack
1697491213.637,53.069,1800.0,30.0,10.8,DoS_attack
1697491214.139,53.069,1800.0,29.1,10.8,DoS_attack
1697491214.642,54.043,1800.0,34.5,10.3,DoS_attack
1697491215.145,54.53,1800.0,42.8,10.7,DoS_attack
1697491215.647,52.095,1800.0,8.5,10.7,DoS_attack
1697491216.15,53.556,1800.0,11.1,10.8,DoS_attack
1697491216.653,52.582,1800.0,11.4,10.8,DoS_attack
1697491217.155,52.095,1800.0,12.0,10.8,DoS_attack
1697491217.658,53.069,1800.0,14.1,10.8,DoS_attack
1697491218.162,52.582,1800.0,19.4,10.8,DoS_attack
1697491218.666,52.582,1800.0,20.7,10.8,DoS_attack
1697491219.168,53.069,1800.0,22.7,10.8,DoS_attack
1697491219.671,52.582,1800.0,24.5,10.8,DoS_attack
1697491220.174,52.582,1800.0,15.9,10.8,DoS_attack
1697491220.676,53.069,1800.0,26.7,10.4,DoS_attack
1697491221.179,52.095,1800.0,35.3,10.9,DoS_attack
1697491221.681,53.556,1800.0,9.9,10.9,DoS_attack
1697491222.184,52.582,1800.0,12.5,10.9,DoS_attack
1697491222.688,52.582,1100.0,23.1,10.9,DoS_attack
1697491223.192,52.582,1800.0,24.0,10.9,DoS_attack
1697491223.694,53.069,1800.0,20.7,10.9,DoS_attack
1697491224.198,52.095,1800.0,22.2,10.9,DoS_attack
1697491224.701,52.582,1800.0,20.5,10.9,DoS_attack
1697491225.204,52.582,1800.0,17.8,10.9,DoS_attack
1697491225.706,52.095,1800.0,13.7,10.9,DoS_attack
1697491226.209,52.095,1800.0,12.3,10.9,DoS_attack
1697491226.712,53.069,1800.0,29.4,10.5,DoS_attack
1697491227.216,52.582,1800.0,44.8,10.8,DoS_attack
1697491227.719,52.582,1800.0,8.8,10.8,DoS_attack
1697491228.225,52.582,1100.0,21.9,10.9,DoS_attack
1697491228.728,54.043,1800.0,19.9,10.9,DoS_attack
1697491229.231,52.095,1800.0,19.1,10.9,DoS_attack
1697491229.733,52.582,1800.0,23.5,10.9,DoS_attack
1697491230.236,53.069,1800.0,22.5,10.9,DoS_attack
1697491230.739,53.556,1800.0,18.6,10.9,DoS_attack
1697491231.241,52.582,1800.0,17.7,10.9,DoS_attack
1697491231.744,52.582,1800.0,13.6,10.9,DoS_attack
1697491232.248,52.582,1800.0,11.8,10.9,DoS_attack
1697491232.751,53.069,1800.0,32.7,10.5,DoS_attack
1697491233.254,53.556,1800.0,46.7,10.8,DoS_attack
1697491233.757,52.582,1200.0,21.3,10.8,DoS_attack
1697491234.26,54.043,1800.0,19.7,10.8,DoS_attack
1697491234.763,52.582,1800.0,20.2,10.8,DoS_attack
1697491235.266,52.582,1800.0,23.8,10.8,DoS_attack
1697491235.769,52.582,1800.0,18.4,10.8,DoS_attack
1697491236.271,53.556,1800.0,22.2,10.9,DoS_attack
1697491236.774,53.069,1800.0,14.5,10.9,DoS_attack
1697491237.277,53.069,1800.0,12.7,10.9,DoS_attack
1697491237.779,51.608,1800.0,11.2,10.9,DoS_attack
1697491238.282,53.069,1800.0,16.5,10.9,DoS_attack
1697491238.787,52.582,1800.0,38.5,10.5,DoS_attack
1697491239.29,52.582,1800.0,58.2,10.8,DoS_attack
1697491239.792,53.069,1800.0,18.2,10.8,DoS_attack
1697491240.295,52.582,1800.0,21.3,10.8,DoS_attack
1697491240.798,53.069,1800.0,18.4,10.8,DoS_attack
1697491241.3,52.095,1800.0,21.0,10.8,DoS_attack
1697491241.803,52.582,1800.0,13.7,10.8,DoS_attack
1697491242.305,52.095,1800.0,13.1,10.9,DoS_attack
1697491242.808,52.095,1800.0,13.1,10.9,DoS_attack
1697491243.311,52.582,1800.0,12.8,10.9,DoS_attack
1697491243.813,52.582,1800.0,13.1,10.9,DoS_attack
1697491244.316,52.095,1200.0,19.8,10.9,DoS_attack
1697491244.82,51.608,1800.0,27.8,9.8,DoS_attack
1697491245.323,52.582,1800.0,41.2,10.6,DoS_attack
1697491245.825,53.069,1800.0,32.0,10.8,DoS_attack
1697491246.328,52.095,1800.0,9.5,10.9,DoS_attack
1697491246.83,53.069,1800.0,14.1,10.9,DoS_attack
1697491247.333,51.608,1800.0,6.5,10.9,DoS_attack
1697491247.835,51.608,1800.0,8.5,10.9,DoS_attack
1697491248.338,52.582,1800.0,8.5,10.9,DoS_attack
1697491248.841,52.095,1800.0,19.6,10.9,DoS_attack
1697491249.343,52.582,1800.0,12.2,10.9,DoS_attack
1697491249.847,51.608,900.0,15.3,10.9,DoS_attack
1697491250.351,52.095,1100.0,26.7,10.9,DoS_attack
1697491250.854,52.095,1800.0,20.6,10.9,DoS_attack
1697491251.357,53.069,1800.0,39.5,10.4,DoS_attack
1697491251.859,54.043,1800.0,53.0,10.8,DoS_attack
1697491252.363,52.582,1800.0,21.2,10.8,DoS_attack
1697491252.866,51.121,1800.0,9.3,10.8,DoS_attack
1697491253.369,52.095,1800.0,13.3,10.8,DoS_attack
1697491253.872,53.069,1800.0,11.2,10.9,DoS_attack
1697491254.374,50.634,1800.0,12.6,10.9,DoS_attack
1697491254.877,51.608,1800.0,12.6,10.9,DoS_attack
1697491255.379,53.069,1800.0,16.7,10.9,DoS_attack
1697491255.883,52.095,1800.0,20.6,10.9,DoS_attack
1697491256.386,51.608,1800.0,21.8,10.9,DoS_attack
1697491256.889,52.582,1800.0,21.2,10.9,DoS_attack
1697491257.392,53.556,1800.0,38.7,10.4,DoS_attack
1697491257.895,53.556,1800.0,56.9,10.7,DoS_attack
1697491258.398,53.069,1800.0,10.7,10.8,DoS_attack
1697491258.9,53.069,1800.0,13.1,10.8,DoS_attack
1697491259.403,52.582,1800.0,14.2,10.8,DoS_attack
1697491259.906,53.069,1800.0,12.7,10.8,DoS_attack
1697491260.408,52.095,1800.0,15.8,10.8,DoS_attack
1697491260.911,53.069,1800.0,25.3,10.8,DoS_attack
1697491261.413,52.582,1800.0,23.5,10.8,DoS_attack
1697491261.916,53.069,1800.0,22.6,10.8,DoS_attack
1697491262.419,52.095,1800.0,19.0,10.8,DoS_attack
1697491262.922,53.556,1800.0,19.7,10.8,DoS_attack
1697491263.425,52.582,1800.0,22.7,9.6,DoS_attack
1697491263.928,53.069,1800.0,34.4,10.5,DoS_attack
1697491264.43,53.069,1800.0,30.2,10.8,DoS_attack
1697491264.933,52.582,1800.0,6.7,10.8,DoS_attack
1697491265.436,53.069,1800.0,12.2,10.8,DoS_attack
1697491265.94,52.095,900.0,15.1,10.8,DoS_attack
1697491266.443,51.608,1800.0,19.0,10.8,DoS_attack
1697491266.945,52.582,1800.0,18.8,10.8,DoS_attack
1697491267.448,51.608,1800.0,20.7,10.8,DoS_attack
1697491267.95,52.582,1800.0,21.6,10.8,DoS_attack
1697491268.453,52.582,1800.0,22.3,10.8,DoS_attack
1697491268.956,53.069,1800.0,20.2,10.8,DoS_attack
1697491269.459,53.069,1800.0,14.2,10.8,DoS_attack
1697491269.962,52.095,1800.0,27.7,10.5,DoS_attack
1697491270.464,54.043,1800.0,42.1,10.8,DoS_attack
1697491270.967,52.095,1800.0,9.5,10.8,DoS_attack
1697491271.472,52.095,800.0,15.8,10.8,DoS_attack
1697491271.975,51.608,1800.0,16.5,10.8,DoS_attack
1697491272.478,53.069,1800.0,22.2,10.8,DoS_attack
1697491272.98,52.095,1800.0,22.3,10.9,DoS_attack
1697491273.483,52.582,1800.0,22.7,10.9,DoS_attack
1697491273.986,52.095,1800.0,21.5,10.9,DoS_attack
1697491274.489,52.582,1800.0,19.8,10.9,DoS_attack
1697491274.991,51.608,1800.0,11.9,10.9,DoS_attack
1697491275.494,52.095,1800.0,14.6,10.9,DoS_attack
1697491275.997,53.069,1800.0,27.1,10.4,DoS_attack
1697491276.5,52.582,1800.0,47.0,10.7,DoS_attack
1697491277.003,52.095,1800.0,18.2,10.8,DoS_attack
1697491277.507,52.582,1800.0,12.6,10.8,DoS_attack
1697491278.009,52.582,1800.0,20.1,10.8,DoS_attack
1697491278.512,52.582,1800.0,20.8,10.8,DoS_attack
1697491279.015,52.582,1800.0,21.8,10.8,DoS_attack
1697491279.518,52.095,1800.0,19.0,10.8,DoS_attack
1697491280.02,52.095,1800.0,19.3,10.8,DoS_attack
1697491280.523,52.095,1800.0,16.4,10.8,DoS_attack
1697491281.026,51.608,1800.0,14.7,10.8,DoS_attack
1697491281.528,52.582,1800.0,12.2,10.9,DoS_attack
1697491282.031,53.556,1800.0,30.7,10.3,DoS_attack
1697491282.534,53.556,1800.0,48.7,10.8,DoS_attack
1697491283.037,52.582,1800.0,14.6,10.8,DoS_attack
1697491283.539,53.556,1800.0,16.2,10.8,DoS_attack
1697491284.042,52.582,1800.0,20.6,10.8,DoS_attack
1697491284.545,52.582,1800.0,21.1,10.8,DoS_attack
1697491285.047,52.582,1800.0,19.5,10.9,DoS_attack
1697491285.55,52.582,1800.0,20.5,10.9,DoS_attack
1697491286.053,52.582,1800.0,16.1,10.9,DoS_attack
1697491286.555,52.582,1800.0,11.2,10.9,DoS_attack
1697491287.06,52.582,800.0,13.1,10.9,DoS_attack
1697491287.562,52.095,1800.0,14.4,10.9,DoS_attack
1697491288.065,53.556,1800.0,24.5,10.3,DoS_attack
1697491288.569,53.069,1800.0,44.7,10.7,DoS_attack
1697491289.072,52.582,1800.0,20.2,10.8,DoS_attack
1697491289.575,52.582,1800.0,17.3,10.8,DoS_attack
1697491290.078,52.095,1800.0,20.1,10.8,DoS_attack
1697491290.58,52.095,1800.0,19.9,10.8,DoS_attack
1697491291.083,52.582,1800.0,21.3,10.8,DoS_attack
1697491291.586,53.069,1800.0,23.7,10.8,DoS_attack
1697491292.089,51.121,1800.0,16.8,10.8,DoS_attack
1697491292.591,52.582,1800.0,16.2,10.8,DoS_attack
1697491293.094,51.608,1800.0,13.5,10.8,DoS_attack
1697491293.596,52.095,1800.0,12.6,10.8,DoS_attack
1697491294.099,52.095,1800.0,24.0,10.3,DoS_attack
1697491294.603,53.069,1800.0,40.2,10.7,DoS_attack
1697491295.106,52.095,1800.0,29.0,10.8,DoS_attack
1697491295.609,53.069,1800.0,22.6,10.8,DoS_attack
1697491296.111,53.556,1800.0,18.9,10.8,DoS_attack
1697491296.614,53.069,1800.0,17.7,10.8,DoS_attack
1697491297.117,52.582,1800.0,16.2,10.8,DoS_attack
1697491297.62,52.095,1200.0,15.0,10.8,DoS_attack
1697491298.123,52.582,1800.0,14.4,10.9,DoS_attack
1697491298.626,52.095,1800.0,12.5,10.9,DoS_attack
1697491299.128,52.582,1800.0,13.5,10.9,DoS_attack
1697491299.631,53.069,1800.0,12.7,10.9,DoS_attack
1697491300.134,51.608,1800.0,12.0,10.9,DoS_attack
1697491300.638,53.069,1800.0,43.9,10.6,DoS_attack
1697491301.141,52.582,1800.0,41.3,10.8,DoS_attack
1697491301.643,52.095,1800.0,11.5,10.8,DoS_attack
1697491302.146,52.095,1800.0,14.8,10.8,DoS_attack
1697491302.649,52.095,1800.0,14.6,10.8,DoS_attack
1697491303.153,52.095,1200.0,22.4,10.8,DoS_attack
1697491303.657,52.095,1800.0,21.4,10.8,DoS_attack
1697491304.16,52.582,1800.0,10.2,10.8,DoS_attack
1697491304.662,52.582,1800.0,13.6,10.8,DoS_attack
1697491305.165,51.608,1800.0,9.6,10.8,DoS_attack
1697491305.668,52.582,1800.0,12.0,10.9,DoS_attack
1697491306.171,52.582,1800.0,10.5,10.9,DoS_attack
1697491306.674,53.069,1800.0,34.0,10.6,DoS_attack
1697491307.177,52.095,1800.0,31.1,10.8,DoS_attack
1697491307.679,52.582,1800.0,8.0,10.8,DoS_attack
1697491308.182,52.095,1800.0,16.2,10.8,DoS_attack
1697491308.686,52.582,900.0,25.4,10.8,DoS_attack
1697491309.19,52.095,1800.0,21.8,10.8,DoS_attack
1697491309.693,52.095,1800.0,25.5,10.8,DoS_attack
1697491310.196,51.608,1800.0,16.7,10.8,DoS_attack
1697491310.699,52.095,1800.0,17.3,10.8,DoS_attack
1697491311.202,52.095,1800.0,11.2,10.9,DoS_attack
1697491311.705,51.608,1800.0,9.0,10.9,DoS_attack
1697491312.208,51.121,1800.0,11.1,10.9,DoS_attack
1697491312.711,52.582,1800.0,37.2,10.5,DoS_attack
1697491313.215,54.043,1800.0,53.5,10.8,DoS_attack
1697491313.719,53.069,900.0,16.8,10.8,DoS_attack
1697491314.222,53.069,1800.0,24.5,10.8,DoS_attack
1697491314.725,52.582,1800.0,22.2,10.8,DoS_attack
1697491315.227,53.069,1800.0,11.8,10.9,DoS_attack
1697491315.73,52.095,1800.0,11.9,10.9,DoS_attack
1697491316.233,52.095,1800.0,6.5,10.9,DoS_attack
1697491316.735,52.582,1800.0,9.2,10.9,DoS_attack
1697491317.238,52.582,1800.0,14.5,10.9,DoS_attack
1697491317.743,52.095,1800.0,20.7,10.9,DoS_attack
1697491318.247,52.095,1800.0,23.1,10.9,DoS_attack
1697491318.751,52.095,1800.0,21.2,10.6,DoS_attack
1697491319.257,53.556,1800.0,43.8,10.5,DoS_attack
1697491319.76,53.556,1800.0,46.0,10.8,DoS_attack
1697491320.262,52.582,1800.0,12.4,10.8,DoS_attack
1697491320.765,52.095,1800.0,10.3,10.8,DoS_attack
1697491321.267,53.069,1800.0,14.0,10.8,DoS_attack
1697491321.77,52.095,1800.0,10.1,10.8,DoS_attack
1697491322.272,52.095,1800.0,10.2,10.8,DoS_attack
1697491322.775,53.069,1800.0,14.4,10.8,DoS_attack
1697491323.278,51.608,1800.0,14.1,10.8,DoS_attack
1697491323.78,52.582,1800.0,19.9,10.8,DoS_attack
1697491324.284,51.608,1000.0,26.9,10.8,DoS_attack
1697491324.787,52.095,1800.0,25.3,10.8,DoS_attack
1697491325.289,53.069,1800.0,31.2,10.3,DoS_attack
1697491325.799,53.069,1800.0,50.3,10.7,DoS_attack
1697491326.302,52.095,1800.0,22.6,10.8,DoS_attack
1697491326.805,52.095,1800.0,13.3,10.8,DoS_attack
1697491327.307,52.095,1800.0,13.2,10.8,DoS_attack
1697491327.81,53.556,1800.0,13.5,10.8,DoS_attack
1697491328.312,52.095,1800.0,9.7,10.8,DoS_attack
1697491328.815,52.095,1800.0,12.4,10.9,DoS_attack
1697491329.317,52.095,1800.0,13.0,10.9,DoS_attack
1697491329.82,51.608,1800.0,21.1,10.9,DoS_attack
1697491330.323,51.608,1800.0,18.5,10.9,DoS_attack
1697491330.826,52.582,1800.0,20.4,10.9,DoS_attack
1697491331.329,51.121,1800.0,21.2,10.8,DoS_attack
1697491331.832,52.582,1800.0,46.4,10.5,DoS_attack
1697491332.335,52.582,1800.0,46.5,10.8,DoS_attack
1697491332.838,52.095,1800.0,14.1,10.8,DoS_attack
1697491333.341,53.069,1800.0,15.0,10.8,DoS_attack
1697491333.843,53.556,1800.0,12.0,10.8,DoS_attack
1697491334.346,51.608,1800.0,10.6,10.8,DoS_attack
1697491334.85,52.095,900.0,13.4,10.8,DoS_attack
1697491335.353,52.095,1800.0,25.1,10.8,DoS_attack
1697491335.856,52.582,1800.0,21.0,10.8,DoS_attack
1697491336.359,52.582,1800.0,20.2,10.9,DoS_attack
1697491336.862,52.582,1800.0,20.5,10.9,DoS_attack
1697491337.365,52.582,1800.0,18.6,10.8,DoS_attack
1697491337.867,51.608,1800.0,45.6,10.5,DoS_attack
1697491338.37,53.069,1800.0,48.0,10.8,DoS_attack
1697491338.873,52.582,1800.0,13.9,10.8,DoS_attack
1697491339.375,52.582,1800.0,12.4,10.8,DoS_attack
1697491339.878,52.582,1800.0,10.4,10.8,DoS_attack
1697491340.383,51.121,900.0,12.9,10.8,DoS_attack
1697491340.886,52.095,1800.0,17.1,10.8,DoS_attack
1697491341.389,51.608,1800.0,18.7,10.8,DoS_attack
1697491341.892,52.095,1800.0,16.9,10.8,DoS_attack
1697491342.395,52.582,1800.0,17.4,10.8,DoS_attack
1697491342.898,51.608,1800.0,19.5,10.8,DoS_attack
1697491343.4,51.608,1800.0,17.7,10.8,DoS_attack
1697491343.903,52.582,1800.0,43.8,10.5,DoS_attack
1697491344.406,52.582,1800.0,40.5,10.8,DoS_attack
1697491344.908,52.582,1800.0,6.6,10.8,DoS_attack
1697491345.411,51.608,1800.0,10.0,10.8,DoS_attack
1697491345.914,52.095,1800.0,14.6,10.8,DoS_attack
1697491346.416,51.121,1800.0,8.2,10.8,DoS_attack
1697491346.919,51.608,1800.0,11.8,10.8,DoS_attack
1697491347.423,52.582,1800.0,15.9,10.8,DoS_attack
1697491347.925,52.582,1800.0,21.6,10.8,DoS_attack
1697491348.428,52.582,1800.0,22.1,10.8,DoS_attack
1697491348.931,52.095,1800.0,20.5,10.8,DoS_attack
1697491349.433,52.582,1800.0,19.6,10.9,DoS_attack
1697491349.937,52.095,1800.0,33.0,10.2,DoS_attack
1697491350.443,53.069,1800.0,49.5,10.7,DoS_attack
1697491350.945,52.582,1800.0,14.9,10.8,DoS_attack
1697491351.448,52.582,1800.0,13.5,10.8,DoS_attack
1697491351.951,53.069,1800.0,12.9,10.8,DoS_attack
1697491352.453,51.608,1800.0,11.0,10.8,DoS_attack
1697491352.955,52.095,1800.0,14.4,10.8,DoS_attack
1697491353.459,52.095,1800.0,18.6,10.8,DoS_attack
1697491353.961,53.069,1800.0,15.5,10.8,DoS_attack
1697491354.463,52.095,1800.0,16.3,10.8,DoS_attack
1697491354.968,52.582,1800.0,15.9,10.9,DoS_attack
1697491355.471,52.095,1800.0,15.8,10.9,DoS_attack
1697491355.975,51.608,900.0,20.8,10.8,DoS_attack
1697491356.481,53.069,1800.0,41.5,10.6,DoS_attack
1697491356.983,52.095,1800.0,34.3,10.8,DoS_attack
1697491357.486,52.582,1800.0,8.0,10.8,DoS_attack
1697491357.989,51.608,1800.0,11.0,10.8,DoS_attack
1697491358.491,52.095,1800.0,12.9,10.8,DoS_attack
1697491358.994,52.095,1800.0,15.2,10.8,DoS_attack
1697491359.497,51.608,1800.0,21.0,10.8,DoS_attack
1697491360.0,52.582,1800.0,19.1,10.8,DoS_attack
1697491360.502,51.121,1800.0,18.7,10.8,DoS_attack
1697491361.005,51.608,1800.0,16.2,10.8,DoS_attack
1697491361.508,51.608,1800.0,20.6,10.8,DoS_attack
1697491362.011,52.095,1800.0,20.4,10.8,DoS_attack
1697491362.514,52.582,1800.0,25.8,10.4,DoS_attack
1697491363.017,53.069,1800.0,43.4,10.7,DoS_attack
1697491363.52,52.582,1800.0,9.0,10.8,DoS_attack
1697491364.023,51.608,1800.0,11.1,10.8,DoS_attack
1697491364.525,51.608,1800.0,10.7,10.8,DoS_attack
1697491365.028,51.608,1800.0,10.6,10.8,DoS_attack
1697491365.53,51.608,1800.0,11.5,10.8,DoS_attack
1697491366.033,51.608,1800.0,7.6,10.8,DoS_attack
1697491366.538,51.121,600.0,22.1,10.8,DoS_attack
1697491367.041,51.608,1800.0,13.6,10.8,DoS_attack
1697491367.544,52.582,1800.0,18.0,10.9,DoS_attack
1697491368.046,51.608,1800.0,10.5,10.9,DoS_attack
1697491368.549,52.582,1800.0,29.4,10.5,DoS_attack
1697491369.051,53.069,1800.0,44.0,10.9,DoS_attack
1697491369.554,52.095,1800.0,8.0,10.9,DoS_attack
1697491370.057,52.095,1800.0,11.5,10.9,DoS_attack
1697491370.56,51.608,1800.0,11.2,10.9,DoS_attack
1697491371.063,52.095,1800.0,16.8,10.9,DoS_attack
1697491371.567,51.608,900.0,17.4,10.9,DoS_attack
1697491372.07,51.608,1800.0,21.5,10.9,DoS_attack
1697491372.573,52.095,1800.0,17.5,10.9,DoS_attack
1697491373.076,51.608,1800.0,18.4,10.9,DoS_attack
1697491373.578,52.095,1800.0,16.1,10.9,DoS_attack
1697491374.081,51.608,1800.0,13.8,10.9,DoS_attack
1697491374.584,52.582,1800.0,31.8,10.5,DoS_attack
1697491375.086,51.608,1800.0,38.1,10.8,DoS_attack
1697491375.589,52.582,1800.0,10.0,10.8,DoS_attack
1697491376.091,52.095,1800.0,10.2,10.8,DoS_attack
1697491376.594,52.095,1800.0,10.5,10.8,DoS_attack
1697491377.099,51.608,1000.0,19.1,10.8,DoS_attack
1697491377.601,51.608,1800.0,16.2,10.8,DoS_attack
1697491378.105,51.608,1800.0,18.4,10.8,DoS_attack
1697491378.608,52.582,1800.0,18.9,10.8,DoS_attack
1697491379.11,53.069,1800.0,17.6,10.8,DoS_attack
1697491379.613,50.634,1800.0,16.4,10.8,DoS_attack
1697491380.115,51.608,1800.0,15.4,10.8,DoS_attack
1697491380.619,53.069,1800.0,40.1,10.4,DoS_attack
1697491381.122,52.582,1800.0,37.1,10.8,DoS_attack
1697491381.624,51.608,1800.0,6.2,10.8,DoS_attack
1697491382.127,52.582,1800.0,13.4,10.8,DoS_attack
1697491382.629,52.095,1800.0,12.4,10.8,DoS_attack
1697491383.132,51.608,1800.0,13.5,10.8,DoS_attack
1697491383.635,52.095,1800.0,18.4,10.8,DoS_attack
1697491384.137,52.582,1800.0,15.8,10.8,DoS_attack
1697491384.64,52.095,1800.0,22.5,10.8,DoS_attack
1697491385.142,52.095,1800.0,19.7,10.8,DoS_attack
1697491385.645,52.095,1800.0,17.2,10.8,DoS_attack
1697491386.147,52.095,1800.0,16.8,10.8,DoS_attack
1697491386.651,52.582,1800.0,25.3,10.3,DoS_attack
1697491387.156,52.582,1800.0,38.4,10.8,DoS_attack
1697491387.66,52.095,900.0,15.7,10.8,DoS_attack
1697491388.163,51.608,1800.0,18.1,10.8,DoS_attack
1697491388.665,52.095,1800.0,10.9,10.8,DoS_attack
1697491389.167,52.582,1800.0,12.8,10.8,DoS_attack
1697491389.67,52.582,1800.0,13.2,10.8,DoS_attack
1697491390.172,51.608,1800.0,20.3,10.8,DoS_attack
1697491390.677,51.121,1800.0,15.7,10.8,DoS_attack
1697491391.179,51.608,1800.0,20.0,10.8,DoS_attack
1697491391.683,52.582,1800.0,19.6,10.8,DoS_attack
1697491392.188,53.069,1800.0,20.8,10.8,DoS_attack
1697491392.691,52.582,1800.0,15.5,10.8,DoS_attack
1697491393.197,52.582,900.0,35.5,10.5,DoS_attack
1697491393.699,53.069,1800.0,33.2,10.8,DoS_attack
1697491394.202,52.582,1800.0,7.6,10.8,DoS_attack
1697491394.705,51.608,1800.0,14.4,10.8,DoS_attack
1697491395.207,51.608,1800.0,10.6,10.8,DoS_attack
1697491395.71,52.095,1800.0,9.1,10.8,DoS_attack
1697491396.213,51.608,1800.0,13.0,10.8,DoS_attack
1697491396.715,51.121,1800.0,14.4,10.8,DoS_attack
1697491397.218,52.582,1800.0,19.9,10.9,DoS_attack
1697491397.721,51.608,1800.0,17.9,10.9,DoS_attack
1697491398.223,51.608,1800.0,21.0,10.9,DoS_attack
1697491398.726,52.582,1800.0,23.2,10.9,DoS_attack
1697491399.229,51.608,1800.0,30.6,10.4,DoS_attack
1697491399.731,51.608,1800.0,44.3,10.8,DoS_attack
1697491400.234,51.608,1800.0,8.2,10.8,DoS_attack
1697491400.737,52.095,1800.0,9.1,10.8,DoS_attack
1697491401.24,53.069,1800.0,15.3,10.8,DoS_attack
1697491401.743,51.608,1800.0,10.7,10.8,DoS_attack
1697491402.245,51.608,1800.0,10.7,10.8,DoS_attack
1697491402.748,52.095,1800.0,18.3,10.8,DoS_attack
1697491403.251,52.095,1800.0,17.4,10.8,DoS_attack
1697491403.755,50.634,1000.0,25.1,10.8,DoS_attack
1697491404.258,51.608,1800.0,22.5,10.8,DoS_attack
1697491404.761,52.095,1800.0,17.4,10.8,DoS_attack
1697491405.264,52.095,1800.0,41.3,10.5,DoS_attack
1697491405.767,53.556,1800.0,57.1,10.8,DoS_attack
1697491406.27,51.608,1800.0,9.5,10.8,DoS_attack
1697491406.772,52.095,1800.0,8.2,10.9,DoS_attack
1697491407.275,51.121,1800.0,9.5,10.9,DoS_attack
1697491407.778,52.095,1800.0,11.6,10.9,DoS_attack
1697491408.281,51.608,1800.0,9.6,10.9,DoS_attack
1697491408.784,52.095,1800.0,9.5,10.9,DoS_attack
1697491409.289,51.608,1000.0,21.5,10.9,DoS_attack
1697491409.791,52.095,1800.0,18.2,10.9,DoS_attack
1697491410.295,50.634,1800.0,15.8,10.9,DoS_attack
1697491410.798,50.634,1800.0,19.5,10.9,DoS_attack
1697491411.303,53.069,1800.0,36.7,10.5,DoS_attack
1697491411.806,52.095,1800.0,50.0,10.8,DoS_attack
1697491412.308,52.095,1800.0,8.7,10.8,DoS_attack
1697491412.811,51.608,1800.0,11.0,10.8,DoS_attack
1697491413.313,52.095,1800.0,7.0,10.9,DoS_attack
1697491413.816,51.608,1800.0,8.0,10.9,DoS_attack
1697491414.319,51.608,1800.0,8.7,10.9,DoS_attack
1697491414.821,51.121,1800.0,19.3,10.9,DoS_attack
1697491415.324,51.608,1800.0,18.1,10.9,DoS_attack
1697491415.826,51.608,1800.0,17.5,10.9,DoS_attack
1697491416.329,52.095,1800.0,19.0,10.9,DoS_attack
1697491416.832,52.582,1800.0,17.3,10.9,DoS_attack
1697491417.335,52.582,1800.0,27.4,10.0,DoS_attack
1697491417.838,51.608,1800.0,45.5,10.7,DoS_attack
1697491418.341,53.069,1800.0,33.8,10.8,DoS_attack
1697491418.843,52.095,1800.0,10.1,10.8,DoS_attack
1697491419.346,51.121,1800.0,8.7,10.8,DoS_attack
1697491419.85,51.121,1100.0,13.5,10.8,DoS_attack
1697491420.352,50.634,1800.0,17.6,10.8,DoS_attack
1697491420.855,51.608,1800.0,9.6,10.9,DoS_attack
1697491421.358,51.121,1800.0,12.9,10.9,DoS_attack
1697491421.861,52.582,1800.0,15.7,10.9,DoS_attack
1697491422.364,51.608,1800.0,17.0,10.9,DoS_attack
1697491422.867,52.582,1800.0,16.6,10.9,DoS_attack
1697491423.37,51.608,1800.0,23.7,9.8,DoS_attack
1697491423.873,53.556,1800.0,41.1,10.6,DoS_attack
1697491424.375,52.095,1800.0,33.8,10.8,DoS_attack
1697491424.878,51.608,1800.0,8.7,10.8,DoS_attack
1697491425.382,52.095,900.0,10.6,10.8,DoS_attack
1697491425.885,50.634,1800.0,13.4,10.8,DoS_attack
1697491426.388,51.608,1800.0,9.1,10.8,DoS_attack
1697491426.89,51.121,1800.0,7.6,10.8,DoS_attack
1697491427.393,51.608,1800.0,4.0,10.8,DoS_attack
1697491427.895,51.608,1800.0,8.5,10.9,DoS_attack
1697491428.398,51.608,1800.0,13.9,10.9,DoS_attack
1697491428.901,51.608,1800.0,16.5,10.9,DoS_attack
1697491429.405,52.095,1800.0,25.5,10.1,DoS_attack
1697491429.908,51.121,1800.0,41.2,10.7,DoS_attack
1697491430.411,52.095,1800.0,34.2,10.8,DoS_attack
1697491430.915,52.095,1000.0,26.0,10.8,DoS_attack
1697491431.418,52.095,1800.0,20.8,10.8,DoS_attack
1697491431.921,52.095,1800.0,9.3,10.8,DoS_attack
1697491432.423,51.608,1800.0,17.1,10.8,DoS_attack
1697491432.926,51.608,1800.0,11.9,10.9,DoS_attack
1697491433.428,51.121,1800.0,8.7,10.9,DoS_attack
1697491433.931,52.582,1800.0,9.6,10.9,DoS_attack
1697491434.434,51.121,1800.0,16.7,10.9,DoS_attack
1697491434.937,51.608,1800.0,16.9,10.9,DoS_attack
1697491435.439,51.608,1800.0,19.8,10.9,DoS_attack
1697491435.942,52.582,1800.0,37.6,10.5,DoS_attack
1697491436.445,52.582,1800.0,55.3,10.8,DoS_attack
1697491436.947,52.582,1800.0,16.6,10.8,DoS_attack
1697491437.451,52.095,1800.0,15.7,10.8,DoS_attack
1697491437.954,51.121,1800.0,11.3,10.8,DoS_attack
1697491438.456,51.608,1800.0,13.1,10.8,DoS_attack
1697491438.959,52.095,1800.0,10.2,10.8,DoS_attack
1697491439.462,51.608,1800.0,8.7,10.8,DoS_attack
1697491439.964,51.608,1800.0,6.1,10.8,DoS_attack
1697491440.467,51.121,1800.0,6.6,10.8,DoS_attack
1697491440.969,51.121,1800.0,15.8,10.9,DoS_attack
1697491441.472,51.608,1800.0,19.9,10.9,DoS_attack
1697491441.975,52.095,1800.0,33.2,10.3,DoS_attack
1697491442.48,52.095,1800.0,53.6,10.7,DoS_attack
1697491442.982,53.556,1800.0,19.4,10.8,DoS_attack
1697491443.485,52.095,1800.0,19.1,10.8,DoS_attack
1697491443.987,52.095,1800.0,18.2,10.8,DoS_attack
1697491444.49,52.095,1800.0,17.2,10.8,DoS_attack
1697491444.993,51.121,1800.0,12.6,10.8,DoS_attack
1697491445.495,52.095,1800.0,10.3,10.8,DoS_attack
1697491445.998,52.582,1800.0,11.1,10.8,DoS_attack
1697491446.5,51.121,1800.0,14.4,10.8,DoS_attack
1697491447.003,52.095,1800.0,11.5,10.8,DoS_attack
1697491447.506,52.095,1800.0,12.1,10.8,DoS_attack
1697491448.009,51.608,1800.0,16.1,10.8,DoS_attack
1697491448.511,53.069,1800.0,45.4,10.6,DoS_attack
1697491449.015,51.608,1800.0,40.1,10.8,DoS_attack
1697491449.517,52.582,1800.0,13.9,10.8,DoS_attack
1697491450.02,52.095,1800.0,16.9,10.8,DoS_attack
1697491450.523,51.608,1800.0,17.3,10.8,DoS_attack
1697491451.026,51.608,1800.0,19.0,10.7,DoS_attack
1697491451.53,51.121,900.0,11.6,10.7,DoS_attack
1697491452.033,51.608,1800.0,14.8,10.7,DoS_attack
1697491452.535,51.121,1800.0,10.7,10.7,DoS_attack
1697491453.038,51.608,1800.0,13.7,10.7,DoS_attack
1697491453.54,51.121,1800.0,11.6,10.8,DoS_attack
1697491454.043,51.608,1800.0,9.2,10.8,DoS_attack
1697491454.546,51.608,1800.0,29.7,10.4,DoS_attack
1697491455.049,52.582,1800.0,51.0,10.7,DoS_attack
1697491455.551,51.121,1800.0,12.8,10.8,DoS_attack
1697491456.054,51.608,1800.0,15.9,10.8,DoS_attack
1697491456.558,51.608,1800.0,16.4,10.8,DoS_attack
1697491457.061,53.069,1200.0,20.8,10.8,DoS_attack
1697491457.564,52.095,1800.0,23.0,10.8,DoS_attack
1697491458.067,52.582,1800.0,19.9,10.8,DoS_attack
1697491458.569,51.608,1800.0,11.2,10.8,DoS_attack
1697491459.072,51.121,1800.0,12.6,10.8,DoS_attack
1697491459.575,51.608,1800.0,11.6,10.8,DoS_attack
1697491460.077,52.095,1800.0,12.1,10.8,DoS_attack
1697491460.58,52.095,1800.0,28.9,10.4,DoS_attack
1697491461.083,53.556,1800.0,42.4,10.8,DoS_attack
1697491461.586,51.608,1800.0,10.2,10.8,DoS_attack
1697491462.088,52.582,1800.0,16.2,10.8,DoS_attack
1697491462.591,51.121,1800.0,22.6,10.8,DoS_attack
1697491463.093,51.608,1800.0,18.4,10.8,DoS_attack
1697491463.596,52.095,1800.0,18.6,10.8,DoS_attack
1697491464.099,51.121,1800.0,18.2,10.8,DoS_attack
1697491464.601,52.582,1800.0,17.7,10.8,DoS_attack
1697491465.104,52.095,1800.0,12.8,10.8,DoS_attack
1697491465.607,51.608,1800.0,13.1,10.8,DoS_attack
1697491466.109,52.095,1800.0,10.2,10.7,DoS_attack
1697491466.612,51.608,1800.0,18.3,10.1,DoS_attack
1697491467.115,52.095,1800.0,35.0,10.7,DoS_attack
1697491467.619,51.608,900.0,26.9,10.8,DoS_attack
1697491468.122,51.121,1800.0,24.8,10.7,DoS_attack
1697491468.625,52.095,1800.0,15.6,10.8,DoS_attack
1697491469.127,51.608,1800.0,18.0,10.8,DoS_attack
1697491469.631,52.095,1800.0,16.2,10.8,DoS_attack
1697491470.133,52.582,1800.0,13.8,10.8,DoS_attack
1697491470.636,52.095,1800.0,17.3,10.8,DoS_attack
1697491471.138,51.608,1800.0,18.7,10.8,DoS_attack
1697491471.641,51.121,1800.0,15.9,10.8,DoS_attack
1697491472.144,51.608,1800.0,9.2,10.8,DoS_attack
1697491472.646,51.121,1800.0,11.6,10.8,DoS_attack
1697491473.151,51.608,900.0,31.1,10.3,DoS_attack
1697491473.654,51.608,1800.0,43.7,10.7,DoS_attack
1697491474.157,53.069,1800.0,8.5,10.7,DoS_attack
1697491474.659,51.608,1800.0,10.6,10.7,DoS_attack
1697491475.162,51.608,1800.0,13.6,10.7,DoS_attack
1697491475.664,51.608,1800.0,16.8,10.8,DoS_attack
1697491476.168,51.608,1800.0,18.1,10.8,DoS_attack
1697491476.673,52.095,1800.0,22.2,10.8,DoS_attack
1697491477.176,51.608,1800.0,17.5,10.8,DoS_attack
1697491477.678,51.121,1800.0,15.9,10.8,DoS_attack
1697491478.181,51.608,1800.0,21.3,10.8,DoS_attack
1697491478.684,51.608,1800.0,14.3,10.8,DoS_attack
1697491479.188,53.069,1800.0,19.1,9.7,DoS_attack
1697491479.691,51.608,1800.0,34.0,10.6,DoS_attack
1697491480.194,51.121,1800.0,23.7,10.8,DoS_attack
1697491480.697,51.608,1800.0,7.1,10.8,DoS_attack
1697491481.199,50.634,1800.0,9.6,10.8,DoS_attack
1697491481.703,51.121,1800.0,12.8,10.8,DoS_attack
1697491482.206,51.608,1800.0,15.8,10.8,DoS_attack
1697491482.71,52.095,1800.0,17.0,10.8,DoS_attack
1697491483.213,52.095,1800.0,21.4,10.8,DoS_attack
1697491483.718,51.608,1100.0,23.3,10.8,DoS_attack
1697491484.221,52.095,1800.0,16.6,10.8,DoS_attack
1697491484.724,52.095,1800.0,14.9,10.8,DoS_attack
1697491485.227,51.121,1800.0,10.0,10.8,DoS_attack
1697491485.731,50.634,1800.0,30.2,10.5,DoS_attack
1697491486.233,51.608,1800.0,28.0,10.8,DoS_attack
1697491486.736,51.608,1800.0,4.5,10.8,DoS_attack
1697491487.239,52.095,1800.0,5.5,10.8,DoS_attack
1697491487.741,51.608,1800.0,8.5,10.8,DoS_attack
1697491488.244,51.121,1800.0,7.5,10.8,DoS_attack
1697491488.746,51.121,1800.0,18.9,10.8,DoS_attack
1697491489.25,52.095,1800.0,23.3,10.8,DoS_attack
1697491489.752,51.608,1800.0,19.4,10.8,DoS_attack
1697491490.255,50.147,1800.0,18.0,10.8,DoS_attack
1697491490.758,51.608,1800.0,17.7,10.8,DoS_attack
1697491491.261,51.608,1800.0,16.6,10.8,DoS_attack
1697491491.764,52.095,1800.0,45.2,10.6,DoS_attack
1697491492.267,52.582,1800.0,40.0,10.8,DoS_attack
1697491492.769,52.095,1800.0,6.7,10.8,DoS_attack
1697491493.272,52.095,1800.0,12.6,10.8,DoS_attack
1697491493.775,51.121,1800.0,12.0,10.8,DoS_attack
1697491494.279,52.095,900.0,12.5,10.8,DoS_attack
1697491494.783,50.634,900.0,15.8,10.8,DoS_attack
1697491495.287,51.121,1000.0,15.9,10.8,DoS_attack
1697491495.789,52.095,1800.0,20.8,10.8,DoS_attack
1697491496.292,51.121,1800.0,19.3,10.8,DoS_attack
1697491496.795,51.121,1800.0,18.8,10.8,DoS_attack
1697491497.297,51.608,1800.0,19.5,10.8,DoS_attack
1697491497.8,52.095,1800.0,34.3,10.4,DoS_attack
1697491498.305,52.582,1800.0,53.3,10.8,DoS_attack
1697491498.807,52.582,1800.0,16.2,10.8,DoS_attack
1697491499.31,51.121,1800.0,8.7,10.8,DoS_attack
1697491499.813,52.582,1800.0,13.5,10.9,DoS_attack
1697491500.315,51.608,1800.0,12.5,10.9,DoS_attack
1697491500.819,50.147,1000.0,12.8,10.9,DoS_attack
1697491501.322,51.608,1800.0,15.2,10.9,DoS_attack
1697491501.825,51.608,1800.0,21.4,10.7,DoS_attack
1697491502.328,51.608,1800.0,17.8,10.7,DoS_attack
1697491502.831,51.608,1800.0,14.6,10.7,DoS_attack
1697491503.334,53.069,1800.0,15.5,10.8,DoS_attack
1697491503.837,53.069,1800.0,32.1,10.4,DoS_attack
1697491504.34,52.095,1800.0,50.3,10.7,DoS_attack
1697491504.843,52.095,1800.0,13.2,10.7,DoS_attack
1697491505.346,52.095,1800.0,14.9,10.7,DoS_attack
1697491505.848,52.095,1800.0,18.1,10.8,DoS_attack
1697491506.351,51.608,1800.0,14.6,10.8,DoS_attack
1697491506.854,52.582,1800.0,8.4,10.8,DoS_attack
1697491507.356,51.608,1800.0,5.0,10.8,DoS_attack
1697491507.859,50.634,1800.0,12.4,10.7,DoS_attack
1697491508.362,51.121,1800.0,13.4,10.7,DoS_attack
1697491508.864,51.608,1800.0,13.3,10.7,DoS_attack
1697491509.367,51.608,1800.0,17.2,10.7,DoS_attack
1697491509.87,51.608,1800.0,24.2,9.6,DoS_attack
1697491510.373,52.582,1800.0,46.2,10.6,DoS_attack
1697491510.876,51.608,1800.0,36.5,10.8,DoS_attack
1697491511.38,52.095,1000.0,16.4,10.8,DoS_attack
1697491511.883,51.121,1800.0,23.7,10.8,DoS_attack
1697491512.386,52.095,1800.0,13.0,10.8,DoS_attack
1697491512.888,51.608,1800.0,9.6,10.8,DoS_attack
1697491513.391,51.608,1800.0,12.1,10.8,DoS_attack
1697491513.893,50.634,1800.0,8.2,10.8,DoS_attack
1697491514.396,52.582,1800.0,8.0,10.8,DoS_attack
1697491514.898,51.608,1800.0,8.6,10.8,DoS_attack
1697491515.401,51.121,1800.0,9.6,10.8,DoS_attack
1697491515.905,50.634,1800.0,22.8,9.9,DoS_attack
1697491516.408,52.095,1800.0,42.2,10.6,DoS_attack
1697491516.912,51.121,1000.0,39.3,10.7,DoS_attack
1697491517.416,51.608,1000.0,20.0,10.7,DoS_attack
1697491517.919,51.121,1800.0,20.4,10.7,DoS_attack
1697491518.422,52.095,1800.0,15.5,10.7,DoS_attack
1697491518.925,52.582,1800.0,18.2,10.7,DoS_attack
1697491519.427,52.095,1800.0,16.1,10.8,DoS_attack
1697491519.93,51.608,1800.0,15.2,10.8,DoS_attack
1697491520.433,51.121,1800.0,13.7,10.8,DoS_attack
1697491520.935,51.121,1800.0,13.2,10.8,DoS_attack
1697491521.438,51.608,1800.0,10.4,10.8,DoS_attack
1697491521.94,52.095,1800.0,8.2,10.8,DoS_attack
1697491522.443,51.121,1800.0,26.9,10.4,DoS_attack
1697491522.948,52.582,1800.0,53.7,10.7,DoS_attack
1697491523.451,51.608,1800.0,15.1,10.7,DoS_attack
1697491523.954,51.121,1800.0,14.7,10.8,DoS_attack
1697491524.457,51.121,1800.0,16.6,10.8,DoS_attack
1697491524.96,52.095,1800.0,16.2,10.8,DoS_attack
1697491525.462,51.608,1800.0,17.0,10.8,DoS_attack
1697491525.965,51.121,1800.0,16.8,10.8,DoS_attack
1697491526.467,52.582,1800.0,15.8,10.8,DoS_attack
1697491526.97,51.608,1800.0,16.5,10.8,DoS_attack
1697491527.473,51.608,1800.0,14.3,10.8,DoS_attack
1697491527.977,51.608,800.0,13.1,10.8,DoS_attack
1697491528.479,51.121,1800.0,31.7,10.4,DoS_attack
1697491528.982,52.095,1800.0,43.9,10.8,DoS_attack
1697491529.485,52.582,1800.0,13.2,10.8,DoS_attack
1697491529.987,52.095,1800.0,10.4,10.8,DoS_attack
1697491530.49,51.608,1800.0,15.2,10.8,DoS_attack
1697491530.993,52.582,1800.0,17.9,10.8,DoS_attack
1697491531.496,52.095,1800.0,17.3,10.8,DoS_attack
1697491531.998,51.121,1800.0,18.7,10.8,DoS_attack
1697491532.501,51.121,1800.0,16.4,10.8,DoS_attack
1697491533.003,51.608,1800.0,19.0,10.9,DoS_attack
1697491533.506,51.608,1800.0,19.7,10.8,DoS_attack
1697491534.009,51.121,1800.0,15.7,10.8,DoS_attack
1697491534.512,52.582,1800.0,28.7,10.4,DoS_attack
1697491535.014,52.582,1800.0,40.2,10.8,DoS_attack
1697491535.517,51.121,1800.0,8.0,10.8,DoS_attack
1697491536.02,51.608,1800.0,11.1,10.8,DoS_attack
1697491536.523,51.608,1800.0,17.6,10.8,DoS_attack
1697491537.025,52.095,1800.0,17.0,10.8,DoS_attack
1697491537.527,51.608,1800.0,16.9,10.8,DoS_attack
1697491538.03,52.582,1800.0,18.1,10.8,DoS_attack
1697491538.532,51.608,1800.0,22.2,10.8,DoS_attack
1697491539.035,51.608,1800.0,18.9,10.8,DoS_attack
1697491539.538,50.634,1800.0,16.2,10.8,DoS_attack
1697491540.04,51.608,1800.0,13.3,10.8,DoS_attack
1697491540.544,52.582,1800.0,12.6,10.2,DoS_attack
1697491541.047,51.121,1800.0,33.5,10.6,DoS_attack
1697491541.549,52.095,1800.0,29.1,10.8,DoS_attack
1697491542.052,51.608,1800.0,8.5,10.8,DoS_attack
1697491542.555,51.608,1800.0,10.5,10.8,DoS_attack
1697491543.057,52.095,1800.0,8.7,10.8,DoS_attack
1697491543.56,51.608,1100.0,17.5,10.8,DoS_attack
1697491544.063,52.095,1800.0,26.7,10.8,DoS_attack
1697491544.566,52.095,1800.0,17.0,10.8,DoS_attack
1697491545.068,51.608,1800.0,13.2,10.8,DoS_attack
1697491545.571,52.582,1800.0,12.1,10.9,DoS_attack
1697491546.073,51.121,1800.0,7.0,10.9,DoS_attack
1697491546.576,52.095,1800.0,15.6,10.8,DoS_attack
1697491547.079,52.095,1800.0,31.2,10.6,DoS_attack
1697491547.582,52.095,1800.0,24.8,10.8,DoS_attack
1697491548.084,52.095,1800.0,8.6,10.8,DoS_attack
1697491548.587,52.095,1800.0,10.0,10.8,DoS_attack
1697491549.092,51.608,800.0,9.2,10.8,DoS_attack
1697491549.594,50.634,1800.0,17.9,10.8,DoS_attack
1697491550.097,51.608,1800.0,12.4,10.8,DoS_attack
1697491550.6,51.121,1800.0,13.7,10.8,DoS_attack
1697491551.102,51.608,1800.0,15.7,10.8,DoS_attack
1697491551.605,51.121,1800.0,14.5,10.8,DoS_attack
1697491552.107,51.608,1800.0,15.3,10.9,DoS_attack
1697491552.61,51.608,1800.0,20.2,9.7,DoS_attack
1697491553.115,52.582,1800.0,43.4,10.6,DoS_attack
1697491553.618,53.556,1800.0,35.2,10.7,DoS_attack
1697491554.121,52.582,1800.0,13.5,10.7,DoS_attack
1697491554.626,50.634,800.0,13.0,10.7,DoS_attack
1697491555.129,50.634,1800.0,16.7,10.7,DoS_attack
1697491555.631,51.121,1800.0,10.6,10.8,DoS_attack
1697491556.134,52.095,1800.0,10.9,10.8,DoS_attack
1697491556.637,51.608,1800.0,11.4,10.8,DoS_attack
1697491557.139,50.634,1800.0,11.4,10.8,DoS_attack
1697491557.642,51.608,1800.0,11.9,10.8,DoS_attack
1697491558.145,51.121,1800.0,15.3,10.8,DoS_attack
1697491558.648,52.582,1800.0,24.1,9.8,DoS_attack
1697491559.151,53.069,1800.0,45.9,10.6,DoS_attack
1697491559.654,51.121,1800.0,34.5,10.7,DoS_attack
1697491560.158,52.095,1100.0,13.7,10.7,DoS_attack
1697491560.66,52.095,1800.0,26.3,10.7,DoS_attack
1697491561.163,51.608,1800.0,17.7,10.7,DoS_attack
1697491561.666,51.608,1800.0,15.6,10.8,DoS_attack
1697491562.168,51.121,1800.0,11.1,10.8,DoS_attack
1697491562.671,52.095,1800.0,9.7,10.8,DoS_attack
1697491563.174,50.634,1800.0,11.6,10.8,DoS_attack
1697491563.676,51.608,1800.0,10.0,10.8,DoS_attack
1697491564.179,51.121,1800.0,6.7,10.8,DoS_attack
1697491564.683,51.121,1800.0,15.9,9.8,DoS_attack
1697491565.186,51.121,1800.0,36.3,10.6,DoS_attack
1697491565.691,50.147,1000.0,33.7,10.8,DoS_attack
1697491566.196,51.608,1000.0,17.4,10.8,DoS_attack
1697491566.699,51.608,1800.0,19.5,10.8,DoS_attack
1697491567.202,50.634,1800.0,18.8,10.8,DoS_attack
1697491567.704,52.095,1800.0,16.6,10.8,DoS_attack
1697491568.207,51.608,1800.0,18.4,10.8,DoS_attack
1697491568.71,50.634,1800.0,20.4,10.8,DoS_attack
1697491569.213,51.121,1800.0,14.6,10.8,DoS_attack
1697491569.715,51.121,1800.0,9.8,10.8,DoS_attack
1697491570.218,51.608,1800.0,11.4,10.8,DoS_attack
1697491570.721,51.121,1800.0,8.2,10.8,DoS_attack
1697491571.223,51.608,1800.0,30.7,10.4,DoS_attack
1697491571.727,52.582,1800.0,45.5,10.8,DoS_attack
1697491572.229,51.608,1800.0,6.7,10.8,DoS_attack
1697491572.732,50.147,1800.0,13.6,10.8,DoS_attack
1697491573.235,52.095,1800.0,15.8,10.8,DoS_attack
1697491573.737,51.121,1800.0,16.2,10.8,DoS_attack
1697491574.239,51.121,1800.0,14.9,10.8,DoS_attack
1697491574.742,51.608,1800.0,16.4,10.8,DoS_attack
1697491575.245,51.608,1800.0,12.8,10.8,DoS_attack
1697491575.747,51.608,1800.0,16.0,10.8,DoS_attack
1697491576.25,51.608,1800.0,15.9,10.8,DoS_attack
1697491576.753,52.095,1800.0,20.0,10.8,DoS_attack
1697491577.256,51.608,1800.0,15.0,9.8,normal
1697491577.761,53.069,1800.0,32.8,10.6,normal
1697491578.264,52.095,1800.0,27.5,10.7,normal
1697491578.767,51.608,1800.0,6.6,10.7,normal
1697491579.27,50.634,1800.0,10.6,10.8,normal
1697491579.773,51.608,1800.0,10.4,10.8,normal
1697491580.276,50.634,1800.0,9.1,10.8,normal
1697491580.779,51.121,1800.0,14.7,10.8,normal
1697491581.281,51.608,1800.0,17.6,10.8,normal
1697491581.786,52.095,800.0,22.8,10.8,normal
1697491582.289,51.121,1800.0,21.3,10.8,normal
1697491582.791,52.095,1800.0,17.3,10.8,normal
1697491583.294,51.121,1800.0,16.3,10.8,normal
1697491583.797,53.069,1800.0,30.1,10.4,normal
1697491584.3,51.608,1800.0,35.0,10.8,normal
1697491584.803,50.634,1800.0,3.0,10.8,normal
1697491585.305,51.608,1800.0,4.0,10.8,normal
1697491585.808,52.095,1800.0,3.0,10.8,normal
1697491586.31,51.121,1800.0,3.5,10.8,normal
1697491586.813,50.634,1800.0,3.5,10.8,normal
1697491587.317,51.121,800.0,5.4,10.8,normal
1697491587.822,50.147,900.0,5.0,10.8,normal
1697491588.326,50.147,900.0,5.4,10.8,normal
1697491588.83,49.66,900.0,4.5,10.8,normal
1697491589.335,50.147,800.0,5.4,10.8,normal
1697491589.838,51.121,1800.0,25.1,10.5,normal
1697491590.341,50.147,1800.0,29.1,10.8,normal
1697491590.843,51.121,1800.0,4.4,10.8,normal
1697491591.346,49.66,1800.0,3.5,10.8,normal
1697491591.848,49.173,1800.0,4.5,10.8,normal
1697491592.351,50.634,1800.0,3.0,10.8,normal
1697491592.853,49.66,1800.0,3.5,10.8,normal
1697491593.356,50.147,1800.0,4.5,10.8,normal
1697491593.858,50.147,1800.0,3.5,10.8,normal
1697491594.361,49.173,1800.0,3.5,10.8,normal
1697491594.865,49.173,800.0,4.0,10.8,normal
1697491595.37,49.66,800.0,4.9,10.8,normal
1697491595.873,50.634,1800.0,27.5,10.5,normal
1697491596.376,49.173,1800.0,26.5,10.7,normal
1697491596.878,49.173,1800.0,3.0,10.7,normal
1697491597.381,49.173,1800.0,3.0,10.7,normal
1697491597.883,50.147,1800.0,15.8,10.8,normal
1697491598.386,49.66,1800.0,6.5,10.8,normal
1697491598.888,50.147,1800.0,6.9,10.8,normal
1697491599.391,50.147,1800.0,3.5,10.8,normal
1697491599.893,50.147,1800.0,3.0,10.8,normal
1697491600.396,50.147,1800.0,4.5,10.8,normal
1697491600.901,49.66,700.0,4.0,10.8,normal
1697491601.406,49.66,600.0,3.9,10.8,normal
1697491601.909,50.147,1800.0,21.1,10.4,normal
1697491602.412,50.147,1800.0,35.1,10.7,normal
1697491602.915,49.66,1800.0,3.5,10.7,normal
1697491603.417,50.147,1800.0,4.5,10.7,normal
1697491603.92,50.147,1800.0,2.5,10.7,normal
1697491604.422,49.173,1800.0,7.8,10.7,normal
1697491604.925,48.686,1800.0,3.0,10.7,normal
1697491605.427,49.173,1800.0,3.0,10.7,normal
1697491605.93,48.686,1800.0,1.5,10.7,normal
1697491606.432,49.173,1800.0,2.0,10.7,normal
1697491606.937,48.199,700.0,4.0,10.7,normal
1697491607.443,48.686,600.0,0.5,10.7,normal
1697491607.946,49.66,1800.0,7.5,9.6,normal
1697491608.45,49.66,1800.0,28.7,10.6,normal
1697491608.953,49.173,1800.0,20.0,10.7,normal
1697491609.456,49.66,1800.0,4.5,10.7,normal
1697491609.958,50.147,1800.0,3.5,10.6,normal
1697491610.461,49.173,1800.0,3.0,10.7,normal
1697491610.963,49.173,1800.0,4.0,10.7,normal
1697491611.466,49.66,1800.0,3.0,10.6,normal
1697491611.968,49.173,1800.0,3.5,10.7,normal
1697491612.471,48.686,1800.0,3.0,10.7,normal
1697491612.976,49.66,700.0,3.5,10.6,normal
1697491613.481,49.173,600.0,5.9,10.7,normal
1697491613.987,49.173,600.0,4.9,10.7,normal
1697491614.491,49.173,1800.0,27.0,10.5,normal
1697491614.994,48.686,1800.0,26.5,10.7,normal
1697491615.496,49.66,1800.0,4.5,10.6,normal
1697491615.999,49.66,1800.0,4.0,10.6,normal
1697491616.501,48.686,1800.0,2.5,10.6,normal
1697491617.004,50.147,1800.0,4.0,10.6,normal
1697491617.507,49.66,1800.0,4.5,10.6,normal
1697491618.009,49.173,1800.0,3.5,10.6,normal
1697491618.512,49.173,1800.0,4.0,10.6,normal
1697491619.014,49.173,1800.0,3.5,10.6,normal
1697491619.519,47.712,800.0,5.4,10.6,normal
1697491620.024,48.199,700.0,4.5,10.6,normal
1697491620.527,49.66,1800.0,20.5,10.2,normal
1697491621.029,49.173,1800.0,33.7,10.6,normal
1697491621.532,49.173,1800.0,3.0,10.6,normal
1697491622.034,49.66,1800.0,3.0,10.6,normal
1697491622.537,49.173,1800.0,3.0,10.6,normal
1697491623.039,48.199,1800.0,3.0,10.6,normal
1697491623.542,48.686,1800.0,5.0,10.6,normal
1697491624.044,49.173,1800.0,3.0,10.6,normal
1697491624.547,49.173,1800.0,3.5,10.6,normal
1697491625.049,49.173,1800.0,2.5,10.6,normal
1697491625.554,49.173,800.0,4.5,10.6,normal
1697491626.058,48.686,900.0,5.9,10.6,normal
1697491626.561,49.66,1800.0,24.6,10.4,normal
1697491627.064,49.173,1800.0,29.1,10.7,normal
1697491627.566,48.686,1800.0,4.5,10.7,normal
1697491628.069,49.66,1800.0,3.0,10.7,normal
1697491628.571,48.686,1800.0,4.0,10.7,normal
1697491629.074,49.66,1800.0,4.0,10.6,normal
1697491629.576,48.686,1800.0,4.0,10.6,normal
1697491630.079,49.173,1800.0,3.0,10.6,normal
1697491630.581,48.199,1800.0,3.5,10.6,normal
1697491631.084,49.66,1800.0,2.5,10.6,normal
1697491631.588,49.173,800.0,5.0,10.6,normal
1697491632.093,48.199,1000.0,5.0,10.6,normal
1697491632.596,50.147,1800.0,29.7,10.4,normal
1697491633.099,48.199,1800.0,25.5,10.6,normal
1697491633.601,49.66,1800.0,5.0,10.6,normal
1697491634.104,48.686,1800.0,3.0,10.6,normal
1697491634.606,49.66,1800.0,3.5,10.6,normal
1697491635.109,48.686,1800.0,4.0,10.6,normal
1697491635.611,48.199,1800.0,4.0,10.6,normal
1697491636.114,48.686,1800.0,3.5,10.6,normal
1697491636.616,48.686,1800.0,4.0,10.6,normal
1697491637.119,48.199,1800.0,3.0,10.6,normal
1697491637.624,47.712,600.0,5.0,10.6,normal
1697491638.129,49.173,800.0,5.5,10.6,normal
1697491638.631,48.686,1800.0,22.1,10.3,normal
1697491639.134,49.173,1800.0,31.8,10.6,normal
1697491639.637,47.712,1800.0,4.4,10.6,normal
1697491640.139,48.199,1800.0,2.5,10.6,normal
1697491640.642,48.686,1800.0,3.0,10.6,normal
1697491641.144,50.147,1800.0,3.9,10.6,normal
1697491641.647,48.686,1800.0,3.5,10.6,normal
1697491642.149,48.686,1800.0,3.5,10.6,normal
1697491642.652,48.686,1800.0,3.5,10.6,normal
1697491643.154,49.173,1800.0,5.0,10.6,normal
1697491643.66,49.66,600.0,4.4,10.6,normal
1697491644.166,48.686,600.0,4.5,10.4,normal
1697491644.669,47.225,1800.0,15.5,10.1,normal
1697491645.172,49.173,1800.0,37.8,10.5,normal
1697491645.674,48.686,1800.0,4.5,10.6,normal
1697491646.177,48.199,1800.0,2.5,10.6,normal
1697491646.679,49.173,1800.0,3.0,10.6,normal
1697491647.182,48.199,1800.0,4.0,10.6,normal
1697491647.685,47.712,1800.0,3.0,10.6,normal
1697491648.187,48.199,1800.0,4.0,10.6,normal
1697491648.69,48.686,1800.0,3.0,10.6,normal
1697491649.193,48.199,1800.0,2.5,10.6,normal
1697491649.699,48.686,600.0,3.0,10.6,normal
1697491650.205,47.225,600.0,4.9,10.6,normal
1697491650.708,49.66,1800.0,23.0,10.2,normal
1697491651.211,48.199,1800.0,32.5,10.6,normal
1697491651.714,48.686,1800.0,3.5,10.6,normal
1697491652.217,48.686,1800.0,3.0,10.6,normal
1697491652.719,49.66,1800.0,3.0,10.6,normal
1697491653.222,49.173,1800.0,4.0,10.6,normal
1697491653.724,48.199,1800.0,4.5,10.6,normal
1697491654.227,47.225,1800.0,3.5,10.6,normal
1697491654.729,47.225,1800.0,3.5,10.6,normal
1697491655.232,49.173,1800.0,3.5,10.6,normal
1697491655.738,48.686,600.0,5.4,10.6,normal
1697491656.244,48.199,600.0,4.5,10.7,normal
1697491656.747,49.66,1800.0,26.1,10.3,normal
1697491657.25,49.173,1800.0,26.4,10.6,normal
1697491657.752,48.686,1800.0,3.5,10.6,normal
1697491658.255,48.199,1800.0,4.5,10.6,normal
1697491658.758,48.199,1800.0,3.0,10.5,normal
1697491659.26,48.686,1800.0,4.0,10.5,normal
1697491659.763,47.712,1800.0,4.0,10.5,normal
1697491660.265,47.225,1800.0,4.0,10.5,normal
1697491660.768,46.738,1800.0,3.0,10.5,normal
1697491661.27,48.199,1800.0,4.0,10.5,normal
1697491661.774,47.712,900.0,3.5,10.5,normal
1697491662.28,47.225,600.0,5.4,10.5,normal
1697491662.783,48.199,1800.0,20.4,10.1,normal
1697491663.286,47.712,1800.0,35.0,10.6,normal
1697491663.788,48.686,1800.0,3.0,10.6,normal
1697491664.291,48.199,1800.0,5.0,10.6,normal
1697491664.793,48.686,1800.0,2.5,10.6,normal
1697491665.296,48.199,1800.0,2.0,10.6,normal
1697491665.799,48.199,1800.0,2.5,10.6,normal
1697491666.301,49.173,1800.0,4.0,10.6,normal
1697491666.804,48.686,1800.0,2.0,10.6,normal
1697491667.306,48.199,1800.0,1.0,10.6,normal
1697491667.811,48.199,700.0,1.5,10.6,normal
1697491668.317,46.738,600.0,5.4,10.6,normal
1697491668.819,47.712,1800.0,11.1,10.0,normal
1697491669.323,49.66,1800.0,42.9,10.6,normal
1697491669.826,49.66,1800.0,8.0,10.6,normal
1697491670.328,48.199,1800.0,2.5,10.6,normal
1697491670.831,47.712,1800.0,4.4,10.6,normal
1697491671.334,48.199,1800.0,4.0,10.6,normal
1697491671.836,49.173,1800.0,3.9,10.6,normal
1697491672.339,47.225,1800.0,3.0,10.6,normal
1697491672.841,48.199,1800.0,3.4,10.6,normal
1697491673.344,48.686,1800.0,4.5,10.6,normal
1697491673.849,48.686,700.0,3.9,10.6,normal
1697491674.353,47.712,900.0,4.0,10.6,normal
1697491674.859,47.225,800.0,7.0,10.5,normal
1697491675.363,47.225,1800.0,29.6,10.5,normal
1697491675.865,48.199,1800.0,20.8,10.6,normal
1697491676.368,48.686,1800.0,4.0,10.6,normal
1697491676.87,47.712,1800.0,4.0,10.6,normal
1697491677.373,48.686,1800.0,4.0,10.6,normal
1697491677.875,47.712,1800.0,4.0,10.6,normal
1697491678.378,48.199,1800.0,4.0,10.6,normal
1697491678.881,49.173,1800.0,3.5,10.6,normal
1697491679.383,47.225,1800.0,3.5,10.6,normal
1697491679.886,47.225,1800.0,3.5,10.6,normal
1697491680.391,48.686,600.0,5.9,10.6,normal
1697491680.895,47.225,1800.0,13.4,9.9,normal
1697491681.399,50.147,1800.0,34.3,10.5,normal
1697491681.902,48.686,1800.0,13.5,10.6,normal
1697491682.404,48.686,1800.0,3.5,10.6,normal
1697491682.907,48.199,1800.0,3.9,10.6,normal
1697491683.409,48.199,1800.0,4.5,10.6,normal
1697491683.912,49.66,1800.0,2.5,10.6,normal
1697491684.414,48.686,1800.0,3.0,10.6,normal
1697491684.917,47.225,1800.0,3.5,10.6,normal
1697491685.419,47.225,1800.0,3.0,10.6,normal
1697491685.924,48.199,700.0,4.5,10.6,normal
1697491686.429,47.225,700.0,5.4,10.6,normal
1697491686.932,48.686,1800.0,21.8,10.5,normal
1697491687.435,49.173,1800.0,28.4,10.4,normal
1697491687.938,48.686,1800.0,23.4,10.6,normal
1697491688.44,48.686,1800.0,4.0,10.6,normal
1697491688.943,49.173,1800.0,3.0,10.6,normal
1697491689.446,47.712,1800.0,3.0,10.6,normal
1697491689.948,48.199,1800.0,4.5,10.6,normal
1697491690.451,48.686,1800.0,2.0,10.6,normal
1697491690.953,47.712,1800.0,2.5,10.6,normal
1697491691.456,47.712,1800.0,3.0,10.7,normal
1697491691.96,47.712,700.0,5.0,10.7,normal
1697491692.466,47.225,600.0,4.4,10.7,normal
1697491692.969,48.199,1800.0,13.0,10.1,normal
1697491693.472,47.712,1800.0,37.9,10.5,normal
1697491693.974,48.686,1800.0,7.0,10.6,normal
1697491694.477,47.712,1800.0,4.0,10.6,normal
1697491694.979,46.738,1800.0,3.5,10.6,normal
1697491695.482,47.225,1800.0,3.0,10.6,normal
1697491695.984,48.199,1800.0,3.5,10.6,normal
1697491696.487,48.199,1800.0,3.0,10.6,normal
1697491696.989,48.199,1800.0,3.5,10.6,normal
1697491697.492,48.199,1800.0,4.4,10.6,normal
1697491697.997,48.686,700.0,3.4,10.6,normal
1697491698.503,48.686,600.0,6.5,10.6,normal
1697491699.006,48.199,1800.0,18.9,10.2,normal
1697491699.508,47.712,1800.0,35.4,10.5,normal
1697491700.011,47.712,1800.0,4.0,10.5,normal
1697491700.513,48.199,1800.0,4.0,10.5,normal
1697491701.016,48.199,1800.0,3.5,10.5,normal
1697491701.518,47.225,1800.0,3.0,10.6,normal
1697491702.021,46.738,1800.0,2.5,10.6,normal
1697491702.523,48.686,1800.0,4.5,10.6,normal
1697491703.026,48.199,1800.0,6.0,10.6,normal
1697491703.528,47.712,1800.0,4.0,10.6,normal
1697491704.033,48.199,800.0,4.0,10.6,normal
1697491704.538,47.225,600.0,4.0,10.6,normal
1697491705.041,48.199,1800.0,25.2,10.3,normal
1697491705.544,48.686,1800.0,31.2,10.6,normal
1697491706.046,47.712,1800.0,3.5,10.6,normal
1697491706.549,47.225,1800.0,3.5,10.6,normal
1697491707.051,48.199,1800.0,4.0,10.6,normal
1697491707.554,48.199,1800.0,2.5,10.6,normal
1697491708.057,47.225,1800.0,4.0,10.6,normal
1697491708.559,47.712,1800.0,4.5,10.6,normal
1697491709.062,47.712,1800.0,4.9,10.6,normal
1697491709.564,48.199,1800.0,3.0,10.6,normal
1697491710.068,46.738,800.0,3.5,10.6,normal
1697491710.573,48.199,700.0,4.9,10.6,normal
1697491711.076,48.199,1800.0,18.5,10.2,normal
1697491711.579,48.199,1800.0,37.1,10.6,normal
1697491712.081,48.199,1800.0,3.0,10.6,normal
1697491712.584,48.686,1800.0,3.0,10.6,normal
1697491713.087,47.225,1800.0,3.5,10.6,normal
1697491713.589,47.712,1800.0,5.0,10.6,normal
1697491714.092,47.225,1800.0,3.5,10.6,normal
1697491714.595,46.738,1800.0,3.5,10.6,normal
1697491715.097,47.225,1800.0,2.5,10.6,normal
1697491715.6,47.225,1800.0,4.5,10.6,normal
1697491716.104,47.712,800.0,3.5,10.6,normal
1697491716.609,47.225,800.0,4.5,10.6,normal
1697491717.112,48.686,1800.0,22.0,10.4,normal
1697491717.614,47.712,1800.0,31.5,10.6,normal
1697491718.117,47.225,1800.0,4.5,10.6,normal
1697491718.62,47.712,1800.0,3.0,10.6,normal
1697491719.122,47.712,1800.0,3.0,10.6,normal
1697491719.625,47.712,1800.0,4.5,10.6,normal
1697491720.127,47.712,1800.0,3.0,10.6,normal
1697491720.63,47.712,1800.0,2.5,10.6,normal
1697491721.132,47.225,1800.0,3.5,10.6,normal
1697491721.635,46.738,1800.0,4.0,10.6,normal
1697491722.14,46.738,700.0,4.5,10.6,normal
1697491722.645,47.712,600.0,5.4,10.6,normal
1697491723.148,46.738,1800.0,16.8,10.1,normal
1697491723.651,47.712,1800.0,37.8,10.6,normal
1697491724.154,48.199,1800.0,5.0,10.6,normal
1697491724.656,47.225,1800.0,3.0,10.6,normal
1697491725.159,48.199,1800.0,4.4,10.6,normal
1697491725.661,47.712,1800.0,2.5,10.6,normal
1697491726.164,47.712,1800.0,3.0,10.6,normal
1697491726.666,47.225,1800.0,2.0,10.6,normal
1697491727.169,46.738,1800.0,2.5,10.6,normal
1697491727.671,46.738,1800.0,1.5,10.6,normal
1697491728.176,47.225,800.0,4.5,10.6,normal
1697491728.684,46.251,600.0,5.9,10.6,normal
1697491729.187,48.199,1800.0,21.9,10.2,normal
1697491729.689,47.712,1800.0,34.0,10.6,normal
1697491730.192,48.686,1800.0,4.9,10.6,normal
1697491730.694,48.199,1800.0,3.5,10.6,normal
1697491731.197,48.199,1800.0,3.9,10.6,normal
1697491731.699,46.738,1800.0,2.0,10.6,normal
1697491732.202,47.225,1800.0,4.0,10.6,normal
1697491732.704,47.225,1800.0,2.5,10.6,normal
1697491733.207,48.199,1800.0,3.5,10.6,normal
1697491733.71,47.225,1800.0,2.5,10.6,normal
1697491734.214,46.738,900.0,4.0,10.6,normal
1697491734.718,46.251,900.0,4.4,10.6,normal
1697491735.221,47.712,1800.0,12.0,10.1,normal
1697491735.724,49.173,1800.0,36.5,10.6,normal
1697491736.227,47.712,1800.0,7.0,10.6,normal
1697491736.729,48.199,1800.0,2.5,10.6,normal
1697491737.232,47.712,1800.0,3.9,10.6,normal
1697491737.735,46.738,1800.0,3.5,10.6,normal
1697491738.237,47.712,1800.0,4.5,10.6,normal
1697491738.74,47.225,1800.0,2.5,10.6,normal
1697491739.242,47.712,1800.0,3.5,10.6,normal
1697491739.745,47.712,1800.0,3.0,10.6,normal
1697491740.25,46.738,700.0,3.4,10.6,normal
1697491740.755,46.738,600.0,2.5,10.6,normal
1697491741.261,46.738,600.0,6.0,10.5,normal
1697491741.764,47.712,1800.0,32.3,10.5,normal
1697491742.267,47.225,1800.0,21.7,10.6,normal
1697491742.77,47.712,1800.0,3.0,10.6,normal
1697491743.272,47.712,1800.0,5.0,10.6,normal
1697491743.775,48.199,1800.0,3.5,10.6,normal
1697491744.278,47.225,1800.0,3.0,10.6,normal
1697491744.78,47.712,1800.0,3.5,10.6,normal
1697491745.283,47.712,1800.0,4.0,10.6,normal
1697491745.785,46.738,1800.0,3.5,10.6,normal
1697491746.288,47.712,1800.0,3.0,10.6,normal
1697491746.792,47.225,900.0,5.9,10.6,normal
1697491747.296,47.225,800.0,4.4,10.6,normal
1697491747.8,48.686,1800.0,25.0,10.4,normal
1697491748.302,48.199,1800.0,31.2,10.6,normal
1697491748.805,47.712,1800.0,3.0,10.6,normal
1697491749.307,46.738,1800.0,2.5,10.6,normal
1697491749.81,47.712,1800.0,4.5,10.6,normal
1697491750.312,47.712,1800.0,3.0,10.6,normal
1697491750.815,46.738,1800.0,3.0,10.6,normal
1697491751.318,47.712,1800.0,3.0,10.6,normal
1697491751.82,47.225,1800.0,4.0,10.6,normal
1697491752.323,47.225,1800.0,4.0,10.6,normal
1697491752.83,47.712,900.0,4.4,10.6,normal
1697491753.335,47.225,700.0,4.5,10.6,normal
1697491753.838,47.712,1800.0,18.4,10.2,normal
1697491754.34,48.199,1800.0,35.7,10.6,normal
1697491754.843,47.225,1800.0,3.5,10.6,normal
1697491755.345,48.199,1800.0,2.0,10.6,normal
1697491755.848,48.199,1800.0,1.5,10.6,normal
1697491756.351,46.251,1800.0,1.5,10.6,normal
1697491756.853,47.225,1800.0,5.9,10.6,normal
1697491757.356,47.712,1800.0,3.0,10.6,normal
1697491757.862,47.225,1800.0,3.9,10.6,normal
1697491758.364,47.225,1800.0,4.5,10.7,normal
1697491758.868,46.738,900.0,3.9,10.7,normal
1697491759.373,47.225,800.0,4.0,10.7,normal
1697491759.876,45.277,1800.0,11.4,9.9,normal
1697491760.38,47.712,1800.0,33.0,10.5,normal
1697491760.883,48.199,1800.0,14.0,10.6,normal
1697491761.385,47.225,1800.0,3.5,10.6,normal
1697491761.888,46.738,1800.0,3.5,10.6,normal
1697491762.39,48.199,1800.0,4.0,10.6,normal
1697491762.893,48.199,1800.0,3.5,10.6,normal
1697491763.395,47.225,1800.0,4.0,10.6,normal
1697491763.898,47.225,1800.0,3.5,10.6,normal
1697491764.4,48.199,1800.0,3.5,10.6,normal
1697491764.905,47.225,700.0,3.9,10.6,normal
1697491765.411,47.225,600.0,4.4,10.6,normal
1697491765.918,47.225,600.0,4.0,10.6,normal
1697491766.422,48.199,1800.0,26.6,10.4,normal
1697491766.924,48.686,1800.0,27.1,10.6,normal
1697491767.427,47.225,1800.0,4.0,10.6,normal
1697491767.93,47.712,1800.0,4.0,10.6,normal
1697491768.432,47.225,1800.0,4.9,10.6,normal
1697491768.935,47.712,1800.0,4.0,10.6,normal
1697491769.437,47.712,1800.0,4.0,10.6,normal
1697491769.94,47.712,1800.0,3.5,10.6,normal
1697491770.442,47.225,1800.0,3.9,10.6,normal
1697491770.945,46.738,1800.0,3.0,10.6,normal
1697491771.45,47.225,600.0,3.9,10.6,normal
1697491771.956,46.738,600.0,4.0,10.6,normal
1697491772.459,46.738,1800.0,21.4,10.3,normal
1697491772.962,47.712,1800.0,33.5,10.6,normal
1697491773.464,47.225,1800.0,3.5,10.6,normal
1697491773.967,47.225,1800.0,2.5,10.6,normal
1697491774.469,48.199,1800.0,2.5,10.6,normal
1697491774.972,47.712,1800.0,2.5,10.6,normal
1697491775.475,46.738,1800.0,3.0,10.6,normal
1697491775.977,47.712,1800.0,3.0,10.6,normal
1697491776.48,47.225,1800.0,3.5,10.7,normal
1697491776.982,46.738,1800.0,3.0,10.7,normal
1697491777.488,45.764,600.0,4.0,10.7,normal
1697491777.993,47.225,600.0,4.5,10.7,normal
1697491778.497,47.225,1100.0,14.8,10.0,normal
1697491779.001,48.199,1800.0,32.5,10.5,normal
1697491779.503,46.738,1800.0,14.9,10.6,normal
1697491780.006,47.225,1800.0,3.0,10.6,normal
1697491780.508,46.738,1800.0,3.0,10.5,normal
1697491781.011,47.225,1800.0,4.0,10.5,normal
1697491781.513,47.712,1800.0,3.5,10.5,normal
1697491782.016,47.225,1800.0,3.5,10.5,normal
1697491782.518,46.251,1800.0,4.0,10.5,normal
1697491783.021,47.712,1800.0,3.0,10.5,normal
1697491783.523,47.225,1800.0,4.0,10.5,normal
1697491784.029,46.738,600.0,4.5,10.5,normal
1697491784.535,46.738,600.0,4.5,10.5,normal
1697491785.038,47.712,1800.0,29.4,10.5,normal
1697491785.541,47.712,1800.0,23.7,10.6,normal
1697491786.044,47.712,1800.0,1.0,10.6,normal
1697491786.546,46.738,1800.0,3.0,10.6,normal
1697491787.049,47.225,1800.0,2.5,10.6,normal
1697491787.551,46.251,1800.0,3.5,10.6,normal
1697491788.054,47.225,1800.0,2.0,10.6,normal
1697491788.556,46.251,1800.0,5.4,10.6,normal
1697491789.059,47.225,1800.0,2.0,10.6,normal
1697491789.561,46.251,1800.0,1.5,10.6,normal
1697491790.065,46.738,900.0,6.9,10.6,normal
1697491790.57,47.225,800.0,4.9,10.6,normal
1697491791.073,47.712,1800.0,21.6,10.3,normal
1697491791.576,48.199,1800.0,32.0,10.6,normal
1697491792.079,46.738,1800.0,3.0,10.6,normal
1697491792.581,47.712,1800.0,4.5,10.6,normal
1697491793.084,47.712,1800.0,3.5,10.6,normal
1697491793.586,47.225,1800.0,4.0,10.6,normal
1697491794.089,46.738,1800.0,3.5,10.6,normal
1697491794.591,47.712,1800.0,4.0,10.6,normal
1697491795.094,46.738,1800.0,3.0,10.6,normal
1697491795.596,46.251,1800.0,2.5,10.6,normal
1697491796.102,45.764,600.0,4.4,10.6,normal
1697491796.607,47.225,700.0,5.0,10.6,normal
1697491797.111,47.225,1800.0,28.5,10.3,normal
1697491797.614,47.712,1800.0,26.1,10.6,normal
1697491798.116,47.712,1800.0,4.5,10.6,normal
1697491798.619,48.199,1800.0,4.9,10.6,normal
1697491799.121,46.251,1800.0,3.0,10.6,normal
1697491799.624,47.712,1800.0,3.0,10.6,normal
1697491800.126,47.225,1800.0,3.0,10.6,normal
1697491800.629,46.738,1800.0,4.5,10.6,normal
1697491801.132,46.738,1800.0,4.5,10.5,normal
1697491801.634,46.738,1800.0,3.5,10.5,normal
1697491802.139,46.738,800.0,3.5,10.5,normal
1697491802.643,46.251,800.0,4.4,10.5,normal
1697491803.146,48.199,1800.0,23.5,10.2,normal
1697491803.649,47.225,1800.0,32.8,10.6,normal
1697491804.152,46.738,1800.0,4.0,10.6,normal
1697491804.654,46.738,1800.0,3.0,10.6,normal
1697491805.157,47.225,1800.0,4.5,10.6,normal
1697491805.659,47.712,1800.0,3.0,10.6,normal
1697491806.162,47.712,1800.0,3.0,10.6,normal
1697491806.664,47.225,1800.0,2.5,10.6,normal
1697491807.167,47.712,1800.0,4.0,10.6,normal
1697491807.67,47.712,1800.0,3.5,10.6,normal
1697491808.176,47.225,600.0,4.4,10.6,normal
1697491808.682,47.225,600.0,4.9,10.6,normal
1697491809.185,46.251,1800.0,15.0,10.0,normal
1697491809.688,47.712,1800.0,36.6,10.5,normal
1697491810.191,47.225,1800.0,9.4,10.6,normal
1697491810.693,47.225,1800.0,2.5,10.6,normal
1697491811.196,46.738,1800.0,5.0,10.6,normal
1697491811.698,47.712,1800.0,4.0,10.6,normal
1697491812.201,48.686,1800.0,3.0,10.6,normal
1697491812.703,47.225,1800.0,3.0,10.6,normal
1697491813.206,47.225,1800.0,5.0,10.6,normal
1697491813.708,47.225,1800.0,3.5,10.6,normal
1697491814.213,46.251,700.0,3.5,10.6,normal
1697491814.719,47.712,600.0,3.5,10.6,normal
1697491815.224,46.251,900.0,5.4,10.5,normal
1697491815.728,47.225,1800.0,29.7,10.5,normal
1697491816.231,46.738,1800.0,22.1,10.7,normal
1697491816.733,46.738,1800.0,4.0,10.7,normal
1697491817.236,47.712,1800.0,3.0,10.7,normal
1697491817.739,47.712,1800.0,3.0,10.7,normal
1697491818.241,47.225,1800.0,4.9,10.7,normal
1697491818.744,46.251,1800.0,3.0,10.7,normal
1697491819.246,46.738,1800.0,3.0,10.7,normal
1697491819.749,47.225,1800.0,4.0,10.6,normal
1697491820.251,46.738,1800.0,3.0,10.6,normal
1697491820.756,46.738,800.0,4.0,10.7,normal
1697491821.26,46.251,900.0,5.0,10.6,normal
1697491821.763,48.199,1800.0,23.5,10.4,normal
1697491822.266,47.712,1800.0,28.3,10.6,normal
1697491822.769,46.738,1800.0,5.0,10.7,normal
1697491823.271,47.712,1800.0,4.0,10.7,normal
1697491823.774,48.199,1800.0,3.0,10.7,normal
1697491824.276,47.712,1800.0,3.4,10.6,normal
1697491824.779,46.738,1800.0,4.0,10.7,normal
1697491825.282,46.738,1800.0,3.9,10.7,normal
1697491825.784,47.225,1800.0,3.0,10.6,normal
1697491826.287,47.225,1800.0,3.5,10.7,normal
1697491826.791,46.738,850.0,4.5,10.7,normal
1697491827.296,46.251,900.0,5.4,10.6,normal
1697491827.799,47.225,1800.0,28.9,10.4,normal
1697491828.302,47.225,1800.0,25.5,10.6,normal
1697491828.804,47.712,1800.0,3.5,10.6,normal
1697491829.307,46.251,1800.0,3.5,10.6,normal
1697491829.81,47.225,1800.0,3.0,10.6,normal
1697491830.312,47.225,1800.0,3.5,10.6,normal
1697491830.815,46.738,1800.0,4.0,10.6,normal
1697491831.317,46.251,1800.0,3.5,10.6,normal
1697491831.82,46.738,1800.0,3.0,10.6,normal
1697491832.322,46.738,1800.0,3.0,10.6,normal
1697491832.826,46.251,1000.0,5.0,10.6,normal
1697491833.331,46.251,800.0,5.4,10.6,normal
1697491833.834,47.712,1800.0,22.5,10.2,normal
1697491834.336,47.712,1800.0,32.5,10.6,normal
1697491834.839,48.199,1800.0,4.0,10.6,normal
1697491835.342,47.225,1800.0,3.0,10.6,normal
1697491835.844,47.225,1800.0,3.9,10.6,normal
1697491836.347,46.251,1800.0,3.0,10.6,normal
1697491836.849,47.225,1800.0,3.5,10.6,normal
1697491837.352,46.251,1800.0,3.5,10.6,normal
1697491837.854,48.199,1800.0,4.0,10.6,normal
1697491838.357,46.738,1800.0,4.0,10.6,normal
1697491838.862,46.738,800.0,3.0,10.6,normal
1697491839.366,46.738,1100.0,6.4,10.6,normal
1697491839.869,46.738,1800.0,26.7,10.3,normal
1697491840.372,46.738,1800.0,27.0,10.5,normal
1697491840.875,47.712,1800.0,2.5,10.5,normal
1697491841.377,46.738,1800.0,3.5,10.5,normal
1697491841.88,46.251,1800.0,4.4,10.5,normal
1697491842.382,47.225,1800.0,4.0,10.6,normal
1697491842.885,46.738,1800.0,3.5,10.6,normal
1697491843.388,46.738,1800.0,5.4,10.6,normal
1697491843.89,46.738,1800.0,3.0,10.6,normal
1697491844.393,47.225,1800.0,3.5,10.6,normal
1697491844.898,46.738,600.0,6.4,10.6,normal
1697491845.403,45.764,700.0,2.5,10.6,normal
1697491845.906,46.738,1800.0,20.4,10.3,normal
1697491846.409,46.738,1800.0,36.0,10.6,normal
1697491846.912,46.738,1800.0,1.0,10.6,normal
1697491847.414,47.225,1800.0,2.0,10.6,normal
1697491847.917,47.712,1800.0,3.0,10.6,normal
1697491848.419,46.738,1800.0,5.5,10.6,normal
1697491848.922,47.225,1800.0,3.0,10.6,normal
1697491849.424,46.251,1800.0,1.5,10.6,normal
1697491849.927,45.764,1800.0,3.0,10.6,normal
1697491850.43,46.738,1800.0,5.0,10.6,normal
1697491850.934,46.251,700.0,3.0,10.6,normal
1697491851.44,47.225,600.0,3.5,10.6,normal
1697491851.943,46.251,1800.0,13.4,10.1,normal
1697491852.447,48.199,1800.0,36.0,10.6,normal
1697491852.949,46.738,1800.0,8.0,10.6,normal
1697491853.452,46.738,1800.0,4.0,10.6,normal
1697491853.954,46.738,1800.0,4.5,10.6,normal
1697491854.457,47.712,1800.0,2.5,10.6,normal
1697491854.959,46.738,1800.0,3.0,10.6,normal
1697491855.462,47.225,1800.0,3.5,10.6,normal
1697491855.964,47.712,1800.0,2.5,10.6,normal
1697491856.467,46.251,1800.0,4.4,10.6,normal
1697491856.972,45.764,700.0,3.0,10.6,normal
1697491857.477,47.225,600.0,4.5,10.7,normal
1697491857.98,47.225,1800.0,18.8,10.3,normal
1697491858.483,47.225,1800.0,38.5,10.6,normal
1697491858.986,46.738,1800.0,4.5,10.6,normal
1697491859.488,47.225,1800.0,3.5,10.7,normal
1697491859.991,46.738,1800.0,3.5,10.7,normal
1697491860.493,46.251,1800.0,3.5,10.7,normal
1697491860.996,46.738,1800.0,3.5,10.7,normal
1697491861.498,46.738,1800.0,4.0,10.7,normal
1697491862.001,47.712,1800.0,3.5,10.6,normal
1697491862.504,46.251,1800.0,4.5,10.7,normal
1697491863.008,46.738,700.0,3.0,10.7,normal
1697491863.514,46.738,600.0,5.4,10.7,normal
1697491864.018,45.764,1800.0,10.5,9.9,normal
1697491864.522,47.712,1800.0,33.7,10.5,normal
1697491865.025,46.251,1800.0,13.4,10.6,normal
1697491865.527,46.738,1800.0,2.5,10.6,normal
1697491866.03,46.738,1800.0,3.5,10.6,normal
1697491866.532,46.738,1800.0,2.5,10.6,normal
1697491867.035,47.225,1800.0,4.5,10.6,normal
1697491867.537,46.738,1800.0,3.5,10.6,normal
1697491868.04,46.738,1800.0,3.0,10.6,normal
1697491868.542,47.225,1800.0,5.0,10.6,normal
1697491869.047,46.251,700.0,4.4,10.6,normal
1697491869.553,46.738,600.0,5.4,10.6,normal
1697491870.059,47.225,600.0,5.4,10.6,normal
1697491870.562,47.225,1800.0,28.7,10.5,normal
1697491871.065,47.225,1800.0,26.2,10.6,normal
1697491871.567,47.712,1800.0,3.5,10.6,normal
1697491872.07,46.738,1800.0,3.5,10.6,normal
1697491872.572,47.225,1800.0,3.5,10.6,normal
1697491873.075,47.225,1800.0,3.0,10.6,normal
1697491873.577,48.199,1800.0,4.5,10.6,normal
1697491874.08,45.764,1800.0,3.9,10.6,normal
1697491874.582,46.738,1800.0,3.5,10.6,normal
1697491875.085,46.738,1800.0,3.0,10.6,normal
1697491875.589,45.764,800.0,5.4,10.6,normal
1697491876.093,47.225,900.0,10.9,9.4,normal
1697491876.597,47.225,1800.0,27.6,10.4,normal
1697491877.1,46.738,1800.0,19.5,10.5,normal
1697491877.602,47.712,1800.0,5.0,10.5,normal
1697491878.105,47.225,1800.0,3.5,10.5,normal
1697491878.608,46.251,1800.0,3.0,10.5,normal
1697491879.11,46.738,1800.0,3.5,10.6,normal
1697491879.613,47.712,1800.0,4.5,10.6,normal
1697491880.115,47.225,1800.0,3.0,10.6,normal
1697491880.618,46.251,1800.0,4.0,10.6,normal
1697491881.123,47.225,700.0,3.0,10.6,normal
1697491881.627,46.251,800.0,4.0,10.6,normal
1697491882.13,46.738,1800.0,16.5,10.0,normal
1697491882.633,48.686,1800.0,35.9,10.5,normal
1697491883.135,47.225,1800.0,6.4,10.5,normal
1697491883.638,46.738,1800.0,4.0,10.5,normal
1697491884.141,47.225,1800.0,4.0,10.5,normal
1697491884.643,46.251,1800.0,3.0,10.5,normal
1697491885.146,46.738,1800.0,3.5,10.5,normal
1697491885.648,46.738,1800.0,4.0,10.6,normal
1697491886.151,46.738,1800.0,4.0,10.6,normal
1697491886.653,46.738,1800.0,2.5,10.6,normal
1697491887.158,46.251,700.0,3.5,10.6,normal
1697491887.662,46.738,900.0,5.4,10.6,normal
1697491888.169,45.764,1050.0,8.4,10.5,normal
1697491888.672,46.251,1800.0,28.4,10.4,normal
1697491889.175,47.225,1800.0,21.0,10.6,normal
1697491889.678,47.712,1800.0,3.0,10.6,normal
1697491890.18,46.738,1800.0,3.0,10.6,normal
1697491890.683,46.738,1800.0,5.0,10.6,normal
1697491891.185,46.251,1800.0,4.5,10.6,normal
1697491891.688,47.712,1800.0,3.5,10.6,normal
1697491892.19,46.738,1800.0,2.5,10.6,normal
1697491892.693,46.251,1800.0,3.0,10.7,normal
1697491893.198,47.225,700.0,5.9,10.7,normal
1697491893.703,45.764,900.0,4.5,10.7,normal
1697491894.208,46.251,800.0,4.0,10.7,normal
1697491894.712,47.225,1800.0,27.9,10.5,normal
1697491895.215,47.712,1800.0,27.4,10.6,normal
1697491895.717,47.225,1800.0,3.0,10.6,normal
1697491896.22,46.251,1800.0,4.0,10.6,normal
1697491896.722,47.225,1800.0,4.0,10.6,normal
1697491897.225,47.225,1800.0,3.0,10.6,normal
1697491897.727,46.251,1800.0,2.5,10.6,normal
1697491898.23,46.738,1800.0,4.9,10.6,normal
1697491898.732,47.225,1800.0,3.0,10.6,normal
1697491899.235,46.738,1800.0,2.5,10.6,normal
1697491899.74,45.764,700.0,4.5,10.6,normal
1697491900.246,46.738,800.0,7.4,10.5,normal
1697491900.75,46.738,1800.0,27.5,10.4,normal
1697491901.252,46.251,1800.0,22.4,10.6,normal
1697491901.755,46.251,1800.0,3.0,10.6,normal
1697491902.257,46.738,1800.0,3.5,10.6,normal
1697491902.76,47.712,1800.0,3.5,10.6,normal
1697491903.263,47.225,1800.0,5.4,10.6,normal
1697491903.765,47.225,1800.0,4.5,10.6,normal
1697491904.268,46.738,1800.0,3.0,10.6,normal
1697491904.77,46.251,1800.0,2.0,10.6,normal
1697491905.273,45.764,1800.0,4.5,10.6,normal
1697491905.778,45.764,600.0,2.5,10.6,normal
1697491906.284,45.764,600.0,3.5,10.6,normal
1697491906.787,47.225,1800.0,22.5,10.2,normal
1697491907.29,46.738,1800.0,29.6,10.6,normal
1697491907.793,46.251,1800.0,3.0,10.6,normal
1697491908.295,47.225,1800.0,4.0,10.6,normal
1697491908.798,47.225,1800.0,6.4,10.6,normal
1697491909.301,46.251,1800.0,4.0,10.6,normal
1697491909.803,47.712,1800.0,4.0,10.6,normal
1697491910.306,45.764,1800.0,3.0,10.6,normal
1697491910.808,47.225,1800.0,3.0,10.6,normal
1697491911.311,46.251,1800.0,4.5,10.6,normal
1697491911.815,46.251,900.0,3.5,10.6,normal
1697491912.319,45.764,900.0,5.0,10.6,normal
1697491912.822,47.712,1800.0,16.0,10.2,normal
1697491913.325,46.251,1800.0,38.8,10.5,normal
1697491913.827,47.225,1800.0,3.5,10.6,normal
1697491914.33,46.738,1800.0,3.5,10.6,normal
1697491914.832,46.251,1800.0,3.0,10.6,normal
1697491915.335,46.738,1800.0,3.5,10.6,normal
1697491915.838,46.251,1800.0,3.5,10.6,normal
1697491916.34,47.225,1800.0,3.0,10.6,normal
1697491916.843,46.738,1800.0,3.5,10.6,normal
1697491917.345,46.738,1800.0,3.5,10.6,normal
1697491917.849,47.225,900.0,5.4,10.6,normal
1697491918.353,46.738,900.0,5.9,10.6,normal
1697491918.857,47.225,1800.0,10.4,9.6,normal
1697491919.36,46.251,1800.0,31.3,10.5,normal
1697491919.863,46.738,1800.0,17.2,10.6,normal
1697491920.366,46.251,1800.0,3.5,10.6,normal
1697491920.868,46.738,1800.0,3.5,10.6,normal
1697491921.371,47.225,1800.0,4.0,10.6,normal
1697491921.873,47.225,1800.0,4.5,10.6,normal
1697491922.376,47.225,1800.0,3.0,10.6,normal
1697491922.878,46.738,1800.0,3.0,10.6,normal
1697491923.381,46.251,1800.0,4.0,10.6,normal
1697491923.886,46.251,700.0,3.5,10.6,normal
1697491924.39,45.764,900.0,5.4,10.6,normal
1697491924.893,45.764,1800.0,15.5,10.1,normal
1697491925.396,47.712,1800.0,37.8,10.5,normal
1697491925.898,46.738,1800.0,5.5,10.6,normal
1697491926.401,47.225,1800.0,3.5,10.6,normal
1697491926.903,45.764,1800.0,4.5,10.6,normal
1697491927.406,47.712,1800.0,3.0,10.6,normal
1697491927.908,46.251,1800.0,3.5,10.6,normal
1697491928.411,47.225,1800.0,4.5,10.6,normal
1697491928.913,46.738,1800.0,4.0,10.6,normal
1697491929.416,46.251,1800.0,4.5,10.6,normal
1697491929.921,45.764,700.0,3.0,10.6,normal
1697491930.426,47.712,600.0,3.5,10.6,normal
1697491930.929,46.738,1800.0,10.0,9.5,normal
1697491931.433,47.225,1800.0,28.9,10.5,normal
1697491931.935,47.225,1800.0,17.6,10.6,normal
1697491932.438,46.251,1800.0,4.0,10.6,normal
1697491932.94,46.251,1800.0,5.0,10.6,normal
1697491933.443,46.251,1800.0,5.0,10.6,normal
1697491933.946,47.225,1800.0,3.5,10.6,normal
1697491934.448,46.738,1800.0,3.0,10.6,normal
1697491934.951,46.738,1800.0,4.0,10.6,normal
1697491935.453,47.225,1800.0,2.5,10.6,normal
1697491935.958,46.738,700.0,3.4,10.6,normal
1697491936.464,47.225,600.0,4.5,10.6,normal
1697491936.969,45.764,700.0,5.0,10.6,normal
1697491937.473,46.738,1800.0,27.2,10.4,normal
1697491937.975,47.712,1800.0,26.0,10.6,normal
1697491938.478,46.251,1800.0,4.9,10.6,normal
1697491938.98,47.225,1800.0,3.5,10.6,normal
1697491939.483,46.251,1800.0,2.5,10.6,normal
1697491939.986,46.251,1800.0,3.4,10.6,normal
1697491940.488,47.225,1800.0,2.0,10.6,normal
1697491940.991,47.225,1800.0,2.0,10.6,normal
1697491941.493,45.764,1800.0,3.5,10.6,normal
1697491941.996,46.251,1800.0,2.5,10.6,normal
1697491942.501,45.764,600.0,4.4,10.7,normal
1697491943.009,46.251,600.0,7.4,10.4,normal
1697491943.513,46.251,1800.0,29.7,10.4,normal
1697491944.015,47.225,1800.0,20.7,10.6,normal
1697491944.518,46.738,1800.0,3.0,10.6,normal
1697491945.02,47.712,1800.0,2.5,10.6,normal
1697491945.523,47.712,1800.0,3.5,10.6,normal
1697491946.026,45.764,1800.0,4.5,10.6,normal
1697491946.528,46.738,1800.0,3.5,10.6,normal
1697491947.031,45.764,1800.0,3.5,10.6,normal
1697491947.533,46.738,1800.0,3.0,10.7,normal
1697491948.038,46.251,700.0,4.5,10.7,normal
1697491948.544,46.738,600.0,5.9,10.6,normal
1697491949.05,45.764,600.0,4.9,10.7,normal
1697491949.553,47.712,1800.0,26.0,10.3,normal
1697491950.056,46.251,1800.0,28.5,10.6,normal
1697491950.558,47.225,1800.0,3.5,10.6,normal
1697491951.061,47.225,1800.0,3.5,10.6,normal
1697491951.564,45.764,1800.0,3.5,10.6,normal
1697491952.066,46.738,1800.0,3.5,10.6,normal
1697491952.569,47.225,1800.0,2.5,10.6,normal
1697491953.071,46.738,1800.0,3.9,10.6,normal
1697491953.574,46.738,1800.0,4.0,10.6,normal
1697491954.076,46.251,1800.0,3.0,10.6,normal
1697491954.582,46.251,600.0,5.4,10.6,normal
1697491955.087,47.225,750.0,5.4,10.7,normal
1697491955.59,46.251,1800.0,18.9,10.3,normal
1697491956.093,47.712,1800.0,35.4,10.6,normal
1697491956.595,46.738,1800.0,4.0,10.6,normal
1697491957.098,47.225,1800.0,4.0,10.6,normal
1697491957.6,46.251,1800.0,3.0,10.6,normal
1697491958.103,47.225,1800.0,3.5,10.6,normal
1697491958.606,45.277,1800.0,4.0,10.6,normal
1697491959.108,46.738,1800.0,3.5,10.6,normal
1697491959.611,47.225,1800.0,3.0,10.6,normal
1697491960.113,47.712,1800.0,3.5,10.6,normal
1697491960.618,45.764,800.0,4.5,10.7,normal
1697491961.122,46.251,800.0,5.4,10.7,normal
1697491961.625,46.251,1800.0,12.9,10.0,normal
1697491962.13,46.738,1800.0,34.2,10.5,normal
1697491962.632,47.225,1800.0,11.9,10.6,normal
1697491963.135,47.225,1800.0,5.0,10.6,normal
1697491963.637,46.251,1800.0,3.0,10.6,normal
1697491964.14,46.738,1800.0,4.4,10.6,normal
1697491964.642,46.738,1800.0,3.5,10.6,normal
1697491965.145,46.738,1800.0,3.0,10.6,normal
1697491965.647,45.764,1800.0,2.5,10.6,normal
1697491966.15,46.251,1800.0,3.4,10.6,normal
1697491966.655,46.738,700.0,2.5,10.6,normal
1697491967.159,47.712,800.0,4.0,10.6,normal
1697491967.665,46.251,700.0,4.5,10.5,normal
1697491968.168,47.225,1800.0,29.2,10.4,normal
1697491968.671,47.225,1800.0,25.4,10.6,normal
1697491969.174,46.738,1800.0,3.0,10.6,normal
1697491969.677,45.764,1800.0,4.5,10.6,normal
1697491970.179,45.764,1800.0,3.0,10.6,normal
1697491970.682,46.251,1800.0,3.0,10.6,normal
1697491971.185,46.251,1800.0,3.5,10.6,normal
1697491971.687,46.251,1800.0,4.0,10.6,normal
1697491972.19,46.251,1800.0,3.5,10.6,normal
1697491972.692,46.738,1800.0,4.0,10.6,normal
1697491973.196,46.251,900.0,4.0,10.6,normal
1697491973.701,46.738,900.0,10.5,9.5,normal
1697491974.204,47.712,1800.0,29.9,10.4,normal
1697491974.707,47.712,1800.0,20.5,10.6,normal
1697491975.21,47.225,1800.0,3.0,10.6,normal
1697491975.712,46.738,1800.0,4.5,10.6,normal
1697491976.215,46.251,1800.0,3.5,10.6,normal
1697491976.717,46.738,1800.0,2.5,10.6,normal
1697491977.22,47.225,1800.0,4.4,10.6,normal
1697491977.722,47.225,1800.0,3.0,10.6,normal
1697491978.225,47.225,1800.0,5.4,10.6,normal
1697491978.73,47.712,700.0,3.0,10.6,normal
1697491979.234,46.251,800.0,4.4,10.6,normal
1697491979.738,45.764,1000.0,5.0,10.6,normal
1697491980.241,46.738,1800.0,26.5,10.4,normal
1697491980.744,46.738,1800.0,24.7,10.6,normal
1697491981.247,46.251,1800.0,3.5,10.6,normal
1697491981.749,46.738,1800.0,3.0,10.6,normal
1697491982.252,47.225,1800.0,3.0,10.6,normal
1697491982.754,46.251,1800.0,3.0,10.6,normal
1697491983.257,46.738,1800.0,3.5,10.6,normal
1697491983.759,46.738,1800.0,3.0,10.6,normal
1697491984.262,46.738,1800.0,3.5,10.6,normal
1697491984.764,47.225,1800.0,2.5,10.6,normal
1697491985.269,46.251,700.0,5.0,10.6,normal
1697491985.773,46.251,1000.0,5.0,10.6,normal
1697491986.276,45.764,1800.0,19.0,10.2,normal
1697491986.779,47.225,1800.0,34.8,10.6,normal
1697491987.281,47.712,1800.0,3.4,10.6,normal
1697491987.784,47.225,1800.0,3.5,10.6,normal
1697491988.286,46.738,1800.0,5.4,10.6,normal
1697491988.789,46.251,1800.0,3.0,10.6,normal
1697491989.291,46.251,1800.0,3.0,10.6,normal
1697491989.794,46.738,1800.0,4.0,10.6,normal
1697491990.297,46.251,1800.0,3.5,10.6,normal
1697491990.799,46.738,1800.0,3.9,10.6,normal
1697491991.303,45.764,900.0,5.4,10.6,normal
1697491991.808,45.764,800.0,4.0,10.6,normal
1697491992.312,45.764,1800.0,12.8,9.6,normal
1697491992.815,46.251,1800.0,29.5,10.4,normal
1697491993.318,46.738,1800.0,17.5,10.6,normal
1697491993.82,46.251,1800.0,2.0,10.6,normal
1697491994.323,47.225,1800.0,4.5,10.6,normal
1697491994.825,47.225,1800.0,3.0,10.6,normal
1697491995.328,45.277,1800.0,3.0,10.6,normal
1697491995.831,45.764,1800.0,3.9,10.6,normal
1697491996.333,47.225,1800.0,3.5,10.6,normal
1697491996.836,46.738,1800.0,4.0,10.6,normal
1697491997.341,46.251,700.0,3.0,10.6,normal
1697491997.845,46.251,900.0,4.9,10.6,normal
1697491998.349,45.764,900.0,5.0,10.6,normal
1697491998.852,47.225,1800.0,28.5,10.3,normal
1697491999.354,48.199,1800.0,26.2,10.5,normal
1697491999.857,46.738,1800.0,3.5,10.6,normal
1697492000.359,46.738,1800.0,2.5,10.6,normal
1697492000.862,46.251,1800.0,4.5,10.6,normal
1697492001.365,46.738,1800.0,3.0,10.6,normal
1697492001.867,45.764,1800.0,3.0,10.6,normal
1697492002.37,46.738,1800.0,3.5,10.6,normal
1697492002.872,46.251,1800.0,4.0,10.6,normal
1697492003.375,46.251,1800.0,4.5,10.6,normal
1697492003.88,46.738,900.0,4.9,10.6,normal
1697492004.384,45.764,800.0,4.0,10.6,normal
1697492004.887,47.712,1800.0,21.4,10.3,normal
1697492005.39,48.199,1800.0,32.5,10.6,normal
1697492005.893,46.738,1800.0,3.0,10.6,normal
1697492006.395,46.738,1800.0,3.0,10.6,normal
1697492006.898,46.738,1800.0,3.0,10.6,normal
1697492007.4,46.738,1800.0,4.5,10.6,normal
1697492007.903,47.712,1800.0,4.9,10.6,normal
1697492008.405,45.764,1800.0,4.0,10.6,normal
1697492008.908,46.251,1800.0,3.0,10.6,normal
1697492009.411,47.225,1800.0,4.9,10.6,normal
1697492009.916,46.251,600.0,4.5,10.6,normal
1697492010.422,45.277,600.0,4.9,10.6,normal
1697492010.925,46.738,1800.0,14.0,10.0,normal
1697492011.427,47.225,1800.0,38.7,10.6,normal
1697492011.93,47.712,1800.0,6.4,10.6,normal
1697492012.433,46.251,1800.0,2.5,10.6,normal
1697492012.935,46.738,1800.0,3.5,10.6,normal
1697492013.438,47.225,1800.0,5.0,10.6,normal
1697492013.94,47.225,1800.0,3.5,10.6,normal
1697492014.443,46.738,1800.0,3.0,10.6,normal
1697492014.945,47.225,1800.0,2.5,10.6,normal
1697492015.448,46.738,1800.0,3.9,10.6,normal
1697492015.953,46.738,700.0,4.0,10.7,normal
1697492016.459,46.738,600.0,4.4,10.6,normal
1697492016.965,45.764,600.0,8.9,10.4,normal
1697492017.469,45.764,1800.0,28.6,10.4,normal
1697492017.971,46.738,1800.0,22.9,10.6,normal
1697492018.474,47.225,1800.0,4.0,10.6,normal
1697492018.976,45.764,1800.0,3.5,10.6,normal
1697492019.479,46.738,1800.0,3.0,10.6,normal
1697492019.981,46.738,1800.0,4.0,10.6,normal
1697492020.484,46.251,1800.0,3.9,10.6,normal
1697492020.987,47.225,1800.0,3.0,10.6,normal
1697492021.489,46.738,1800.0,3.0,10.6,normal
1697492021.994,46.738,700.0,3.0,10.6,normal
1697492022.5,45.764,600.0,5.4,10.6,normal
1697492023.005,45.277,600.0,5.4,10.6,normal
1697492023.508,46.251,1800.0,26.4,10.3,normal
1697492024.011,46.738,1800.0,26.8,10.6,normal
1697492024.513,46.738,1800.0,3.5,10.6,normal
1697492025.019,46.251,1800.0,3.4,10.6,normal
1697492025.522,46.738,1800.0,3.0,10.6,normal
1697492026.024,46.251,1800.0,2.5,10.6,normal
1697492026.527,46.738,1800.0,2.5,10.6,normal
1697492027.029,46.251,1800.0,3.0,10.6,normal
1697492027.532,46.738,1800.0,3.0,10.6,normal
1697492028.035,46.738,1800.0,1.5,10.6,normal
1697492028.539,45.764,800.0,7.4,10.6,normal
1697492029.045,46.251,600.0,5.0,10.6,normal
1697492029.548,47.225,1800.0,19.1,10.2,normal
1697492030.05,47.225,1800.0,35.3,10.6,normal
1697492030.553,46.251,1800.0,3.5,10.6,normal
1697492031.055,46.738,1800.0,4.5,10.6,normal
1697492031.558,47.225,1800.0,3.0,10.6,normal
1697492032.06,46.251,1800.0,3.0,10.6,normal
1697492032.563,45.764,1800.0,3.0,10.6,normal
1697492033.066,45.764,1800.0,3.0,10.6,normal
1697492033.568,47.225,1800.0,4.5,10.6,normal
1697492034.071,46.738,1800.0,3.5,10.6,normal
1697492034.576,46.251,600.0,3.0,10.6,normal
1697492035.087,45.277,600.0,4.4,10.6,normal
1697492035.59,45.764,1800.0,13.9,10.0,normal
1697492036.093,47.712,1800.0,36.4,10.5,normal
1697492036.596,47.225,1800.0,7.5,10.6,normal
1697492037.098,45.764,1800.0,5.0,10.6,normal
1697492037.601,46.251,1800.0,4.0,10.6,normal
1697492038.103,46.738,1800.0,3.0,10.6,normal
1697492038.606,45.764,1800.0,4.5,10.6,normal
1697492039.108,45.764,1800.0,4.0,10.6,normal
1697492039.611,46.251,1800.0,4.4,10.6,normal
1697492040.114,46.738,1800.0,2.0,10.6,normal
1697492040.618,46.251,700.0,3.5,10.6,normal
1697492041.123,46.738,900.0,6.9,10.5,normal
1697492041.63,46.251,600.0,6.9,10.5,normal
1697492042.133,45.764,1800.0,30.0,10.4,normal
1697492042.635,46.251,1800.0,23.9,10.6,normal
1697492043.138,46.738,1800.0,5.0,10.6,normal
1697492043.64,46.738,1800.0,4.0,10.6,normal
1697492044.143,46.738,1800.0,3.5,10.6,normal
1697492044.645,46.251,1800.0,3.0,10.6,normal
1697492045.148,46.251,1800.0,4.0,10.6,normal
1697492045.651,46.251,1800.0,3.5,10.6,normal
1697492046.153,46.738,1800.0,3.5,10.6,normal
1697492046.656,46.251,1800.0,3.5,10.6,normal
1697492047.161,46.251,600.0,5.0,10.6,normal
1697492047.667,47.225,600.0,4.5,10.6,normal
1697492048.17,47.225,1800.0,25.9,10.3,normal
1697492048.673,46.738,1800.0,30.0,10.6,normal
1697492049.176,46.738,1800.0,5.0,10.6,normal
1697492049.679,46.738,1800.0,3.9,10.6,normal
1697492050.181,46.251,1800.0,3.0,10.6,normal
1697492050.684,46.738,1800.0,2.5,10.6,normal
1697492051.187,47.225,1800.0,5.0,10.6,normal
1697492051.689,45.764,1800.0,3.0,10.6,normal
1697492052.192,46.738,1800.0,3.5,10.7,normal
1697492052.694,46.251,1800.0,3.5,10.6,normal
1697492053.199,45.764,700.0,7.8,10.7,normal
1697492053.703,46.251,800.0,4.0,10.6,normal
1697492054.207,47.712,1800.0,17.4,10.2,normal
1697492054.709,47.225,1800.0,36.5,10.6,normal
1697492055.212,46.251,1800.0,3.5,10.6,normal
1697492055.714,46.738,1800.0,4.0,10.6,normal
1697492056.217,46.738,1800.0,3.0,10.6,normal
1697492056.719,46.738,1800.0,3.5,10.6,normal
1697492057.222,46.251,1800.0,3.0,10.6,normal
1697492057.724,46.251,1800.0,4.5,10.6,normal
1697492058.227,46.251,1800.0,4.5,10.6,normal
1697492058.729,47.225,1800.0,3.0,10.6,normal
1697492059.233,45.764,900.0,4.5,10.6,normal
1697492059.738,45.764,700.0,4.0,10.6,normal
1697492060.242,46.251,1100.0,10.9,9.5,normal
1697492060.745,46.738,1800.0,28.9,10.4,normal
1697492061.248,46.738,1800.0,21.2,10.6,normal
1697492061.751,46.738,1800.0,3.5,10.6,normal
1697492062.253,46.251,1800.0,2.0,10.6,normal
1697492062.756,46.251,1800.0,4.5,10.6,normal
1697492063.258,47.225,1800.0,4.0,10.6,normal
1697492063.761,46.738,1800.0,3.5,10.6,normal
1697492064.263,45.764,1800.0,3.0,10.6,normal
1697492064.766,46.251,1800.0,3.5,10.6,normal
1697492065.269,46.738,1800.0,2.5,10.6,normal
1697492065.773,45.764,750.0,3.5,10.6,normal
1697492066.276,46.251,1800.0,13.5,10.1,normal
1697492066.779,47.225,1800.0,37.0,10.5,normal
1697492067.282,47.225,1800.0,5.5,10.6,normal
1697492067.784,46.738,1800.0,3.5,10.6,normal
1697492068.287,45.764,1800.0,4.0,10.6,normal
1697492068.789,46.738,1800.0,3.0,10.6,normal
1697492069.292,46.738,1800.0,3.5,10.6,normal
1697492069.794,46.738,1800.0,3.5,10.6,normal
1697492070.297,46.738,1800.0,3.0,10.6,normal
1697492070.799,46.738,1800.0,4.4,10.6,normal
1697492071.303,46.738,1100.0,5.4,10.6,normal
1697492071.807,47.225,1000.0,5.0,10.6,normal
1697492072.311,46.251,1000.0,7.9,10.3,normal
1697492072.814,46.251,1800.0,28.5,10.4,normal
1697492073.317,47.225,1800.0,23.9,10.6,normal
1697492073.819,47.225,1800.0,3.0,10.6,normal
1697492074.322,46.738,1800.0,5.0,10.6,normal
1697492074.824,47.712,1800.0,5.0,10.6,normal
1697492075.327,47.225,1800.0,5.4,10.6,normal
1697492075.83,46.738,1800.0,5.0,10.6,normal
1697492076.332,47.225,1800.0,5.5,10.6,normal
1697492076.835,47.712,1800.0,3.5,10.6,normal
1697492077.337,46.738,1800.0,4.0,10.6,normal
1697492077.841,46.251,1000.0,6.9,10.6,normal
1697492078.346,46.251,600.0,5.9,10.6,normal
1697492078.85,47.225,1800.0,25.9,10.3,normal
1697492079.353,47.712,1800.0,29.3,10.6,normal
1697492079.855,48.199,1800.0,4.5,10.6,normal
1697492080.358,46.738,1800.0,4.0,10.6,normal
1697492080.861,45.764,1800.0,3.0,10.6,normal
1697492081.364,46.738,1800.0,4.0,10.6,normal
1697492081.867,46.738,1800.0,4.5,10.6,normal
1697492082.37,47.225,1800.0,4.5,10.7,normal
1697492082.872,46.738,1800.0,3.0,10.7,normal
1697492083.375,45.764,1800.0,5.0,10.7,normal
1697492083.88,47.712,600.0,5.0,10.7,normal
1697492084.385,45.764,700.0,5.9,10.7,normal
1697492084.888,46.738,1800.0,27.4,10.4,normal
1697492085.391,46.738,1800.0,27.0,10.6,normal
1697492085.894,46.738,1800.0,4.0,10.6,normal
1697492086.396,46.738,1800.0,2.5,10.6,normal
1697492086.899,45.764,1800.0,1.5,10.6,normal
1697492087.401,46.738,1800.0,3.5,10.6,normal
1697492087.904,46.738,1800.0,2.5,10.6,normal
1697492088.406,47.225,1800.0,6.5,10.6,normal
1697492088.909,46.738,1800.0,4.0,10.6,normal
1697492089.411,46.738,1800.0,3.0,10.6,normal
1697492089.916,46.251,700.0,5.4,10.6,normal
1697492090.423,47.225,1100.0,9.9,10.2,normal
1697492090.925,48.199,1800.0,29.0,10.4,normal
1697492091.428,47.225,1800.0,22.8,10.6,normal
1697492091.931,46.738,1800.0,3.5,10.6,normal
1697492092.433,47.225,1800.0,4.0,10.6,normal
1697492092.936,46.738,1800.0,4.4,10.6,normal
1697492093.439,47.225,1800.0,5.5,10.6,normal
1697492093.941,46.251,1800.0,4.0,10.6,normal
1697492094.444,46.738,1800.0,4.0,10.6,normal
1697492094.946,45.764,1800.0,5.9,10.6,normal
1697492095.449,46.738,1800.0,3.5,10.6,normal
1697492095.954,46.738,600.0,5.4,10.6,normal
1697492096.459,45.764,800.0,4.0,10.6,normal
1697492096.962,46.738,1800.0,25.9,10.3,normal
1697492097.465,46.738,1800.0,29.9,10.6,normal
1697492097.967,46.738,1800.0,3.5,10.6,normal
1697492098.47,46.738,1800.0,4.5,10.6,normal
1697492098.973,46.738,1800.0,5.4,10.6,normal
1697492099.475,47.225,1800.0,4.0,10.6,normal
1697492099.978,46.251,1800.0,3.5,10.6,normal
1697492100.48,46.251,1800.0,2.5,10.6,normal
1697492100.983,46.251,1800.0,4.9,10.6,normal
1697492101.485,45.764,1800.0,6.4,10.6,normal
1697492101.991,45.764,600.0,7.0,10.6,normal
1697492102.497,45.764,600.0,5.9,10.6,normal
1697492102.999,46.738,1800.0,16.4,10.2,normal
1697492103.502,47.225,1800.0,38.2,10.6,normal
1697492104.005,46.738,1800.0,3.5,10.6,normal
1697492104.507,46.738,1800.0,3.0,10.6,normal
1697492105.01,47.225,1800.0,3.5,10.6,normal
1697492105.512,46.251,1800.0,4.0,10.6,normal
1697492106.015,46.251,1800.0,4.0,10.6,normal
1697492106.518,46.738,1800.0,4.0,10.6,normal
1697492107.02,46.738,1800.0,3.0,10.6,normal
1697492107.523,47.225,1800.0,3.5,10.6,normal
1697492108.028,45.764,600.0,3.0,10.6,normal
1697492108.534,45.764,600.0,5.4,10.6,normal
1697492109.037,46.251,1800.0,22.9,10.2,normal
1697492109.54,46.251,1800.0,33.2,10.5,normal
1697492110.042,46.738,1800.0,3.9,10.5,normal
1697492110.545,46.738,1800.0,3.5,10.5,normal
1697492111.047,46.738,1800.0,3.5,10.5,normal
1697492111.55,46.738,1800.0,3.5,10.5,normal
1697492112.052,46.738,1800.0,4.5,10.5,normal
1697492112.555,46.251,1800.0,5.5,10.5,normal
1697492113.058,46.738,1800.0,7.0,10.5,normal
1697492113.56,46.738,1800.0,6.0,10.6,normal
1697492114.066,46.251,600.0,4.5,10.6,normal
1697492114.571,46.738,600.0,6.4,10.6,normal
1697492115.074,46.738,1800.0,14.9,10.1,normal
1697492115.577,47.225,1800.0,37.0,10.5,normal
1697492116.08,47.225,1800.0,7.4,10.6,normal
1697492116.582,47.225,1800.0,3.0,10.6,normal
1697492117.085,46.251,1800.0,4.4,10.6,normal
1697492117.588,46.738,1800.0,3.5,10.6,normal
1697492118.09,47.225,1800.0,4.5,10.6,normal
1697492118.593,46.251,1800.0,4.5,10.6,normal
1697492119.095,46.738,1800.0,4.5,10.6,normal
1697492119.598,46.251,1800.0,3.9,10.6,normal
1697492120.103,45.277,700.0,4.0,10.6,normal
1697492120.609,46.738,600.0,5.9,10.6,normal
1697492121.111,46.738,1800.0,20.4,10.2,normal
1697492121.614,47.225,1800.0,34.8,10.6,normal
1697492122.117,46.738,1800.0,3.5,10.6,normal
1697492122.619,47.225,1800.0,3.5,10.6,normal
1697492123.122,47.225,1800.0,4.5,10.6,normal
1697492123.625,46.738,1800.0,4.0,10.6,normal
1697492124.128,47.225,1800.0,3.5,10.6,normal
1697492124.63,46.251,1800.0,3.9,10.6,normal
1697492125.133,47.225,1800.0,4.5,10.6,normal
1697492125.635,46.251,1800.0,3.5,10.6,normal
1697492126.141,46.251,600.0,3.0,10.6,normal
1697492126.646,47.225,600.0,5.0,10.6,normal
1697492127.15,47.712,1800.0,26.9,10.3,normal
1697492127.653,46.738,1800.0,29.0,10.5,normal
1697492128.155,46.738,1800.0,4.5,10.5,normal
1697492128.658,45.277,1800.0,4.5,10.5,normal
1697492129.16,46.251,1800.0,5.0,10.5,normal
1697492129.663,46.738,1800.0,5.0,10.6,normal
1697492130.165,46.738,1800.0,7.9,10.6,normal
1697492130.668,45.764,1800.0,7.4,10.6,normal
1697492131.171,46.738,1800.0,3.5,10.6,normal
1697492131.673,45.764,1800.0,3.5,10.6,normal
1697492132.179,46.251,700.0,4.4,10.6,normal
1697492132.683,45.764,800.0,3.5,10.6,normal
1697492133.186,46.251,1800.0,21.0,10.1,normal
1697492133.688,46.738,1800.0,36.0,10.5,normal
1697492134.191,47.712,1800.0,2.5,10.5,normal
1697492134.695,46.738,1800.0,2.0,10.5,normal
1697492135.198,47.712,1800.0,4.5,10.5,normal
1697492135.7,46.738,1800.0,4.0,10.6,normal
1697492136.203,46.738,1800.0,3.9,10.6,normal
1697492136.706,46.251,1800.0,4.0,10.6,normal
1697492137.208,46.251,1800.0,4.0,10.6,normal
1697492137.711,48.199,1800.0,3.5,10.6,normal
1697492138.215,46.738,700.0,5.9,10.6,normal
1697492138.72,45.764,800.0,5.0,10.6,normal
1697492139.224,46.251,1800.0,11.8,9.6,normal
1697492139.728,46.738,1800.0,29.5,10.5,normal
1697492140.231,46.738,1800.0,17.5,10.6,normal
1697492140.733,47.225,1800.0,4.5,10.6,normal
1697492141.236,45.764,1800.0,3.5,10.6,normal
1697492141.738,46.738,1800.0,3.5,10.6,normal
1697492142.241,46.251,1800.0,3.0,10.6,normal
1697492142.743,46.738,1800.0,4.9,10.6,normal
1697492143.246,46.738,1800.0,5.0,10.6,normal
1697492143.749,47.712,1800.0,2.5,10.6,normal
1697492144.254,46.251,700.0,3.4,10.6,normal
1697492144.758,45.764,800.0,9.4,10.6,normal
1697492145.262,45.764,900.0,7.0,10.6,normal
1697492145.765,47.712,1800.0,28.9,10.4,normal
1697492146.268,46.251,1800.0,24.7,10.6,normal
1697492146.77,47.712,1800.0,3.0,10.6,normal
1697492147.273,45.764,1800.0,3.5,10.6,normal
1697492147.776,46.738,1800.0,3.5,10.6,normal
1697492148.278,47.225,1800.0,3.5,10.6,normal
1697492148.781,46.738,1800.0,6.4,10.6,normal
1697492149.283,45.764,1800.0,2.0,10.6,normal
1697492149.786,46.251,1800.0,3.0,10.6,normal
1697492150.288,46.738,1800.0,3.0,10.6,normal
1697492150.792,45.764,1000.0,5.0,10.6,normal
1697492151.296,46.251,1000.0,4.5,10.6,normal
1697492151.799,46.251,1800.0,19.8,10.2,normal
1697492152.302,47.225,1800.0,35.2,10.6,normal
1697492152.804,47.225,1800.0,3.0,10.6,normal
1697492153.307,46.251,1800.0,4.0,10.6,normal
1697492153.809,46.738,1800.0,3.5,10.6,normal
1697492154.312,46.738,1800.0,3.5,10.6,normal
1697492154.814,46.738,1800.0,4.5,10.6,normal
1697492155.317,46.251,1800.0,3.0,10.6,normal
1697492155.82,46.738,1800.0,3.5,10.6,normal
1697492156.322,46.738,1800.0,3.0,10.6,normal
1697492156.826,45.764,800.0,5.4,10.6,normal
1697492157.33,47.225,900.0,4.5,10.6,normal
1697492157.833,47.225,1800.0,24.3,10.3,normal
1697492158.336,47.712,1800.0,35.4,10.6,normal
1697492158.839,46.738,1800.0,5.9,10.6,normal
1697492159.341,46.738,1800.0,3.0,10.6,normal
1697492159.844,47.712,1800.0,5.0,10.6,normal
1697492160.346,45.764,1800.0,3.5,10.6,normal
1697492160.849,47.225,1800.0,4.0,10.6,normal
1697492161.351,46.251,1800.0,4.5,10.6,normal
1697492161.854,46.738,1800.0,4.0,10.6,normal
1697492162.356,47.225,1800.0,3.5,10.6,normal
1697492162.86,46.251,900.0,4.5,10.6,normal
1697492163.365,45.764,700.0,5.4,10.6,normal
1697492163.868,46.738,1800.0,25.1,10.3,normal
1697492164.371,46.738,1800.0,29.4,10.6,normal
1697492164.873,46.251,1800.0,4.5,10.6,normal
1697492165.376,47.225,1800.0,4.0,10.6,normal
1697492165.879,46.251,1800.0,3.0,10.6,normal
1697492166.381,47.712,1800.0,3.0,10.6,normal
1697492166.884,47.225,1800.0,3.5,10.6,normal
1697492167.386,46.251,1800.0,4.0,10.6,normal
1697492167.889,45.764,1800.0,3.5,10.6,normal
1697492168.392,46.251,1800.0,4.5,10.6,normal
1697492168.897,46.251,600.0,4.0,10.6,normal
1697492169.405,45.764,800.0,6.9,10.6,normal
1697492169.907,47.225,1800.0,22.7,10.1,normal
1697492170.41,47.712,1800.0,37.3,10.6,normal
1697492170.913,46.251,1800.0,3.0,10.6,normal
1697492171.415,46.738,1800.0,4.0,10.6,normal
1697492171.918,46.251,1800.0,3.9,10.6,normal
1697492172.42,46.251,1800.0,2.5,10.6,normal
1697492172.923,46.738,1800.0,4.0,10.6,normal
1697492173.426,46.738,1800.0,5.4,10.6,normal
1697492173.928,46.251,1800.0,4.0,10.6,normal
1697492174.431,46.251,1800.0,3.0,10.6,normal
1697492174.936,46.251,600.0,3.0,10.6,normal
1697492175.441,46.251,900.0,5.9,10.6,normal
1697492175.945,46.738,1800.0,11.0,9.9,normal
1697492176.448,47.225,1800.0,34.7,10.5,normal
1697492176.951,46.251,1800.0,11.9,10.5,normal
1697492177.453,47.712,1800.0,3.5,10.6,normal
1697492177.956,47.225,1800.0,5.0,10.6,normal
1697492178.459,45.277,1800.0,4.5,10.6,normal
1697492178.961,46.251,1800.0,3.5,10.6,normal
1697492179.464,46.738,1800.0,3.5,10.6,normal
1697492179.966,45.764,1800.0,4.0,10.6,normal
1697492180.469,45.764,1800.0,6.0,10.6,normal
1697492180.974,46.251,700.0,3.0,10.6,normal
1697492181.48,45.764,600.0,5.4,10.6,normal
1697492181.985,46.738,700.0,4.5,10.5,normal
1697492182.488,46.738,1800.0,29.2,10.4,normal
1697492182.991,48.199,1800.0,26.1,10.6,normal
1697492183.493,46.738,1800.0,4.0,10.6,normal
1697492183.996,46.738,1800.0,3.5,10.6,normal
1697492184.498,46.738,1800.0,3.0,10.6,normal
1697492185.001,46.251,1800.0,4.0,10.6,normal
1697492185.503,47.225,1800.0,3.5,10.6,normal
1697492186.006,46.738,1800.0,3.0,10.6,normal
1697492186.508,45.277,1800.0,4.4,10.6,normal
1697492187.011,46.251,1800.0,4.0,10.6,normal
1697492187.516,45.277,600.0,4.5,10.6,normal
1697492188.022,45.764,600.0,4.0,10.6,normal
1697492188.525,45.764,1800.0,26.4,10.3,normal
1697492189.028,46.738,1800.0,32.3,10.5,normal
1697492189.53,47.225,1800.0,3.0,10.5,normal
1697492190.033,46.251,1800.0,3.0,10.5,normal
1697492190.535,45.764,1800.0,2.5,10.5,normal
1697492191.038,46.738,1800.0,4.0,10.5,normal
1697492191.541,45.764,1800.0,2.0,10.6,normal
1697492192.043,45.277,1800.0,3.5,10.6,normal
1697492192.546,45.764,1800.0,2.5,10.6,normal
1697492193.048,46.738,1800.0,3.9,10.6,normal
1697492193.553,46.251,600.0,4.5,10.6,normal
1697492194.059,46.251,600.0,4.9,10.6,normal
1697492194.562,47.225,1800.0,16.0,10.1,normal
1697492195.065,47.225,1800.0,38.5,10.5,normal
1697492195.568,45.764,1800.0,4.0,10.6,normal
1697492196.07,46.738,1800.0,3.0,10.6,normal
1697492196.573,46.251,1800.0,3.0,10.6,normal
1697492197.075,46.251,1800.0,4.5,10.6,normal
1697492197.578,47.225,1800.0,8.0,10.6,normal
1697492198.08,47.225,1800.0,5.0,10.6,normal
1697492198.583,47.225,1800.0,4.9,10.6,normal
1697492199.085,47.225,1800.0,4.0,10.6,normal
1697492199.591,45.764,600.0,3.5,10.6,normal
1697492200.097,46.251,600.0,4.9,10.6,normal
1697492200.603,45.764,600.0,10.4,9.9,normal
1697492201.107,47.712,1800.0,28.4,10.4,normal
1697492201.609,47.712,1800.0,22.4,10.5,normal
1697492202.112,47.225,1800.0,12.9,10.5,normal
1697492202.615,45.764,1800.0,3.5,10.5,normal
1697492203.117,47.712,1800.0,2.5,10.5,normal
1697492203.62,45.277,1800.0,5.4,10.5,normal
1697492204.123,47.712,1800.0,3.5,10.5,normal
1697492204.625,46.251,1800.0,3.5,10.6,normal
1697492205.128,46.738,1800.0,4.0,10.6,normal
1697492205.633,46.738,700.0,3.9,10.6,normal
1697492206.138,46.251,600.0,3.0,10.6,normal
1697492206.644,46.251,700.0,3.5,10.6,normal
1697492207.147,46.738,1800.0,25.9,10.3,normal
1697492207.65,46.738,1800.0,25.6,10.5,normal
1697492208.152,47.225,1800.0,4.0,10.6,normal
1697492208.655,46.251,1800.0,5.4,10.6,normal
1697492209.158,45.277,1800.0,3.0,10.6,normal
1697492209.66,45.764,1800.0,3.5,10.6,normal
1697492210.163,45.277,1800.0,4.0,10.6,normal
1697492210.665,46.251,1800.0,3.0,10.6,normal
1697492211.168,46.251,1800.0,4.0,10.6,normal
1697492211.671,46.738,1800.0,4.0,10.6,normal
1697492212.177,45.764,600.0,4.0,10.6,normal
1697492212.683,46.738,600.0,5.4,10.6,normal
1697492213.186,46.251,1800.0,22.9,10.2,normal
1697492213.688,46.738,1800.0,33.3,10.6,normal
1697492214.191,46.738,1800.0,5.4,10.6,normal
1697492214.694,45.764,1800.0,3.0,10.6,normal
1697492215.196,46.251,1800.0,3.5,10.6,normal
1697492215.703,46.251,1800.0,3.0,10.6,normal
1697492216.206,47.225,1800.0,4.0,10.6,normal
1697492216.708,46.251,1800.0,3.0,10.6,normal
1697492217.211,46.738,1800.0,3.5,10.6,normal
1697492217.713,46.251,1800.0,4.5,10.6,normal
1697492218.217,46.738,900.0,5.5,10.6,normal
1697492218.722,46.251,900.0,5.9,10.6,normal
1697492219.225,46.251,1800.0,26.4,10.3,normal
1697492219.727,46.738,1800.0,25.6,10.6,normal
1697492220.23,47.225,1800.0,5.0,10.6,normal
1697492220.733,47.225,1800.0,4.0,10.6,normal
1697492221.235,46.251,1800.0,3.5,10.6,normal
1697492221.738,46.251,1800.0,4.0,10.6,normal
1697492222.24,46.738,1800.0,4.0,10.6,normal
1697492222.743,46.738,1800.0,3.0,10.6,normal
1697492223.246,46.738,1800.0,6.5,10.6,normal
1697492223.748,46.251,1800.0,4.5,10.6,normal
1697492224.251,46.251,1800.0,10.4,10.7,normal
1697492224.753,46.738,1800.0,4.0,10.7,normal
1697492225.256,47.712,1800.0,20.4,10.2,normal
1697492225.759,47.225,1800.0,31.5,10.6,normal
1697492226.261,46.738,1800.0,2.5,10.6,normal
1697492226.764,46.251,1800.0,5.9,10.6,normal
1697492227.267,46.738,1800.0,3.0,10.6,normal
1697492227.769,47.712,1800.0,4.0,10.6,normal
1697492228.272,46.251,1800.0,3.5,10.6,normal
1697492228.774,46.251,1800.0,3.5,10.6,normal
1697492229.278,46.738,1000.0,5.9,10.6,normal
1697492229.782,45.277,1000.0,6.0,10.6,normal
1697492230.286,46.251,1000.0,4.5,10.6,normal
1697492230.79,45.764,900.0,5.0,10.6,normal
1697492231.293,45.764,1800.0,15.0,10.1,normal
1697492231.795,47.225,1800.0,36.5,10.5,normal
1697492232.298,47.225,1800.0,4.5,10.6,normal
1697492232.8,46.251,1800.0,3.0,10.6,normal
1697492233.303,46.738,1800.0,4.0,10.6,normal
1697492233.805,46.738,1800.0,2.0,10.6,normal
1697492234.308,46.251,1800.0,1.5,10.6,normal
1697492234.811,47.225,1800.0,5.0,10.6,normal
1697492235.313,47.225,1800.0,3.5,10.6,normal
1697492235.816,46.738,1800.0,2.5,10.7,normal
1697492236.32,46.251,700.0,3.5,10.7,normal
1697492236.825,46.738,1000.0,5.0,10.7,normal
1697492237.329,46.251,1000.0,8.9,9.6,normal
1697492237.831,46.738,1800.0,28.5,10.5,normal
1697492238.334,46.251,1800.0,20.5,10.6,normal
1697492238.837,46.251,1800.0,4.9,10.6,normal
1697492239.339,45.764,1800.0,3.0,10.6,normal
1697492239.842,46.251,1800.0,4.0,10.6,normal
1697492240.344,45.764,1800.0,2.5,10.6,normal
1697492240.847,46.251,1800.0,4.5,10.6,normal
1697492241.349,46.251,1800.0,3.0,10.7,normal
1697492241.852,46.738,1800.0,4.0,10.7,normal
1697492242.357,46.738,700.0,3.4,10.7,normal
1697492242.861,45.764,900.0,3.5,10.7,normal
1697492243.364,46.251,1200.0,15.5,10.1,normal
1697492243.868,46.738,1800.0,34.8,10.6,normal
1697492244.371,46.738,1800.0,10.0,10.7,normal
1697492244.873,46.738,1800.0,3.0,10.7,normal
1697492245.376,47.225,1800.0,4.0,10.7,normal
1697492245.878,46.251,1800.0,3.9,10.7,normal
1697492246.381,46.738,1800.0,2.5,10.7,normal
1697492246.883,46.251,1800.0,4.4,10.7,normal
1697492247.386,46.738,1800.0,4.0,10.7,normal
1697492247.888,46.738,1800.0,3.5,10.7,normal
1697492248.391,46.251,1800.0,4.0,10.7,normal
1697492248.896,46.738,600.0,5.9,10.7,normal
1697492249.401,45.764,800.0,7.0,10.6,normal
1697492249.903,46.251,1800.0,28.0,10.5,normal
1697492250.406,46.251,1800.0,25.7,10.6,normal
1697492250.909,45.764,1800.0,2.0,10.7,normal
1697492251.411,47.225,1800.0,5.4,10.7,normal
1697492251.914,47.225,1800.0,3.0,10.7,normal
1697492252.416,46.251,1800.0,3.5,10.7,normal
1697492252.919,46.251,1800.0,2.5,10.7,normal
1697492253.421,46.251,1800.0,4.5,10.7,normal
1697492253.924,46.738,1800.0,3.5,10.7,normal
1697492254.427,45.764,1800.0,3.5,10.7,normal
1697492254.932,45.764,600.0,3.9,10.7,normal
1697492255.438,46.251,600.0,4.5,10.7,DoS_attack
1697492255.941,46.738,1800.0,22.5,10.3,DoS_attack
1697492256.443,47.712,1800.0,31.7,10.6,DoS_attack
1697492256.946,46.738,1800.0,4.0,10.6,DoS_attack
1697492257.448,45.764,1800.0,4.0,10.6,DoS_attack
1697492257.951,46.251,1800.0,2.5,10.6,DoS_attack
1697492258.453,46.738,1800.0,4.5,10.6,DoS_attack
1697492258.956,46.738,1800.0,4.0,10.6,DoS_attack
1697492259.458,46.251,1800.0,4.0,10.6,DoS_attack
1697492259.961,46.738,1800.0,3.5,10.6,DoS_attack
1697492260.463,46.251,1800.0,3.0,10.6,DoS_attack
1697492260.969,45.764,600.0,4.5,10.6,DoS_attack
1697492261.474,46.251,600.0,5.4,10.6,DoS_attack
1697492261.978,46.251,1800.0,27.0,10.3,DoS_attack
1697492262.48,46.738,1800.0,26.0,10.6,DoS_attack
1697492262.983,46.738,1800.0,3.0,10.6,DoS_attack
1697492263.485,46.738,1800.0,4.5,10.6,DoS_attack
1697492263.988,46.251,1800.0,4.0,10.6,DoS_attack
1697492264.49,46.251,1800.0,3.5,10.6,DoS_attack
1697492264.993,46.738,1800.0,3.0,10.6,DoS_attack
1697492265.496,47.712,1800.0,3.0,10.6,DoS_attack
1697492265.998,46.738,1800.0,3.5,10.6,DoS_attack
1697492266.501,47.225,1800.0,1.5,10.6,DoS_attack
1697492267.005,46.251,900.0,2.5,10.6,DoS_attack
1697492267.51,46.251,600.0,2.0,10.6,DoS_attack
1697492268.013,46.738,1800.0,18.9,10.3,DoS_attack
1697492268.516,47.225,1800.0,37.7,10.6,DoS_attack
1697492269.018,46.251,1800.0,4.0,10.6,DoS_attack
1697492269.521,46.738,1800.0,4.5,10.6,DoS_attack
1697492270.023,46.251,1800.0,4.0,10.6,DoS_attack
1697492270.526,45.764,1800.0,3.5,10.6,DoS_attack
1697492271.028,45.764,1800.0,3.0,10.6,DoS_attack
1697492271.531,45.764,1800.0,3.0,10.6,DoS_attack
1697492272.034,47.225,1800.0,3.0,10.6,DoS_attack
1697492272.536,45.764,1800.0,3.5,10.6,DoS_attack
1697492273.041,45.764,600.0,3.0,10.6,DoS_attack
1697492273.547,45.764,600.0,4.5,10.6,DoS_attack
1697492274.05,46.251,1800.0,14.9,10.1,DoS_attack
1697492274.553,47.225,1800.0,36.0,10.6,DoS_attack
1697492275.056,47.225,1800.0,3.5,10.6,DoS_attack
1697492275.558,47.712,1800.0,3.0,10.6,DoS_attack
1697492276.061,46.251,1800.0,3.0,10.6,DoS_attack
1697492276.563,46.738,1800.0,2.5,10.6,DoS_attack
1697492277.066,45.277,1800.0,3.5,10.6,DoS_attack
1697492277.568,46.738,1800.0,4.0,10.6,DoS_attack
1697492278.071,46.251,1800.0,4.5,10.6,DoS_attack
1697492278.573,46.738,1800.0,4.5,10.6,DoS_attack
1697492279.079,46.738,600.0,3.9,10.6,DoS_attack
1697492279.585,45.764,600.0,4.0,10.6,DoS_attack
1697492280.088,45.764,1800.0,11.4,9.7,DoS_attack
1697492280.592,46.738,1800.0,30.0,10.5,DoS_attack
1697492281.094,46.251,1800.0,17.5,10.6,DoS_attack
1697492281.597,46.251,1800.0,3.5,10.6,DoS_attack
1697492282.099,45.764,1800.0,3.5,10.6,DoS_attack
1697492282.602,45.764,1800.0,3.0,10.6,DoS_attack
1697492283.105,46.251,1800.0,3.0,10.6,DoS_attack
1697492283.607,46.251,1800.0,3.5,10.6,DoS_attack
1697492284.11,45.764,1800.0,3.5,10.6,DoS_attack
1697492284.612,46.251,1800.0,4.0,10.6,DoS_attack
1697492285.117,45.764,700.0,3.5,10.6,DoS_attack
1697492285.622,46.251,600.0,4.9,10.6,DoS_attack
1697492286.128,45.764,600.0,4.5,10.5,DoS_attack
1697492286.632,46.738,1800.0,28.5,10.3,DoS_attack
1697492287.134,46.738,1800.0,26.4,10.5,DoS_attack
1697492287.637,45.764,1800.0,3.0,10.5,DoS_attack
1697492288.139,45.764,1800.0,4.0,10.5,DoS_attack
1697492288.642,46.738,1800.0,4.0,10.5,DoS_attack
1697492289.144,45.764,1800.0,3.5,10.6,DoS_attack
1697492289.647,46.251,1800.0,3.5,10.6,DoS_attack
1697492290.149,45.277,1800.0,3.5,10.6,DoS_attack
1697492290.652,46.738,1800.0,3.0,10.6,DoS_attack
1697492291.154,45.764,1800.0,4.0,10.6,DoS_attack
1697492291.66,46.738,600.0,3.5,10.6,DoS_attack
1697492292.166,46.251,600.0,5.0,10.6,DoS_attack
1697492292.671,46.738,1800.0,21.9,10.2,DoS_attack
1697492293.174,46.738,1800.0,35.5,10.6,DoS_attack
1697492293.677,47.225,1800.0,3.0,10.6,DoS_attack
1697492294.179,46.738,1800.0,4.5,10.6,DoS_attack
1697492294.682,46.738,1800.0,3.0,10.6,DoS_attack
1697492295.185,45.277,1800.0,5.0,10.6,DoS_attack
1697492295.687,46.251,1800.0,3.0,10.6,DoS_attack
1697492296.19,46.738,1800.0,3.5,10.6,DoS_attack
1697492296.692,46.251,1800.0,2.5,10.6,DoS_attack
1697492297.195,45.277,1800.0,5.0,10.6,DoS_attack
1697492297.7,45.764,600.0,5.5,10.6,DoS_attack
1697492298.205,44.79,800.0,5.9,10.6,DoS_attack
1697492298.707,47.225,1800.0,14.9,10.1,DoS_attack
1697492299.21,47.712,1800.0,36.0,10.5,DoS_attack
1697492299.713,46.251,1800.0,6.5,10.6,DoS_attack
1697492300.216,45.764,1800.0,3.0,10.6,DoS_attack
1697492300.718,46.738,1800.0,3.5,10.6,DoS_attack
1697492301.221,46.251,1800.0,4.0,10.6,DoS_attack
1697492301.723,45.277,1800.0,3.5,10.6,DoS_attack
1697492302.226,45.764,1800.0,3.0,10.6,DoS_attack
1697492302.728,46.251,1800.0,3.0,10.6,DoS_attack
1697492303.231,45.764,1800.0,5.4,10.6,DoS_attack
1697492303.736,46.738,600.0,4.9,10.6,DoS_attack
1697492304.241,45.277,800.0,4.5,10.6,DoS_attack
1697492304.746,46.738,800.0,8.0,10.0,DoS_attack
1697492305.249,47.225,1800.0,29.4,10.5,DoS_attack
1697492305.752,45.277,1800.0,21.4,10.6,DoS_attack
1697492306.255,46.738,1800.0,3.5,10.6,DoS_attack
1697492306.757,46.251,1800.0,3.5,10.6,DoS_attack
1697492307.26,45.764,1800.0,3.0,10.6,DoS_attack
1697492307.762,46.738,1800.0,4.0,10.6,DoS_attack
1697492308.265,46.251,1800.0,4.5,10.7,DoS_attack
1697492308.767,46.738,1800.0,4.4,10.7,DoS_attack
1697492309.27,46.251,1800.0,3.5,10.7,DoS_attack
1697492309.772,45.277,1800.0,4.0,10.7,DoS_attack
1697492310.276,45.764,1100.0,4.5,10.7,DoS_attack
1697492310.779,46.738,1800.0,11.5,9.8,DoS_attack
1697492311.283,47.712,1800.0,30.8,10.5,DoS_attack
1697492311.786,46.738,1800.0,15.6,10.6,DoS_attack
1697492312.288,46.738,1800.0,3.0,10.6,DoS_attack
1697492312.791,45.277,1800.0,3.5,10.6,DoS_attack
1697492313.293,47.225,1800.0,3.5,10.6,DoS_attack
1697492313.796,46.738,1800.0,4.5,10.7,DoS_attack
1697492314.299,46.738,1800.0,3.0,10.7,DoS_attack
1697492314.801,45.764,1800.0,1.5,10.7,DoS_attack
1697492315.304,47.225,1800.0,2.5,10.7,DoS_attack
1697492315.808,45.764,800.0,3.0,10.7,DoS_attack
1697492316.312,45.764,1000.0,4.0,10.7,DoS_attack
1697492316.815,46.738,1800.0,16.0,10.2,DoS_attack
1697492317.318,47.225,1800.0,38.6,10.6,DoS_attack
1697492317.82,45.764,1800.0,4.0,10.7,DoS_attack
1697492318.323,46.738,1800.0,4.5,10.6,DoS_attack
1697492318.825,46.251,1800.0,3.0,10.6,DoS_attack
1697492319.328,45.764,1800.0,3.5,10.6,DoS_attack
1697492319.83,47.225,1800.0,4.0,10.6,DoS_attack
1697492320.333,46.251,1800.0,3.5,10.6,DoS_attack
1697492320.835,45.764,1800.0,3.0,10.6,DoS_attack
1697492321.338,46.738,1800.0,3.0,10.6,DoS_attack
1697492321.843,46.738,700.0,4.4,10.6,DoS_attack
1697492322.347,46.251,1000.0,4.5,10.6,DoS_attack
1697492322.849,47.225,1800.0,20.4,10.3,DoS_attack
1697492323.352,47.225,1800.0,35.5,10.7,DoS_attack
1697492323.855,46.738,1800.0,3.5,10.7,DoS_attack
1697492324.357,46.738,1800.0,4.5,10.7,DoS_attack
1697492324.86,46.738,1800.0,2.0,10.7,DoS_attack
1697492325.362,46.251,1800.0,3.5,10.7,DoS_attack
1697492325.865,46.738,1800.0,3.0,10.7,DoS_attack
1697492326.367,46.738,1800.0,0.0,10.7,DoS_attack
1697492326.87,46.738,1800.0,0.5,10.7,DoS_attack
1697492327.372,45.277,1800.0,0.0,10.7,DoS_attack
1697492327.876,45.764,925.0,6.5,10.7,DoS_attack
1697492328.382,46.251,600.0,9.9,10.7,DoS_attack
1697492328.885,45.277,1800.0,10.0,9.8,DoS_attack
1697492329.389,47.712,1800.0,29.0,10.5,DoS_attack
1697492329.892,47.712,1800.0,18.4,10.6,DoS_attack
1697492330.395,46.738,1800.0,3.5,10.6,DoS_attack
1697492330.897,46.738,1800.0,4.9,10.6,DoS_attack
1697492331.4,46.738,1800.0,3.5,10.6,DoS_attack
1697492331.902,45.764,1800.0,3.5,10.6,DoS_attack
1697492332.405,45.764,1800.0,3.9,10.7,DoS_attack
1697492332.907,46.738,1800.0,3.5,10.7,DoS_attack
1697492333.41,47.225,1800.0,4.5,10.7,DoS_attack
1697492333.915,46.251,700.0,4.0,10.7,DoS_attack
1697492334.42,46.251,600.0,4.5,10.7,DoS_attack
1697492334.925,45.764,700.0,5.9,10.7,DoS_attack
1697492335.428,47.712,1800.0,28.0,10.5,DoS_attack
1697492335.931,46.251,1800.0,26.2,10.6,DoS_attack
1697492336.433,46.738,1800.0,3.0,10.6,DoS_attack
1697492336.936,46.251,1800.0,3.0,10.6,DoS_attack
1697492337.438,45.764,1800.0,3.0,10.6,DoS_attack
1697492337.941,45.277,1800.0,3.0,10.6,DoS_attack
1697492338.444,47.225,1800.0,3.5,10.6,DoS_attack
1697492338.946,46.251,1800.0,4.0,10.6,DoS_attack
1697492339.449,46.251,1800.0,4.5,10.6,DoS_attack
1697492339.951,45.277,1800.0,3.5,10.6,DoS_attack
1697492340.457,46.251,600.0,4.9,10.6,DoS_attack
1697492340.962,45.277,800.0,4.0,10.6,DoS_attack
1697492341.465,46.251,1800.0,23.5,10.3,DoS_attack
1697492341.967,48.199,1800.0,33.3,10.6,DoS_attack
1697492342.47,46.738,1800.0,3.9,10.6,DoS_attack
1697492342.972,46.251,1800.0,3.5,10.6,DoS_attack
1697492343.475,46.738,1800.0,5.4,10.6,DoS_attack
1697492343.977,45.764,1800.0,3.5,10.6,DoS_attack
1697492344.48,46.738,1800.0,3.5,10.6,DoS_attack
1697492344.982,45.277,1800.0,3.0,10.6,DoS_attack
1697492345.485,46.251,1800.0,1.5,10.6,DoS_attack
1697492345.987,46.251,1800.0,1.5,10.6,DoS_attack
1697492346.493,45.764,600.0,4.0,10.6,DoS_attack
1697492346.999,46.251,600.0,5.4,10.6,DoS_attack
1697492347.502,45.764,1800.0,15.4,10.2,DoS_attack
1697492348.005,46.738,1800.0,37.2,10.5,DoS_attack
1697492348.507,46.738,1800.0,6.9,10.6,DoS_attack
1697492349.01,45.277,1800.0,3.5,10.6,DoS_attack
1697492349.512,45.277,1800.0,3.5,10.6,DoS_attack
1697492350.015,47.225,1800.0,4.0,10.6,DoS_attack
1697492350.517,46.738,1800.0,4.0,10.6,DoS_attack
1697492351.02,45.764,1800.0,3.4,10.6,DoS_attack
1697492351.522,45.764,1800.0,3.5,10.6,DoS_attack
1697492352.025,46.251,1800.0,4.0,10.6,DoS_attack
1697492352.53,46.251,700.0,2.5,10.6,DoS_attack
1697492353.035,46.251,600.0,4.9,10.6,DoS_attack
1697492353.538,46.738,1800.0,21.4,10.3,DoS_attack
1697492354.041,46.738,1800.0,34.0,10.6,DoS_attack
1697492354.544,46.251,1800.0,3.5,10.6,DoS_attack
1697492355.046,46.738,1800.0,2.5,10.6,DoS_attack
1697492355.549,46.251,1800.0,3.5,10.6,DoS_attack
1697492356.051,45.277,1800.0,4.0,10.6,DoS_attack
1697492356.554,45.764,1800.0,2.5,10.6,DoS_attack
1697492357.056,46.251,1800.0,2.0,10.6,DoS_attack
1697492357.559,47.225,1800.0,3.0,10.6,DoS_attack
1697492358.061,46.251,1800.0,4.0,10.6,DoS_attack
1697492358.567,45.764,600.0,4.9,10.6,DoS_attack
1697492359.072,47.225,600.0,3.5,10.7,DoS_attack
1697492359.575,46.738,1800.0,14.4,10.1,DoS_attack
1697492360.078,46.738,1800.0,37.0,10.5,DoS_attack
1697492360.581,47.225,1800.0,6.5,10.6,DoS_attack
1697492361.083,46.738,1800.0,2.5,10.6,DoS_attack
1697492361.586,46.251,1800.0,4.0,10.6,DoS_attack
1697492362.088,46.738,1800.0,3.5,10.6,DoS_attack
1697492362.591,46.251,1800.0,3.5,10.6,DoS_attack
1697492363.093,45.764,1800.0,3.0,10.6,DoS_attack
1697492363.596,45.764,1800.0,4.0,10.6,DoS_attack
1697492364.098,45.277,1800.0,4.0,10.6,DoS_attack
1697492364.603,46.738,700.0,3.0,10.6,DoS_attack
1697492365.109,45.764,600.0,4.5,10.6,DoS_attack
1697492365.611,45.277,1800.0,8.5,10.5,DoS_attack
1697492366.115,46.738,1800.0,30.5,10.5,DoS_attack
1697492366.617,47.225,1800.0,21.9,10.6,DoS_attack
1697492367.12,46.738,1800.0,3.5,10.6,DoS_attack
1697492367.622,46.251,1800.0,3.0,10.6,DoS_attack
1697492368.125,45.764,1800.0,4.0,10.7,DoS_attack
1697492368.627,46.251,1800.0,4.0,10.6,DoS_attack
1697492369.13,46.738,1800.0,4.0,10.6,DoS_attack
1697492369.633,45.764,1800.0,4.0,10.7,DoS_attack
1697492370.135,45.764,1800.0,4.0,10.7,DoS_attack
1697492370.64,46.251,700.0,3.5,10.6,DoS_attack
1697492371.145,46.738,600.0,5.4,10.6,DoS_attack
1697492371.648,46.251,1800.0,13.0,10.1,DoS_attack
1697492372.152,47.712,1800.0,36.1,10.6,DoS_attack
1697492372.655,46.738,1800.0,10.8,10.6,DoS_attack
1697492373.158,46.738,1800.0,4.0,10.6,DoS_attack
1697492373.661,47.225,1800.0,3.5,10.6,DoS_attack
1697492374.164,46.251,1800.0,4.5,10.6,DoS_attack
1697492374.667,46.738,1800.0,3.9,10.6,DoS_attack
1697492375.17,46.251,1800.0,4.0,10.6,DoS_attack
1697492375.672,47.712,1800.0,3.5,10.6,DoS_attack
1697492376.175,46.251,1800.0,5.0,10.6,DoS_attack
1697492376.68,46.251,700.0,3.4,10.6,DoS_attack
1697492377.186,46.251,600.0,5.0,10.6,DoS_attack
1697492377.693,45.764,600.0,6.4,10.6,DoS_attack
1697492378.196,47.225,1800.0,32.5,10.4,DoS_attack
1697492378.699,47.225,1800.0,22.9,10.6,DoS_attack
1697492379.201,47.225,1800.0,3.0,10.6,DoS_attack
1697492379.704,46.738,1800.0,3.0,10.6,DoS_attack
1697492380.206,47.712,1800.0,4.5,10.6,DoS_attack
1697492380.709,46.738,1800.0,3.0,10.6,DoS_attack
1697492381.212,46.738,1800.0,3.5,10.6,DoS_attack
1697492381.714,46.251,1800.0,3.0,10.6,DoS_attack
1697492382.217,46.738,1800.0,4.0,10.6,DoS_attack
1697492382.72,46.738,1800.0,3.9,10.6,DoS_attack
1697492383.225,45.764,700.0,5.9,10.6,DoS_attack
1697492383.727,46.738,1800.0,11.0,9.9,DoS_attack
1697492384.231,47.712,1800.0,32.8,10.6,DoS_attack
1697492384.734,47.225,1800.0,14.1,10.6,DoS_attack
1697492385.236,45.764,1800.0,2.0,10.6,DoS_attack
1697492385.739,47.225,1800.0,4.0,10.6,DoS_attack
1697492386.241,47.225,1800.0,1.5,10.6,DoS_attack
1697492386.744,46.251,1800.0,3.5,10.6,DoS_attack
1697492387.246,46.738,1800.0,2.5,10.6,DoS_attack
1697492387.749,45.764,1800.0,1.5,10.6,DoS_attack
1697492388.252,47.225,1800.0,4.0,10.6,DoS_attack
1697492388.757,46.738,700.0,5.9,10.6,DoS_attack
1697492389.262,46.738,900.0,3.0,10.6,DoS_attack
1697492389.768,47.225,700.0,4.0,10.6,DoS_attack
1697492390.271,46.251,1800.0,31.2,10.4,DoS_attack
1697492390.774,46.738,1800.0,25.2,10.6,DoS_attack
1697492391.276,45.764,1800.0,3.5,10.6,DoS_attack
1697492391.779,47.225,1800.0,3.0,10.6,DoS_attack
1697492392.281,46.251,1800.0,4.0,10.6,DoS_attack
1697492392.784,46.738,1800.0,5.0,10.6,DoS_attack
1697492393.287,45.764,1800.0,4.5,10.6,DoS_attack
1697492393.789,46.251,1800.0,2.5,10.6,DoS_attack
1697492394.292,46.251,1800.0,3.0,10.6,DoS_attack
1697492394.794,46.251,1800.0,4.0,10.6,DoS_attack
1697492395.298,47.225,1100.0,5.4,10.6,DoS_attack
1697492395.801,46.251,1800.0,8.5,9.5,DoS_attack
1697492396.303,47.225,1800.0,28.7,10.4,DoS_attack
1697492396.806,47.225,1800.0,19.6,10.6,DoS_attack
1697492397.309,46.738,1800.0,4.0,10.6,DoS_attack
1697492397.811,46.738,1800.0,3.0,10.6,DoS_attack
1697492398.314,45.764,1800.0,3.5,10.6,DoS_attack
1697492398.816,45.764,1800.0,2.5,10.6,DoS_attack
1697492399.319,46.251,1800.0,3.9,10.6,DoS_attack
1697492399.821,46.251,1800.0,2.5,10.6,DoS_attack
1697492400.324,46.251,1800.0,3.0,10.6,DoS_attack
1697492400.829,46.251,700.0,2.5,10.6,DoS_attack
1697492401.333,46.251,1000.0,6.9,10.6,DoS_attack
1697492401.835,46.738,1800.0,14.1,10.2,DoS_attack
1697492402.338,47.225,1800.0,37.3,10.5,DoS_attack
1697492402.841,46.738,1800.0,5.0,10.6,DoS_attack
1697492403.343,46.251,1800.0,5.0,10.6,DoS_attack
1697492403.846,46.738,1800.0,4.5,10.6,DoS_attack
1697492404.348,46.251,1800.0,3.5,10.6,DoS_attack
1697492404.851,47.225,1800.0,3.5,10.6,DoS_attack
1697492405.354,46.251,1800.0,3.5,10.6,DoS_attack
1697492405.856,46.738,1800.0,4.5,10.6,DoS_attack
1697492406.359,45.764,1800.0,4.0,10.6,DoS_attack
1697492406.863,46.251,800.0,4.0,10.6,DoS_attack
1697492407.368,46.251,900.0,4.0,10.6,DoS_attack
1697492407.871,46.251,1800.0,20.5,10.2,DoS_attack
1697492408.373,47.225,1800.0,35.7,10.6,DoS_attack
1697492408.876,46.251,1800.0,3.5,10.6,DoS_attack
1697492409.378,45.764,1800.0,4.0,10.6,DoS_attack
1697492409.881,46.251,1800.0,4.5,10.6,DoS_attack
1697492410.383,46.251,1800.0,3.0,10.6,DoS_attack
1697492410.886,45.764,1800.0,2.5,10.6,DoS_attack
1697492411.389,45.764,1800.0,3.0,10.6,DoS_attack
1697492411.891,45.764,1800.0,4.5,10.6,DoS_attack
1697492412.394,45.764,1800.0,3.5,10.6,DoS_attack
1697492412.899,45.277,800.0,4.4,10.6,DoS_attack
1697492413.403,45.277,1000.0,6.0,10.6,DoS_attack
1697492413.905,46.738,1800.0,12.5,10.0,DoS_attack
1697492414.408,48.199,1800.0,38.5,10.5,DoS_attack
1697492414.911,46.738,1800.0,6.9,10.6,DoS_attack
1697492415.413,46.738,1800.0,2.5,10.6,DoS_attack
1697492415.916,47.225,1800.0,3.5,10.6,DoS_attack
1697492416.419,46.738,1800.0,3.5,10.6,DoS_attack
1697492416.921,46.251,1800.0,4.0,10.6,DoS_attack
1697492417.424,46.738,1800.0,3.0,10.6,DoS_attack
1697492417.926,46.738,1800.0,4.0,10.6,DoS_attack
1697492418.429,46.251,1800.0,5.9,10.6,DoS_attack
1697492418.934,45.277,600.0,3.0,10.6,DoS_attack
1697492419.439,45.764,700.0,4.0,10.6,DoS_attack
1697492419.942,46.251,1800.0,19.9,10.2,DoS_attack
1697492420.445,46.738,1800.0,37.0,10.5,DoS_attack
1697492420.947,47.225,1800.0,3.0,10.5,DoS_attack
1697492421.45,46.738,1800.0,4.4,10.5,DoS_attack
1697492421.952,45.764,1800.0,3.0,10.5,DoS_attack
1697492422.455,46.738,1800.0,3.5,10.5,DoS_attack
1697492422.958,46.251,1800.0,4.0,10.5,DoS_attack
1697492423.461,47.225,1800.0,4.0,10.5,DoS_attack
1697492423.964,46.251,1800.0,2.5,10.5,DoS_attack
1697492424.466,45.764,1800.0,3.5,10.5,DoS_attack
1697492424.972,45.764,600.0,4.0,10.5,DoS_attack
1697492425.478,45.764,600.0,4.5,10.5,DoS_attack
1697492425.983,46.251,1000.0,12.3,9.6,DoS_attack
1697492426.489,48.199,1800.0,31.3,10.5,DoS_attack
1697492426.992,45.764,1800.0,16.4,10.6,DoS_attack
1697492427.495,46.251,1800.0,3.5,10.6,DoS_attack
1697492427.997,45.764,1800.0,3.5,10.6,DoS_attack
1697492428.5,46.251,1800.0,4.0,10.6,DoS_attack
1697492429.002,46.738,1800.0,4.5,10.6,DoS_attack
1697492429.505,46.251,1800.0,4.0,10.6,DoS_attack
1697492430.007,47.225,1800.0,3.5,10.6,DoS_attack
1697492430.51,46.738,1800.0,3.5,10.6,DoS_attack
1697492431.014,46.251,700.0,4.0,10.6,DoS_attack
1697492431.52,44.79,600.0,4.0,10.6,DoS_attack
1697492432.026,45.764,600.0,3.5,10.5,DoS_attack
1697492432.529,47.225,1800.0,28.7,10.4,DoS_attack
1697492433.031,46.738,1800.0,26.5,10.6,DoS_attack
1697492433.534,46.738,1800.0,3.5,10.6,DoS_attack
1697492434.036,46.251,1800.0,3.0,10.6,DoS_attack
1697492434.539,46.738,1800.0,3.0,10.6,DoS_attack
1697492435.041,45.764,1800.0,3.5,10.6,DoS_attack
1697492435.544,46.251,1800.0,3.5,10.6,DoS_attack
1697492436.047,46.251,1800.0,4.0,10.6,DoS_attack
1697492436.549,45.764,1800.0,3.0,10.6,DoS_attack
1697492437.052,46.738,1800.0,4.0,10.6,DoS_attack
1697492437.557,45.764,600.0,4.5,10.6,DoS_attack
1697492438.062,44.79,700.0,8.9,10.1,DoS_attack
1697492438.566,46.738,1800.0,28.9,10.5,DoS_attack
1697492439.069,46.251,1800.0,22.1,10.6,DoS_attack
1697492439.571,46.738,1800.0,2.5,10.6,DoS_attack
1697492440.074,45.764,1800.0,3.5,10.6,DoS_attack
1697492440.576,44.79,1800.0,1.5,10.6,DoS_attack
1697492441.079,46.251,1800.0,3.5,10.6,DoS_attack
1697492441.581,46.738,1800.0,2.0,10.6,DoS_attack
1697492442.084,45.764,1800.0,3.0,10.6,DoS_attack
1697492442.587,45.764,1800.0,3.5,10.6,DoS_attack
1697492443.09,45.764,1800.0,3.0,10.6,DoS_attack
1697492443.595,45.277,600.0,5.9,10.6,DoS_attack
1697492444.101,45.764,600.0,5.0,10.6,DoS_attack
1697492444.605,46.738,1800.0,25.0,10.3,DoS_attack
1697492445.108,46.738,1800.0,29.6,10.6,DoS_attack
1697492445.61,45.764,1800.0,4.5,10.6,DoS_attack
1697492446.113,46.738,1800.0,1.5,10.6,DoS_attack
1697492446.615,46.738,1800.0,2.5,10.6,DoS_attack
1697492447.118,45.764,1800.0,3.5,10.6,DoS_attack
1697492447.62,46.251,1800.0,4.5,10.6,DoS_attack
1697492448.123,45.764,1800.0,4.0,10.6,DoS_attack
1697492448.626,45.764,1800.0,4.5,10.6,DoS_attack
1697492449.128,45.764,1800.0,3.9,10.6,DoS_attack
1697492449.634,45.764,600.0,4.5,10.6,DoS_attack
1697492450.139,46.251,600.0,3.0,10.6,DoS_attack
1697492450.642,45.764,1800.0,17.0,10.2,DoS_attack
1697492451.145,46.738,1800.0,34.8,10.5,DoS_attack
1697492451.647,47.712,1800.0,4.0,10.6,DoS_attack
1697492452.15,45.764,1800.0,3.5,10.6,DoS_attack
1697492452.653,45.764,1800.0,2.5,10.6,DoS_attack
1697492453.155,46.738,1800.0,4.9,10.6,DoS_attack
1697492453.658,47.225,1800.0,4.0,10.6,DoS_attack
1697492454.16,45.764,1800.0,3.0,10.6,DoS_attack
1697492454.663,45.764,1800.0,3.5,10.6,DoS_attack
1697492455.166,45.764,1800.0,3.9,10.6,DoS_attack
1697492455.672,44.79,600.0,5.0,10.6,DoS_attack
1697492456.178,45.764,600.0,5.4,10.6,DoS_attack
1697492456.681,46.738,1800.0,13.9,10.1,DoS_attack
1697492457.185,47.712,1800.0,35.8,10.6,DoS_attack
1697492457.687,46.251,1800.0,10.9,10.6,DoS_attack
1697492458.19,48.199,1800.0,4.0,10.6,DoS_attack
1697492458.692,47.225,1800.0,4.4,10.6,DoS_attack
1697492459.195,47.225,1800.0,4.0,10.6,DoS_attack
1697492459.698,46.738,1800.0,3.5,10.6,DoS_attack
1697492460.2,48.199,1800.0,3.5,10.6,DoS_attack
1697492460.703,46.738,1800.0,3.0,10.6,DoS_attack
1697492461.205,47.712,1800.0,4.0,10.7,DoS_attack
1697492461.709,46.738,800.0,5.4,10.6,DoS_attack
1697492462.215,46.251,600.0,4.9,10.7,DoS_attack
1697492462.721,45.764,600.0,4.9,10.6,DoS_attack
1697492463.224,46.738,1800.0,30.3,10.4,DoS_attack
1697492463.726,47.712,1800.0,25.5,10.6,DoS_attack
1697492464.229,46.738,1800.0,3.0,10.6,DoS_attack
1697492464.731,45.764,1800.0,3.0,10.6,DoS_attack
1697492465.234,46.738,1800.0,5.4,10.6,DoS_attack
1697492465.736,46.738,1800.0,3.9,10.6,DoS_attack
1697492466.239,46.738,1800.0,3.0,10.6,DoS_attack
1697492466.741,46.738,1800.0,3.0,10.6,DoS_attack
1697492467.244,45.764,1800.0,4.0,10.6,DoS_attack
1697492467.747,45.764,1800.0,4.0,10.6,DoS_attack
1697492468.25,45.277,1100.0,5.5,10.7,DoS_attack
1697492468.755,45.764,700.0,5.0,10.7,DoS_attack
1697492469.258,45.764,1800.0,21.4,10.2,DoS_attack
1697492469.761,46.251,1800.0,33.0,10.6,DoS_attack
1697492470.263,47.225,1800.0,3.0,10.6,DoS_attack
1697492470.766,46.738,1800.0,3.5,10.6,DoS_attack
1697492471.268,45.764,1800.0,3.5,10.6,DoS_attack
1697492471.771,46.738,1800.0,4.5,10.6,DoS_attack
1697492472.273,46.251,1800.0,3.5,10.6,DoS_attack
1697492472.776,46.738,1800.0,4.0,10.6,DoS_attack
1697492473.278,45.764,1800.0,4.0,10.6,DoS_attack
1697492473.781,46.251,1800.0,4.0,10.6,DoS_attack
1697492474.285,45.764,900.0,2.5,10.6,DoS_attack
1697492474.789,46.251,900.0,3.5,10.7,DoS_attack
1697492475.291,46.738,1800.0,17.3,10.1,DoS_attack
1697492475.795,47.225,1800.0,35.8,10.5,DoS_attack
1697492476.297,46.251,1800.0,6.0,10.6,DoS_attack
1697492476.8,46.251,1800.0,4.0,10.6,DoS_attack
1697492477.302,45.764,1800.0,4.0,10.6,DoS_attack
1697492477.805,45.764,1800.0,3.0,10.6,DoS_attack
1697492478.307,46.738,1800.0,5.0,10.6,DoS_attack
1697492478.81,45.764,1800.0,3.5,10.6,DoS_attack
1697492479.312,46.251,1800.0,3.9,10.6,DoS_attack
1697492479.815,46.738,1800.0,3.5,10.6,DoS_attack
1697492480.319,45.764,800.0,4.0,10.6,DoS_attack
1697492480.823,46.738,1000.0,4.5,10.6,DoS_attack
1697492481.326,45.764,1800.0,19.4,10.2,DoS_attack
1697492481.829,47.225,1800.0,34.2,10.5,DoS_attack
1697492482.331,46.738,1800.0,2.5,10.5,DoS_attack
1697492482.834,46.251,1800.0,3.5,10.6,DoS_attack
1697492483.336,46.251,1800.0,4.5,10.6,DoS_attack
1697492483.839,45.764,1800.0,2.5,10.6,DoS_attack
1697492484.341,46.738,1800.0,3.0,10.6,DoS_attack
1697492484.844,46.738,1800.0,3.0,10.6,DoS_attack
1697492485.346,46.251,1800.0,3.0,10.6,DoS_attack
1697492485.849,46.251,1800.0,3.0,10.6,DoS_attack
1697492486.353,45.764,1000.0,4.0,10.6,DoS_attack
1697492486.857,46.738,800.0,5.4,10.6,DoS_attack
1697492487.361,45.764,1800.0,12.0,9.9,DoS_attack
1697492487.864,47.712,1800.0,32.3,10.5,DoS_attack
1697492488.366,46.738,1800.0,14.5,10.6,DoS_attack
1697492488.869,46.251,1800.0,5.4,10.6,DoS_attack
1697492489.371,46.738,1800.0,3.0,10.6,DoS_attack
1697492489.874,46.251,1800.0,3.0,10.6,DoS_attack
1697492490.376,46.738,1800.0,3.0,10.6,DoS_attack
1697492490.879,47.712,1800.0,4.5,10.6,DoS_attack
1697492491.381,46.251,1800.0,3.5,10.6,DoS_attack
1697492491.884,46.738,1800.0,3.5,10.6,DoS_attack
1697492492.389,46.251,700.0,3.4,10.6,DoS_attack
1697492492.893,46.251,800.0,5.0,10.7,DoS_attack
1697492493.396,46.251,1800.0,17.9,10.1,DoS_attack
1697492493.899,46.738,1800.0,37.8,10.5,DoS_attack
1697492494.402,46.251,1800.0,4.0,10.6,DoS_attack
1697492494.904,46.738,1800.0,3.5,10.6,DoS_attack
1697492495.407,46.251,1800.0,4.5,10.6,DoS_attack
1697492495.909,46.738,1800.0,3.5,10.6,DoS_attack
1697492496.412,46.738,1800.0,3.0,10.6,DoS_attack
1697492496.914,46.251,1800.0,3.9,10.6,DoS_attack
1697492497.417,46.738,1800.0,4.0,10.6,DoS_attack
1697492497.92,46.251,1800.0,3.0,10.6,DoS_attack
1697492498.424,46.738,700.0,4.5,10.6,DoS_attack
1697492498.93,45.764,700.0,3.5,10.6,DoS_attack
1697492499.434,46.738,1100.0,12.3,9.6,DoS_attack
1697492499.938,45.764,1800.0,28.1,10.4,DoS_attack
1697492500.44,46.738,1800.0,19.9,10.6,DoS_attack
1697492500.943,45.764,1800.0,3.5,10.6,DoS_attack
1697492501.445,46.251,1800.0,4.5,10.6,DoS_attack
1697492501.948,47.225,1800.0,3.5,10.6,DoS_attack
1697492502.451,46.251,1800.0,3.5,10.6,DoS_attack
1697492502.953,46.251,1800.0,3.0,10.6,DoS_attack
1697492503.456,47.225,1800.0,3.5,10.6,DoS_attack
1697492503.958,46.738,1800.0,4.4,10.6,DoS_attack
1697492504.461,46.251,1800.0,4.0,10.6,DoS_attack
1697492504.966,45.764,600.0,4.0,10.6,DoS_attack
1697492505.472,45.277,600.0,3.9,10.6,DoS_attack
1697492505.976,46.738,1800.0,26.9,10.5,DoS_attack
1697492506.479,46.251,1800.0,26.9,10.6,DoS_attack
1697492506.981,46.738,1800.0,3.0,10.6,DoS_attack
1697492507.484,46.251,1800.0,2.5,10.6,DoS_attack
1697492507.986,45.764,1800.0,1.0,10.6,DoS_attack
1697492508.489,45.764,1800.0,5.5,10.6,DoS_attack
1697492508.991,45.764,1800.0,3.5,10.6,DoS_attack
1697492509.494,45.764,1800.0,3.0,10.6,DoS_attack
1697492509.996,46.251,1800.0,3.0,10.6,DoS_attack
1697492510.499,45.764,1800.0,4.0,10.7,DoS_attack
1697492511.005,45.277,600.0,4.0,10.7,DoS_attack
1697492511.511,46.251,600.0,5.4,10.6,DoS_attack
1697492512.014,46.251,1800.0,21.3,10.2,DoS_attack
1697492512.516,46.738,1800.0,32.0,10.6,DoS_attack
1697492513.019,46.251,1800.0,4.5,10.6,DoS_attack
1697492513.522,46.738,1800.0,5.0,10.6,DoS_attack
1697492514.024,46.251,1800.0,3.0,10.6,DoS_attack
1697492514.527,46.738,1800.0,3.9,10.6,DoS_attack
1697492515.029,45.764,1800.0,3.5,10.7,DoS_attack
1697492515.531,45.764,1800.0,4.0,10.7,DoS_attack
1697492516.034,45.277,1800.0,3.0,10.7,DoS_attack
1697492516.536,45.764,1800.0,3.5,10.7,DoS_attack
1697492517.042,45.764,600.0,4.9,10.7,DoS_attack
1697492517.548,45.277,600.0,4.5,10.7,DoS_attack
1697492518.05,45.764,1800.0,15.9,10.3,DoS_attack
1697492518.553,47.712,1800.0,37.9,10.6,DoS_attack
1697492519.056,47.225,1800.0,5.0,10.6,DoS_attack
1697492519.559,46.251,1800.0,3.5,10.6,DoS_attack
1697492520.061,46.251,1800.0,3.5,10.6,DoS_attack
1697492520.564,46.251,1800.0,4.0,10.6,DoS_attack
1697492521.066,45.764,1800.0,4.5,10.6,DoS_attack
1697492521.569,46.251,1800.0,3.0,10.6,DoS_attack
1697492522.071,45.764,1800.0,2.5,10.6,DoS_attack
1697492522.574,46.251,1800.0,3.4,10.6,DoS_attack
1697492523.079,46.251,600.0,3.5,10.6,DoS_attack
1697492523.585,45.764,600.0,4.4,10.6,DoS_attack
1697492524.088,46.251,1800.0,10.4,9.6,DoS_attack
1697492524.592,46.738,1800.0,28.9,10.5,DoS_attack
1697492525.095,46.251,1800.0,18.9,10.6,DoS_attack
1697492525.597,47.225,1800.0,3.0,10.6,DoS_attack
1697492526.1,45.277,1800.0,4.4,10.6,DoS_attack
1697492526.602,45.764,1800.0,3.0,10.6,DoS_attack
1697492527.105,46.738,1800.0,2.5,10.6,DoS_attack
1697492527.607,46.251,1800.0,3.5,10.6,DoS_attack
1697492528.11,46.738,1800.0,2.5,10.6,DoS_attack
1697492528.613,46.738,1800.0,4.0,10.6,DoS_attack
1697492529.117,45.277,700.0,3.5,10.6,DoS_attack
1697492529.623,45.764,600.0,4.9,10.6,DoS_attack
1697492530.127,45.764,1800.0,15.5,10.2,DoS_attack
1697492530.63,46.738,1800.0,36.7,10.6,DoS_attack
1697492531.132,46.738,1800.0,5.0,10.7,DoS_attack
1697492531.635,46.251,1800.0,4.0,10.7,DoS_attack
1697492532.137,46.251,1800.0,3.0,10.7,DoS_attack
1697492532.64,46.251,1800.0,3.5,10.7,DoS_attack
1697492533.142,46.251,1800.0,3.0,10.7,DoS_attack
1697492533.645,45.764,1800.0,5.4,10.7,DoS_attack
1697492534.147,46.738,1800.0,4.0,10.6,DoS_attack
1697492534.65,46.738,1800.0,3.0,10.6,DoS_attack
1697492535.155,46.251,700.0,4.0,10.6,DoS_attack
1697492535.661,44.79,600.0,5.4,10.6,DoS_attack
1697492536.17,45.277,800.0,8.9,10.1,DoS_attack
1697492536.674,47.225,1800.0,29.4,10.5,DoS_attack
1697492537.176,46.738,1800.0,21.5,10.7,DoS_attack
1697492537.679,46.738,1800.0,4.5,10.7,DoS_attack
1697492538.182,46.251,1800.0,3.5,10.7,DoS_attack
1697492538.684,47.225,1800.0,3.5,10.7,DoS_attack
1697492539.187,46.251,1800.0,3.5,10.7,DoS_attack
1697492539.69,46.251,1800.0,3.0,10.7,DoS_attack
1697492540.192,45.764,1800.0,5.9,10.7,DoS_attack
1697492540.695,46.251,1800.0,3.0,10.6,DoS_attack
1697492541.197,45.764,1800.0,4.0,10.7,DoS_attack
1697492541.702,44.79,700.0,5.0,10.7,DoS_attack
1697492542.206,46.251,900.0,5.0,10.7,DoS_attack
1697492542.71,47.225,1800.0,26.7,10.4,DoS_attack
1697492543.212,47.712,1800.0,29.1,10.6,DoS_attack
1697492543.715,46.251,1800.0,3.5,10.6,DoS_attack
1697492544.218,46.251,1800.0,4.4,10.6,DoS_attack
1697492544.72,46.738,1800.0,2.5,10.6,DoS_attack
1697492545.223,46.738,1800.0,4.5,10.6,DoS_attack
1697492545.725,45.764,1800.0,3.5,10.6,DoS_attack
1697492546.228,46.738,1800.0,2.5,10.6,DoS_attack
1697492546.73,46.251,1800.0,3.5,10.6,DoS_attack
1697492547.233,46.251,1800.0,4.5,10.6,DoS_attack
1697492547.739,46.251,600.0,4.5,10.6,DoS_attack
1697492548.243,46.251,800.0,5.9,10.6,DoS_attack
1697492548.746,46.738,1800.0,18.6,10.2,DoS_attack
1697492549.249,48.199,1800.0,37.0,10.6,DoS_attack
1697492549.751,46.251,1800.0,3.0,10.6,DoS_attack
1697492550.254,46.738,1800.0,4.5,10.6,DoS_attack
1697492550.757,46.251,1800.0,2.5,10.6,DoS_attack
1697492551.259,46.251,1800.0,4.0,10.6,DoS_attack
1697492551.762,45.764,1800.0,3.0,10.6,DoS_attack
1697492552.264,45.764,1800.0,3.0,10.6,DoS_attack
1697492552.767,46.251,1800.0,4.0,10.6,DoS_attack
1697492553.269,45.764,1800.0,5.4,10.6,DoS_attack
1697492553.774,46.251,800.0,4.9,10.6,DoS_attack
1697492554.278,45.764,800.0,5.0,10.6,DoS_attack
1697492554.782,45.277,1800.0,12.0,9.8,DoS_attack
1697492555.286,46.738,1800.0,31.3,10.5,DoS_attack
1697492555.789,45.764,1800.0,9.5,10.6,DoS_attack
1697492556.291,46.738,1800.0,4.5,10.6,DoS_attack
1697492556.794,46.251,1800.0,3.5,10.6,DoS_attack
1697492557.296,46.738,1800.0,4.0,10.6,DoS_attack
1697492557.799,47.712,1800.0,4.5,10.6,DoS_attack
1697492558.301,46.251,1800.0,4.0,10.6,DoS_attack
1697492558.804,47.225,1800.0,3.5,10.6,DoS_attack
1697492559.307,46.251,1800.0,3.5,10.6,DoS_attack
1697492559.811,45.764,700.0,3.5,10.6,DoS_attack
1697492560.316,45.764,1000.0,5.4,10.7,DoS_attack
1697492560.819,46.251,1800.0,16.0,10.2,DoS_attack
1697492561.322,47.225,1800.0,37.3,10.5,DoS_attack
1697492561.824,46.738,1800.0,5.5,10.6,DoS_attack
1697492562.327,45.277,1800.0,3.0,10.6,DoS_attack
1697492562.83,45.764,1800.0,4.0,10.6,DoS_attack
1697492563.332,46.738,1800.0,3.0,10.6,DoS_attack
1697492563.835,46.251,1800.0,4.0,10.6,DoS_attack
1697492564.337,46.251,1800.0,2.0,10.6,DoS_attack
1697492564.84,47.225,1800.0,3.0,10.6,DoS_attack
1697492565.342,46.738,1800.0,1.5,10.6,DoS_attack
1697492565.848,44.79,600.0,3.5,10.6,DoS_attack
1697492566.352,46.251,800.0,4.0,10.6,DoS_attack
1697492566.855,46.738,1800.0,20.8,10.2,DoS_attack
1697492567.358,46.251,1800.0,32.0,10.6,DoS_attack
1697492567.86,46.738,1800.0,2.5,10.6,DoS_attack
1697492568.364,46.251,1800.0,4.0,10.6,DoS_attack
1697492568.866,47.225,1800.0,4.5,10.6,DoS_attack
1697492569.369,45.764,1800.0,2.5,10.6,DoS_attack
1697492569.871,46.738,1800.0,3.5,10.6,DoS_attack
1697492570.374,46.251,1800.0,3.5,10.6,DoS_attack
1697492570.877,46.738,1800.0,4.0,10.6,DoS_attack
1697492571.379,45.764,1800.0,3.5,10.6,DoS_attack
1697492571.885,46.251,600.0,4.5,10.6,DoS_attack
1697492572.389,44.79,800.0,5.9,10.6,DoS_attack
1697492572.892,46.251,1800.0,24.9,10.3,DoS_attack
1697492573.395,47.225,1800.0,28.8,10.6,DoS_attack
1697492573.897,46.251,1800.0,3.5,10.6,DoS_attack
1697492574.4,46.251,1800.0,5.0,10.6,DoS_attack
1697492574.902,47.225,1800.0,4.0,10.6,DoS_attack
1697492575.405,46.738,1800.0,3.5,10.6,DoS_attack
1697492575.907,46.738,1800.0,3.0,10.6,DoS_attack
1697492576.41,45.764,1800.0,4.0,10.6,DoS_attack
1697492576.913,46.738,1800.0,2.5,10.6,DoS_attack
1697492577.415,46.251,1800.0,3.5,10.6,DoS_attack
1697492577.92,45.764,700.0,5.4,10.6,DoS_attack
1697492578.426,46.251,800.0,7.9,10.5,DoS_attack
1697492578.929,46.251,1800.0,28.5,10.5,DoS_attack
1697492579.431,46.738,1800.0,22.9,10.6,DoS_attack
1697492579.934,46.738,1800.0,3.5,10.6,DoS_attack
1697492580.437,47.225,1800.0,4.5,10.6,DoS_attack
1697492580.939,46.251,1800.0,3.0,10.6,DoS_attack
1697492581.442,46.738,1800.0,4.0,10.6,DoS_attack
1697492581.944,46.738,1800.0,3.5,10.6,DoS_attack
1697492582.447,46.738,1800.0,3.5,10.7,DoS_attack
1697492582.949,46.738,1800.0,4.0,10.7,DoS_attack
1697492583.452,45.764,1800.0,3.5,10.7,DoS_attack
1697492583.957,46.251,600.0,4.9,10.7,DoS_attack
1697492584.46,46.251,1800.0,12.4,10.0,DoS_attack
1697492584.964,47.225,1800.0,34.7,10.5,DoS_attack
1697492585.466,46.738,1800.0,11.4,10.6,DoS_attack
1697492585.969,47.225,1800.0,3.5,10.6,DoS_attack
1697492586.472,45.764,1800.0,2.5,10.6,DoS_attack
1697492586.974,46.251,1800.0,3.5,10.6,DoS_attack
1697492587.477,46.738,1800.0,3.5,10.6,DoS_attack
1697492587.979,46.251,1800.0,3.5,10.6,DoS_attack
1697492588.482,46.251,1800.0,3.5,10.6,DoS_attack
1697492588.984,46.738,1800.0,4.5,10.6,DoS_attack
1697492589.489,46.251,700.0,3.5,10.6,DoS_attack
1697492589.994,46.251,700.0,5.4,10.6,DoS_attack
1697492590.497,46.251,1800.0,17.1,10.2,DoS_attack
1697492591.0,46.251,1800.0,37.3,10.6,DoS_attack
1697492591.502,46.738,1800.0,3.5,10.6,DoS_attack
1697492592.005,46.251,1800.0,1.5,10.6,DoS_attack
1697492592.508,45.764,1800.0,4.0,10.6,DoS_attack
1697492593.01,46.251,1800.0,3.9,10.6,DoS_attack
1697492593.513,45.764,1800.0,3.5,10.6,DoS_attack
1697492594.015,47.225,1800.0,3.4,10.6,DoS_attack
1697492594.518,45.277,1800.0,3.5,10.6,DoS_attack
1697492595.02,46.251,1800.0,3.0,10.6,DoS_attack
1697492595.526,44.79,600.0,4.4,10.6,DoS_attack
1697492596.032,46.251,600.0,4.5,10.6,DoS_attack
1697492596.535,46.251,1800.0,13.9,9.9,DoS_attack
1697492597.039,47.225,1800.0,36.1,10.5,DoS_attack
1697492597.542,46.251,1800.0,10.0,10.5,DoS_attack
1697492598.044,46.738,1800.0,2.5,10.5,DoS_attack
1697492598.547,47.225,1800.0,4.5,10.5,DoS_attack
1697492599.049,45.764,1800.0,2.5,10.5,DoS_attack
1697492599.552,45.764,1800.0,4.0,10.6,DoS_attack
1697492600.054,45.764,1800.0,4.9,10.6,DoS_attack
1697492600.557,45.764,1800.0,3.0,10.6,DoS_attack
1697492601.06,46.251,1800.0,3.0,10.6,DoS_attack
1697492601.564,45.764,700.0,3.5,10.6,DoS_attack
1697492602.07,45.764,600.0,5.9,10.6,DoS_attack
1697492602.576,46.251,600.0,5.0,10.5,DoS_attack
1697492603.079,46.738,1800.0,28.9,10.5,DoS_attack
1697492603.582,47.225,1800.0,24.1,10.6,DoS_attack
1697492604.084,46.251,1800.0,3.5,10.6,DoS_attack
1697492604.589,46.251,1800.0,3.0,10.6,DoS_attack
1697492605.092,46.251,1800.0,4.0,10.6,DoS_attack
1697492605.594,47.225,1800.0,3.9,10.6,DoS_attack
1697492606.097,47.225,1800.0,3.0,10.6,DoS_attack
1697492606.599,46.251,1800.0,3.0,10.6,DoS_attack
1697492607.102,45.764,1800.0,1.5,10.6,DoS_attack
1697492607.605,45.764,1800.0,2.5,10.6,DoS_attack
1697492608.11,46.251,600.0,5.0,10.6,DoS_attack
1697492608.616,45.277,600.0,5.0,10.6,DoS_attack
1697492609.119,45.277,1800.0,24.3,10.3,DoS_attack
1697492609.622,46.251,1800.0,30.0,10.6,DoS_attack
1697492610.124,45.764,1800.0,3.5,10.6,DoS_attack
1697492610.627,46.251,1800.0,2.5,10.6,DoS_attack
1697492611.13,46.251,1800.0,3.0,10.6,DoS_attack
1697492611.632,46.738,1800.0,3.0,10.6,DoS_attack
1697492612.135,46.251,1800.0,4.0,10.6,DoS_attack
1697492612.637,46.251,1800.0,3.5,10.6,DoS_attack
1697492613.14,47.225,1800.0,4.0,10.6,DoS_attack
1697492613.642,46.251,1800.0,4.0,10.6,DoS_attack
1697492614.148,45.277,600.0,3.5,10.6,DoS_attack
1697492614.654,46.251,600.0,6.3,10.6,DoS_attack
1697492615.157,45.277,1800.0,18.1,10.3,DoS_attack
1697492615.66,46.738,1800.0,36.3,10.6,DoS_attack
1697492616.162,46.738,1800.0,3.5,10.6,DoS_attack
1697492616.665,46.251,1800.0,4.5,10.6,DoS_attack
1697492617.168,45.277,1800.0,3.5,10.6,DoS_attack
1697492617.67,47.225,1800.0,2.5,10.6,DoS_attack
1697492618.173,46.251,1800.0,5.0,10.6,DoS_attack
1697492618.675,46.738,1800.0,3.0,10.6,DoS_attack
1697492619.178,46.738,1800.0,4.5,10.6,DoS_attack
1697492619.681,45.764,1800.0,3.0,10.6,DoS_attack
1697492620.186,45.277,600.0,3.5,10.6,DoS_attack
1697492620.692,45.277,600.0,5.4,10.6,DoS_attack
1697492621.196,46.251,1100.0,14.9,10.0,DoS_attack
1697492621.7,45.764,1800.0,32.5,10.6,DoS_attack
1697492622.202,46.738,1800.0,15.5,10.6,DoS_attack
1697492622.705,46.251,1800.0,4.0,10.6,DoS_attack
1697492623.207,46.738,1800.0,4.0,10.6,DoS_attack
1697492623.71,46.251,1800.0,3.5,10.6,DoS_attack
1697492624.213,45.764,1800.0,3.5,10.6,DoS_attack
1697492624.715,46.251,1800.0,4.0,10.6,DoS_attack
1697492625.218,45.277,1800.0,2.5,10.6,DoS_attack
1697492625.72,47.225,1800.0,3.5,10.6,DoS_attack
1697492626.223,45.277,1800.0,4.0,10.6,DoS_attack
1697492626.727,44.79,800.0,4.0,10.6,DoS_attack
1697492627.232,45.277,800.0,6.4,10.6,DoS_attack
1697492627.735,46.738,1800.0,26.4,10.5,DoS_attack
1697492628.238,47.225,1800.0,25.4,10.6,DoS_attack
1697492628.74,46.738,1800.0,7.0,10.6,DoS_attack
1697492629.243,47.225,1800.0,4.5,10.6,DoS_attack
1697492629.745,45.764,1800.0,3.5,10.6,DoS_attack
1697492630.248,46.251,1800.0,3.5,10.6,DoS_attack
1697492630.751,46.251,1800.0,3.5,10.7,DoS_attack
1697492631.253,46.251,1800.0,4.0,10.7,DoS_attack
1697492631.756,46.251,1800.0,3.5,10.7,DoS_attack
1697492632.258,46.251,1800.0,3.5,10.7,DoS_attack
1697492632.763,45.764,700.0,4.9,10.7,DoS_attack
1697492633.267,45.764,1100.0,12.4,9.6,DoS_attack
1697492633.77,47.225,1800.0,29.2,10.4,DoS_attack
1697492634.273,47.225,1800.0,19.5,10.6,DoS_attack
1697492634.775,46.738,1800.0,4.4,10.6,DoS_attack
1697492635.278,46.251,1800.0,3.5,10.6,DoS_attack
1697492635.78,46.738,1800.0,4.0,10.6,DoS_attack
1697492636.283,45.764,1800.0,3.5,10.6,DoS_attack
1697492636.785,46.251,1800.0,3.5,10.6,DoS_attack
1697492637.288,45.764,1800.0,3.0,10.6,DoS_attack
1697492637.79,47.225,1800.0,4.5,10.6,DoS_attack
1697492638.293,45.277,1800.0,4.0,10.6,DoS_attack
1697492638.797,45.277,800.0,3.5,10.6,DoS_attack
1697492639.3,46.738,1800.0,14.0,10.1,DoS_attack
1697492639.803,47.225,1800.0,38.6,10.6,DoS_attack
1697492640.305,46.251,1800.0,6.0,10.6,DoS_attack
1697492640.808,46.738,1800.0,3.5,10.6,DoS_attack
1697492641.311,45.764,1800.0,3.5,10.6,DoS_attack
1697492641.813,45.764,1800.0,4.5,10.6,DoS_attack
1697492642.316,45.764,1800.0,4.5,10.7,DoS_attack
1697492642.818,45.277,1800.0,3.0,10.7,DoS_attack
1697492643.321,45.764,1800.0,3.5,10.7,DoS_attack
1697492643.823,46.251,1800.0,4.4,10.7,DoS_attack
1697492644.328,45.277,700.0,3.5,10.7,DoS_attack
1697492644.833,45.277,800.0,3.5,10.7,DoS_attack
1697492645.336,45.764,1800.0,6.5,9.7,DoS_attack
1697492645.839,46.738,1800.0,26.9,10.5,DoS_attack
1697492646.342,46.738,1800.0,18.4,10.6,DoS_attack
1697492646.844,46.251,1800.0,1.5,10.6,DoS_attack
1697492647.347,46.251,1800.0,1.0,10.6,DoS_attack
1697492647.849,45.277,1800.0,6.4,10.6,DoS_attack
1697492648.352,46.738,1800.0,4.0,10.6,DoS_attack
1697492648.854,46.251,1800.0,3.0,10.6,DoS_attack
1697492649.357,45.764,1800.0,2.5,10.6,DoS_attack
1697492649.859,46.251,1800.0,3.0,10.6,DoS_attack
1697492650.364,45.764,700.0,2.5,10.6,DoS_attack
1697492650.869,46.251,700.0,4.0,10.6,DoS_attack
1697492651.374,45.277,900.0,4.0,10.6,DoS_attack
1697492651.877,45.764,1800.0,27.1,10.3,DoS_attack
1697492652.38,45.764,1800.0,26.3,10.5,DoS_attack
1697492652.883,46.251,1800.0,3.5,10.6,DoS_attack
1697492653.385,46.738,1800.0,3.5,10.6,DoS_attack
1697492653.888,46.251,1800.0,3.5,10.6,DoS_attack
1697492654.39,46.251,1800.0,4.0,10.6,DoS_attack
1697492654.893,46.251,1800.0,3.5,10.6,DoS_attack
1697492655.399,45.764,1800.0,3.4,10.6,DoS_attack
1697492655.901,46.251,1800.0,3.0,10.6,DoS_attack
1697492656.404,47.712,1800.0,4.0,10.6,DoS_attack
1697492656.908,46.251,700.0,4.0,10.6,DoS_attack
1697492657.413,46.738,700.0,4.4,10.6,DoS_attack
1697492657.916,46.738,1800.0,21.8,10.1,DoS_attack
1697492658.419,45.764,1800.0,34.2,10.6,DoS_attack
1697492658.921,46.251,1800.0,2.5,10.6,DoS_attack
1697492659.424,45.277,1800.0,3.0,10.6,DoS_attack
1697492659.927,47.225,1800.0,4.5,10.6,DoS_attack
1697492660.432,46.738,1800.0,2.0,10.6,DoS_attack
1697492660.935,45.764,1800.0,2.0,10.6,DoS_attack
1697492661.437,46.251,1800.0,1.0,10.6,DoS_attack
1697492661.94,47.225,1800.0,4.5,10.6,DoS_attack
1697492662.442,46.738,1800.0,3.5,10.6,DoS_attack
1697492662.947,45.764,700.0,4.0,10.6,DoS_attack
1697492663.452,46.251,700.0,5.9,10.6,DoS_attack
1697492663.956,46.738,1800.0,26.9,10.4,DoS_attack
1697492664.459,46.251,1800.0,28.9,10.6,DoS_attack
1697492664.961,46.738,1800.0,3.0,10.6,DoS_attack
1697492665.468,45.277,1800.0,3.4,10.6,DoS_attack
1697492665.971,46.738,1800.0,3.0,10.6,DoS_attack
1697492666.474,45.764,1800.0,3.5,10.6,DoS_attack
1697492666.976,45.764,1800.0,4.0,10.6,DoS_attack
1697492667.479,45.277,1800.0,3.0,10.6,DoS_attack
1697492667.982,45.277,1800.0,3.0,10.6,DoS_attack
1697492668.484,46.738,1800.0,4.0,10.6,DoS_attack
1697492668.988,45.764,900.0,5.0,10.6,DoS_attack
1697492669.493,45.764,700.0,5.4,10.6,DoS_attack
1697492669.996,47.225,1800.0,19.6,10.3,DoS_attack
1697492670.499,47.225,1800.0,35.2,10.6,DoS_attack
1697492671.001,46.251,1800.0,4.0,10.6,DoS_attack
1697492671.504,46.738,1800.0,3.5,10.6,DoS_attack
1697492672.006,45.764,1800.0,3.0,10.6,DoS_attack
1697492672.509,45.764,1800.0,4.0,10.6,DoS_attack
1697492673.011,47.225,1800.0,3.5,10.6,DoS_attack
1697492673.514,46.251,1800.0,3.5,10.6,DoS_attack
1697492674.016,46.738,1800.0,3.0,10.6,DoS_attack
1697492674.519,45.764,1800.0,4.0,10.6,DoS_attack
1697492675.023,45.764,800.0,4.0,10.6,DoS_attack
1697492675.529,46.251,600.0,5.4,10.6,DoS_attack
1697492676.032,45.764,1800.0,24.6,10.3,DoS_attack
1697492676.535,46.738,1800.0,29.4,10.6,DoS_attack
1697492677.038,45.764,1800.0,3.5,10.6,DoS_attack
1697492677.54,45.764,1800.0,3.5,10.6,DoS_attack
1697492678.043,45.764,1800.0,3.5,10.6,DoS_attack
1697492678.545,45.277,1800.0,4.5,10.6,DoS_attack
1697492679.047,45.764,1800.0,2.5,10.6,DoS_attack
1697492679.55,45.277,1800.0,3.9,10.6,DoS_attack
1697492680.052,46.251,1800.0,2.0,10.6,DoS_attack
1697492680.555,45.764,1800.0,5.9,10.6,DoS_attack
1697492681.062,46.251,600.0,4.5,10.6,DoS_attack
1697492681.568,45.277,600.0,4.5,10.6,DoS_attack
1697492682.071,45.764,1800.0,19.4,10.1,DoS_attack
1697492682.574,46.251,1800.0,34.7,10.5,DoS_attack
1697492683.077,45.277,1800.0,4.0,10.5,DoS_attack
1697492683.579,46.738,1800.0,3.9,10.5,DoS_attack
1697492684.082,46.738,1800.0,3.5,10.6,DoS_attack
1697492684.585,46.738,1800.0,3.5,10.6,DoS_attack
1697492685.087,45.764,1800.0,5.4,10.6,DoS_attack
1697492685.594,45.764,1800.0,3.5,10.6,DoS_attack
1697492686.096,45.764,1800.0,1.5,10.6,DoS_attack
1697492686.599,46.738,1800.0,4.4,10.6,DoS_attack
1697492687.104,45.277,700.0,3.5,10.6,DoS_attack
1697492687.61,45.764,600.0,4.0,10.6,DoS_attack
1697492688.113,45.764,1800.0,14.0,10.0,DoS_attack
1697492688.617,47.712,1800.0,38.0,10.5,DoS_attack
1697492689.119,46.251,1800.0,7.5,10.6,DoS_attack
1697492689.622,46.738,1800.0,3.0,10.6,DoS_attack
1697492690.124,45.764,1800.0,2.0,10.6,DoS_attack
1697492690.627,45.764,1800.0,3.5,10.6,DoS_attack
1697492691.13,47.225,1800.0,2.0,10.6,DoS_attack
1697492691.632,46.738,1800.0,3.5,10.6,DoS_attack
1697492692.135,46.251,1800.0,3.0,10.6,DoS_attack
1697492692.637,46.738,1800.0,3.0,10.6,DoS_attack
1697492693.142,45.764,700.0,3.9,10.6,DoS_attack
1697492693.645,46.738,1800.0,5.0,10.6,DoS_attack
1697492694.148,46.251,1800.0,5.5,9.5,DoS_attack
1697492694.65,46.738,1800.0,28.7,10.4,DoS_attack
1697492695.153,46.738,1800.0,19.6,10.6,DoS_attack
1697492695.661,46.738,1800.0,3.5,10.6,DoS_attack
1697492696.164,46.251,1800.0,3.9,10.6,DoS_attack
1697492696.667,46.738,1800.0,2.5,10.6,DoS_attack
1697492697.169,45.277,1800.0,3.0,10.6,DoS_attack
1697492697.671,45.764,1800.0,4.5,10.6,DoS_attack
1697492698.174,45.277,1800.0,5.0,10.6,DoS_attack
1697492698.679,46.251,700.0,3.5,10.6,DoS_attack
1697492699.184,46.251,800.0,5.9,10.6,DoS_attack
1697492699.69,45.764,600.0,6.3,10.6,DoS_attack
1697492700.193,45.764,1800.0,15.1,10.1,DoS_attack
1697492700.695,47.712,1800.0,36.7,10.5,DoS_attack
1697492701.198,46.738,1800.0,6.9,10.6,DoS_attack
1697492701.7,45.764,1800.0,4.0,10.6,DoS_attack
1697492702.203,46.738,1800.0,3.5,10.6,DoS_attack
1697492702.706,45.764,1800.0,2.5,10.6,DoS_attack
1697492703.208,46.738,1800.0,3.5,10.6,DoS_attack
1697492703.711,47.225,1800.0,5.0,10.6,DoS_attack
1697492704.213,46.738,1800.0,3.0,10.6,DoS_attack
1697492704.716,45.277,1800.0,4.0,10.7,DoS_attack
1697492705.22,46.738,800.0,2.0,10.7,DoS_attack
1697492705.725,46.251,600.0,8.8,10.7,DoS_attack
1697492706.228,47.712,1800.0,19.5,10.2,DoS_attack
1697492706.731,46.251,1800.0,34.8,10.5,DoS_attack
1697492707.233,47.225,1800.0,3.0,10.5,DoS_attack
1697492707.736,45.764,1800.0,3.0,10.5,DoS_attack
1697492708.239,46.738,1800.0,3.5,10.6,DoS_attack
1697492708.741,46.738,1800.0,4.0,10.6,DoS_attack
1697492709.243,45.764,1800.0,3.0,10.6,DoS_attack
1697492709.746,44.79,1800.0,3.5,10.6,DoS_attack
1697492710.248,45.764,1800.0,3.0,10.6,DoS_attack
1697492710.756,46.738,1800.0,3.4,10.6,DoS_attack
1697492711.26,46.251,900.0,4.5,10.6,DoS_attack
1697492711.764,45.764,900.0,4.5,10.6,DoS_attack
1697492712.267,46.251,1800.0,14.4,10.0,DoS_attack
1697492712.77,47.225,1800.0,35.5,10.6,DoS_attack
1697492713.272,46.738,1800.0,10.0,10.6,DoS_attack
1697492713.775,45.764,1800.0,3.5,10.6,DoS_attack
1697492714.277,46.251,1800.0,5.0,10.6,DoS_attack
1697492714.78,47.225,1800.0,3.5,10.6,DoS_attack
1697492715.283,46.738,1800.0,3.0,10.6,DoS_attack
1697492715.785,46.251,1800.0,3.0,10.6,DoS_attack
1697492716.288,46.738,1800.0,3.5,10.6,DoS_attack
1697492716.79,46.251,1800.0,4.0,10.6,DoS_attack
1697492717.295,45.764,700.0,3.5,10.6,DoS_attack
1697492717.8,45.764,800.0,4.0,10.6,DoS_attack
1697492718.302,46.738,1800.0,32.7,10.2,DoS_attack
1697492718.805,47.712,1800.0,37.0,10.6,DoS_attack
1697492719.308,46.251,1800.0,3.5,10.6,DoS_attack
1697492719.81,47.225,1800.0,4.5,10.6,DoS_attack
1697492720.313,47.225,1800.0,3.5,10.6,DoS_attack
1697492720.815,46.738,1800.0,4.5,10.6,DoS_attack
1697492721.318,46.738,1800.0,3.0,10.6,DoS_attack
1697492721.82,46.251,1800.0,3.5,10.6,DoS_attack
1697492722.323,46.251,1800.0,3.5,10.6,DoS_attack
1697492722.825,46.738,1800.0,4.5,10.6,DoS_attack
1697492723.329,46.251,900.0,4.5,10.6,DoS_attack
1697492723.834,45.277,1000.0,5.4,10.6,DoS_attack
1697492724.337,45.764,1800.0,22.4,10.3,DoS_attack
1697492724.839,47.225,1800.0,31.0,10.6,DoS_attack
1697492725.342,47.712,1800.0,4.5,10.6,DoS_attack
1697492725.845,46.738,1800.0,3.5,10.6,DoS_attack
1697492726.347,46.251,1800.0,3.9,10.6,DoS_attack
1697492726.85,46.251,1800.0,3.0,10.7,DoS_attack
1697492727.352,47.712,1800.0,5.0,10.7,DoS_attack
1697492727.855,45.764,1800.0,3.0,10.7,DoS_attack
1697492728.357,46.251,1800.0,3.0,10.7,DoS_attack
1697492728.86,45.764,1800.0,3.5,10.7,DoS_attack
1697492729.366,45.277,600.0,4.5,10.7,DoS_attack
1697492729.871,46.738,900.0,5.9,10.7,DoS_attack
1697492730.374,46.738,1800.0,16.9,10.2,DoS_attack
1697492730.877,46.738,1800.0,36.4,10.5,DoS_attack
1697492731.379,46.738,1800.0,4.5,10.6,DoS_attack
1697492731.882,46.738,1800.0,3.5,10.6,DoS_attack
1697492732.384,47.225,1800.0,3.5,10.6,DoS_attack
1697492732.887,46.251,1800.0,3.0,10.6,DoS_attack
1697492733.39,46.251,1800.0,3.0,10.6,DoS_attack
1697492733.892,45.277,1800.0,3.5,10.6,DoS_attack
1697492734.395,45.764,1800.0,3.5,10.6,DoS_attack
1697492734.897,46.251,1800.0,3.0,10.6,DoS_attack
1697492735.401,45.764,900.0,4.5,10.6,DoS_attack
1697492735.906,45.764,800.0,5.4,10.6,DoS_attack
1697492736.409,45.277,1800.0,21.9,10.3,DoS_attack
1697492736.911,46.251,1800.0,32.8,10.6,DoS_attack
1697492737.414,46.251,1800.0,3.5,10.6,DoS_attack
1697492737.916,46.251,1800.0,3.5,10.6,DoS_attack
1697492738.419,46.251,1800.0,3.0,10.6,DoS_attack
1697492738.922,45.277,1800.0,3.0,10.6,DoS_attack
1697492739.424,45.764,1800.0,3.5,10.7,DoS_attack
1697492739.927,46.738,1800.0,4.0,10.7,DoS_attack
1697492740.429,46.251,1800.0,4.0,10.7,DoS_attack
1697492740.932,45.277,1800.0,3.0,10.7,DoS_attack
1697492741.436,45.764,800.0,4.5,10.7,DoS_attack
1697492741.941,45.764,800.0,4.0,10.7,DoS_attack
1697492742.443,46.738,1800.0,15.9,10.2,DoS_attack
1697492742.946,47.225,1800.0,38.2,10.5,DoS_attack
1697492743.449,45.764,1800.0,4.0,10.6,DoS_attack
1697492743.951,46.251,1800.0,4.5,10.6,DoS_attack
1697492744.454,46.251,1800.0,4.0,10.6,DoS_attack
1697492744.956,46.251,1800.0,3.0,10.6,DoS_attack
1697492745.459,46.251,1800.0,1.5,10.6,DoS_attack
1697492745.962,46.251,1800.0,2.5,10.6,DoS_attack
1697492746.464,47.225,1800.0,2.0,10.6,DoS_attack
1697492746.967,46.738,1800.0,4.5,10.6,DoS_attack
1697492747.472,46.738,600.0,3.0,10.6,DoS_attack
1697492747.978,46.251,600.0,2.5,10.6,DoS_attack
1697492748.482,45.764,1000.0,12.3,9.5,DoS_attack
1697492748.985,46.738,1800.0,30.3,10.5,DoS_attack
1697492749.488,46.251,1800.0,20.9,10.6,DoS_attack
1697492749.991,46.738,1800.0,5.0,10.6,DoS_attack
1697492750.493,47.225,1800.0,3.5,10.6,DoS_attack
1697492750.996,45.764,1800.0,3.5,10.6,DoS_attack
1697492751.498,46.251,1800.0,3.0,10.6,DoS_attack
1697492752.001,47.225,1800.0,4.0,10.6,DoS_attack
1697492752.503,45.277,1800.0,3.0,10.6,DoS_attack
1697492753.006,46.738,1800.0,3.9,10.6,DoS_attack
1697492753.512,46.251,700.0,4.0,10.6,DoS_attack
1697492754.017,45.764,800.0,5.4,10.6,DoS_attack
1697492754.521,45.277,800.0,5.0,10.6,DoS_attack
1697492755.025,46.738,1800.0,27.5,10.4,DoS_attack
1697492755.527,47.712,1800.0,27.0,10.6,DoS_attack
1697492756.03,46.738,1800.0,4.5,10.6,DoS_attack
1697492756.533,46.251,1800.0,2.5,10.6,DoS_attack
1697492757.035,45.764,1800.0,3.5,10.6,DoS_attack
1697492757.538,46.251,1800.0,3.5,10.6,DoS_attack
1697492758.04,46.738,1800.0,4.0,10.6,DoS_attack
1697492758.543,45.764,1800.0,4.0,10.6,DoS_attack
1697492759.045,45.764,1800.0,4.0,10.6,DoS_attack
1697492759.548,46.251,1800.0,3.0,10.6,DoS_attack
1697492760.054,45.764,600.0,5.9,10.6,DoS_attack
1697492760.561,45.277,600.0,6.4,10.5,DoS_attack
1697492761.064,46.738,1800.0,29.4,10.5,DoS_attack
1697492761.566,46.738,1800.0,24.0,10.6,DoS_attack
1697492762.069,45.764,1800.0,4.0,10.6,DoS_attack
1697492762.571,45.277,1800.0,3.0,10.6,DoS_attack
1697492763.074,46.738,1800.0,3.5,10.6,DoS_attack
1697492763.576,45.764,1800.0,3.0,10.6,DoS_attack
1697492764.079,46.251,1800.0,4.9,10.6,DoS_attack
1697492764.582,47.225,1800.0,3.0,10.6,DoS_attack
1697492765.084,46.251,1800.0,2.0,10.6,DoS_attack
1697492765.587,46.738,1800.0,1.5,10.6,DoS_attack
1697492766.093,45.764,600.0,5.0,10.6,DoS_attack
1697492766.599,45.764,600.0,5.4,10.6,DoS_attack
1697492767.102,45.764,1800.0,24.9,10.3,DoS_attack
1697492767.604,46.738,1800.0,29.3,10.6,DoS_attack
1697492768.107,46.251,1800.0,3.0,10.6,DoS_attack
1697492768.609,46.251,1800.0,4.5,10.6,DoS_attack
1697492769.112,45.764,1800.0,3.0,10.6,DoS_attack
1697492769.615,47.225,1800.0,4.4,10.6,DoS_attack
1697492770.118,45.764,1800.0,2.0,10.6,DoS_attack
1697492770.62,46.251,1800.0,4.0,10.6,DoS_attack
1697492771.123,46.251,1800.0,4.0,10.6,DoS_attack
1697492771.626,45.764,1800.0,3.0,10.6,DoS_attack
1697492772.131,46.738,600.0,3.9,10.6,DoS_attack
1697492772.637,45.764,600.0,4.4,10.6,DoS_attack
1697492773.14,47.225,1800.0,18.5,10.2,DoS_attack
1697492773.642,47.712,1800.0,33.7,10.6,DoS_attack
1697492774.145,46.738,1800.0,2.5,10.6,DoS_attack
1697492774.648,47.712,1800.0,4.0,10.6,DoS_attack
1697492775.15,46.251,1800.0,3.5,10.6,DoS_attack
1697492775.653,46.738,1800.0,3.0,10.6,DoS_attack
1697492776.156,46.251,1800.0,4.5,10.6,DoS_attack
1697492776.662,45.764,1800.0,4.4,10.6,DoS_attack
1697492777.165,45.764,1800.0,3.5,10.6,DoS_attack
1697492777.668,46.251,1800.0,4.0,10.6,DoS_attack
1697492778.174,45.277,600.0,3.5,10.6,DoS_attack
1697492778.676,45.277,1800.0,5.9,10.6,DoS_attack
1697492779.179,47.225,1800.0,24.5,10.3,DoS_attack
1697492779.682,46.251,1800.0,27.1,10.5,DoS_attack
1697492780.184,46.738,1800.0,3.0,10.5,DoS_attack
1697492780.687,46.251,1800.0,3.5,10.5,DoS_attack
1697492781.189,45.764,1800.0,3.5,10.5,DoS_attack
1697492781.692,46.251,1800.0,4.5,10.6,DoS_attack
1697492782.195,46.738,1800.0,3.5,10.6,DoS_attack
1697492782.697,46.251,1800.0,3.5,10.6,DoS_attack
1697492783.2,46.251,1800.0,4.0,10.6,DoS_attack
1697492783.704,46.738,900.0,4.5,10.6,DoS_attack
1697492784.208,45.277,900.0,5.4,10.6,DoS_attack
1697492784.712,44.79,900.0,4.5,10.6,DoS_attack
1697492785.215,46.738,1800.0,20.8,10.2,DoS_attack
1697492785.717,46.738,1800.0,32.7,10.6,DoS_attack
1697492786.22,46.251,1800.0,3.5,10.6,DoS_attack
1697492786.723,46.251,1800.0,4.0,10.6,DoS_attack
1697492787.225,46.251,1800.0,2.5,10.6,DoS_attack
1697492787.728,46.738,1800.0,3.5,10.6,DoS_attack
1697492788.23,46.251,1800.0,3.0,10.6,DoS_attack
1697492788.733,46.251,1800.0,3.9,10.6,DoS_attack
1697492789.235,45.764,1800.0,5.0,10.6,DoS_attack
1697492789.738,45.764,1800.0,3.0,10.6,DoS_attack
1697492790.243,46.738,600.0,3.5,10.6,DoS_attack
1697492790.748,45.277,800.0,4.5,10.7,DoS_attack
1697492791.251,47.712,1800.0,26.4,10.4,DoS_attack
1697492791.754,46.738,1800.0,28.4,10.6,DoS_attack
1697492792.256,46.738,1800.0,3.5,10.6,DoS_attack
1697492792.759,45.277,1800.0,3.5,10.6,DoS_attack
1697492793.262,46.251,1800.0,4.0,10.6,DoS_attack
1697492793.764,46.251,1800.0,3.0,10.6,DoS_attack
1697492794.267,46.251,1800.0,3.0,10.6,DoS_attack
1697492794.769,47.712,1800.0,4.0,10.6,DoS_attack
1697492795.272,46.738,1800.0,5.0,10.6,DoS_attack
1697492795.774,46.738,1800.0,4.0,10.6,DoS_attack
1697492796.28,45.764,700.0,4.0,10.6,DoS_attack
1697492796.783,45.764,1800.0,8.0,10.4,DoS_attack
1697492797.286,46.251,1800.0,28.9,10.5,DoS_attack
1697492797.788,46.251,1800.0,21.2,10.6,DoS_attack
1697492798.291,46.738,1800.0,3.5,10.6,DoS_attack
1697492798.793,46.251,1800.0,3.5,10.6,DoS_attack
1697492799.296,47.712,1800.0,4.4,10.6,DoS_attack
1697492799.799,46.738,1800.0,3.5,10.6,DoS_attack
1697492800.301,46.251,1800.0,3.0,10.6,DoS_attack
1697492800.804,46.251,1800.0,3.5,10.6,DoS_attack
1697492801.307,45.764,1800.0,3.4,10.6,DoS_attack
1697492801.812,46.251,700.0,4.0,10.6,DoS_attack
1697492802.317,45.764,900.0,5.4,10.6,DoS_attack
1697492802.821,45.764,900.0,4.0,10.6,DoS_attack
1697492803.323,46.738,1800.0,27.2,10.4,DoS_attack
1697492803.826,46.251,1800.0,25.5,10.6,DoS_attack
1697492804.329,45.277,1800.0,3.0,10.6,DoS_attack
1697492804.831,46.251,1800.0,4.0,10.6,DoS_attack
1697492805.334,45.764,1800.0,2.5,10.6,DoS_attack
1697492805.836,46.251,1800.0,3.0,10.6,DoS_attack
1697492806.339,45.764,1800.0,2.5,10.6,DoS_attack
1697492806.845,46.251,1800.0,0.0,10.6,DoS_attack
1697492807.347,46.738,1800.0,0.0,10.6,DoS_attack
1697492807.85,46.251,1800.0,0.0,10.6,DoS_attack
1697492808.352,46.251,1800.0,10.8,10.6,DoS_attack
1697492808.855,46.251,1800.0,4.5,10.6,DoS_attack
1697492809.358,47.225,1800.0,18.6,10.1,DoS_attack
1697492809.86,46.251,1800.0,32.5,10.6,DoS_attack
1697492810.363,46.738,1800.0,4.0,10.6,DoS_attack
1697492810.865,47.225,1800.0,4.0,10.6,DoS_attack
1697492811.368,46.738,1800.0,3.0,10.6,DoS_attack
1697492811.875,45.764,1800.0,3.4,10.6,DoS_attack
1697492812.378,46.251,1800.0,4.5,10.6,DoS_attack
1697492812.881,46.251,1800.0,4.0,10.6,DoS_attack
1697492813.386,46.738,600.0,3.4,10.6,DoS_attack
1697492813.891,45.764,800.0,4.0,10.6,DoS_attack
1697492814.396,44.303,600.0,4.4,10.6,DoS_attack
1697492814.902,45.764,600.0,5.4,10.6,DoS_attack
1697492815.405,46.251,1800.0,25.5,10.3,DoS_attack
1697492815.908,46.738,1800.0,26.9,10.6,DoS_attack
1697492816.411,45.764,1800.0,2.5,10.6,DoS_attack
1697492816.913,46.251,1800.0,3.5,10.6,DoS_attack
1697492817.416,45.764,1800.0,3.0,10.6,DoS_attack
1697492817.919,46.251,1800.0,2.5,10.6,DoS_attack
1697492818.421,46.251,1800.0,4.0,10.6,DoS_attack
1697492818.924,45.764,1800.0,4.0,10.6,DoS_attack
1697492819.426,46.251,1800.0,3.5,10.6,DoS_attack
1697492819.929,45.764,1800.0,2.5,10.6,DoS_attack
1697492820.434,45.277,600.0,4.9,10.6,DoS_attack
1697492820.94,45.277,600.0,5.9,10.6,DoS_attack
1697492821.443,45.764,1800.0,22.5,10.2,DoS_attack
1697492821.946,46.251,1800.0,34.7,10.6,DoS_attack
1697492822.448,47.712,1800.0,4.0,10.6,DoS_attack
1697492822.951,46.251,1800.0,3.0,10.6,DoS_attack
1697492823.453,46.251,1800.0,4.0,10.6,DoS_attack
1697492823.956,46.738,1800.0,3.5,10.6,DoS_attack
1697492824.458,46.738,1800.0,3.5,10.6,DoS_attack
1697492824.961,46.738,1800.0,3.0,10.6,DoS_attack
1697492825.463,45.764,1800.0,3.5,10.6,DoS_attack
1697492825.966,46.251,1800.0,3.0,10.6,DoS_attack
1697492826.47,46.738,800.0,4.0,10.6,DoS_attack
1697492826.975,45.764,800.0,6.9,10.7,DoS_attack
1697492827.478,46.251,1800.0,14.9,10.1,DoS_attack
1697492827.981,47.225,1800.0,36.2,10.6,DoS_attack
1697492828.484,46.251,1800.0,7.5,10.6,DoS_attack
1697492828.986,44.79,1800.0,4.5,10.6,DoS_attack
1697492829.489,45.277,1800.0,4.0,10.6,DoS_attack
1697492829.991,45.764,1800.0,3.0,10.6,DoS_attack
1697492830.494,46.251,1800.0,3.5,10.6,DoS_attack
1697492830.997,45.764,1800.0,4.5,10.6,DoS_attack
1697492831.499,46.738,1800.0,4.0,10.6,DoS_attack
1697492832.002,46.738,1800.0,3.5,10.6,DoS_attack
1697492832.507,45.764,700.0,3.0,10.6,DoS_attack
1697492833.011,46.251,800.0,5.9,10.6,DoS_attack
1697492833.517,45.764,900.0,8.4,10.5,DoS_attack
1697492834.02,45.764,1800.0,29.1,10.5,DoS_attack
1697492834.523,46.738,1800.0,23.2,10.6,DoS_attack
1697492835.025,46.251,1800.0,4.5,10.6,DoS_attack
1697492835.528,46.251,1800.0,3.0,10.6,DoS_attack
1697492836.03,45.764,1800.0,4.0,10.6,DoS_attack
1697492836.533,46.251,1800.0,3.5,10.6,DoS_attack
1697492837.035,45.764,1800.0,4.0,10.6,DoS_attack
1697492837.538,46.251,1800.0,3.9,10.6,DoS_attack
1697492838.04,46.251,1800.0,3.0,10.6,DoS_attack
1697492838.543,45.764,1800.0,4.0,10.6,DoS_attack
1697492839.048,45.764,700.0,5.9,10.6,DoS_attack
1697492839.553,44.79,700.0,5.0,10.6,DoS_attack
1697492840.056,45.277,1800.0,24.1,10.3,DoS_attack
1697492840.559,46.738,1800.0,31.2,10.6,DoS_attack
1697492841.061,47.225,1800.0,3.5,10.6,DoS_attack
1697492841.564,46.251,1800.0,4.0,10.6,DoS_attack
1697492842.066,46.251,1800.0,2.5,10.6,DoS_attack
1697492842.569,46.251,1800.0,3.5,10.6,DoS_attack
1697492843.071,45.764,1800.0,4.0,10.6,DoS_attack
1697492843.574,46.251,1800.0,3.0,10.6,DoS_attack
1697492844.077,45.764,1800.0,3.0,10.6,DoS_attack
1697492844.579,46.251,1800.0,2.5,10.6,DoS_attack
1697492845.085,46.251,600.0,1.5,10.6,DoS_attack
1697492845.59,45.277,600.0,2.0,10.6,DoS_attack
1697492846.093,46.738,1800.0,16.9,10.2,DoS_attack
1697492846.595,46.738,1800.0,38.2,10.5,DoS_attack
1697492847.098,46.738,1800.0,4.0,10.6,DoS_attack
1697492847.601,46.738,1800.0,3.5,10.6,DoS_attack
1697492848.103,45.277,1800.0,3.5,10.6,DoS_attack
1697492848.606,46.251,1800.0,4.5,10.6,DoS_attack
1697492849.108,45.764,1800.0,3.0,10.6,DoS_attack
1697492849.611,46.738,1800.0,4.4,10.6,DoS_attack
1697492850.114,46.251,1800.0,4.0,10.6,DoS_attack
1697492850.616,46.738,1800.0,3.0,10.6,DoS_attack
1697492851.122,45.764,600.0,4.4,10.6,DoS_attack
1697492851.627,46.251,600.0,5.9,10.6,DoS_attack
1697492852.131,45.764,1200.0,10.4,9.6,DoS_attack
1697492852.634,46.738,1800.0,28.9,10.5,DoS_attack
1697492853.137,47.712,1800.0,19.7,10.6,DoS_attack
1697492853.639,46.251,1800.0,4.9,10.6,DoS_attack
1697492854.142,46.251,1800.0,3.0,10.6,DoS_attack
1697492854.645,45.764,1800.0,3.0,10.6,DoS_attack
1697492855.147,46.251,1800.0,3.0,10.7,DoS_attack
1697492855.65,47.225,1800.0,3.5,10.7,DoS_attack
1697492856.152,46.251,1800.0,2.5,10.7,DoS_attack
1697492856.655,46.251,1800.0,2.5,10.6,DoS_attack
1697492857.158,45.764,1800.0,3.0,10.6,DoS_attack
1697492857.664,45.764,600.0,5.0,10.6,DoS_attack
1697492858.172,46.738,600.0,4.9,10.6,DoS_attack
1697492858.676,47.225,1800.0,28.9,10.4,DoS_attack
1697492859.179,45.764,1800.0,25.4,10.6,DoS_attack
1697492859.681,46.738,1800.0,3.0,10.6,DoS_attack
1697492860.184,45.764,1800.0,3.5,10.6,DoS_attack
1697492860.686,45.764,1800.0,3.0,10.6,DoS_attack
1697492861.189,45.764,1800.0,3.5,10.6,DoS_attack
1697492861.691,46.251,1800.0,3.0,10.6,DoS_attack
1697492862.194,46.251,1800.0,4.0,10.6,DoS_attack
1697492862.696,46.251,1800.0,3.0,10.6,DoS_attack
1697492863.199,46.738,1800.0,5.4,10.6,DoS_attack
1697492863.705,46.251,600.0,4.0,10.6,DoS_attack
1697492864.21,46.251,800.0,8.9,9.5,DoS_attack
1697492864.712,47.225,1800.0,29.4,10.5,DoS_attack
1697492865.215,46.738,1800.0,22.4,10.6,DoS_attack
1697492865.718,46.738,1800.0,0.5,10.6,DoS_attack
1697492866.22,47.225,1800.0,3.4,10.6,DoS_attack
1697492866.723,45.277,1800.0,1.5,10.6,DoS_attack
1697492867.225,45.764,1800.0,3.0,10.6,DoS_attack
1697492867.728,46.251,1800.0,2.5,10.6,DoS_attack
1697492868.231,47.712,1800.0,4.0,10.6,DoS_attack
1697492868.733,45.277,1800.0,4.5,10.6,DoS_attack
1697492869.236,46.738,1800.0,3.0,10.6,DoS_attack
1697492869.74,46.251,900.0,3.5,10.7,DoS_attack
1697492870.243,45.277,1100.0,5.9,10.7,DoS_attack
1697492870.748,45.764,1800.0,26.0,10.4,DoS_attack
1697492871.25,46.738,1800.0,28.7,10.6,DoS_attack
1697492871.753,45.764,1800.0,3.0,10.6,DoS_attack
1697492872.256,46.738,1800.0,4.0,10.6,DoS_attack
1697492872.758,46.738,1800.0,4.4,10.6,DoS_attack
1697492873.261,44.79,1800.0,4.0,10.6,DoS_attack
1697492873.763,45.277,1800.0,3.5,10.6,DoS_attack
1697492874.266,45.764,1800.0,4.0,10.6,DoS_attack
1697492874.768,46.251,1800.0,3.5,10.6,DoS_attack
1697492875.271,46.251,1800.0,3.5,10.6,DoS_attack
1697492875.775,45.764,900.0,4.0,10.6,DoS_attack
1697492876.28,45.764,800.0,5.0,10.6,DoS_attack
1697492876.782,46.251,1800.0,19.0,10.2,DoS_attack
1697492877.285,46.251,1800.0,35.5,10.6,DoS_attack
1697492877.788,45.764,1800.0,3.5,10.6,DoS_attack
1697492878.29,46.251,1800.0,4.0,10.6,DoS_attack
1697492878.793,45.764,1800.0,3.5,10.6,DoS_attack
1697492879.295,45.277,1800.0,4.0,10.6,DoS_attack
1697492879.798,47.225,1800.0,4.0,10.6,DoS_attack
1697492880.3,46.738,1800.0,3.0,10.6,DoS_attack
1697492880.803,45.764,1800.0,3.5,10.6,DoS_attack
1697492881.306,47.225,1800.0,4.4,10.6,DoS_attack
1697492881.81,45.764,900.0,5.0,10.6,DoS_attack
1697492882.314,45.277,900.0,4.5,10.6,DoS_attack
1697492882.817,45.764,1800.0,14.9,10.1,DoS_attack
1697492883.32,47.225,1800.0,36.8,10.6,DoS_attack
1697492883.823,46.738,1800.0,9.0,10.6,DoS_attack
1697492884.326,47.225,1800.0,3.5,10.6,DoS_attack
1697492884.828,45.764,1800.0,4.5,10.6,DoS_attack
1697492885.331,46.738,1800.0,4.0,10.6,DoS_attack
1697492885.833,46.251,1800.0,3.0,10.7,DoS_attack
1697492886.336,46.738,1800.0,2.5,10.7,DoS_attack
1697492886.838,45.764,1800.0,4.5,10.7,DoS_attack
1697492887.341,46.251,1800.0,4.0,10.7,DoS_attack
1697492887.845,46.251,700.0,3.0,10.7,DoS_attack
1697492888.35,47.225,1000.0,6.8,10.7,DoS_attack
1697492888.854,45.764,1000.0,6.5,10.7,DoS_attack
1697492889.357,46.738,1800.0,29.4,10.4,DoS_attack
1697492889.86,46.738,1800.0,25.2,10.6,DoS_attack
1697492890.363,47.225,1800.0,3.0,10.6,DoS_attack
1697492890.865,46.738,1800.0,3.0,10.6,DoS_attack
1697492891.368,46.251,1800.0,4.0,10.6,DoS_attack
1697492891.87,46.251,1800.0,3.0,10.6,DoS_attack
1697492892.373,46.738,1800.0,4.0,10.6,DoS_attack
1697492892.875,45.764,1800.0,3.0,10.6,DoS_attack
1697492893.378,46.738,1800.0,4.0,10.6,DoS_attack
1697492893.88,45.764,1800.0,3.5,10.6,DoS_attack
1697492894.386,45.764,600.0,4.9,10.6,DoS_attack
1697492894.89,46.251,1800.0,10.4,9.4,DoS_attack
1697492895.393,47.225,1800.0,28.5,10.4,DoS_attack
1697492895.896,45.764,1800.0,18.1,10.6,DoS_attack
1697492896.399,47.225,1800.0,3.9,10.6,DoS_attack
1697492896.901,45.764,1800.0,3.0,10.6,DoS_attack
1697492897.404,45.764,1800.0,2.5,10.6,DoS_attack
1697492897.906,46.251,1800.0,3.5,10.6,DoS_attack
1697492898.409,45.764,1800.0,3.0,10.6,DoS_attack
1697492898.911,46.251,1800.0,2.5,10.6,DoS_attack
1697492899.414,46.738,1800.0,2.5,10.6,DoS_attack
1697492899.919,45.764,700.0,3.5,10.6,DoS_attack
1697492900.424,45.764,600.0,4.0,10.6,DoS_attack
1697492900.927,46.251,1800.0,15.9,10.2,DoS_attack
1697492901.43,47.712,1800.0,37.5,10.6,DoS_attack
1697492901.933,46.738,1800.0,5.0,10.7,DoS_attack
1697492902.435,47.225,1800.0,4.0,10.7,DoS_attack
1697492902.938,46.251,1800.0,3.5,10.7,DoS_attack
1697492903.44,46.251,1800.0,4.0,10.7,DoS_attack
1697492903.943,46.738,1800.0,2.5,10.7,DoS_attack
1697492904.445,46.251,1800.0,4.9,10.6,DoS_attack
1697492904.948,46.738,1800.0,3.0,10.7,DoS_attack
1697492905.45,46.251,1800.0,3.0,10.7,DoS_attack
1697492905.955,46.251,700.0,3.9,10.6,DoS_attack
1697492906.46,45.277,1100.0,5.0,10.7,DoS_attack
1697492906.965,44.79,800.0,7.9,9.8,DoS_attack
1697492907.468,46.738,1800.0,28.0,10.4,DoS_attack
1697492907.971,46.251,1800.0,20.5,10.6,DoS_attack
1697492908.473,46.738,1800.0,4.0,10.6,DoS_attack
1697492908.976,47.712,1800.0,3.9,10.6,DoS_attack
1697492909.479,46.251,1800.0,3.0,10.6,DoS_attack
1697492909.981,46.251,1800.0,4.0,10.6,DoS_attack
1697492910.484,47.225,1800.0,4.0,10.6,DoS_attack
1697492910.986,46.738,1800.0,3.5,10.6,DoS_attack
1697492911.489,45.764,1800.0,3.5,10.6,DoS_attack
1697492911.993,45.277,700.0,4.5,10.6,DoS_attack
1697492912.498,46.251,800.0,3.9,10.6,DoS_attack
1697492913.004,46.251,600.0,5.9,10.6,DoS_attack
1697492913.507,46.251,1800.0,27.7,10.4,DoS_attack
1697492914.01,47.225,1800.0,27.9,10.6,DoS_attack
1697492914.513,45.764,1800.0,4.0,10.6,DoS_attack
1697492915.015,45.764,1800.0,4.0,10.6,DoS_attack
1697492915.518,46.738,1800.0,4.0,10.6,DoS_attack
1697492916.02,45.764,1800.0,3.0,10.6,DoS_attack
1697492916.523,45.764,1800.0,4.0,10.6,DoS_attack
1697492917.025,45.764,1800.0,3.5,10.6,DoS_attack
1697492917.528,45.764,1800.0,3.5,10.6,DoS_attack
1697492918.031,45.764,1800.0,3.5,10.6,DoS_attack
1697492918.535,45.764,900.0,5.0,10.6,DoS_attack
1697492919.04,46.251,700.0,5.0,10.6,DoS_attack
1697492919.543,46.251,1800.0,18.3,10.0,DoS_attack
1697492920.045,47.225,1800.0,36.7,10.5,DoS_attack
1697492920.548,46.738,1800.0,4.0,10.6,DoS_attack
1697492921.05,46.251,1800.0,3.9,10.6,DoS_attack
1697492921.553,46.251,1800.0,4.0,10.6,DoS_attack
1697492922.055,46.251,1800.0,3.0,10.6,DoS_attack
1697492922.558,46.738,1800.0,2.5,10.6,DoS_attack
1697492923.06,46.251,1800.0,2.5,10.6,DoS_attack
1697492923.563,46.738,1800.0,5.4,10.6,DoS_attack
1697492924.066,46.251,1800.0,4.0,10.6,DoS_attack
1697492924.571,46.738,700.0,4.0,10.6,DoS_attack
1697492925.075,45.764,800.0,5.4,10.6,DoS_attack
1697492925.578,46.251,1800.0,9.1,9.5,DoS_attack
1697492926.082,47.225,1800.0,26.9,10.5,DoS_attack
1697492926.584,46.251,1800.0,20.4,10.6,DoS_attack
1697492927.087,45.764,1800.0,3.0,10.6,DoS_attack
1697492927.59,45.764,1800.0,3.0,10.6,DoS_attack
1697492928.092,46.738,1800.0,2.0,10.6,DoS_attack
1697492928.595,46.251,1800.0,5.4,10.6,DoS_attack
1697492929.097,45.277,1800.0,1.5,10.6,DoS_attack
1697492929.6,45.277,1800.0,0.0,10.6,DoS_attack
1697492930.103,45.764,1800.0,1.5,10.6,DoS_attack
1697492930.608,46.251,700.0,5.0,10.6,DoS_attack
1697492931.112,45.277,800.0,7.4,10.6,DoS_attack
1697492931.618,45.764,600.0,5.4,10.6,DoS_attack
1697492932.121,47.225,1800.0,27.0,10.3,DoS_attack
1697492932.624,46.738,1800.0,27.5,10.6,DoS_attack
1697492933.126,46.251,1800.0,3.9,10.6,DoS_attack
1697492933.629,46.738,1800.0,3.5,10.6,DoS_attack
1697492934.132,46.738,1800.0,2.5,10.6,DoS_attack
1697492934.634,46.251,1800.0,4.9,10.6,DoS_attack
1697492935.137,45.277,1800.0,3.0,10.6,DoS_attack
1697492935.639,46.738,1800.0,3.5,10.6,DoS_attack
1697492936.142,45.277,1800.0,3.5,10.6,DoS_attack
1697492936.644,45.764,1800.0,3.5,10.6,DoS_attack
1697492937.152,45.764,600.0,3.5,10.6,DoS_attack
1697492937.659,45.277,600.0,5.4,10.6,DoS_attack
1697492938.162,46.738,1800.0,21.5,10.2,DoS_attack
1697492938.665,46.251,1800.0,33.3,10.6,DoS_attack
1697492939.167,46.251,1800.0,3.0,10.6,DoS_attack
1697492939.67,47.225,1800.0,2.5,10.6,DoS_attack
1697492940.173,46.251,1800.0,2.5,10.6,DoS_attack
1697492940.675,46.738,1800.0,3.5,10.6,DoS_attack
1697492941.178,45.277,1800.0,3.5,10.6,DoS_attack
1697492941.68,46.251,1800.0,2.5,10.6,DoS_attack
1697492942.183,45.277,1800.0,1.5,10.6,DoS_attack
1697492942.686,46.251,1800.0,4.5,10.6,DoS_attack
1697492943.19,46.251,900.0,3.0,10.6,DoS_attack
1697492943.696,45.277,600.0,5.4,10.6,DoS_attack
1697492944.199,46.738,1800.0,15.9,10.2,DoS_attack
1697492944.702,46.251,1800.0,37.5,10.6,DoS_attack
1697492945.205,46.738,1800.0,3.5,10.7,DoS_attack
1697492945.708,46.251,1800.0,2.5,10.7,DoS_attack
1697492946.21,45.277,1800.0,3.0,10.7,DoS_attack
1697492946.713,46.738,1800.0,5.0,10.7,DoS_attack
1697492947.215,46.251,1800.0,3.5,10.7,DoS_attack
1697492947.718,46.738,1800.0,3.5,10.7,DoS_attack
1697492948.22,45.764,1800.0,4.0,10.7,DoS_attack
1697492948.723,47.225,1800.0,4.0,10.7,DoS_attack
1697492949.228,45.764,700.0,4.0,10.7,DoS_attack
1697492949.733,44.79,700.0,3.5,10.7,DoS_attack
1697492950.236,46.251,1800.0,22.0,10.3,DoS_attack
1697492950.738,46.251,1800.0,32.2,10.5,DoS_attack
1697492951.241,45.764,1800.0,4.0,10.5,DoS_attack
1697492951.743,45.764,1800.0,3.0,10.5,DoS_attack
1697492952.246,46.738,1800.0,3.0,10.5,DoS_attack
1697492952.748,45.764,1800.0,4.0,10.6,DoS_attack
1697492953.251,46.738,1800.0,3.5,10.6,DoS_attack
1697492953.754,45.277,1800.0,3.0,10.6,DoS_attack
1697492954.256,45.764,1800.0,3.5,10.6,DoS_attack
1697492954.759,46.738,1800.0,4.0,10.6,DoS_attack
1697492955.263,45.277,800.0,5.0,10.6,DoS_attack
1697492955.767,44.79,900.0,4.9,10.6,DoS_attack
1697492956.27,46.251,1800.0,14.9,10.0,DoS_attack
1697492956.773,45.764,1800.0,36.4,10.5,DoS_attack
1697492957.276,47.225,1800.0,7.4,10.5,DoS_attack
1697492957.778,46.251,1800.0,3.5,10.6,DoS_attack
1697492958.281,45.764,1800.0,4.5,10.6,DoS_attack
1697492958.783,46.251,1800.0,4.5,10.6,DoS_attack
1697492959.286,46.251,1800.0,3.0,10.6,DoS_attack
1697492959.789,46.251,1800.0,3.5,10.6,DoS_attack
1697492960.291,46.251,1800.0,3.5,10.6,DoS_attack
1697492960.794,45.277,1800.0,4.0,10.6,DoS_attack
1697492961.299,46.251,700.0,4.5,10.6,DoS_attack
1697492961.803,46.251,900.0,4.0,10.6,DoS_attack
1697492962.307,45.764,1000.0,7.0,10.4,DoS_attack
1697492962.81,45.277,1800.0,29.0,10.4,DoS_attack
1697492963.312,46.251,1800.0,24.6,10.6,DoS_attack
1697492963.815,46.738,1800.0,4.0,10.6,DoS_attack
1697492964.317,45.764,1800.0,3.5,10.6,DoS_attack
1697492964.82,46.738,1800.0,4.0,10.6,DoS_attack
1697492965.322,45.277,1800.0,3.0,10.6,DoS_attack
1697492965.825,46.251,1800.0,2.5,10.6,DoS_attack
1697492966.327,47.225,1800.0,3.5,10.6,DoS_attack
1697492966.83,45.764,1800.0,4.5,10.6,DoS_attack
1697492967.332,46.251,1800.0,3.5,10.6,DoS_attack
1697492967.838,45.277,600.0,3.5,10.6,DoS_attack
1697492968.342,46.738,1000.0,5.9,10.6,DoS_attack
1697492968.844,45.764,1800.0,23.5,10.2,DoS_attack
1697492969.347,45.764,1800.0,31.7,10.6,DoS_attack
1697492969.85,45.277,1800.0,3.9,10.6,DoS_attack
1697492970.352,46.251,1800.0,2.5,10.6,DoS_attack
1697492970.855,46.251,1800.0,4.0,10.6,DoS_attack
1697492971.357,45.277,1800.0,3.0,10.6,DoS_attack
1697492971.86,46.251,1800.0,3.0,10.6,DoS_attack
1697492972.362,46.251,1800.0,3.5,10.6,DoS_attack
1697492972.865,46.251,1800.0,4.9,10.6,DoS_attack
1697492973.367,46.251,1800.0,4.0,10.6,DoS_attack
1697492973.873,45.277,600.0,4.0,10.6,DoS_attack
1697492974.379,45.764,600.0,4.0,10.6,DoS_attack
1697492974.882,46.251,1800.0,16.5,10.1,DoS_attack
1697492975.384,46.738,1800.0,37.0,10.5,DoS_attack
1697492975.887,47.712,1800.0,5.0,10.6,DoS_attack
1697492976.389,47.225,1800.0,4.0,10.6,DoS_attack
1697492976.892,46.251,1800.0,4.5,10.6,DoS_attack
1697492977.394,45.764,1800.0,3.5,10.6,DoS_attack
1697492977.897,46.738,1800.0,3.0,10.6,DoS_attack
1697492978.399,45.764,1800.0,3.5,10.6,DoS_attack
1697492978.902,46.738,1800.0,3.5,10.6,DoS_attack
1697492979.404,45.764,1800.0,3.0,10.6,DoS_attack
1697492979.91,45.764,600.0,3.5,10.6,DoS_attack
1697492980.415,46.251,600.0,5.4,10.6,DoS_attack
1697492980.919,47.225,1800.0,10.5,9.8,DoS_attack
1697492981.422,46.738,1800.0,32.0,10.5,DoS_attack
1697492981.925,46.738,1800.0,13.1,10.6,DoS_attack
1697492982.427,46.738,1800.0,2.0,10.6,DoS_attack
1697492982.93,45.764,1800.0,3.5,10.6,DoS_attack
1697492983.432,46.251,1800.0,4.0,10.6,DoS_attack
1697492983.935,46.251,1800.0,3.0,10.6,DoS_attack
1697492984.437,46.251,1800.0,2.5,10.6,DoS_attack
1697492984.94,45.277,1800.0,3.5,10.6,DoS_attack
1697492985.443,46.251,1800.0,3.0,10.6,DoS_attack
1697492985.948,45.764,700.0,2.5,10.6,DoS_attack
1697492986.453,44.79,600.0,2.5,10.6,DoS_attack
1697492986.956,45.277,1800.0,18.4,10.1,DoS_attack
1697492987.459,46.738,1800.0,37.8,10.5,DoS_attack
1697492987.962,46.251,1800.0,3.0,10.6,DoS_attack
1697492988.464,46.738,1800.0,5.5,10.6,DoS_attack
1697492988.967,45.764,1800.0,4.0,10.6,DoS_attack
1697492989.469,46.738,1800.0,3.0,10.6,DoS_attack
1697492989.972,45.764,1800.0,4.0,10.6,DoS_attack
1697492990.475,45.277,1800.0,4.0,10.6,DoS_attack
1697492990.977,47.225,1800.0,3.0,10.6,DoS_attack
1697492991.48,45.764,1800.0,3.5,10.6,DoS_attack
1697492991.985,46.251,700.0,4.0,10.6,DoS_attack
1697492992.49,46.251,700.0,4.9,10.6,DoS_attack
1697492992.993,46.251,1800.0,23.0,10.3,DoS_attack
1697492993.496,46.738,1800.0,35.5,10.6,DoS_attack
1697492993.998,46.251,1800.0,4.5,10.6,DoS_attack
1697492994.501,45.764,1800.0,3.5,10.6,DoS_attack
1697492995.003,47.225,1800.0,3.5,10.6,DoS_attack
1697492995.506,46.738,1800.0,3.0,10.6,DoS_attack
1697492996.009,46.251,1800.0,3.5,10.6,DoS_attack
1697492996.511,46.251,1800.0,3.5,10.6,DoS_attack
1697492997.014,46.251,1800.0,3.5,10.6,DoS_attack
1697492997.516,45.764,1800.0,3.5,10.6,DoS_attack
1697492998.021,45.764,800.0,4.5,10.6,DoS_attack
1697492998.525,46.251,800.0,5.4,10.6,DoS_attack
1697492999.028,45.764,1800.0,15.5,10.1,DoS_attack
1697492999.531,47.225,1800.0,37.0,10.5,DoS_attack
1697493000.034,46.738,1800.0,6.5,10.6,DoS_attack
1697493000.536,45.764,1800.0,4.0,10.6,DoS_attack
1697493001.039,45.764,1800.0,4.0,10.6,DoS_attack
1697493001.541,46.738,1800.0,3.5,10.6,DoS_attack
1697493002.044,46.251,1800.0,3.0,10.6,DoS_attack
1697493002.546,46.738,1800.0,4.0,10.6,DoS_attack
1697493003.049,45.764,1800.0,3.0,10.6,DoS_attack
1697493003.551,44.79,1800.0,4.9,10.6,DoS_attack
1697493004.056,45.764,700.0,3.4,10.6,DoS_attack
1697493004.561,44.79,800.0,5.0,10.6,DoS_attack
1697493005.066,45.277,800.0,9.4,9.6,DoS_attack
1697493005.569,47.225,1800.0,28.9,10.5,DoS_attack
1697493006.072,46.738,1800.0,22.0,10.6,DoS_attack
1697493006.575,45.277,1800.0,4.4,10.6,DoS_attack
1697493007.077,45.764,1800.0,3.5,10.6,DoS_attack
1697493007.58,45.764,1800.0,3.5,10.6,DoS_attack
1697493008.082,46.738,1800.0,3.5,10.6,DoS_attack
1697493008.585,46.251,1800.0,4.5,10.6,DoS_attack
1697493009.087,46.251,1800.0,4.5,10.6,DoS_attack
1697493009.59,45.277,1800.0,3.5,10.6,DoS_attack
1697493010.093,46.251,1800.0,3.0,10.6,DoS_attack
1697493010.597,45.277,900.0,4.9,10.6,DoS_attack
1697493011.102,45.764,800.0,5.4,10.6,DoS_attack
1697493011.605,47.225,1800.0,26.5,10.4,DoS_attack
1697493012.108,46.738,1800.0,27.5,10.6,DoS_attack
1697493012.611,47.225,1800.0,4.0,10.6,DoS_attack
1697493013.113,46.251,1800.0,4.0,10.6,DoS_attack
1697493013.616,46.251,1800.0,4.0,10.6,DoS_attack
1697493014.118,46.251,1800.0,3.5,10.6,DoS_attack
1697493014.621,45.764,1800.0,4.0,10.6,DoS_attack
1697493015.123,46.738,1800.0,3.5,10.6,DoS_attack
1697493015.626,45.764,1800.0,3.5,10.6,DoS_attack
1697493016.128,46.251,1800.0,3.0,10.6,DoS_attack
1697493016.634,46.738,600.0,3.9,10.6,DoS_attack
1697493017.139,45.764,700.0,5.9,10.6,DoS_attack
1697493017.642,45.764,1800.0,20.4,10.2,DoS_attack
1697493018.144,45.764,1800.0,33.7,10.6,DoS_attack
1697493018.647,46.738,1800.0,4.0,10.6,DoS_attack
1697493019.15,46.251,1800.0,4.0,10.6,DoS_attack
1697493019.653,46.251,1800.0,3.5,10.6,DoS_attack
1697493020.155,46.251,1800.0,3.5,10.6,DoS_attack
1697493020.658,46.738,1800.0,3.9,10.6,DoS_attack
1697493021.161,46.251,1800.0,3.0,10.6,DoS_attack
1697493021.663,46.738,1800.0,3.5,10.6,DoS_attack
1697493022.166,45.277,1800.0,1.5,10.6,DoS_attack
1697493022.672,46.251,600.0,5.9,10.6,DoS_attack
1697493023.177,45.764,800.0,4.0,10.6,DoS_attack
1697493023.679,46.251,1800.0,13.9,10.0,DoS_attack
1697493024.183,47.712,1800.0,32.8,10.6,DoS_attack
1697493024.685,47.225,1800.0,10.9,10.6,DoS_attack
1697493025.188,45.764,1800.0,2.5,10.6,DoS_attack
1697493025.691,46.251,1800.0,2.0,10.6,DoS_attack
1697493026.194,46.738,1800.0,4.0,10.6,DoS_attack
1697493026.696,47.225,1800.0,3.5,10.6,DoS_attack
1697493027.199,46.251,1800.0,3.0,10.7,DoS_attack
1697493027.703,45.764,1800.0,3.5,10.7,DoS_attack
1697493028.205,47.225,1800.0,3.5,10.7,DoS_attack
1697493028.711,46.738,700.0,5.4,10.6,DoS_attack
1697493029.217,45.764,600.0,5.4,10.6,DoS_attack
1697493029.722,45.277,600.0,5.0,10.6,DoS_attack
1697493030.226,47.225,1800.0,30.3,10.4,DoS_attack
1697493030.728,46.738,1800.0,24.5,10.6,DoS_attack
1697493031.231,46.738,1800.0,4.0,10.6,DoS_attack
1697493031.733,47.225,1800.0,3.5,10.6,DoS_attack
1697493032.236,45.764,1800.0,3.5,10.6,DoS_attack
1697493032.738,45.764,1800.0,4.0,10.6,DoS_attack
1697493033.241,46.738,1800.0,5.0,10.6,DoS_attack
1697493033.744,45.764,1800.0,2.5,10.6,DoS_attack
1697493034.246,46.251,1800.0,4.0,10.6,DoS_attack
1697493034.749,45.764,1800.0,4.0,10.6,DoS_attack
1697493035.253,45.764,800.0,4.9,10.6,DoS_attack
1697493035.757,44.79,900.0,4.0,10.6,DoS_attack
1697493036.259,46.251,1800.0,23.0,10.3,DoS_attack
1697493036.762,46.738,1800.0,30.2,10.6,DoS_attack
1697493037.265,46.251,1800.0,2.0,10.6,DoS_attack
1697493037.767,46.251,1800.0,3.5,10.6,DoS_attack
1697493038.27,46.738,1800.0,3.0,10.6,DoS_attack
1697493038.772,46.251,1800.0,1.5,10.6,DoS_attack
1697493039.275,45.277,1800.0,5.5,10.6,DoS_attack
1697493039.777,46.251,1800.0,5.4,10.6,DoS_attack
1697493040.28,46.251,1800.0,4.0,10.6,DoS_attack
1697493040.782,45.764,1800.0,3.0,10.6,DoS_attack
1697493041.286,45.277,900.0,4.0,10.6,DoS_attack
1697493041.79,45.764,1000.0,5.0,10.6,DoS_attack
1697493042.293,46.251,1800.0,27.4,10.3,DoS_attack
1697493042.796,47.225,1800.0,25.0,10.5,DoS_attack
1697493043.299,46.251,1800.0,4.5,10.6,DoS_attack
1697493043.801,47.225,1800.0,4.0,10.6,DoS_attack
1697493044.304,46.251,1800.0,3.0,10.6,DoS_attack
1697493044.806,45.764,1800.0,4.4,10.6,DoS_attack
1697493045.309,46.251,1800.0,3.5,10.6,DoS_attack
1697493045.811,45.764,1800.0,3.0,10.6,DoS_attack
1697493046.314,47.225,1800.0,3.0,10.6,DoS_attack
1697493046.816,45.764,1800.0,2.0,10.6,DoS_attack
1697493047.322,45.764,600.0,2.0,10.6,DoS_attack
1697493047.827,45.764,600.0,0.5,10.6,DoS_attack
1697493048.331,46.738,1800.0,20.9,10.3,DoS_attack
1697493048.833,46.738,1800.0,35.5,10.6,DoS_attack
1697493049.336,46.251,1800.0,1.0,10.6,DoS_attack
1697493049.838,46.251,1800.0,1.5,10.6,DoS_attack
1697493050.341,47.225,1800.0,6.0,10.6,DoS_attack
1697493050.843,45.277,1800.0,3.5,10.6,DoS_attack
1697493051.346,46.251,1800.0,2.0,10.6,DoS_attack
1697493051.849,46.251,1800.0,1.5,10.6,DoS_attack
1697493052.351,45.764,1800.0,1.0,10.6,DoS_attack
1697493052.854,47.225,1800.0,4.5,10.6,DoS_attack
1697493053.359,46.251,700.0,2.5,10.6,DoS_attack
1697493053.864,45.277,600.0,2.0,10.6,DoS_attack
1697493054.367,46.738,1800.0,18.9,10.1,DoS_attack
1697493054.87,46.738,1800.0,37.8,10.5,DoS_attack
1697493055.373,45.277,1800.0,4.0,10.6,DoS_attack
1697493055.875,45.277,1800.0,3.0,10.6,DoS_attack
1697493056.378,46.738,1800.0,3.5,10.6,DoS_attack
1697493056.88,45.277,1800.0,3.5,10.6,DoS_attack
1697493057.383,46.738,1800.0,3.0,10.6,DoS_attack
1697493057.885,44.79,1800.0,3.5,10.6,DoS_attack
1697493058.388,45.764,1800.0,4.5,10.6,DoS_attack
1697493058.89,45.764,1800.0,4.0,10.6,DoS_attack
1697493059.396,45.764,600.0,4.0,10.6,DoS_attack
1697493059.902,44.79,600.0,5.9,10.6,DoS_attack
1697493060.404,46.738,1800.0,21.4,10.2,DoS_attack
1697493060.907,46.738,1800.0,33.8,10.5,DoS_attack
1697493061.41,46.738,1800.0,3.5,10.5,DoS_attack
1697493061.912,46.251,1800.0,4.0,10.6,DoS_attack
1697493062.415,46.738,1800.0,3.5,10.6,DoS_attack
1697493062.917,46.738,1800.0,4.0,10.6,DoS_attack
1697493063.42,45.277,1800.0,4.5,10.6,DoS_attack
1697493063.922,45.764,1800.0,3.0,10.6,DoS_attack
1697493064.425,46.738,1800.0,3.5,10.6,DoS_attack
1697493064.928,46.251,1800.0,2.5,10.6,DoS_attack
1697493065.433,46.251,600.0,2.5,10.6,DoS_attack
1697493065.939,45.764,600.0,4.0,10.6,DoS_attack
1697493066.443,45.764,1800.0,10.1,10.0,DoS_attack
1697493066.947,46.738,1800.0,34.3,10.5,DoS_attack
1697493067.449,47.225,1800.0,11.0,10.6,DoS_attack
1697493067.952,46.738,1800.0,3.0,10.6,DoS_attack
1697493068.454,46.251,1800.0,4.0,10.6,DoS_attack
1697493068.957,46.251,1800.0,3.5,10.6,DoS_attack
1697493069.459,46.251,1800.0,4.0,10.6,DoS_attack
1697493069.962,45.277,1800.0,3.0,10.6,DoS_attack
1697493070.464,45.277,1800.0,3.0,10.6,DoS_attack
1697493070.967,46.251,1800.0,4.9,10.6,DoS_attack
1697493071.472,45.764,700.0,4.0,10.6,DoS_attack
1697493071.977,45.277,600.0,4.5,10.6,DoS_attack
1697493072.48,46.738,1800.0,16.6,10.1,DoS_attack
1697493072.983,46.251,1800.0,37.5,10.5,DoS_attack
1697493073.486,46.251,1800.0,3.5,10.5,DoS_attack
1697493073.988,46.251,1800.0,3.5,10.5,DoS_attack
1697493074.491,45.277,1800.0,3.0,10.6,DoS_attack
1697493074.993,45.764,1800.0,5.0,10.6,DoS_attack
1697493075.496,45.764,1800.0,3.5,10.6,DoS_attack
1697493075.998,46.251,1800.0,4.0,10.6,DoS_attack
1697493076.501,46.251,1800.0,3.5,10.6,DoS_attack
1697493077.003,46.738,1800.0,4.0,10.6,DoS_attack
1697493077.509,45.764,600.0,3.9,10.6,DoS_attack
1697493078.015,45.277,600.0,4.0,10.6,DoS_attack
1697493078.519,45.764,1800.0,13.3,9.8,DoS_attack
1697493079.022,46.251,1800.0,34.7,10.5,DoS_attack
1697493079.525,46.251,1800.0,13.0,10.5,DoS_attack
1697493080.027,46.251,1800.0,3.5,10.5,DoS_attack
1697493080.53,46.738,1800.0,3.0,10.5,DoS_attack
1697493081.032,46.738,1800.0,4.0,10.5,DoS_attack
1697493081.535,46.251,1800.0,2.5,10.6,DoS_attack
1697493082.037,46.251,1800.0,1.5,10.6,DoS_attack
1697493082.54,45.764,1800.0,1.0,10.6,DoS_attack
1697493083.042,44.79,1800.0,5.9,10.6,DoS_attack
1697493083.547,46.251,700.0,5.0,10.6,DoS_attack
1697493084.052,45.764,900.0,5.4,10.6,DoS_attack
1697493084.556,45.764,900.0,5.5,10.5,DoS_attack
1697493085.059,46.251,1800.0,29.4,10.4,DoS_attack
1697493085.561,46.251,1800.0,24.1,10.6,DoS_attack
1697493086.064,46.251,1800.0,2.5,10.6,DoS_attack
1697493086.567,45.764,1800.0,4.5,10.6,DoS_attack
1697493087.069,46.738,1800.0,2.5,10.6,DoS_attack
1697493087.572,45.277,1800.0,4.0,10.6,DoS_attack
1697493088.074,45.764,1800.0,3.9,10.6,DoS_attack
1697493088.577,45.764,1800.0,3.5,10.6,DoS_attack
1697493089.079,47.225,1800.0,3.5,10.6,DoS_attack
1697493089.582,45.764,1800.0,4.5,10.6,DoS_attack
1697493090.086,47.225,900.0,5.0,10.6,DoS_attack
1697493090.59,45.277,800.0,4.5,10.6,DoS_attack
1697493091.094,45.764,1800.0,23.8,10.3,DoS_attack
1697493091.597,46.738,1800.0,29.6,10.6,DoS_attack
1697493092.099,46.738,1800.0,4.5,10.6,DoS_attack
1697493092.602,46.251,1800.0,4.0,10.6,DoS_attack
1697493093.105,45.764,1800.0,3.5,10.6,DoS_attack
1697493093.607,46.738,1800.0,4.4,10.6,DoS_attack
1697493094.11,46.251,1800.0,3.5,10.6,DoS_attack
1697493094.612,47.225,1800.0,4.0,10.6,DoS_attack
1697493095.115,46.251,1800.0,2.5,10.6,DoS_attack
1697493095.617,46.251,1800.0,3.0,10.6,DoS_attack
1697493096.122,46.251,700.0,4.9,10.6,DoS_attack
1697493096.628,45.764,600.0,2.5,10.6,DoS_attack
1697493097.131,45.277,1800.0,15.9,10.2,DoS_attack
1697493097.634,48.199,1800.0,36.4,10.7,DoS_attack
1697493098.136,45.277,1800.0,3.0,10.7,DoS_attack
1697493098.639,46.738,1800.0,3.4,10.7,DoS_attack
1697493099.141,46.251,1800.0,2.0,10.7,DoS_attack
1697493099.644,46.251,1800.0,3.5,10.7,DoS_attack
1697493100.147,45.764,1800.0,3.5,10.7,DoS_attack
1697493100.649,46.251,1800.0,3.0,10.7,DoS_attack
1697493101.152,46.738,1800.0,3.9,10.7,DoS_attack
1697493101.655,46.251,1800.0,4.0,10.7,DoS_attack
1697493102.159,45.764,800.0,3.5,10.7,DoS_attack
1697493102.665,45.277,600.0,6.0,10.7,DoS_attack
1697493103.168,46.251,1800.0,12.0,9.8,DoS_attack
1697493103.671,46.251,1800.0,31.7,10.5,DoS_attack
1697493104.174,46.738,1800.0,15.5,10.6,DoS_attack
1697493104.677,46.738,1800.0,4.0,10.6,DoS_attack
1697493105.179,46.251,1800.0,2.5,10.6,DoS_attack
1697493105.682,46.738,1800.0,2.0,10.6,DoS_attack
1697493106.185,47.225,1800.0,2.0,10.6,DoS_attack
1697493106.687,45.764,1800.0,2.5,10.6,DoS_attack
1697493107.19,46.251,1800.0,4.0,10.7,DoS_attack
1697493107.692,46.738,1800.0,2.0,10.6,DoS_attack
1697493108.197,45.277,700.0,2.5,10.7,DoS_attack
1697493108.703,46.251,700.0,10.8,10.6,DoS_attack
1697493109.206,48.199,1800.0,15.4,10.0,DoS_attack
1697493109.708,48.199,1800.0,36.7,10.6,DoS_attack
1697493110.211,46.738,1800.0,6.4,10.6,DoS_attack
1697493110.714,46.251,1800.0,4.0,10.6,DoS_attack
1697493111.216,46.738,1800.0,1.5,10.6,DoS_attack
1697493111.719,45.277,1800.0,1.0,10.6,DoS_attack
1697493112.221,46.251,1800.0,1.0,10.6,DoS_attack
1697493112.724,46.738,1800.0,5.9,10.7,DoS_attack
1697493113.227,46.738,1800.0,5.0,10.7,DoS_attack
1697493113.73,45.764,1800.0,3.5,10.7,DoS_attack
1697493114.234,45.764,900.0,4.0,10.7,DoS_attack
1697493114.74,46.251,600.0,4.0,10.7,DoS_attack
1697493115.248,46.251,600.0,9.9,10.3,DoS_attack
1697493115.754,47.225,1800.0,29.4,10.5,DoS_attack
1697493116.257,46.738,1800.0,19.8,10.6,DoS_attack
1697493116.76,46.251,1800.0,3.5,10.6,DoS_attack
1697493117.262,47.225,1800.0,4.0,10.6,DoS_attack
1697493117.765,45.764,1800.0,3.0,10.6,DoS_attack
1697493118.267,46.251,1800.0,4.5,10.6,DoS_attack
1697493118.77,46.738,1800.0,3.5,10.6,DoS_attack
1697493119.272,46.251,1800.0,4.0,10.6,DoS_attack
1697493119.775,46.251,1800.0,5.4,10.6,DoS_attack
1697493120.28,45.764,800.0,4.5,10.6,DoS_attack
1697493120.784,45.764,900.0,5.0,10.6,DoS_attack
1697493121.288,45.764,1000.0,7.0,10.6,DoS_attack
1697493121.792,46.738,1800.0,25.7,10.3,DoS_attack
1697493122.295,47.225,1800.0,27.5,10.6,DoS_attack
1697493122.797,46.251,1800.0,3.0,10.6,DoS_attack
1697493123.3,46.251,1800.0,3.5,10.6,DoS_attack
1697493123.802,45.764,1800.0,4.0,10.6,DoS_attack
1697493124.305,46.251,1800.0,3.0,10.6,DoS_attack
1697493124.807,47.225,1800.0,3.5,10.6,DoS_attack
1697493125.31,46.251,1800.0,3.5,10.6,DoS_attack
1697493125.812,46.251,1800.0,3.5,10.6,DoS_attack
1697493126.315,45.764,1800.0,4.0,10.6,DoS_attack
1697493126.82,46.251,700.0,4.9,10.6,DoS_attack
1697493127.324,45.277,800.0,4.0,10.6,DoS_attack
1697493127.827,46.251,1800.0,20.8,10.2,DoS_attack
1697493128.33,46.738,1800.0,36.9,10.6,DoS_attack
1697493128.832,46.738,1800.0,2.0,10.6,DoS_attack
1697493129.335,46.738,1800.0,3.5,10.6,normal
1697493129.837,46.738,1800.0,4.0,10.6,normal
1697493130.34,45.764,1800.0,3.5,10.6,normal
1697493130.843,46.251,1800.0,3.0,10.7,normal
1697493131.345,46.738,1800.0,3.0,10.7,normal
1697493131.848,46.251,1800.0,4.0,10.7,normal
1697493132.35,45.764,1800.0,4.0,10.7,normal
1697493132.856,46.251,600.0,3.4,10.7,normal
1697493133.36,45.764,900.0,5.0,10.7,normal
1697493133.863,47.225,1800.0,11.4,10.0,normal
1697493134.367,47.225,1800.0,36.5,10.6,normal
1697493134.87,47.225,1800.0,8.5,10.6,normal
1697493135.372,47.712,1800.0,4.0,10.7,normal
1697493135.875,45.764,1800.0,3.4,10.7,normal
1697493136.378,46.251,1800.0,3.0,10.7,normal
1697493136.88,45.764,1800.0,4.9,10.7,normal
1697493137.383,45.277,1800.0,3.5,10.7,normal
1697493137.885,45.764,1800.0,2.5,10.7,normal
1697493138.388,46.251,1800.0,5.0,10.7,normal
1697493138.893,46.738,700.0,3.0,10.7,normal
1697493139.399,45.277,600.0,4.0,10.7,normal
1697493139.904,46.251,700.0,6.4,10.6,normal
1697493140.407,45.764,1800.0,29.4,10.4,normal
1697493140.91,46.251,1800.0,24.2,10.6,normal
1697493141.412,46.251,1800.0,2.5,10.6,normal
1697493141.915,46.251,1800.0,2.0,10.6,normal
1697493142.417,45.764,1800.0,1.5,10.6,normal
1697493142.92,45.277,1800.0,5.0,10.6,normal
1697493143.423,45.764,1800.0,5.4,10.6,normal
1697493143.925,45.764,1800.0,3.0,10.6,normal
1697493144.428,46.251,1800.0,3.0,10.6,normal
1697493144.93,45.764,1800.0,4.5,10.6,normal
1697493145.436,45.764,700.0,4.9,10.6,normal
1697493145.941,45.764,800.0,8.5,9.6,normal
1697493146.443,45.764,1800.0,28.4,10.4,normal
1697493146.946,46.251,1800.0,21.0,10.5,normal
1697493147.449,44.79,1800.0,3.0,10.5,normal
1697493147.951,46.251,1800.0,3.5,10.5,normal
1697493148.454,45.764,1800.0,3.5,10.6,normal
1697493148.956,45.277,1800.0,3.0,10.6,normal
1697493149.459,45.764,1800.0,2.0,10.6,normal
1697493149.961,46.251,1800.0,4.0,10.6,normal
1697493150.464,46.738,1800.0,4.0,10.6,normal
1697493150.968,46.738,1525.0,3.0,10.6,normal
1697493151.474,45.764,600.0,4.0,10.6,normal
1697493151.977,46.251,1800.0,15.3,10.1,normal
1697493152.48,47.225,1800.0,37.3,10.5,normal
1697493152.982,47.712,1800.0,5.5,10.6,normal
1697493153.485,45.277,1800.0,3.5,10.6,normal
1697493153.987,46.738,1800.0,3.0,10.6,normal
1697493154.49,45.764,1800.0,3.0,10.6,normal
1697493154.992,46.251,1800.0,4.5,10.6,normal
1697493155.495,46.251,1800.0,3.5,10.6,normal
1697493155.997,45.764,1800.0,3.5,10.6,normal
1697493156.5,46.738,1800.0,2.5,10.6,normal
1697493157.005,48.199,700.0,1.5,10.6,normal
1697493157.51,46.738,600.0,2.9,10.6,normal
1697493158.013,46.251,1800.0,21.0,10.2,normal
1697493158.516,46.738,1800.0,35.7,10.6,normal
1697493159.019,46.738,1800.0,4.0,10.6,normal
1697493159.521,46.738,1800.0,3.0,10.6,normal
1697493160.024,46.738,1800.0,3.5,10.6,normal
1697493160.526,45.764,1800.0,3.5,10.6,normal
1697493161.029,46.738,1800.0,2.5,10.6,normal
1697493161.531,46.738,1800.0,3.5,10.6,normal
1697493162.034,45.277,1800.0,3.0,10.6,normal
1697493162.537,46.251,1800.0,3.0,10.6,normal
1697493163.042,45.277,600.0,3.4,10.6,normal
1697493163.548,45.277,600.0,6.4,10.6,normal
1697493164.051,47.225,1800.0,25.4,10.3,normal
1697493164.554,46.251,1800.0,29.0,10.6,normal
1697493165.056,46.738,1800.0,3.5,10.6,normal
1697493165.559,47.225,1800.0,3.5,10.6,normal
1697493166.062,47.225,1800.0,2.5,10.6,normal
1697493166.564,46.251,1800.0,3.5,10.6,normal
1697493167.067,46.738,1800.0,3.0,10.6,normal
1697493167.569,46.738,1800.0,2.5,10.6,normal
1697493168.072,45.764,1800.0,1.5,10.6,normal
1697493168.574,46.251,1800.0,5.5,10.6,normal
1697493169.08,45.764,600.0,2.5,10.6,normal
1697493169.586,46.251,600.0,4.9,10.6,normal
1697493170.088,45.764,1800.0,18.1,10.2,normal
1697493170.591,47.225,1800.0,35.8,10.6,normal
1697493171.094,45.764,1800.0,4.0,10.6,normal
1697493171.596,46.251,1800.0,2.5,10.6,normal
1697493172.099,46.251,1800.0,2.0,10.6,normal
1697493172.601,45.764,1800.0,2.5,10.6,normal
1697493173.104,46.251,1800.0,4.5,10.6,normal
1697493173.607,46.251,1800.0,4.5,10.6,normal
1697493174.109,45.764,1800.0,3.9,10.6,normal
1697493174.612,45.764,1800.0,2.5,10.6,normal
1697493175.116,45.764,800.0,4.0,10.6,normal
1697493175.622,44.79,600.0,5.9,10.6,normal
1697493176.125,45.764,1800.0,22.4,10.2,normal
1697493176.627,47.225,1800.0,31.8,10.6,normal
1697493177.13,45.764,1800.0,4.0,10.6,normal
1697493177.633,46.251,1800.0,4.0,10.6,normal
1697493178.135,46.251,1800.0,4.0,10.6,normal
1697493178.638,45.764,1800.0,4.0,10.6,normal
1697493179.14,46.251,1800.0,2.5,10.7,normal
1697493179.643,46.251,1800.0,4.5,10.6,normal
1697493180.146,46.251,1800.0,4.9,10.6,normal
1697493180.648,46.251,1800.0,2.5,10.7,normal
1697493181.152,45.764,900.0,5.9,10.6,normal
1697493181.657,45.764,800.0,5.4,10.6,normal
1697493182.16,47.225,1800.0,15.5,10.2,normal
1697493182.663,46.738,1800.0,37.4,10.5,normal
1697493183.165,46.251,1800.0,4.0,10.6,normal
1697493183.668,46.738,1800.0,6.4,10.6,normal
1697493184.17,45.764,1800.0,3.5,10.6,normal
1697493184.673,45.764,1800.0,3.5,10.6,normal
1697493185.176,45.764,1800.0,2.5,10.6,normal
1697493185.678,45.764,1800.0,4.5,10.6,normal
1697493186.181,46.738,1800.0,1.5,10.6,normal
1697493186.683,45.764,1800.0,4.5,10.6,normal
1697493187.188,45.764,700.0,5.4,10.6,normal
1697493187.691,46.251,1800.0,4.0,10.6,normal
1697493188.194,46.738,1800.0,7.5,9.6,normal
1697493188.697,46.738,1800.0,30.8,10.4,normal
1697493189.2,45.764,1800.0,17.0,10.6,normal
1697493189.703,45.764,1800.0,4.0,10.6,normal
1697493190.205,45.764,1800.0,2.0,10.6,normal
1697493190.708,45.764,1800.0,2.5,10.6,normal
1697493191.21,46.251,1800.0,1.5,10.6,normal
1697493191.713,46.251,1800.0,3.0,10.6,normal
1697493192.215,45.764,1800.0,3.0,10.6,normal
1697493192.719,45.764,900.0,4.0,10.6,normal
1697493193.223,46.251,1000.0,6.4,10.6,normal
1697493193.727,45.277,1100.0,4.5,10.6,normal
1697493194.23,45.277,1200.0,13.0,10.1,normal
1697493194.734,47.225,1800.0,33.5,10.6,normal
1697493195.237,47.225,1800.0,12.6,10.6,normal
1697493195.739,46.251,1800.0,5.0,10.6,normal
1697493196.242,46.738,1800.0,3.5,10.6,normal
1697493196.744,46.738,1800.0,3.5,10.6,normal
1697493197.247,46.251,1800.0,4.0,10.6,normal
1697493197.749,46.251,1800.0,3.5,10.6,normal
1697493198.252,45.764,1800.0,4.5,10.6,normal
1697493198.755,46.738,1800.0,3.5,10.6,normal
1697493199.257,46.738,1800.0,3.0,10.6,normal
1697493199.761,45.764,900.0,4.0,10.6,normal
1697493200.264,46.251,1800.0,16.4,10.1,normal
1697493200.767,46.738,1800.0,36.6,10.5,normal
1697493201.27,46.251,1800.0,4.0,10.6,normal
1697493201.772,45.764,1800.0,2.0,10.6,normal
1697493202.275,46.738,1800.0,2.0,10.6,normal
1697493202.777,46.251,1800.0,6.5,10.6,normal
1697493203.28,46.738,1800.0,4.5,10.6,normal
1697493203.783,46.251,1800.0,4.0,10.6,normal
1697493204.285,46.251,1800.0,3.0,10.6,normal
1697493204.788,46.251,1800.0,4.0,10.6,normal
1697493205.292,46.738,900.0,4.5,10.6,normal
1697493205.796,45.764,1100.0,4.5,10.6,normal
1697493206.301,46.738,900.0,8.9,9.6,normal
1697493206.804,46.251,1800.0,29.7,10.5,normal
1697493207.307,46.251,1800.0,21.1,10.6,normal
1697493207.809,46.738,1800.0,3.0,10.6,normal
1697493208.312,46.738,1800.0,3.5,10.6,normal
1697493208.815,46.738,1800.0,4.0,10.6,normal
1697493209.317,45.764,1800.0,3.0,10.6,normal
1697493209.819,46.251,1800.0,3.5,10.6,normal
1697493210.322,45.764,1800.0,4.0,10.6,normal
1697493210.824,46.251,1800.0,4.5,10.6,normal
1697493211.327,45.764,1800.0,2.5,10.6,normal
1697493211.831,46.251,900.0,5.4,10.6,normal
1697493212.334,46.251,1800.0,13.6,10.0,normal
1697493212.837,46.251,1800.0,37.5,10.5,normal
1697493213.34,46.738,1800.0,9.5,10.6,normal
1697493213.842,45.764,1800.0,3.5,10.6,normal
1697493214.345,46.251,1800.0,3.5,10.6,normal
1697493214.847,45.764,1800.0,2.5,10.6,normal
1697493215.35,45.277,1800.0,4.5,10.6,normal
1697493215.852,46.738,1800.0,3.0,10.6,normal
1697493216.355,46.738,1800.0,4.0,10.6,normal
1697493216.857,45.764,1800.0,3.0,10.6,normal
1697493217.362,46.738,700.0,4.0,10.6,normal
1697493217.867,46.251,700.0,4.5,10.6,normal
1697493218.373,45.764,700.0,8.4,10.5,normal
1697493218.876,46.251,1800.0,28.5,10.4,normal
1697493219.379,46.251,1800.0,22.5,10.6,normal
1697493219.881,46.738,1800.0,3.5,10.6,normal
1697493220.384,45.764,1800.0,3.0,10.6,normal
1697493220.886,46.738,1800.0,3.5,10.6,normal
1697493221.389,45.764,1800.0,4.0,10.6,normal
1697493221.891,46.251,1800.0,2.5,10.6,normal
1697493222.394,45.764,1800.0,3.5,10.6,normal
1697493222.896,45.764,1800.0,2.5,10.6,normal
1697493223.399,46.251,1800.0,4.5,10.6,normal
1697493223.904,45.764,600.0,5.4,10.6,normal
1697493224.41,45.764,600.0,4.0,10.6,normal
1697493224.913,45.764,1800.0,25.5,10.4,normal
1697493225.416,46.738,1800.0,28.5,10.6,normal
1697493225.919,45.764,1800.0,3.5,10.6,normal
1697493226.421,45.764,1800.0,3.5,10.6,normal
1697493226.924,46.738,1800.0,4.0,10.6,normal
1697493227.426,45.764,1800.0,2.0,10.6,normal
1697493227.929,45.764,1800.0,2.5,10.6,normal
1697493228.432,46.738,1800.0,6.0,10.6,normal
1697493228.934,46.738,1800.0,4.0,10.6,normal
1697493229.437,45.277,1800.0,2.5,10.6,normal
1697493229.942,46.251,600.0,4.9,10.6,normal
1697493230.448,45.764,600.0,3.5,10.6,normal
1697493230.951,45.764,1800.0,19.8,10.2,normal
1697493231.454,46.738,1800.0,34.2,10.6,normal
1697493231.956,45.764,1800.0,2.0,10.6,normal
1697493232.459,46.251,1800.0,0.5,10.6,normal
1697493232.961,45.764,1800.0,5.5,10.6,normal
1697493233.464,45.764,1800.0,4.0,10.6,normal
1697493233.966,46.251,1800.0,3.0,10.6,normal
1697493234.469,46.251,1800.0,4.0,10.6,normal
1697493234.971,46.738,1800.0,2.5,10.6,normal
1697493235.474,46.251,1800.0,3.0,10.6,normal
1697493235.979,46.251,600.0,3.5,10.6,normal
1697493236.485,45.764,600.0,4.9,10.6,normal
1697493236.988,47.225,1800.0,27.0,10.1,normal
1697493237.491,47.225,1800.0,37.3,10.5,normal
1697493237.994,47.225,1800.0,5.0,10.6,normal
1697493238.496,47.225,1800.0,5.0,10.6,normal
1697493238.999,46.251,1800.0,3.5,10.6,normal
1697493239.501,46.738,1800.0,2.5,10.6,normal
1697493240.004,45.764,1800.0,3.0,10.6,normal
1697493240.507,46.251,1800.0,5.4,10.6,normal
1697493241.009,45.764,1800.0,3.5,10.6,normal
1697493241.512,46.738,1800.0,3.5,10.6,normal
1697493242.017,45.277,600.0,3.0,10.6,normal
1697493242.523,45.764,600.0,5.9,10.6,normal
1697493243.027,46.738,1200.0,10.0,9.5,normal
1697493243.53,46.738,1800.0,29.7,10.4,normal
1697493244.033,46.738,1800.0,20.1,10.6,normal
1697493244.535,46.738,1800.0,5.4,10.6,normal
1697493245.038,46.738,1800.0,3.5,10.6,normal
1697493245.54,46.251,1800.0,3.5,10.6,normal
1697493246.043,46.251,1800.0,2.5,10.6,normal
1697493246.545,46.738,1800.0,4.0,10.6,normal
1697493247.048,45.764,1800.0,4.0,10.6,normal
1697493247.55,45.764,1800.0,4.4,10.6,normal
1697493248.053,46.251,1800.0,3.0,10.6,normal
1697493248.557,45.277,800.0,5.9,10.6,normal
1697493249.06,46.251,1800.0,15.9,10.1,normal
1697493249.563,46.251,1800.0,36.8,10.6,normal
1697493250.066,47.225,1800.0,6.0,10.6,normal
1697493250.568,46.251,1800.0,3.5,10.6,normal
1697493251.071,46.251,1800.0,4.5,10.6,normal
1697493251.573,46.251,1800.0,3.0,10.6,normal
1697493252.076,45.764,1800.0,4.0,10.7,normal
1697493252.578,45.764,1800.0,3.0,10.7,normal
1697493253.081,46.251,1800.0,4.0,10.6,normal
1697493253.583,46.251,1800.0,5.0,10.6,normal
1697493254.089,45.764,600.0,4.0,10.6,normal
1697493254.594,46.251,600.0,4.4,10.6,normal
1697493255.097,45.764,1800.0,9.5,9.8,normal
1697493255.6,47.225,1800.0,29.4,10.5,normal
1697493256.103,46.738,1800.0,20.1,10.6,normal
1697493256.605,45.277,1800.0,3.0,10.6,normal
1697493257.108,45.764,1800.0,4.9,10.6,normal
1697493257.61,45.764,1800.0,3.5,10.6,normal
1697493258.113,46.251,1800.0,3.0,10.6,normal
1697493258.615,45.764,1800.0,4.0,10.6,normal
1697493259.118,46.251,1800.0,4.5,10.6,normal
1697493259.621,46.251,1800.0,3.0,10.6,normal
1697493260.125,46.251,700.0,3.0,10.6,normal
1697493260.63,46.251,800.0,5.4,10.6,normal
1697493261.133,46.738,1800.0,13.1,10.0,normal
1697493261.637,47.225,1800.0,35.2,10.5,normal
1697493262.139,46.738,1800.0,10.4,10.6,normal
1697493262.642,45.764,1800.0,4.9,10.6,normal
1697493263.145,46.738,1800.0,5.0,10.6,normal
1697493263.648,44.79,1800.0,4.9,10.6,normal
1697493264.151,46.251,1800.0,4.0,10.6,normal
1697493264.653,46.738,1800.0,2.5,10.6,normal
1697493265.156,46.251,1800.0,4.0,10.6,normal
1697493265.658,45.764,1800.0,4.0,10.6,normal
1697493266.163,46.251,700.0,3.5,10.7,normal
1697493266.668,45.764,900.0,4.5,10.7,normal
1697493267.174,45.277,700.0,8.0,10.5,normal
1697493267.677,46.738,1800.0,28.7,10.5,normal
1697493268.179,47.225,1800.0,23.5,10.6,normal
1697493268.682,46.738,1800.0,5.4,10.6,normal
1697493269.184,45.764,1800.0,3.0,10.6,normal
1697493269.687,46.738,1800.0,3.5,10.6,normal
1697493270.189,46.251,1800.0,3.0,10.6,normal
1697493270.692,46.738,1800.0,4.0,10.6,normal
1697493271.195,47.225,1800.0,3.5,10.6,normal
1697493271.697,47.225,1800.0,3.5,10.6,normal
1697493272.2,46.251,1800.0,3.0,10.6,normal
1697493272.704,46.738,800.0,5.0,10.6,normal
1697493273.208,46.251,1000.0,3.5,10.6,normal
1697493273.711,46.251,1800.0,24.3,10.4,normal
1697493274.214,45.764,1800.0,26.8,10.6,normal
1697493274.717,47.712,1800.0,3.5,10.6,normal
1697493275.219,46.738,1800.0,3.9,10.7,normal
1697493275.722,46.251,1800.0,2.5,10.7,normal
1697493276.224,46.738,1800.0,2.0,10.7,normal
1697493276.727,46.738,1800.0,2.0,10.7,normal
1697493277.229,45.764,1800.0,1.0,10.7,normal
1697493277.732,46.738,1800.0,5.4,10.7,normal
1697493278.235,45.764,1800.0,3.5,10.7,normal
1697493278.738,44.79,1000.0,3.5,10.7,normal
1697493279.243,47.225,600.0,5.9,10.7,normal
1697493279.746,48.199,1800.0,18.4,10.2,normal
1697493280.249,47.225,1800.0,33.7,10.6,normal
1697493280.751,46.251,1800.0,4.0,10.6,normal
1697493281.254,46.251,1800.0,4.9,10.6,normal
1697493281.757,45.764,1800.0,3.0,10.6,normal
1697493282.259,45.764,1800.0,3.9,10.6,normal
1697493282.762,45.764,1800.0,3.0,10.6,normal
1697493283.264,45.764,1800.0,4.5,10.6,normal
1697493283.767,46.251,1800.0,4.4,10.6,normal
1697493284.27,45.764,1800.0,4.0,10.6,normal
1697493284.774,45.277,900.0,3.0,10.6,normal
1697493285.279,45.764,900.0,4.4,10.6,normal
1697493285.781,45.764,1800.0,13.0,10.0,normal
1697493286.285,46.738,1800.0,35.2,10.5,normal
1697493286.787,46.738,1800.0,7.5,10.6,normal
1697493287.29,46.251,1800.0,4.0,10.6,normal
1697493287.792,47.712,1800.0,3.0,10.6,normal
1697493288.295,46.251,1800.0,5.0,10.6,normal
1697493288.797,46.251,1800.0,3.0,10.6,normal
1697493289.3,46.738,1800.0,4.0,10.6,normal
1697493289.803,46.738,1800.0,4.9,10.6,normal
1697493290.305,47.225,1800.0,3.0,10.6,normal
1697493290.811,45.764,700.0,3.5,10.6,normal
1697493291.315,45.764,900.0,5.0,10.6,normal
1697493291.818,46.738,1800.0,18.9,10.2,normal
1697493292.32,46.251,1800.0,36.8,10.6,normal
1697493292.823,45.764,1800.0,3.0,10.6,normal
1697493293.325,46.738,1800.0,4.0,10.6,normal
1697493293.828,46.738,1800.0,4.0,10.6,normal
1697493294.33,45.764,1800.0,3.5,10.6,normal
1697493294.833,47.225,1800.0,3.5,10.6,normal
1697493295.336,46.738,1800.0,3.5,10.6,normal
1697493295.838,45.764,1800.0,2.5,10.6,normal
1697493296.341,45.277,1800.0,4.0,10.6,normal
1697493296.845,45.764,800.0,4.4,10.6,normal
1697493297.351,46.251,600.0,4.9,10.6,normal
1697493297.855,46.738,1800.0,11.5,9.6,normal
1697493298.358,47.712,1800.0,32.5,10.5,normal
1697493298.861,46.738,1800.0,16.2,10.6,normal
1697493299.363,45.764,1800.0,3.5,10.6,normal
1697493299.866,45.764,1800.0,3.0,10.6,normal
1697493300.369,46.251,1800.0,4.0,10.6,normal
1697493300.871,45.277,1800.0,3.0,10.6,normal
1697493301.374,46.738,1800.0,3.5,10.6,normal
1697493301.876,45.277,1800.0,3.0,10.6,normal
1697493302.379,45.764,1800.0,4.0,10.6,normal
1697493302.884,45.764,700.0,3.0,10.6,normal
1697493303.389,45.764,700.0,5.4,10.6,normal
1697493303.892,45.764,1800.0,15.0,10.1,normal
1697493304.395,47.225,1800.0,37.8,10.6,normal
1697493304.897,46.251,1800.0,4.5,10.6,normal
1697493305.4,46.738,1800.0,3.5,10.6,normal
1697493305.902,46.251,1800.0,3.0,10.6,normal
1697493306.405,45.764,1800.0,3.5,10.6,normal
1697493306.907,47.225,1800.0,4.0,10.6,normal
1697493307.41,45.764,1800.0,3.5,10.6,normal
1697493307.913,46.251,1800.0,3.0,10.6,normal
1697493308.415,46.251,1800.0,4.5,10.6,normal
1697493308.921,44.79,600.0,5.4,10.6,normal
1697493309.426,45.764,600.0,4.9,10.6,normal
1697493309.93,45.764,1800.0,10.6,9.5,normal
1697493310.434,46.738,1800.0,29.4,10.5,normal
1697493310.937,47.225,1800.0,18.6,10.6,normal
1697493311.439,45.764,1800.0,3.5,10.6,normal
1697493311.942,46.738,1800.0,3.5,10.6,normal
1697493312.444,46.738,1800.0,3.0,10.6,normal
1697493312.947,46.738,1800.0,3.0,10.6,normal
1697493313.449,45.277,1800.0,5.4,10.6,normal
1697493313.952,46.251,1800.0,3.0,10.6,normal
1697493314.454,45.764,1800.0,3.0,10.6,normal
1697493314.959,46.251,700.0,3.0,10.6,normal
1697493315.465,46.251,600.0,5.0,10.6,normal
1697493315.97,44.79,600.0,4.9,10.6,normal
1697493316.474,46.251,1800.0,26.4,10.4,normal
1697493316.976,45.764,1800.0,25.3,10.6,normal
1697493317.479,46.251,1800.0,3.5,10.6,normal
1697493317.982,46.251,1800.0,3.0,10.6,normal
1697493318.484,46.738,1800.0,4.0,10.6,normal
1697493318.987,46.251,1800.0,3.0,10.6,normal
1697493319.489,46.251,1800.0,3.5,10.6,normal
1697493319.992,45.764,1800.0,3.5,10.6,normal
1697493320.494,45.764,1800.0,3.0,10.6,normal
1697493320.997,45.764,1800.0,3.5,10.6,normal
1697493321.502,46.251,600.0,4.0,10.6,normal
1697493322.01,45.277,600.0,9.4,10.4,normal
1697493322.514,47.225,1800.0,28.7,10.4,normal
1697493323.017,46.251,1800.0,20.7,10.5,normal
1697493323.519,46.738,1800.0,5.4,10.6,normal
1697493324.022,46.738,1800.0,4.0,10.6,normal
1697493324.524,46.251,1800.0,4.0,10.6,normal
1697493325.027,46.251,1800.0,3.5,10.6,normal
1697493325.529,46.738,1800.0,4.4,10.6,normal
1697493326.032,46.251,1800.0,4.0,10.6,normal
1697493326.535,46.738,1800.0,4.0,10.6,normal
1697493327.039,46.251,700.0,3.0,10.6,normal
1697493327.545,46.251,600.0,4.9,10.6,normal
1697493328.051,45.277,600.0,5.4,10.6,normal
1697493328.555,46.738,1800.0,26.9,10.3,normal
1697493329.057,46.251,1800.0,28.1,10.6,normal
1697493329.56,45.277,1800.0,4.0,10.6,normal
1697493330.062,46.251,1800.0,3.5,10.6,normal
1697493330.565,46.251,1800.0,4.5,10.6,normal
1697493331.068,45.764,1800.0,3.5,10.6,normal
1697493331.57,46.251,1800.0,4.0,10.6,normal
1697493332.073,45.277,1800.0,3.5,10.6,normal
1697493332.575,45.764,1800.0,4.4,10.6,normal
1697493333.078,45.277,1800.0,5.4,10.6,normal
1697493333.583,45.764,600.0,5.4,10.6,normal
1697493334.09,45.764,600.0,5.4,10.5,normal
1697493334.593,46.738,1800.0,29.1,10.5,normal
1697493335.095,45.764,1800.0,24.2,10.6,normal
1697493335.598,45.764,1800.0,3.0,10.6,normal
1697493336.101,46.251,1800.0,3.9,10.6,normal
1697493336.603,45.764,1800.0,2.0,10.6,normal
1697493337.106,46.251,1800.0,1.5,10.6,normal
1697493337.608,45.277,1800.0,3.5,10.6,normal
1697493338.111,45.764,1800.0,4.9,10.6,normal
1697493338.613,45.277,1800.0,4.0,10.6,normal
1697493339.116,45.764,1800.0,4.0,10.6,normal
1697493339.621,46.251,700.0,4.0,10.6,normal
1697493340.126,46.251,700.0,5.4,10.6,normal
1697493340.63,45.764,1800.0,23.0,10.4,normal
1697493341.132,46.738,1800.0,33.3,10.6,normal
1697493341.635,45.764,1800.0,3.0,10.6,normal
1697493342.137,45.277,1800.0,3.5,10.7,normal
1697493342.64,45.764,1800.0,3.5,10.7,normal
1697493343.142,45.277,1800.0,4.5,10.7,normal
1697493343.645,46.738,1800.0,4.0,10.7,normal
1697493344.147,45.764,1800.0,4.0,10.7,normal
1697493344.65,46.251,1800.0,4.0,10.7,normal
1697493345.152,46.251,1800.0,5.0,10.7,normal
1697493345.657,45.764,800.0,3.0,10.7,normal
1697493346.163,45.764,600.0,4.9,10.7,normal
1697493346.668,47.225,1800.0,28.6,10.5,normal
1697493347.171,48.199,1800.0,26.5,10.6,normal
1697493347.673,46.738,1800.0,0.5,10.6,normal
1697493348.176,46.738,1800.0,4.5,10.6,normal
1697493348.678,46.251,1800.0,6.4,10.7,normal
1697493349.181,46.251,1800.0,3.5,10.7,normal
1697493349.683,45.764,1800.0,4.0,10.7,normal
1697493350.186,47.225,1800.0,3.9,10.7,normal
1697493350.688,46.251,1800.0,3.0,10.7,normal
1697493351.191,46.251,1800.0,4.0,10.7,normal
1697493351.696,45.764,800.0,6.4,10.7,normal
1697493352.201,46.251,800.0,8.4,10.3,normal
1697493352.704,46.251,1800.0,29.7,10.5,normal
1697493353.207,46.251,1800.0,22.0,10.6,normal
1697493353.709,46.251,1800.0,3.5,10.6,normal
1697493354.212,47.225,1800.0,3.0,10.6,normal
1697493354.714,46.738,1800.0,3.5,10.6,normal
1697493355.217,45.277,1800.0,3.0,10.6,normal
1697493355.719,45.277,1800.0,2.5,10.6,normal
1697493356.222,45.277,1800.0,3.5,10.6,normal
1697493356.724,46.251,1800.0,4.0,10.6,normal
1697493357.227,46.251,1800.0,2.5,10.6,normal
1697493357.732,46.738,600.0,3.5,10.6,normal
1697493358.236,48.199,1800.0,13.4,10.1,normal
1697493358.743,46.738,1800.0,32.5,10.5,normal
1697493359.245,46.738,1800.0,11.0,10.6,normal
1697493359.748,45.764,1800.0,3.0,10.6,normal
1697493360.251,46.251,1800.0,3.5,10.6,normal
1697493360.753,46.738,1800.0,3.5,10.6,normal
1697493361.256,46.251,1800.0,3.5,10.6,normal
1697493361.758,46.251,1800.0,3.5,10.6,normal
1697493362.261,47.225,1800.0,3.0,10.6,normal
1697493362.763,45.277,1800.0,3.5,10.6,normal
1697493363.267,45.764,900.0,4.4,10.6,normal
1697493363.771,45.764,1000.0,5.4,10.6,normal
1697493364.274,46.251,1800.0,16.4,10.2,normal
1697493364.777,46.738,1800.0,37.0,10.6,normal
1697493365.279,46.738,1800.0,5.0,10.6,normal
1697493365.782,46.738,1800.0,3.0,10.6,normal
1697493366.285,46.738,1800.0,1.5,10.6,normal
1697493366.787,46.738,1800.0,6.9,10.6,normal
1697493367.29,46.251,1800.0,3.5,10.7,normal
1697493367.792,46.738,1800.0,3.5,10.7,normal
1697493368.295,46.251,1800.0,4.0,10.7,normal
1697493368.797,46.738,1800.0,4.5,10.7,normal
1697493369.301,45.764,1000.0,4.5,10.7,normal
1697493369.806,45.764,700.0,4.9,10.7,normal
1697493370.309,46.251,1800.0,20.0,10.3,normal
1697493370.811,46.738,1800.0,34.5,10.6,normal
1697493371.314,46.738,1800.0,4.4,10.6,normal
1697493371.816,45.764,1800.0,3.0,10.6,normal
1697493372.319,46.251,1800.0,2.5,10.6,normal
1697493372.822,46.738,1800.0,4.0,10.6,normal
1697493373.325,45.277,1800.0,4.0,10.6,normal
1697493373.827,47.712,1800.0,3.5,10.6,normal
1697493374.33,46.251,1800.0,3.5,10.7,normal
1697493374.832,45.277,1800.0,4.0,10.7,normal
1697493375.337,46.251,900.0,4.9,10.7,normal
1697493375.842,45.277,800.0,4.0,10.6,normal
1697493376.345,45.764,1800.0,24.8,10.3,normal
1697493376.847,46.251,1800.0,31.5,10.6,normal
1697493377.35,47.225,1800.0,5.4,10.6,normal
1697493377.852,46.251,1800.0,3.5,10.6,normal
1697493378.355,46.251,1800.0,4.5,10.6,normal
1697493378.857,46.251,1800.0,2.0,10.6,normal
1697493379.36,46.738,1800.0,4.5,10.6,normal
1697493379.863,46.251,1800.0,3.5,10.7,normal
1697493380.365,46.738,1800.0,3.0,10.6,normal
1697493380.868,45.277,1800.0,3.5,10.6,normal
1697493381.372,45.764,700.0,4.0,10.6,normal
1697493381.878,46.251,600.0,5.4,10.6,normal
1697493382.383,46.251,1800.0,27.4,10.4,normal
1697493382.885,46.738,1800.0,28.4,10.6,normal
1697493383.388,47.225,1800.0,3.0,10.6,normal
1697493383.891,46.738,1800.0,1.5,10.6,normal
1697493384.393,45.764,1800.0,1.5,10.6,normal
1697493384.896,46.738,1800.0,5.0,10.7,normal
1697493385.398,47.225,1800.0,3.5,10.7,normal
1697493385.901,47.225,1800.0,4.4,10.7,normal
1697493386.403,46.251,1800.0,3.0,10.7,normal
1697493386.906,46.738,1800.0,3.0,10.7,normal
1697493387.411,46.251,600.0,4.0,10.7,normal
1697493387.918,45.764,700.0,8.3,10.5,normal
1697493388.422,46.738,1800.0,29.9,10.4,normal
1697493388.925,45.764,1800.0,21.7,10.6,normal
1697493389.427,46.738,1800.0,3.5,10.6,normal
1697493389.93,46.738,1800.0,4.0,10.6,normal
1697493390.432,46.251,1800.0,3.0,10.6,normal
1697493390.935,45.277,1800.0,3.5,10.6,normal
1697493391.438,46.251,1800.0,3.0,10.6,normal
1697493391.94,46.738,1800.0,5.0,10.6,normal
1697493392.443,46.251,1800.0,3.5,10.6,normal
1697493392.945,46.251,1800.0,2.5,10.6,normal
1697493393.451,45.764,600.0,6.4,10.6,normal
1697493393.956,45.764,600.0,4.4,10.6,normal
1697493394.46,46.251,1800.0,25.1,10.3,normal
1697493394.962,46.251,1800.0,30.0,10.6,normal
1697493395.465,46.738,1800.0,2.5,10.6,normal
1697493395.967,45.764,1800.0,3.5,10.6,normal
1697493396.47,46.251,1800.0,4.0,10.6,normal
1697493396.972,46.738,1800.0,3.0,10.6,normal
1697493397.475,46.251,1800.0,3.5,10.6,normal
1697493397.978,45.277,1800.0,3.0,10.6,normal
1697493398.48,45.764,1800.0,4.5,10.6,normal
1697493398.983,46.251,1800.0,3.4,10.6,normal
1697493399.488,45.764,600.0,4.4,10.6,normal
1697493399.994,44.79,600.0,3.5,10.6,normal
1697493400.497,45.277,1800.0,18.4,10.2,normal
1697493400.999,46.738,1800.0,36.0,10.6,normal
1697493401.502,45.764,1800.0,3.0,10.6,normal
1697493402.004,45.764,1800.0,3.0,10.6,normal
1697493402.507,46.251,1800.0,4.0,10.6,normal
1697493403.01,45.764,1800.0,4.0,10.6,normal
1697493403.512,45.277,1800.0,4.0,10.6,normal
1697493404.015,45.764,1800.0,2.0,10.6,normal
1697493404.517,46.251,1800.0,4.0,10.6,normal
1697493405.02,45.277,1800.0,3.5,10.7,normal
1697493405.525,45.277,600.0,4.4,10.7,normal
1697493406.031,45.277,600.0,4.9,10.6,normal
1697493406.534,45.764,1800.0,21.5,10.2,normal
1697493407.037,45.764,1800.0,32.5,10.6,normal
1697493407.539,46.251,1800.0,1.5,10.6,normal
1697493408.042,46.251,1800.0,3.9,10.6,normal
1697493408.545,46.251,1800.0,4.5,10.6,normal
1697493409.047,46.251,1800.0,4.0,10.6,normal
1697493409.55,46.738,1800.0,4.0,10.6,normal
1697493410.052,46.738,1800.0,3.5,10.6,normal
1697493410.555,45.764,1800.0,3.0,10.6,normal
1697493411.057,45.764,1800.0,3.5,10.7,normal
1697493411.563,46.251,600.0,4.9,10.6,normal
1697493412.069,45.764,600.0,4.5,10.7,normal
1697493412.571,45.764,1800.0,26.5,10.4,normal
1697493413.074,46.738,1800.0,27.6,10.6,normal
1697493413.577,45.764,1800.0,4.9,10.6,normal
1697493414.079,46.251,1800.0,3.5,10.6,normal
1697493414.582,46.251,1800.0,2.5,10.6,normal
1697493415.084,46.251,1800.0,3.0,10.6,normal
1697493415.587,45.764,1800.0,4.0,10.6,normal
1697493416.089,46.251,1800.0,3.5,10.6,normal
1697493416.592,45.764,1800.0,2.5,10.6,normal
1697493417.094,46.251,1800.0,3.5,10.6,normal
1697493417.6,45.764,600.0,4.5,10.6,normal
1697493418.105,45.764,900.0,7.4,9.9,normal
1697493418.609,46.251,1800.0,30.7,10.4,normal
1697493419.111,45.764,1800.0,22.5,10.6,normal
1697493419.614,45.764,1800.0,4.0,10.6,normal
1697493420.116,46.251,1800.0,4.0,10.6,normal
1697493420.619,45.277,1800.0,4.0,10.6,normal
1697493421.121,45.277,1800.0,3.5,10.6,normal
1697493421.624,45.764,1800.0,3.0,10.6,normal
1697493422.127,46.251,1800.0,3.5,10.6,normal
1697493422.629,45.764,1800.0,4.0,10.6,normal
1697493423.132,45.277,1800.0,2.0,10.6,normal
1697493423.636,45.764,800.0,5.9,10.6,normal
1697493424.142,45.277,600.0,5.9,10.6,normal
1697493424.647,46.251,1800.0,26.5,10.3,normal
1697493425.152,45.764,1800.0,30.5,10.6,normal
1697493425.654,45.764,1800.0,4.0,10.6,normal
1697493426.157,45.277,1800.0,3.5,10.6,normal
1697493426.66,46.251,1800.0,3.0,10.6,normal
1697493427.162,46.738,1800.0,3.0,10.6,normal
1697493427.665,46.738,1800.0,1.5,10.6,normal
1697493428.167,46.738,1800.0,4.9,10.6,normal
1697493428.67,45.277,1800.0,2.5,10.6,normal
1697493429.172,46.251,1800.0,1.5,10.6,normal
1697493429.675,46.251,1800.0,7.4,10.6,normal
1697493430.178,46.738,1800.0,4.0,10.6,normal
1697493430.681,46.251,1800.0,17.4,10.2,normal
1697493431.183,47.712,1800.0,35.8,10.6,normal
1697493431.686,46.251,1800.0,3.5,10.6,normal
1697493432.188,47.225,1800.0,3.5,10.6,normal
1697493432.691,45.764,1800.0,3.5,10.6,normal
1697493433.194,46.251,1800.0,3.0,10.6,normal
1697493433.696,46.738,1800.0,4.5,10.6,normal
1697493434.199,46.738,1800.0,3.5,10.6,normal
1697493434.704,46.251,700.0,4.5,10.6,normal
1697493435.208,47.225,900.0,4.4,10.6,normal
1697493435.712,45.277,900.0,4.5,10.6,normal
1697493436.216,45.764,900.0,4.0,10.6,normal
1697493436.719,45.764,1800.0,14.9,10.1,normal
1697493437.222,45.764,1800.0,36.0,10.5,normal
1697493437.725,45.764,1800.0,7.0,10.6,normal
1697493438.228,46.251,1800.0,2.0,10.6,normal
1697493438.73,45.764,1800.0,3.5,10.6,normal
1697493439.233,46.251,1800.0,5.0,10.6,normal
1697493439.735,45.764,1800.0,3.5,10.6,normal
1697493440.238,46.251,1800.0,3.0,10.6,normal
1697493440.74,46.251,1800.0,3.5,10.6,normal
1697493441.243,45.764,1800.0,2.5,10.6,normal
1697493441.747,46.251,700.0,4.0,10.6,normal
1697493442.251,45.764,1000.0,4.0,10.6,normal
1697493442.756,45.764,800.0,5.9,10.5,normal
1697493443.259,45.764,1800.0,28.9,10.3,normal
1697493443.762,46.738,1800.0,26.2,10.6,normal
1697493444.264,46.738,1800.0,4.0,10.6,normal
1697493444.767,46.251,1800.0,3.0,10.6,normal
1697493445.269,46.738,1800.0,4.0,10.6,normal
1697493445.772,46.251,1800.0,3.5,10.6,normal
1697493446.274,45.277,1800.0,3.0,10.6,normal
1697493446.777,47.225,1800.0,4.0,10.6,normal
1697493447.279,46.251,1800.0,3.5,10.6,normal
1697493447.782,45.764,1800.0,5.4,10.6,normal
1697493448.286,45.277,1000.0,5.0,10.6,normal
1697493448.789,46.251,1000.0,4.5,10.6,normal
1697493449.292,46.738,1800.0,19.9,10.2,normal
1697493449.795,46.738,1800.0,35.3,10.6,normal
1697493450.297,46.251,1800.0,3.0,10.6,normal
1697493450.8,46.251,1800.0,4.0,10.6,normal
1697493451.303,46.251,1800.0,3.5,10.6,normal
1697493451.805,45.764,1800.0,3.5,10.7,normal
1697493452.308,47.225,1800.0,3.0,10.7,normal
1697493452.81,45.277,1800.0,3.0,10.7,normal
1697493453.313,45.764,1800.0,5.9,10.6,normal
1697493453.815,45.764,1800.0,3.5,10.6,normal
1697493454.319,45.764,900.0,4.4,10.6,normal
1697493454.824,45.764,800.0,5.0,10.6,normal
1697493455.328,45.764,1800.0,13.4,9.8,normal
1697493455.833,46.251,1800.0,32.8,10.5,normal
1697493456.336,45.764,1800.0,13.0,10.6,normal
1697493456.839,45.764,1800.0,3.0,10.6,normal
1697493457.341,45.764,1800.0,5.0,10.6,normal
1697493457.844,46.251,1800.0,3.9,10.6,normal
1697493458.346,45.764,1800.0,4.5,10.6,normal
1697493458.849,46.738,1800.0,3.0,10.6,normal
1697493459.352,45.277,1800.0,3.5,10.6,normal
1697493459.854,45.764,1800.0,4.0,10.6,normal
1697493460.359,45.764,700.0,4.0,10.6,normal
1697493460.864,46.251,700.0,4.0,10.6,normal
1697493461.367,46.738,1800.0,17.4,10.2,normal
1697493461.87,46.251,1800.0,37.3,10.6,normal
1697493462.372,46.251,1800.0,4.0,10.6,normal
1697493462.875,46.738,1800.0,3.5,10.6,normal
1697493463.378,46.251,1800.0,6.4,10.6,normal
1697493463.88,47.225,1800.0,3.0,10.6,normal
1697493464.383,45.277,1800.0,3.5,10.6,normal
1697493464.885,47.225,1800.0,3.5,10.6,normal
1697493465.388,46.251,1800.0,2.0,10.6,normal
1697493465.89,46.251,1800.0,3.5,10.6,normal
1697493466.396,45.764,600.0,2.0,10.6,normal
1697493466.901,46.251,600.0,2.5,10.6,normal
1697493467.404,45.764,1800.0,17.0,10.3,normal
1697493467.907,46.251,1800.0,30.5,10.6,normal
1697493468.41,45.764,1800.0,6.5,10.6,normal
1697493468.912,46.251,1800.0,4.0,10.7,normal
1697493469.415,45.277,1800.0,4.0,10.7,normal
1697493469.918,45.277,1800.0,4.5,10.7,normal
1697493470.42,47.225,1800.0,3.0,10.7,normal
1697493470.923,47.225,1800.0,3.0,10.7,normal
1697493471.425,46.251,1800.0,3.5,10.7,normal
1697493471.928,46.251,1800.0,3.0,10.7,normal
1697493472.433,45.764,600.0,3.4,10.7,normal
1697493472.939,44.79,600.0,5.0,10.7,normal
1697493473.443,46.738,1200.0,14.5,10.1,normal
1697493473.946,47.712,1800.0,37.6,10.6,normal
1697493474.449,45.764,1800.0,7.5,10.6,normal
1697493474.951,45.764,1800.0,3.5,10.6,normal
1697493475.454,46.251,1800.0,3.5,10.6,normal
1697493475.956,45.764,1800.0,3.5,10.6,normal
1697493476.459,46.251,1800.0,2.5,10.6,normal
1697493476.962,46.251,1800.0,3.5,10.6,normal
1697493477.464,45.764,1800.0,3.5,10.7,normal
1697493477.967,45.764,1800.0,4.0,10.7,normal
1697493478.47,46.251,1800.0,4.5,10.7,normal
1697493478.976,46.251,600.0,5.0,10.7,normal
1697493479.479,45.764,1800.0,19.4,10.3,normal
1697493479.981,46.251,1800.0,35.2,10.6,normal
1697493480.484,47.225,1800.0,3.5,10.6,normal
1697493480.986,46.251,1800.0,3.5,10.6,normal
1697493481.489,47.712,1800.0,3.5,10.6,normal
1697493481.992,45.764,1800.0,4.0,10.6,normal
1697493482.494,45.764,1800.0,3.0,10.6,normal
1697493482.997,45.764,1800.0,2.5,10.6,normal
1697493483.499,46.738,1800.0,4.0,10.6,normal
1697493484.002,45.277,1800.0,4.5,10.6,normal
1697493484.507,45.764,600.0,2.0,10.6,normal
1697493485.013,45.764,600.0,4.4,10.6,normal
1697493485.517,45.277,1800.0,11.5,10.0,normal
1697493486.021,47.712,1800.0,33.0,10.6,normal
1697493486.523,45.764,1800.0,10.5,10.6,normal
1697493487.026,46.738,1800.0,4.0,10.6,normal
1697493487.528,46.251,1800.0,3.5,10.6,normal
1697493488.031,46.738,1800.0,4.0,10.6,normal
1697493488.534,45.764,1800.0,3.5,10.6,normal
1697493489.036,46.738,1800.0,3.5,10.6,normal
1697493489.539,45.764,1800.0,3.5,10.7,normal
1697493490.041,46.251,1800.0,4.5,10.7,normal
1697493490.546,45.764,700.0,3.5,10.7,normal
1697493491.052,45.277,600.0,4.5,10.7,normal
1697493491.555,45.277,1800.0,17.5,10.2,normal
1697493492.057,46.738,1800.0,35.4,10.6,normal
1697493492.56,47.225,1800.0,4.5,10.6,normal
1697493493.062,46.251,1800.0,3.5,10.6,normal
1697493493.565,45.764,1800.0,4.5,10.6,normal
1697493494.068,46.738,1800.0,3.5,10.6,normal
1697493494.57,47.225,1800.0,4.5,10.6,normal
1697493495.073,46.738,1800.0,4.0,10.6,normal
1697493495.575,45.764,1800.0,3.0,10.6,normal
1697493496.078,46.251,1800.0,3.5,10.6,normal
1697493496.583,45.764,600.0,4.0,10.6,normal
1697493497.089,46.738,600.0,4.0,10.6,normal
1697493497.592,46.251,1800.0,23.6,10.4,normal
1697493498.095,46.738,1800.0,30.5,10.6,normal
1697493498.598,46.738,1800.0,4.5,10.6,normal
1697493499.1,47.225,1800.0,4.0,10.6,normal
1697493499.603,46.738,1800.0,3.5,10.6,normal
1697493500.105,45.764,1800.0,3.5,10.6,normal
1697493500.608,46.738,1800.0,2.5,10.6,normal
1697493501.11,46.251,1800.0,4.5,10.6,normal
1697493501.613,45.764,1800.0,3.0,10.6,normal
1697493502.115,46.738,1800.0,3.0,10.6,normal
1697493502.621,46.251,600.0,4.0,10.6,normal
1697493503.127,46.738,600.0,5.9,10.6,normal
1697493503.631,47.712,1800.0,30.7,10.4,normal
1697493504.133,46.738,1800.0,23.9,10.6,normal
1697493504.636,47.225,1800.0,3.9,10.6,normal
1697493505.139,45.764,1800.0,4.5,10.6,normal
1697493505.641,46.738,1800.0,3.5,10.6,normal
1697493506.144,45.764,1800.0,4.0,10.6,normal
1697493506.647,44.79,1800.0,2.0,10.6,normal
1697493507.149,45.277,1800.0,3.0,10.6,normal
1697493507.652,46.738,1800.0,5.4,10.6,normal
1697493508.155,45.764,1800.0,3.0,10.6,normal
1697493508.66,46.738,600.0,5.0,10.7,normal
1697493509.166,45.764,1800.0,10.4,9.7,normal
1697493509.67,47.225,1800.0,31.3,10.5,normal
1697493510.173,46.251,1800.0,17.0,10.6,normal
1697493510.675,46.738,1800.0,3.5,10.6,normal
1697493511.178,46.738,1800.0,3.5,10.6,normal
1697493511.68,45.764,1800.0,2.5,10.6,normal
1697493512.183,46.251,1800.0,4.0,10.6,normal
1697493512.686,45.764,1800.0,3.5,10.6,normal
1697493513.188,45.764,1800.0,4.9,10.6,normal
1697493513.691,45.764,1800.0,5.4,10.6,normal
1697493514.196,45.764,700.0,4.0,10.6,normal
1697493514.7,46.251,900.0,4.0,10.7,normal
1697493515.203,46.738,1800.0,16.4,10.2,normal
1697493515.705,46.251,1800.0,37.3,10.5,normal
1697493516.208,46.738,1800.0,4.5,10.6,normal
1697493516.711,45.764,1800.0,4.0,10.6,normal
1697493517.213,45.764,1800.0,3.0,10.6,normal
1697493517.716,46.251,1800.0,4.0,10.6,normal
1697493518.219,45.277,1800.0,4.0,10.6,normal
1697493518.721,46.251,1800.0,3.5,10.6,normal
1697493519.224,45.764,1800.0,3.5,10.6,normal
1697493519.726,45.764,1800.0,4.0,10.6,normal
1697493520.23,46.251,900.0,5.4,10.6,normal
1697493520.734,44.79,1100.0,4.0,10.6,normal
1697493521.238,45.277,900.0,8.5,9.6,normal
1697493521.741,47.712,1800.0,29.0,10.4,normal
1697493522.244,45.764,1800.0,19.6,10.6,normal
1697493522.746,45.764,1800.0,3.0,10.6,normal
1697493523.249,46.738,1800.0,4.5,10.6,normal
1697493523.751,46.738,1800.0,4.0,10.6,normal
1697493524.254,45.764,1800.0,3.0,10.6,normal
1697493524.756,45.764,1800.0,2.5,10.6,normal
1697493525.259,46.251,1800.0,3.0,10.6,normal
1697493525.761,46.738,1800.0,2.5,10.6,normal
1697493526.266,45.764,700.0,3.5,10.6,normal
1697493526.771,45.764,900.0,4.5,10.6,normal
1697493527.275,46.251,1000.0,3.0,10.6,normal
1697493527.778,45.764,1800.0,24.5,10.4,normal
1697493528.28,46.738,1800.0,26.6,10.6,normal
1697493528.783,45.764,1800.0,6.5,10.6,normal
1697493529.286,45.277,1800.0,4.5,10.6,normal
1697493529.788,46.738,1800.0,3.5,10.6,normal
1697493530.291,45.764,1800.0,4.5,10.6,normal
1697493530.793,45.764,1800.0,3.0,10.6,normal
1697493531.296,45.764,1800.0,3.0,10.6,normal
1697493531.798,46.738,1800.0,3.5,10.6,normal
1697493532.301,45.764,1800.0,4.5,10.6,normal
1697493532.805,46.251,900.0,4.0,10.6,normal
1697493533.309,45.277,1000.0,5.4,10.6,normal
1697493533.812,45.764,1800.0,20.4,10.2,normal
1697493534.314,46.738,1800.0,35.5,10.6,normal
1697493534.817,45.764,1800.0,3.5,10.6,normal
1697493535.319,47.225,1800.0,3.5,10.6,normal
1697493535.822,46.738,1800.0,2.5,10.6,normal
1697493536.324,47.225,1800.0,4.0,10.6,normal
1697493536.827,46.738,1800.0,3.5,10.6,normal
1697493537.329,46.738,1800.0,4.0,10.6,normal
1697493537.832,46.251,1800.0,3.0,10.6,normal
1697493538.335,46.251,1800.0,4.9,10.6,normal
1697493538.838,45.764,1000.0,5.4,10.6,normal
1697493539.344,45.764,600.0,5.4,10.6,normal
1697493539.847,46.251,1800.0,20.9,10.3,normal
1697493540.349,46.251,1800.0,32.8,10.6,normal
1697493540.852,46.251,1800.0,2.5,10.6,normal
1697493541.354,47.225,1800.0,5.0,10.6,normal
1697493541.857,46.251,1800.0,3.5,10.6,normal
1697493542.359,46.738,1800.0,3.0,10.6,normal
1697493542.862,47.225,1800.0,4.0,10.6,normal
1697493543.364,46.251,1800.0,4.0,10.6,normal
1697493543.867,46.738,1800.0,3.0,10.6,normal
1697493544.37,45.764,1800.0,3.5,10.6,normal
1697493544.875,46.251,700.0,4.9,10.6,normal
1697493545.382,45.277,600.0,4.5,10.6,normal
1697493545.885,46.251,1800.0,14.4,10.1,normal
1697493546.388,46.738,1800.0,37.5,10.6,normal
1697493546.891,45.764,1800.0,5.5,10.6,normal
1697493547.393,45.277,1800.0,4.0,10.6,normal
1697493547.896,45.764,1800.0,3.5,10.6,normal
1697493548.399,46.738,1800.0,4.0,10.6,normal
1697493548.901,45.764,1800.0,3.0,10.6,normal
1697493549.403,46.251,1800.0,4.5,10.7,normal
1697493549.906,45.764,1800.0,3.0,10.7,normal
1697493550.408,45.277,1800.0,3.0,10.7,normal
1697493550.913,46.251,700.0,3.0,10.7,normal
1697493551.419,45.764,600.0,5.9,10.7,normal
1697493551.922,45.764,1800.0,20.4,10.4,normal
1697493552.425,46.738,1800.0,34.3,10.7,normal
1697493552.927,45.277,1800.0,3.0,10.7,normal
1697493553.434,47.225,1800.0,5.4,10.7,normal
1697493553.937,45.277,1800.0,3.5,10.7,normal
1697493554.439,46.738,1800.0,3.0,10.7,normal
1697493554.942,46.738,1800.0,3.0,10.7,normal
1697493555.445,46.251,1800.0,4.0,10.7,normal
1697493555.947,45.277,1800.0,3.0,10.7,normal
1697493556.45,46.738,1800.0,3.5,10.7,normal
1697493556.955,45.764,600.0,3.0,10.7,normal
1697493557.461,46.251,600.0,5.5,10.7,normal
1697493557.964,45.277,1800.0,12.5,10.0,normal
1697493558.473,46.251,1800.0,35.8,10.5,normal
1697493558.975,46.251,1800.0,10.0,10.6,normal
1697493559.478,46.251,1800.0,4.0,10.6,normal
1697493559.98,45.764,1800.0,3.5,10.6,normal
1697493560.483,45.277,1800.0,3.0,10.6,normal
1697493560.985,46.251,1800.0,3.0,10.6,normal
1697493561.488,45.764,1800.0,4.0,10.6,normal
1697493561.99,46.738,1800.0,4.0,10.7,normal
1697493562.493,45.277,1800.0,1.5,10.7,normal
1697493562.998,44.79,700.0,4.4,10.7,normal
1697493563.503,45.764,600.0,6.4,10.7,normal
1697493564.006,46.738,1800.0,18.9,10.3,normal
1697493564.509,47.225,1800.0,33.8,10.7,normal
1697493565.012,46.251,1800.0,3.0,10.7,normal
1697493565.514,46.738,1800.0,3.0,10.7,normal
1697493566.017,46.251,1800.0,3.5,10.7,normal
1697493566.519,45.764,1800.0,2.5,10.7,normal
1697493567.022,46.251,1800.0,2.0,10.7,normal
1697493567.524,46.738,1800.0,2.5,10.7,normal
1697493568.027,45.764,1800.0,4.0,10.7,normal
1697493568.529,45.764,1800.0,4.0,10.7,normal
1697493569.035,45.764,600.0,3.4,10.7,normal
1697493569.541,45.277,600.0,4.4,10.7,normal
1697493570.044,45.277,1800.0,25.4,10.4,normal
1697493570.547,46.251,1800.0,28.1,10.6,normal
1697493571.049,46.738,1800.0,3.0,10.6,normal
1697493571.552,45.764,1800.0,3.0,10.6,normal
1697493572.054,46.738,1800.0,3.0,10.6,normal
1697493572.557,46.251,1800.0,3.5,10.6,normal
1697493573.059,45.764,1800.0,3.0,10.6,normal
1697493573.562,46.738,1800.0,3.5,10.6,normal
1697493574.064,45.764,1800.0,4.5,10.7,normal
1697493574.567,46.251,1800.0,3.0,10.7,normal
1697493575.072,45.764,600.0,4.9,10.7,normal
1697493575.578,46.251,600.0,4.4,10.7,normal
1697493576.081,46.738,1800.0,21.4,10.2,normal
1697493576.584,46.251,1800.0,33.3,10.6,normal
1697493577.086,45.764,1800.0,3.9,10.6,normal
1697493577.589,46.738,1800.0,3.5,10.6,normal
1697493578.091,46.738,1800.0,3.5,10.6,normal
1697493578.594,45.764,1800.0,4.5,10.6,normal
1697493579.096,46.251,1800.0,3.5,10.6,normal
1697493579.599,46.251,1800.0,3.0,10.6,normal
1697493580.101,45.764,1800.0,4.5,10.7,normal
1697493580.604,45.277,1800.0,3.0,10.7,normal
1697493581.11,46.738,600.0,3.4,10.7,normal
1697493581.615,45.277,700.0,4.0,10.7,normal
1697493582.119,45.764,1100.0,17.0,10.1,normal
1697493582.623,46.738,1800.0,37.4,10.5,normal
1697493583.125,46.251,1800.0,7.0,10.6,normal
1697493583.628,45.277,1800.0,4.5,10.6,normal
1697493584.13,46.251,1800.0,3.5,10.6,normal
1697493584.633,45.764,1800.0,3.0,10.6,normal
1697493585.136,45.764,1800.0,4.0,10.6,normal
1697493585.638,46.251,1800.0,3.5,10.6,normal
1697493586.141,46.251,1800.0,3.5,10.6,normal
1697493586.644,46.251,1800.0,3.5,10.6,normal
1697493587.149,46.251,700.0,2.9,10.6,normal
1697493587.654,46.251,600.0,3.0,10.6,normal
1697493588.157,46.738,1800.0,20.0,10.2,normal
1697493588.66,48.199,1800.0,39.1,10.6,normal
1697493589.162,46.738,1800.0,2.0,10.6,normal
1697493589.665,47.225,1800.0,2.0,10.6,normal
1697493590.168,45.764,1800.0,3.5,10.6,normal
1697493590.67,46.251,1800.0,5.0,10.6,normal
1697493591.173,46.738,1800.0,3.0,10.6,normal
1697493591.675,46.251,1800.0,3.0,10.6,normal
1697493592.178,46.738,1800.0,5.0,10.6,normal
1697493592.68,45.277,1800.0,2.5,10.6,normal
1697493593.185,46.738,800.0,5.4,10.6,normal
1697493593.691,45.764,600.0,5.9,10.6,normal
1697493594.194,45.764,1800.0,23.9,10.3,normal
1697493594.696,46.251,1800.0,30.3,10.6,normal
1697493595.199,46.738,1800.0,3.5,10.6,normal
1697493595.702,46.251,1800.0,4.0,10.6,normal
1697493596.204,46.251,1800.0,4.0,10.6,normal
1697493596.707,47.225,1800.0,3.5,10.6,normal
1697493597.209,46.251,1800.0,3.5,10.6,normal
1697493597.712,45.764,1800.0,3.0,10.6,normal
1697493598.214,46.251,1800.0,4.0,10.6,normal
1697493598.717,46.738,1800.0,5.0,10.6,normal
1697493599.222,45.764,700.0,4.0,10.6,normal
1697493599.726,45.764,800.0,4.5,10.6,normal
1697493600.229,46.738,1800.0,15.5,10.1,normal
1697493600.732,46.251,1800.0,38.3,10.5,normal
1697493601.235,45.277,1800.0,5.5,10.6,normal
1697493601.737,46.251,1800.0,3.5,10.6,normal
1697493602.24,46.738,1800.0,3.5,10.6,normal
1697493602.743,46.251,1800.0,4.5,10.6,normal
1697493603.245,46.251,1800.0,4.0,10.6,normal
1697493603.748,46.738,1800.0,2.0,10.6,normal
1697493604.25,46.738,1800.0,3.0,10.7,normal
1697493604.753,46.738,1800.0,5.0,10.7,normal
1697493605.257,46.251,900.0,4.4,10.7,normal
1697493605.761,45.277,800.0,3.5,10.7,normal
1697493606.264,45.277,1800.0,8.0,9.6,normal
1697493606.767,47.225,1800.0,28.7,10.5,normal
1697493607.27,47.225,1800.0,20.7,10.6,normal
1697493607.773,45.764,1800.0,3.0,10.6,normal
1697493608.275,46.738,1800.0,3.9,10.6,normal
1697493608.778,45.764,1800.0,2.0,10.6,normal
1697493609.28,46.251,1800.0,3.0,10.6,normal
1697493609.783,47.225,1800.0,3.0,10.6,normal
1697493610.285,45.764,1800.0,2.5,10.6,normal
1697493610.788,45.764,1800.0,3.9,10.6,normal
1697493611.293,46.251,700.0,3.9,10.6,normal
1697493611.797,45.277,800.0,3.0,10.6,normal
1697493612.3,45.764,1800.0,15.9,10.1,normal
1697493612.803,47.712,1800.0,36.5,10.6,normal
1697493613.306,46.738,1800.0,8.4,10.6,normal
1697493613.808,46.738,1800.0,3.5,10.6,normal
1697493614.311,45.764,1800.0,2.5,10.6,normal
1697493614.814,47.225,1800.0,4.0,10.6,normal
1697493615.316,46.251,1800.0,3.0,10.6,normal
1697493615.819,45.277,1800.0,4.5,10.6,normal
1697493616.321,45.764,1800.0,3.5,10.6,normal
1697493616.824,45.764,1800.0,3.5,10.6,normal
1697493617.329,46.251,700.0,3.5,10.6,normal
1697493617.833,45.764,900.0,4.5,10.6,normal
1697493618.336,46.738,1800.0,20.4,10.2,normal
1697493618.839,46.251,1800.0,36.7,10.6,normal
1697493619.341,47.225,1800.0,4.0,10.6,normal
1697493619.844,45.277,1800.0,4.5,10.6,normal
1697493620.346,45.764,1800.0,2.5,10.6,normal
1697493620.849,46.251,1800.0,3.5,10.6,normal
1697493621.351,46.251,1800.0,2.5,10.6,normal
1697493621.854,44.303,1800.0,4.0,10.6,normal
1697493622.357,46.738,1800.0,3.0,10.6,normal
1697493622.859,46.738,1800.0,4.5,10.7,normal
1697493623.364,46.738,900.0,5.0,10.7,normal
1697493623.868,44.303,800.0,4.5,10.7,normal
1697493624.372,46.251,1200.0,12.4,9.7,normal
1697493624.876,45.764,1800.0,28.4,10.5,normal
1697493625.378,46.251,1800.0,21.0,10.7,normal
1697493625.881,45.764,1800.0,2.5,10.6,normal
1697493626.383,45.764,1800.0,4.0,10.6,normal
1697493626.886,46.738,1800.0,4.0,10.6,normal
1697493627.388,45.764,1800.0,3.0,10.6,normal
1697493627.891,45.277,1800.0,3.0,10.6,normal
1697493628.394,45.764,1800.0,4.5,10.6,normal
1697493628.896,44.79,1800.0,4.5,10.6,normal
1697493629.399,46.251,1800.0,3.0,10.6,normal
1697493629.905,45.764,600.0,4.5,10.6,normal
1697493630.408,44.79,1800.0,15.9,10.1,normal
1697493630.911,46.251,1800.0,37.0,10.5,normal
1697493631.414,45.277,1800.0,6.5,10.6,normal
1697493631.917,47.225,1800.0,3.0,10.6,normal
1697493632.42,45.764,1800.0,3.0,10.6,normal
1697493632.922,45.764,1800.0,4.0,10.6,normal
1697493633.429,46.251,1800.0,3.9,10.6,normal
1697493633.932,45.764,1800.0,4.0,10.6,normal
1697493634.435,46.251,1800.0,2.5,10.6,normal
1697493634.937,45.764,1800.0,4.0,10.6,normal
1697493635.441,46.738,800.0,4.0,10.6,normal
1697493635.947,45.764,600.0,4.9,10.6,normal
1697493636.453,46.251,600.0,8.5,10.2,normal
1697493636.957,47.712,1800.0,28.9,10.5,normal
1697493637.46,46.251,1800.0,22.8,10.6,normal
1697493637.962,46.251,1800.0,3.0,10.6,normal
1697493638.465,46.738,1800.0,4.5,10.6,normal
1697493638.967,46.251,1800.0,3.5,10.6,normal
1697493639.47,45.764,1800.0,3.5,10.6,normal
1697493639.973,45.277,1800.0,3.0,10.6,normal
1697493640.475,45.277,1800.0,3.5,10.6,normal
1697493640.978,45.764,1800.0,3.5,10.6,normal
1697493641.483,46.251,700.0,4.0,10.6,normal
1697493641.989,44.79,600.0,4.9,10.6,normal
1697493642.494,45.277,600.0,4.5,10.6,normal
1697493642.998,46.738,1800.0,26.5,10.3,normal
1697493643.501,46.251,1800.0,29.3,10.6,normal
1697493644.003,46.251,1800.0,4.0,10.6,normal
1697493644.506,46.251,1800.0,3.0,10.6,normal
1697493645.008,45.277,1800.0,3.5,10.6,normal
1697493645.511,45.764,1800.0,4.9,10.7,normal
1697493646.014,46.251,1800.0,3.5,10.7,normal
1697493646.516,45.277,1800.0,2.5,10.7,normal
1697493647.019,45.764,1800.0,2.5,10.7,normal
1697493647.521,45.764,1800.0,3.0,10.7,normal
1697493648.026,45.277,700.0,4.0,10.7,normal
1697493648.532,45.764,600.0,6.9,10.7,normal
1697493649.035,46.251,1800.0,18.5,10.3,normal
1697493649.538,46.251,1800.0,31.8,10.6,normal
1697493650.04,47.712,1800.0,2.5,10.6,normal
1697493650.543,46.738,1800.0,2.0,10.6,normal
1697493651.045,46.251,1800.0,5.5,10.6,normal
1697493651.547,45.764,1800.0,2.5,10.6,normal
1697493652.05,46.738,1800.0,3.5,10.6,normal
1697493652.552,45.764,1800.0,3.0,10.6,normal
1697493653.055,46.251,1800.0,3.5,10.6,normal
1697493653.557,45.764,1800.0,3.5,10.6,normal
1697493654.061,46.738,1800.0,19.5,10.7,normal
1697493654.563,47.225,1800.0,38.3,10.7,normal
1697493655.066,47.225,1800.0,32.5,10.5,normal
1697493655.569,46.251,1800.0,34.3,10.6,normal
1697493656.071,46.251,1800.0,3.0,10.6,normal
1697493656.574,46.738,1800.0,4.9,10.6,normal
1697493657.076,46.738,1800.0,3.5,10.6,normal
1697493657.579,46.738,1800.0,4.0,10.6,normal
1697493658.082,46.738,1800.0,2.5,10.7,normal
1697493658.584,45.764,1800.0,5.0,10.7,normal
1697493659.09,45.277,600.0,3.4,10.7,normal
1697493659.595,45.764,600.0,5.4,10.7,normal
1697493660.101,45.764,600.0,4.5,10.7,normal
1697493660.607,45.277,600.0,5.0,10.7,normal
1697493661.11,46.251,1800.0,18.4,10.1,normal
1697493661.613,46.738,1800.0,37.2,10.6,normal
1697493662.115,46.738,1800.0,4.0,10.6,normal
1697493662.618,46.251,1800.0,4.0,10.6,normal
1697493663.12,46.251,1800.0,3.5,10.6,normal
1697493663.623,46.738,1800.0,4.5,10.6,normal
1697493664.126,45.764,1800.0,3.5,10.6,normal
1697493664.628,45.277,1800.0,4.0,10.6,normal
1697493665.131,45.764,1800.0,3.5,10.6,normal
1697493665.634,45.764,1800.0,4.5,10.6,normal
1697493666.138,44.79,700.0,4.4,10.6,normal
1697493666.644,45.277,600.0,5.0,10.7,normal
1697493667.147,45.277,1800.0,11.8,9.5,normal
1697493667.651,45.764,1800.0,28.6,10.4,normal
1697493668.153,46.738,1800.0,19.9,10.6,normal
1697493668.656,46.738,1800.0,4.0,10.6,normal
1697493669.159,46.251,1800.0,3.5,10.6,normal
1697493669.662,46.738,1800.0,5.0,10.6,normal
1697493670.164,47.225,1800.0,4.0,10.6,normal
1697493670.667,46.251,1800.0,3.0,10.6,normal
1697493671.17,46.738,1800.0,4.0,10.6,normal
1697493671.672,45.764,1800.0,3.5,10.6,normal
1697493672.176,45.277,800.0,3.5,10.6,normal
1697493672.683,45.764,600.0,4.9,10.6,normal
1697493673.188,45.277,800.0,5.4,10.6,normal
1697493673.69,46.738,1800.0,27.4,10.4,normal
1697493674.193,46.251,1800.0,26.3,10.6,normal
1697493674.696,45.764,1800.0,4.5,10.6,normal
1697493675.198,45.277,1800.0,3.9,10.7,normal
1697493675.701,45.764,1800.0,3.0,10.7,normal
1697493676.203,46.738,1800.0,3.5,10.7,normal
1697493676.706,47.225,1800.0,4.5,10.7,normal
1697493677.208,45.764,1800.0,3.0,10.7,normal
1697493677.711,45.764,1800.0,3.0,10.7,normal
1697493678.213,45.277,1800.0,3.5,10.7,normal
1697493678.718,46.251,700.0,6.4,10.7,normal
1697493679.223,46.738,700.0,4.5,10.7,normal
1697493679.726,45.764,1800.0,20.8,10.3,normal
1697493680.229,46.251,1800.0,33.2,10.6,normal
1697493680.731,45.764,1800.0,4.5,10.6,normal
1697493681.234,46.251,1800.0,3.5,10.6,normal
1697493681.736,45.277,1800.0,3.0,10.6,normal
1697493682.239,47.225,1800.0,3.5,10.6,normal
1697493682.742,46.251,1800.0,4.4,10.6,normal
1697493683.244,47.225,1800.0,4.5,10.6,normal
1697493683.747,46.251,1800.0,3.0,10.6,normal
1697493684.249,46.251,1800.0,3.5,10.6,normal
1697493684.753,46.251,1000.0,5.9,10.6,normal
1697493685.257,46.251,1000.0,4.5,10.6,normal
1697493685.76,46.738,1800.0,14.1,10.1,normal
1697493686.263,48.199,1800.0,37.8,10.6,normal
1697493686.765,46.738,1800.0,6.5,10.6,normal
1697493687.268,46.251,1800.0,3.5,10.6,normal
1697493687.77,46.251,1800.0,3.0,10.6,normal
1697493688.273,46.251,1800.0,4.0,10.6,normal
1697493688.775,46.251,1800.0,3.5,10.6,normal
1697493689.278,45.764,1800.0,3.9,10.6,normal
1697493689.781,46.251,1800.0,3.0,10.6,normal
1697493690.283,46.738,1800.0,2.5,10.6,normal
1697493690.788,45.764,700.0,3.9,10.6,normal
1697493691.293,45.764,1000.0,4.0,10.6,normal
1697493691.797,44.79,800.0,6.0,10.4,normal
1697493692.3,47.225,1800.0,28.0,10.5,normal
1697493692.803,45.764,1800.0,21.7,10.6,normal
1697493693.306,45.764,1800.0,4.0,10.6,normal
1697493693.808,45.764,1800.0,2.5,10.6,normal
1697493694.311,45.764,1800.0,3.5,10.6,normal
1697493694.813,46.251,1800.0,3.5,10.6,normal
1697493695.316,45.764,1800.0,3.5,10.6,normal
1697493695.818,46.738,1800.0,4.0,10.6,normal
1697493696.321,45.277,1800.0,3.0,10.6,normal
1697493696.823,47.225,1800.0,3.0,10.6,normal
1697493697.328,45.764,900.0,6.0,10.6,normal
1697493697.833,45.764,700.0,4.0,10.6,normal
1697493698.336,45.764,1800.0,25.4,10.3,normal
1697493698.838,46.251,1800.0,29.1,10.6,normal
1697493699.341,45.764,1800.0,4.0,10.6,normal
1697493699.844,46.251,1800.0,3.0,10.6,normal
1697493700.346,45.277,1800.0,3.5,10.6,normal
1697493700.849,45.764,1800.0,3.0,10.6,normal
1697493701.351,46.251,1800.0,5.0,10.6,normal
1697493701.854,45.764,1800.0,3.0,10.6,normal
1697493702.356,46.738,1800.0,3.0,10.6,normal
1697493702.859,46.251,1800.0,3.5,10.6,normal
1697493703.363,45.764,900.0,5.9,10.6,normal
1697493703.868,44.79,700.0,4.9,10.6,normal
1697493704.371,46.738,1800.0,17.6,10.2,normal
1697493704.874,46.251,1800.0,36.7,10.6,normal
1697493705.377,46.738,1800.0,5.0,10.6,normal
1697493705.879,46.251,1800.0,3.5,10.6,normal
1697493706.382,45.277,1800.0,3.0,10.6,normal
1697493706.884,45.764,1800.0,2.5,10.6,normal
1697493707.387,45.277,1800.0,2.5,10.6,normal
1697493707.89,45.764,1800.0,2.5,10.6,normal
1697493708.392,47.712,1800.0,5.4,10.6,normal
1697493708.895,46.251,1800.0,5.0,10.6,normal
1697493709.4,45.764,600.0,3.5,10.6,normal
1697493709.905,45.764,700.0,5.9,10.6,normal
1697493710.41,45.277,1800.0,11.5,9.7,normal
1697493710.913,47.225,1800.0,30.3,10.6,normal
1697493711.416,46.251,1800.0,17.8,10.6,normal
1697493711.919,45.277,1800.0,3.5,10.6,normal
1697493712.421,46.738,1800.0,3.5,10.6,normal
1697493712.924,46.738,1800.0,3.5,10.6,normal
1697493713.426,46.738,1800.0,4.5,10.6,normal
1697493713.929,46.251,1800.0,2.5,10.6,normal
1697493714.431,46.738,1800.0,4.5,10.6,normal
1697493714.934,46.251,1800.0,4.0,10.6,normal
1697493715.439,45.277,700.0,3.0,10.6,normal
1697493715.943,45.277,800.0,4.5,10.6,normal
1697493716.447,44.79,1200.0,15.9,10.1,normal
1697493716.95,46.738,1800.0,37.5,10.6,normal
1697493717.452,45.764,1800.0,7.0,10.6,normal
1697493717.955,46.738,1800.0,2.5,10.6,normal
1697493718.458,45.764,1800.0,5.0,10.6,normal
1697493718.96,46.251,1800.0,3.0,10.6,normal
1697493719.463,45.764,1800.0,3.5,10.6,normal
1697493719.966,46.251,1800.0,3.0,10.6,normal
1697493720.468,46.251,1800.0,3.5,10.6,normal
1697493720.971,46.251,1800.0,4.4,10.6,normal
1697493721.476,46.738,700.0,4.9,10.6,normal
1697493721.981,45.277,600.0,4.5,10.6,normal
1697493722.488,46.251,1000.0,9.4,10.4,normal
1697493722.99,46.251,1800.0,28.4,10.4,normal
1697493723.493,46.251,1800.0,24.1,10.6,normal
1697493723.996,47.225,1800.0,2.5,10.6,normal
1697493724.498,46.251,1800.0,4.9,10.6,normal
1697493725.001,45.764,1800.0,3.5,10.6,normal
1697493725.503,45.764,1800.0,3.5,10.6,normal
1697493726.006,46.251,1800.0,4.0,10.6,normal
1697493726.508,45.764,1800.0,3.5,10.6,normal
1697493727.011,46.251,1800.0,4.0,10.6,normal
1697493727.514,45.764,1800.0,4.4,10.6,normal
1697493728.019,45.764,600.0,4.0,10.6,normal
1697493728.522,46.251,1800.0,13.9,10.0,normal
1697493729.026,46.738,1800.0,31.8,10.5,normal
1697493729.529,45.764,1800.0,14.9,10.6,normal
1697493730.031,46.251,1800.0,3.5,10.6,normal
1697493730.534,46.738,1800.0,3.0,10.6,normal
1697493731.036,46.738,1800.0,4.5,10.6,normal
1697493731.539,45.764,1800.0,3.5,10.6,normal
1697493732.041,46.251,1800.0,3.5,10.6,normal
1697493732.544,45.764,1800.0,2.5,10.6,normal
1697493733.047,46.251,1800.0,4.0,10.6,normal
1697493733.551,45.277,800.0,4.4,10.6,normal
1697493734.057,46.251,600.0,3.5,10.6,normal
1697493734.562,45.764,600.0,4.5,10.5,normal
1697493735.066,46.738,1800.0,29.2,10.4,normal
1697493735.568,46.251,1800.0,26.4,10.7,normal
1697493736.071,46.251,1800.0,2.5,10.7,normal
1697493736.573,45.277,1800.0,2.5,10.7,normal
1697493737.076,45.764,1800.0,3.0,10.7,normal
1697493737.578,45.277,1800.0,3.5,10.7,normal
1697493738.081,46.251,1800.0,4.0,10.7,normal
1697493738.583,45.277,1800.0,4.0,10.6,normal
1697493739.086,45.764,1800.0,3.5,10.7,normal
1697493739.589,45.764,1800.0,4.5,10.7,normal
1697493740.094,45.277,600.0,4.0,10.6,normal
1697493740.598,46.251,900.0,9.0,9.6,normal
1697493741.102,46.251,1800.0,29.2,10.5,normal
1697493741.605,46.251,1800.0,22.1,10.6,normal
1697493742.107,45.277,1800.0,3.5,10.6,normal
1697493742.61,45.764,1800.0,3.5,10.6,normal
1697493743.112,45.277,1800.0,3.5,10.6,normal
1697493743.615,46.738,1800.0,5.0,10.6,normal
1697493744.118,46.251,1800.0,3.0,10.6,normal
1697493744.62,45.277,1800.0,3.5,10.6,normal
1697493745.123,46.251,1800.0,3.0,10.6,normal
1697493745.625,46.251,1800.0,4.9,10.6,normal
1697493746.131,45.277,600.0,3.5,10.6,normal
1697493746.637,45.277,600.0,4.9,10.6,normal
1697493747.141,46.738,1800.0,27.4,10.3,normal
1697493747.644,46.738,1800.0,29.1,10.6,normal
1697493748.146,45.764,1800.0,4.5,10.6,normal
1697493748.649,45.764,1800.0,4.5,10.6,normal
1697493749.151,45.277,1800.0,3.5,10.6,normal
1697493749.654,45.277,1800.0,2.5,10.6,normal
1697493750.157,47.225,1800.0,5.0,10.6,normal
1697493750.659,45.764,1800.0,3.5,10.6,normal
1697493751.162,46.251,1800.0,3.5,10.6,normal
1697493751.665,46.251,1800.0,3.0,10.6,normal
1697493752.168,45.277,900.0,4.5,10.6,normal
1697493752.674,46.251,600.0,4.5,10.6,normal
1697493753.177,46.738,1800.0,28.9,10.4,normal
1697493753.68,47.225,1800.0,28.5,10.6,normal
1697493754.183,47.225,1800.0,10.0,10.6,normal
1697493754.685,46.738,1800.0,3.9,10.6,normal
1697493755.188,45.764,1800.0,4.0,10.6,normal
1697493755.691,45.277,1800.0,4.5,10.6,normal
1697493756.193,46.251,1800.0,3.5,10.6,normal
1697493756.695,45.764,1800.0,3.5,10.6,normal
1697493757.198,45.764,1800.0,4.0,10.6,normal
1697493757.7,46.738,1800.0,4.5,10.6,normal
1697493758.204,45.277,900.0,4.5,10.6,normal
1697493758.71,45.277,600.0,6.9,10.6,normal
1697493759.213,46.251,1800.0,22.5,10.2,normal
1697493759.716,47.225,1800.0,32.7,10.6,normal
1697493760.218,45.764,1800.0,3.5,10.6,normal
1697493760.721,45.277,1800.0,3.5,10.6,normal
1697493761.223,46.251,1800.0,3.5,10.6,normal
1697493761.726,45.277,1800.0,4.0,10.6,normal
1697493762.228,46.251,1800.0,3.5,10.6,normal
1697493762.731,46.738,1800.0,4.0,10.6,normal
1697493763.234,45.277,1800.0,3.5,10.6,normal
1697493763.736,45.764,1800.0,4.0,10.6,normal
1697493764.241,46.251,675.0,5.4,10.6,normal
1697493764.745,45.764,900.0,3.5,10.6,normal
1697493765.248,45.764,1800.0,15.9,10.1,normal
1697493765.751,46.738,1800.0,36.7,10.6,normal
1697493766.253,46.251,1800.0,5.0,10.6,normal
1697493766.756,46.251,1800.0,3.9,10.6,normal
1697493767.258,47.225,1800.0,4.0,10.6,normal
1697493767.761,46.251,1800.0,2.0,10.6,normal
1697493768.263,46.251,1800.0,4.0,10.6,normal
1697493768.766,46.251,1800.0,5.5,10.6,normal
1697493769.268,46.738,1800.0,4.0,10.6,normal
1697493769.771,45.764,1800.0,4.5,10.6,normal
1697493770.276,45.277,700.0,3.9,10.6,normal
1697493770.78,44.303,1000.0,5.4,10.6,normal
1697493771.285,44.79,900.0,7.0,10.5,normal
1697493771.788,46.738,1800.0,28.9,10.4,normal
1697493772.291,46.738,1800.0,23.1,10.6,normal
1697493772.794,45.764,1800.0,4.0,10.6,normal
1697493773.296,45.277,1800.0,4.5,10.6,normal
1697493773.799,45.764,1800.0,3.0,10.6,normal
1697493774.301,46.251,1800.0,4.0,10.6,normal
1697493774.804,46.251,1800.0,2.0,10.6,normal
1697493775.307,46.738,1800.0,2.5,10.6,normal
1697493775.809,44.79,1800.0,2.5,10.6,normal
1697493776.312,46.251,1800.0,3.5,10.6,normal
1697493776.816,46.251,800.0,3.5,10.6,normal
1697493777.32,45.764,1800.0,10.9,9.9,normal
1697493777.824,46.251,1800.0,33.5,10.5,normal
1697493778.326,46.251,1800.0,13.6,10.6,normal
1697493778.829,46.251,1800.0,3.5,10.6,normal
1697493779.331,45.764,1800.0,3.0,10.6,normal
1697493779.834,46.251,1800.0,3.5,10.6,normal
1697493780.337,45.277,1800.0,3.5,10.6,normal
1697493780.839,45.277,1800.0,3.5,10.7,normal
1697493781.342,46.738,1800.0,3.5,10.7,normal
1697493781.844,45.277,1800.0,4.5,10.7,normal
1697493782.349,45.764,700.0,3.5,10.7,normal
1697493782.854,44.79,800.0,5.0,10.7,normal
1697493783.358,46.251,900.0,4.5,10.6,normal
1697493783.861,46.251,1800.0,27.9,10.4,normal
1697493784.363,46.251,1800.0,24.0,10.6,normal
1697493784.866,45.277,1800.0,3.5,10.6,normal
1697493785.368,45.764,1800.0,2.5,10.6,normal
1697493785.871,46.251,1800.0,4.0,10.6,normal
1697493786.374,46.251,1800.0,4.0,10.6,normal
1697493786.876,46.251,1800.0,3.5,10.6,normal
1697493787.379,46.251,1800.0,3.5,10.6,normal
1697493787.881,46.251,1800.0,3.0,10.6,normal
1697493788.384,45.764,1800.0,5.9,10.6,normal
1697493788.888,45.277,800.0,4.5,10.7,normal
1697493789.391,45.764,1800.0,10.5,9.8,normal
1697493789.895,46.251,1800.0,32.2,10.5,normal
1697493790.398,46.738,1800.0,15.1,10.6,normal
1697493790.9,46.738,1800.0,2.5,10.6,normal
1697493791.403,47.225,1800.0,4.0,10.6,normal
1697493791.905,46.738,1800.0,3.5,10.6,normal
1697493792.408,45.277,1800.0,4.5,10.6,normal
1697493792.91,46.251,1800.0,2.5,10.6,normal
1697493793.413,46.738,1800.0,5.0,10.6,normal
1697493793.916,45.764,1800.0,3.5,10.6,normal
1697493794.42,46.251,800.0,3.0,10.6,normal
1697493794.925,45.764,700.0,5.9,10.6,normal
1697493795.428,46.251,1800.0,15.4,10.2,normal
1697493795.931,46.738,1800.0,37.3,10.6,normal
1697493796.433,46.251,1800.0,3.5,10.6,normal
1697493796.936,45.764,1800.0,4.0,10.6,normal
1697493797.438,46.251,1800.0,2.0,10.6,normal
1697493797.941,46.738,1800.0,3.0,10.6,normal
1697493798.443,46.738,1800.0,4.9,10.6,normal
1697493798.946,46.738,1800.0,4.5,10.6,normal
1697493799.449,46.251,1800.0,3.0,10.7,normal
1697493799.951,45.764,1800.0,3.5,10.7,normal
1697493800.457,46.251,600.0,3.0,10.7,normal
1697493800.962,45.277,600.0,7.4,10.7,normal
1697493801.465,45.277,1800.0,9.0,9.6,normal
1697493801.968,46.251,1800.0,28.4,10.5,normal
1697493802.471,46.738,1800.0,20.4,10.6,normal
1697493802.973,46.251,1800.0,3.5,10.6,normal
1697493803.476,46.738,1800.0,4.0,10.6,normal
1697493803.979,45.764,1800.0,4.0,10.6,normal
1697493804.481,45.764,1800.0,3.0,10.6,normal
1697493804.984,45.277,1800.0,3.0,10.6,normal
1697493805.487,45.764,1800.0,4.5,10.6,normal
1697493805.989,45.277,1800.0,3.5,10.6,normal
1697493806.493,46.251,800.0,3.0,10.6,normal
1697493806.999,46.251,600.0,4.9,10.6,normal
1697493807.502,45.764,1800.0,16.0,10.1,normal
1697493808.005,47.225,1800.0,37.0,10.6,normal
1697493808.508,46.251,1800.0,6.9,10.6,normal
1697493809.011,46.251,1800.0,3.5,10.6,normal
1697493809.513,45.277,1800.0,3.5,10.6,normal
1697493810.016,45.764,1800.0,3.0,10.6,normal
1697493810.518,45.277,1800.0,3.5,10.6,normal
1697493811.021,46.251,1800.0,2.5,10.6,normal
1697493811.523,46.251,1800.0,4.0,10.6,normal
1697493812.026,46.251,1800.0,4.5,10.6,normal
1697493812.531,45.277,700.0,4.0,10.6,normal
1697493813.036,45.764,600.0,4.0,10.6,normal
1697493813.539,47.225,1800.0,23.3,10.2,normal
1697493814.042,45.764,1800.0,35.8,10.6,normal
1697493814.545,46.251,1800.0,3.5,10.6,normal
1697493815.047,46.738,1800.0,3.0,10.6,normal
1697493815.55,46.251,1800.0,3.5,10.6,normal
1697493816.052,46.738,1800.0,3.5,10.6,normal
1697493816.555,46.738,1800.0,2.0,10.6,normal
1697493817.057,45.764,1800.0,2.5,10.7,normal
1697493817.56,46.251,1800.0,3.0,10.7,normal
1697493818.063,45.764,1800.0,3.0,10.7,normal
1697493818.568,46.251,600.0,3.9,10.7,normal
1697493819.074,45.277,600.0,3.5,10.7,normal
1697493819.577,46.251,1800.0,14.0,10.1,normal
1697493820.079,46.738,1800.0,37.3,10.6,normal
1697493820.582,47.225,1800.0,7.5,10.6,normal
1697493821.084,46.738,1800.0,3.0,10.6,normal
1697493821.587,46.251,1800.0,3.0,10.6,normal
1697493822.09,46.738,1800.0,3.0,10.6,normal
1697493822.592,45.764,1800.0,4.4,10.6,normal
1697493823.095,45.277,1800.0,3.5,10.6,normal
1697493823.597,46.251,1800.0,4.0,10.6,normal
1697493824.1,46.738,1800.0,3.0,10.6,normal
1697493824.605,45.764,800.0,4.4,10.7,normal
1697493825.11,45.277,700.0,5.4,10.7,DoS_attack
1697493825.615,46.738,700.0,7.9,10.5,DoS_attack
1697493826.118,46.251,1800.0,29.4,10.5,DoS_attack
1697493826.621,47.225,1800.0,24.5,10.6,DoS_attack
1697493827.123,46.251,1800.0,3.0,10.6,DoS_attack
1697493827.626,46.251,1800.0,3.0,10.6,DoS_attack
1697493828.129,45.764,1800.0,2.0,10.6,DoS_attack
1697493828.631,47.225,1800.0,4.5,10.6,DoS_attack
1697493829.134,46.251,1800.0,3.9,10.6,DoS_attack
1697493829.637,45.277,1800.0,1.5,10.6,DoS_attack
1697493830.14,46.251,1800.0,7.0,10.6,DoS_attack
1697493830.642,45.764,1800.0,10.8,10.7,DoS_attack
1697493831.145,47.225,1800.0,20.4,10.7,DoS_attack
1697493831.647,47.225,1800.0,13.7,10.7,DoS_attack
1697493832.151,48.686,1800.0,38.5,10.4,DoS_attack
1697493832.655,47.712,1800.0,48.7,10.7,DoS_attack
1697493833.157,47.712,1800.0,16.6,10.7,DoS_attack
1697493833.66,47.712,1800.0,22.8,10.7,DoS_attack
1697493834.163,47.712,1800.0,20.0,10.7,DoS_attack
1697493834.666,48.199,1800.0,18.7,10.7,DoS_attack
1697493835.17,48.686,1800.0,25.8,10.7,DoS_attack
1697493835.672,49.173,1800.0,16.1,10.7,DoS_attack
1697493836.175,46.738,1800.0,22.8,10.7,DoS_attack
1697493836.678,46.738,1800.0,20.6,10.7,DoS_attack
1697493837.18,47.712,1800.0,21.3,10.8,DoS_attack
1697493837.683,47.712,1800.0,18.9,10.8,DoS_attack
1697493838.186,48.686,1800.0,25.8,9.6,DoS_attack
1697493838.689,48.686,1800.0,42.4,10.5,DoS_attack
1697493839.191,49.66,1800.0,46.0,10.7,DoS_attack
1697493839.695,49.173,1800.0,23.4,10.7,DoS_attack
1697493840.198,48.199,1800.0,21.3,10.7,DoS_attack
1697493840.7,48.199,1800.0,22.7,10.7,DoS_attack
1697493841.203,49.173,1800.0,28.1,10.7,DoS_attack
1697493841.707,48.199,1800.0,24.4,10.7,DoS_attack
1697493842.209,48.686,1800.0,23.2,10.8,DoS_attack
1697493842.712,48.686,1800.0,21.8,10.8,DoS_attack
1697493843.216,48.199,1800.0,23.0,10.8,DoS_attack
1697493843.72,49.66,1800.0,24.0,10.8,DoS_attack
1697493844.222,49.173,1800.0,20.3,10.8,DoS_attack
1697493844.725,49.66,1800.0,44.5,10.5,DoS_attack
1697493845.227,50.147,1800.0,46.0,10.8,DoS_attack
1697493845.731,49.173,1800.0,21.4,10.8,DoS_attack
1697493846.235,50.147,1000.0,22.7,10.8,DoS_attack
1697493846.738,50.147,1800.0,24.0,10.8,DoS_attack
1697493847.241,49.66,1800.0,18.2,10.8,DoS_attack
1697493847.744,50.147,1800.0,25.3,10.8,DoS_attack
1697493848.247,49.173,1800.0,25.9,10.8,DoS_attack
1697493848.75,49.66,1800.0,22.6,10.8,DoS_attack
1697493849.253,49.173,1800.0,26.6,10.8,DoS_attack
1697493849.755,48.686,1800.0,22.5,10.8,DoS_attack
1697493850.258,48.686,1800.0,18.8,10.8,DoS_attack
1697493850.766,49.66,1800.0,38.2,9.8,DoS_attack
1697493851.274,50.634,1100.0,49.2,10.6,DoS_attack
1697493851.778,49.66,1800.0,49.0,10.8,DoS_attack
1697493852.281,49.173,1800.0,18.1,10.8,DoS_attack
1697493852.784,49.66,1800.0,21.0,10.8,DoS_attack
1697493853.288,50.634,1800.0,31.3,10.8,DoS_attack
1697493853.791,49.173,1800.0,26.7,10.8,DoS_attack
1697493854.293,50.147,1800.0,27.5,10.8,DoS_attack
1697493854.799,49.66,1800.0,25.3,10.8,DoS_attack
1697493855.302,50.147,1800.0,23.5,10.9,DoS_attack
1697493855.805,50.147,1800.0,35.0,10.9,DoS_attack
1697493856.307,49.66,1800.0,22.6,10.9,DoS_attack
1697493856.81,49.66,1800.0,26.2,10.9,DoS_attack
1697493857.312,50.147,1800.0,35.0,10.3,DoS_attack
1697493857.821,52.095,1800.0,52.2,10.7,DoS_attack
1697493858.324,49.66,1800.0,27.0,10.8,DoS_attack
1697493858.826,49.173,1800.0,20.0,10.8,DoS_attack
1697493859.329,50.634,1800.0,13.6,10.8,DoS_attack
1697493859.831,49.66,1800.0,27.2,10.8,DoS_attack
1697493860.334,50.147,1800.0,24.9,10.8,DoS_attack
1697493860.836,49.173,1800.0,24.7,10.8,DoS_attack
1697493861.339,50.634,1800.0,28.1,10.9,DoS_attack
1697493861.842,49.66,1800.0,28.9,10.9,DoS_attack
1697493862.344,50.147,1800.0,29.4,10.9,DoS_attack
1697493862.847,50.147,1800.0,22.5,10.9,DoS_attack
1697493863.351,51.121,1800.0,35.8,9.7,DoS_attack
1697493863.854,50.147,1800.0,52.5,10.6,DoS_attack
1697493864.357,50.634,1800.0,40.8,10.8,DoS_attack
1697493864.86,50.634,1800.0,18.9,10.8,DoS_attack
1697493865.363,50.147,1800.0,23.9,10.8,DoS_attack
1697493865.866,50.147,1800.0,26.1,10.8,DoS_attack
1697493866.368,50.147,1800.0,27.3,10.8,DoS_attack
1697493866.872,49.66,1000.0,24.5,10.8,DoS_attack
1697493867.375,50.147,1800.0,33.0,10.8,DoS_attack
1697493867.877,50.147,1800.0,19.3,10.8,DoS_attack
1697493868.38,50.634,1800.0,29.3,10.9,DoS_attack
1697493868.883,50.634,1800.0,30.5,10.9,DoS_attack
1697493869.385,50.634,1800.0,25.8,10.9,DoS_attack
1697493869.888,51.608,1800.0,42.1,10.0,DoS_attack
1697493870.391,51.608,1800.0,52.8,10.6,DoS_attack
1697493870.894,50.634,1800.0,41.8,10.8,DoS_attack
1697493871.397,51.121,1800.0,21.4,10.8,DoS_attack
1697493871.899,50.634,1800.0,26.3,10.8,DoS_attack
1697493872.404,50.634,1800.0,42.4,10.8,DoS_attack
1697493872.906,51.608,1800.0,35.2,10.8,DoS_attack
1697493873.409,51.121,1800.0,32.0,10.8,DoS_attack
1697493873.911,50.147,1800.0,27.8,10.9,DoS_attack
1697493874.415,51.608,1800.0,36.5,10.9,DoS_attack
1697493874.917,51.121,1800.0,27.3,10.9,DoS_attack
1697493875.42,51.608,1800.0,30.6,10.9,DoS_attack
1697493875.923,52.095,1800.0,25.6,10.9,DoS_attack
1697493876.427,51.608,1800.0,39.3,9.7,DoS_attack
1697493876.93,51.121,1800.0,51.5,10.6,DoS_attack
1697493877.434,52.095,1800.0,58.4,10.8,DoS_attack
1697493877.938,50.634,1800.0,20.9,10.8,DoS_attack
1697493878.443,52.095,1800.0,34.0,10.9,DoS_attack
1697493878.946,52.095,1800.0,21.8,10.9,DoS_attack
1697493879.449,50.634,1800.0,32.7,10.9,DoS_attack
1697493879.952,50.634,1800.0,29.9,10.9,DoS_attack
1697493880.455,51.121,1800.0,30.7,10.9,DoS_attack
1697493880.959,50.634,1800.0,38.8,10.9,DoS_attack
1697493881.461,51.608,1800.0,31.1,10.9,DoS_attack
1697493881.964,51.608,1800.0,33.3,10.9,DoS_attack
1697493882.467,51.121,1800.0,37.1,11.0,DoS_attack
1697493882.97,52.582,1800.0,50.8,10.5,DoS_attack
1697493883.473,53.556,1800.0,68.5,10.8,DoS_attack
1697493883.976,51.608,1800.0,21.9,10.8,DoS_attack
1697493884.48,52.095,1800.0,29.2,10.9,DoS_attack
1697493884.983,51.121,1800.0,22.1,10.9,DoS_attack
1697493885.486,50.634,1800.0,20.9,10.9,DoS_attack
1697493885.988,52.095,1800.0,15.8,10.9,DoS_attack
1697493886.491,50.634,1800.0,17.5,10.9,DoS_attack
1697493886.994,50.634,1800.0,23.1,10.9,DoS_attack
1697493887.497,51.121,1800.0,25.8,11.0,DoS_attack
1697493888.0,50.634,1800.0,24.5,10.9,DoS_attack
1697493888.503,51.608,1800.0,31.5,11.0,DoS_attack
1697493889.006,51.608,1800.0,28.9,10.9,DoS_attack
1697493889.509,52.582,1800.0,47.7,9.7,DoS_attack
1697493890.013,52.582,1800.0,58.2,10.7,DoS_attack
1697493890.515,51.121,1800.0,47.5,10.9,DoS_attack
1697493891.018,51.121,1800.0,18.2,10.9,DoS_attack
1697493891.521,51.608,1800.0,28.3,10.9,DoS_attack
1697493892.023,51.608,1800.0,28.8,10.9,DoS_attack
1697493892.527,51.608,1200.0,28.2,10.9,DoS_attack
1697493893.029,51.121,1800.0,43.5,10.9,DoS_attack
1697493893.531,51.608,1800.0,30.3,10.9,DoS_attack
1697493894.036,52.095,1800.0,26.4,11.0,DoS_attack
1697493894.539,51.608,1800.0,28.7,11.0,DoS_attack
1697493895.042,52.095,1800.0,29.1,11.0,DoS_attack
1697493895.544,51.608,1800.0,35.8,11.0,DoS_attack
1697493896.048,51.608,1800.0,41.6,10.2,DoS_attack
1697493896.551,52.582,1800.0,52.2,10.7,DoS_attack
1697493897.054,52.582,1800.0,39.8,10.9,DoS_attack
1697493897.556,52.095,1800.0,16.3,10.9,DoS_attack
1697493898.059,52.582,1800.0,25.4,10.9,DoS_attack
1697493898.561,52.095,1800.0,29.9,10.9,DoS_attack
1697493899.064,52.095,1800.0,30.1,10.9,DoS_attack
1697493899.567,51.121,1800.0,24.0,10.9,DoS_attack
1697493900.07,51.121,1800.0,31.9,10.9,DoS_attack
1697493900.572,51.608,1800.0,25.3,10.9,DoS_attack
1697493901.076,51.608,1800.0,28.9,10.9,DoS_attack
1697493901.58,51.608,1800.0,26.9,10.9,DoS_attack
1697493902.083,53.069,1800.0,34.2,10.9,DoS_attack
1697493902.586,53.069,1800.0,41.1,10.3,DoS_attack
1697493903.09,53.556,1800.0,55.9,10.8,DoS_attack
1697493903.592,51.608,1800.0,39.4,10.9,DoS_attack
1697493904.095,52.095,1800.0,29.6,10.9,DoS_attack
1697493904.598,52.095,1800.0,34.2,10.9,DoS_attack
1697493905.101,52.582,1800.0,27.4,10.9,DoS_attack
1697493905.606,52.582,1800.0,31.6,10.9,DoS_attack
1697493906.112,51.608,1800.0,27.5,10.9,DoS_attack
1697493906.615,53.069,1800.0,34.8,10.9,DoS_attack
1697493907.118,53.556,1800.0,26.2,10.9,DoS_attack
1697493907.622,52.582,1800.0,31.6,10.9,DoS_attack
1697493908.124,52.095,1800.0,29.8,10.9,DoS_attack
1697493908.628,52.582,1800.0,22.4,10.9,DoS_attack
1697493909.131,52.582,1800.0,50.0,10.5,DoS_attack
1697493909.634,52.582,1800.0,63.4,10.8,DoS_attack
1697493910.137,52.095,1800.0,23.9,10.9,DoS_attack
1697493910.642,53.069,1800.0,23.2,10.9,DoS_attack
1697493911.145,51.608,1800.0,28.1,10.9,DoS_attack
1697493911.648,52.095,1800.0,22.6,10.9,DoS_attack
1697493912.151,52.582,1800.0,28.9,10.9,DoS_attack
1697493912.654,52.582,1800.0,29.4,10.9,DoS_attack
1697493913.157,52.095,1000.0,30.9,10.9,DoS_attack
1697493913.661,51.608,1800.0,31.6,10.9,DoS_attack
1697493914.163,52.582,1800.0,27.0,10.9,DoS_attack
1697493914.666,52.095,1800.0,29.7,11.0,DoS_attack
1697493915.169,53.556,1800.0,37.6,10.3,DoS_attack
1697493915.687,53.069,1800.0,54.1,10.8,DoS_attack
1697493916.19,53.069,1800.0,29.2,10.9,DoS_attack
1697493916.693,53.069,1800.0,26.9,10.9,DoS_attack
1697493917.195,52.095,1800.0,27.7,10.9,DoS_attack
1697493917.698,52.582,1800.0,23.6,10.9,DoS_attack
1697493918.204,52.582,1000.0,33.7,10.9,DoS_attack
1697493918.707,51.608,1800.0,28.2,10.9,DoS_attack
1697493919.21,51.608,1800.0,28.2,10.9,DoS_attack
1697493919.713,53.069,1800.0,30.8,10.9,DoS_attack
1697493920.216,52.582,1800.0,28.1,10.9,DoS_attack
1697493920.719,52.095,1800.0,33.2,10.9,DoS_attack
1697493921.221,52.582,1800.0,27.6,10.9,DoS_attack
1697493921.724,53.069,1800.0,51.3,10.4,DoS_attack
1697493922.227,53.556,1800.0,52.8,10.8,DoS_attack
1697493922.73,53.069,1800.0,19.8,10.8,DoS_attack
1697493923.232,52.582,1800.0,29.9,10.9,DoS_attack
1697493923.735,52.095,1800.0,33.7,10.9,DoS_attack
1697493924.238,52.582,1800.0,27.8,10.9,DoS_attack
1697493924.74,53.069,1800.0,23.8,10.9,DoS_attack
1697493925.243,52.095,1800.0,28.8,10.9,DoS_attack
1697493925.746,53.069,1800.0,37.9,10.9,DoS_attack
1697493926.249,53.556,1800.0,35.9,10.9,DoS_attack
1697493926.751,51.608,1800.0,24.4,10.9,DoS_attack
1697493927.254,53.069,1800.0,20.0,10.9,DoS_attack
1697493927.757,52.582,1800.0,25.0,9.6,DoS_attack
1697493928.261,52.582,1800.0,48.7,10.5,DoS_attack
1697493928.763,53.556,1800.0,58.3,10.8,DoS_attack
1697493929.266,53.069,1800.0,20.3,10.8,DoS_attack
1697493929.769,52.582,1800.0,14.2,10.8,DoS_attack
1697493930.272,51.608,1800.0,19.4,10.8,DoS_attack
1697493930.774,51.608,1800.0,22.3,10.8,DoS_attack
1697493931.277,52.582,1800.0,23.6,10.8,DoS_attack
1697493931.78,52.095,1800.0,26.5,10.8,DoS_attack
1697493932.283,51.608,1800.0,25.4,10.8,DoS_attack
1697493932.785,53.069,1800.0,19.9,10.9,DoS_attack
1697493933.287,52.582,1800.0,29.1,10.9,DoS_attack
1697493933.791,51.608,1100.0,21.5,10.9,DoS_attack
1697493934.294,52.582,1800.0,44.6,10.4,DoS_attack
1697493934.805,53.069,1800.0,59.7,10.8,DoS_attack
1697493935.308,53.556,1800.0,25.8,10.8,DoS_attack
1697493935.811,51.608,1800.0,17.0,10.8,DoS_attack
1697493936.313,52.582,1800.0,23.8,10.8,DoS_attack
1697493936.816,52.095,1800.0,18.9,10.9,DoS_attack
1697493937.319,52.582,1800.0,23.8,10.9,DoS_attack
1697493937.821,52.095,1800.0,25.3,10.9,DoS_attack
1697493938.323,53.069,1800.0,26.0,10.9,DoS_attack
1697493938.826,52.095,1800.0,19.5,10.9,DoS_attack
1697493939.329,52.582,1800.0,28.9,10.9,DoS_attack
1697493939.831,51.121,1800.0,20.0,10.9,DoS_attack
1697493940.334,53.069,1800.0,38.2,10.3,DoS_attack
1697493940.841,53.556,1800.0,55.3,10.7,DoS_attack
1697493941.344,52.095,1800.0,34.0,10.8,DoS_attack
1697493941.846,53.069,1800.0,21.4,10.8,DoS_attack
1697493942.349,52.095,1800.0,22.9,10.9,DoS_attack
1697493942.851,53.556,1800.0,23.6,10.9,DoS_attack
1697493943.354,53.069,1800.0,26.2,10.9,DoS_attack
1697493943.857,53.556,1800.0,27.4,10.9,DoS_attack
1697493944.36,53.069,1800.0,24.0,10.9,DoS_attack
1697493944.862,53.069,1800.0,26.5,10.9,DoS_attack
1697493945.365,52.095,1800.0,18.0,10.9,DoS_attack
1697493945.867,51.608,1800.0,19.1,10.9,DoS_attack
1697493946.371,52.582,1800.0,23.9,9.9,DoS_attack
1697493946.874,52.582,1800.0,33.5,10.7,DoS_attack
1697493947.377,51.608,1800.0,24.2,10.9,DoS_attack
1697493947.879,53.069,1800.0,12.8,10.9,DoS_attack
1697493948.382,52.095,1800.0,24.0,10.9,DoS_attack
1697493948.885,53.069,1800.0,30.5,10.9,DoS_attack
1697493949.388,52.095,1200.0,28.1,10.9,DoS_attack
1697493949.891,53.069,1800.0,23.6,10.9,DoS_attack
1697493950.394,51.121,1800.0,27.6,10.9,DoS_attack
1697493950.897,51.608,1800.0,18.7,10.9,DoS_attack
1697493951.399,52.095,1800.0,23.7,10.9,DoS_attack
1697493951.902,51.608,1800.0,25.1,10.9,DoS_attack
1697493952.405,52.582,1800.0,21.3,10.9,DoS_attack
1697493952.907,52.095,1800.0,37.9,10.4,DoS_attack
1697493953.41,52.582,1800.0,51.0,10.8,DoS_attack
1697493953.913,53.069,1800.0,14.3,10.8,DoS_attack
1697493954.415,52.095,1800.0,21.4,10.8,DoS_attack
1697493954.918,52.582,1800.0,29.4,10.9,DoS_attack
1697493955.421,53.556,1800.0,24.6,10.9,DoS_attack
1697493955.923,53.069,1800.0,18.3,10.9,DoS_attack
1697493956.426,53.556,1800.0,26.4,10.9,DoS_attack
1697493956.929,52.095,1800.0,20.1,10.9,DoS_attack
1697493957.431,51.121,1800.0,23.2,10.9,DoS_attack
1697493957.934,52.582,1800.0,22.7,10.9,DoS_attack
1697493958.437,52.582,1800.0,24.8,10.9,DoS_attack
1697493958.94,52.095,1800.0,21.5,10.9,DoS_attack
1697493959.444,53.556,1800.0,39.2,10.6,DoS_attack
1697493959.946,52.582,1800.0,53.3,10.8,DoS_attack
1697493960.449,52.095,1800.0,18.4,10.9,DoS_attack
1697493960.952,52.582,1800.0,19.6,10.9,DoS_attack
1697493961.455,52.582,1800.0,25.1,10.9,DoS_attack
1697493961.957,51.608,1800.0,22.3,10.9,DoS_attack
1697493962.46,52.095,1800.0,24.0,10.9,DoS_attack
1697493962.964,52.582,1800.0,27.8,10.9,DoS_attack
1697493963.466,52.582,1800.0,24.5,10.9,DoS_attack
1697493963.969,52.582,1800.0,24.7,10.9,DoS_attack
1697493964.472,52.582,1800.0,26.7,10.9,DoS_attack
1697493964.975,52.095,1100.0,24.0,10.9,DoS_attack
1697493965.478,52.582,1800.0,42.6,10.2,DoS_attack
1697493965.983,53.069,1800.0,47.4,10.7,DoS_attack
1697493966.486,51.608,1800.0,35.7,10.9,DoS_attack
1697493966.988,51.608,1800.0,21.8,10.9,DoS_attack
1697493967.491,51.608,1800.0,23.5,10.9,DoS_attack
1697493967.994,52.095,1800.0,19.0,10.8,DoS_attack
1697493968.496,52.582,1800.0,28.3,10.9,DoS_attack
1697493968.999,51.608,1800.0,19.1,10.9,DoS_attack
1697493969.502,52.095,1800.0,22.7,10.9,DoS_attack
1697493970.005,52.095,1800.0,25.1,10.9,DoS_attack
1697493970.507,52.582,1800.0,27.6,10.9,DoS_attack
1697493971.01,52.582,1800.0,19.3,10.9,DoS_attack
1697493971.513,52.582,1800.0,24.0,10.8,DoS_attack
1697493972.017,53.069,1800.0,44.0,10.6,DoS_attack
1697493972.519,53.556,1800.0,48.0,10.9,DoS_attack
1697493973.022,54.043,1800.0,19.0,10.9,DoS_attack
1697493973.525,53.556,1800.0,22.8,10.9,DoS_attack
1697493974.027,52.582,1800.0,22.7,10.9,DoS_attack
1697493974.53,52.095,1800.0,17.4,10.9,DoS_attack
1697493975.033,52.582,1800.0,26.3,10.9,DoS_attack
1697493975.536,52.582,1000.0,21.2,10.9,DoS_attack
1697493976.039,52.095,1800.0,28.6,10.9,DoS_attack
1697493976.542,52.582,1800.0,24.6,10.9,DoS_attack
1697493977.045,53.069,1800.0,26.6,10.9,DoS_attack
1697493977.547,52.582,1800.0,19.6,10.9,DoS_attack
1697493978.051,53.556,1800.0,27.9,9.7,DoS_attack
1697493978.554,53.556,1800.0,44.5,10.7,DoS_attack
1697493979.059,52.582,1800.0,42.3,10.8,DoS_attack
1697493979.563,51.608,1800.0,21.2,10.8,DoS_attack
1697493980.066,52.095,1800.0,21.6,10.8,DoS_attack
1697493980.569,53.556,1800.0,19.4,10.8,DoS_attack
1697493981.072,52.095,1800.0,26.0,10.8,DoS_attack
1697493981.574,52.582,1800.0,25.0,10.8,DoS_attack
1697493982.077,52.095,1800.0,20.2,10.8,DoS_attack
1697493982.579,52.095,1800.0,27.0,10.9,DoS_attack
1697493983.082,53.556,1800.0,25.5,10.9,DoS_attack
1697493983.585,52.095,1800.0,21.5,10.9,DoS_attack
1697493984.088,51.608,1800.0,19.0,10.8,DoS_attack
1697493984.591,53.069,1800.0,43.1,10.4,DoS_attack
1697493985.094,54.043,1800.0,58.4,10.8,DoS_attack
1697493985.597,52.582,1800.0,21.3,10.8,DoS_attack
1697493986.1,53.069,1100.0,26.4,10.8,DoS_attack
1697493986.603,53.069,1800.0,22.4,10.9,DoS_attack
1697493987.106,52.582,1800.0,27.1,10.9,DoS_attack
1697493987.609,53.069,1800.0,17.4,10.9,DoS_attack
1697493988.112,52.095,1800.0,24.5,10.9,DoS_attack
1697493988.614,52.095,1800.0,24.1,10.9,DoS_attack
1697493989.117,52.095,1800.0,23.6,10.9,DoS_attack
1697493989.619,51.608,1800.0,20.4,10.9,DoS_attack
1697493990.122,52.095,1800.0,18.4,10.9,DoS_attack
1697493990.627,52.582,1800.0,25.6,10.8,DoS_attack
1697493991.13,53.556,1800.0,48.2,10.6,DoS_attack
1697493991.636,52.582,1800.0,55.6,10.8,DoS_attack
1697493992.139,52.582,1800.0,22.9,10.8,DoS_attack
1697493992.642,52.582,1800.0,19.4,10.8,DoS_attack
1697493993.145,53.069,1800.0,19.4,10.9,DoS_attack
1697493993.648,53.069,1800.0,24.1,10.9,DoS_attack
1697493994.151,54.043,1800.0,23.2,10.9,DoS_attack
1697493994.654,52.582,1800.0,20.4,10.9,DoS_attack
1697493995.157,52.582,1800.0,25.1,10.9,DoS_attack
1697493995.659,53.069,1800.0,23.1,10.9,DoS_attack
1697493996.162,53.069,1800.0,16.4,10.9,DoS_attack
1697493996.667,52.582,1000.0,27.4,10.9,DoS_attack
1697493997.17,53.069,1800.0,46.5,10.4,DoS_attack
1697493997.675,54.53,1800.0,54.5,10.8,DoS_attack
1697493998.179,54.043,1800.0,24.6,10.8,DoS_attack
1697493998.682,53.069,1800.0,21.6,10.8,DoS_attack
1697493999.186,53.069,1800.0,21.0,10.8,DoS_attack
1697493999.689,52.582,1800.0,20.0,10.8,DoS_attack
1697494000.191,53.069,1800.0,23.6,10.9,DoS_attack
1697494000.694,52.582,1800.0,14.9,10.9,DoS_attack
1697494001.197,52.095,1800.0,13.3,10.9,DoS_attack
1697494001.7,52.582,1800.0,19.8,10.9,DoS_attack
1697494002.203,51.608,1800.0,21.8,10.9,DoS_attack
1697494002.706,52.095,1800.0,21.6,10.9,DoS_attack
1697494003.208,52.582,1800.0,19.3,10.9,DoS_attack
1697494003.711,53.069,1800.0,44.0,10.5,DoS_attack
1697494004.214,52.582,1800.0,36.9,10.8,DoS_attack
1697494004.72,52.582,1800.0,25.1,10.8,DoS_attack
1697494005.222,52.095,1800.0,14.0,10.8,DoS_attack
1697494005.725,52.095,1800.0,17.2,10.9,DoS_attack
1697494006.228,51.608,1800.0,6.6,10.9,DoS_attack
1697494006.731,51.608,1800.0,14.4,10.9,DoS_attack
1697494007.233,52.582,1800.0,17.4,10.9,DoS_attack
1697494007.736,51.608,1800.0,18.2,10.9,DoS_attack
1697494008.239,51.608,1800.0,15.5,10.9,DoS_attack
1697494008.745,50.634,1800.0,20.0,10.9,DoS_attack
1697494009.248,52.095,1800.0,27.7,10.9,DoS_attack
1697494009.751,52.582,1800.0,45.6,10.5,DoS_attack
1697494010.255,54.53,1800.0,64.1,10.8,DoS_attack
1697494010.757,53.556,1800.0,22.6,10.8,DoS_attack
1697494011.26,52.095,1800.0,17.0,10.8,DoS_attack
1697494011.763,53.556,1800.0,21.6,10.9,DoS_attack
1697494012.265,52.582,1800.0,27.6,10.9,DoS_attack
1697494012.768,53.556,1800.0,21.5,10.9,DoS_attack
1697494013.271,52.582,1800.0,25.0,10.9,DoS_attack
1697494013.773,51.608,1800.0,26.0,10.9,DoS_attack
1697494014.276,52.095,1800.0,18.3,10.9,DoS_attack
1697494014.779,52.095,1800.0,20.8,10.9,DoS_attack
1697494015.281,51.608,1800.0,22.3,10.9,DoS_attack
1697494015.785,53.556,1800.0,20.6,10.8,DoS_attack
1697494016.289,52.582,1800.0,45.7,10.6,DoS_attack
1697494016.792,53.069,1800.0,50.3,10.9,DoS_attack
1697494017.296,51.608,1100.0,23.5,10.9,DoS_attack
1697494017.799,52.582,1800.0,20.1,10.9,DoS_attack
1697494018.302,53.069,1800.0,21.7,10.9,DoS_attack
1697494018.805,52.582,1800.0,23.4,10.9,DoS_attack
1697494019.308,52.095,1800.0,17.6,10.9,DoS_attack
1697494019.811,52.095,1800.0,19.9,10.9,DoS_attack
1697494020.314,52.095,1800.0,21.9,10.9,DoS_attack
1697494020.817,52.095,1800.0,20.4,10.9,DoS_attack
1697494021.32,52.095,1800.0,16.5,10.9,DoS_attack
1697494021.823,52.582,1800.0,41.2,10.9,DoS_attack
1697494022.327,53.556,1800.0,43.7,10.4,DoS_attack
1697494022.83,53.069,1800.0,58.5,10.8,DoS_attack
1697494023.332,52.582,1800.0,18.1,10.9,DoS_attack
1697494023.835,53.069,1800.0,22.2,10.8,DoS_attack
1697494024.338,52.582,1800.0,12.8,10.8,DoS_attack
1697494024.84,52.095,1800.0,15.1,10.8,DoS_attack
1697494025.343,53.069,1800.0,16.7,10.9,DoS_attack
1697494025.846,53.069,1800.0,18.4,10.9,DoS_attack
1697494026.349,52.095,1800.0,18.3,10.9,DoS_attack
1697494026.852,53.069,1800.0,21.8,10.9,DoS_attack
1697494027.354,52.582,1800.0,21.5,10.9,DoS_attack
1697494027.857,51.608,1800.0,23.1,10.9,DoS_attack
1697494028.36,52.582,1800.0,18.5,10.8,DoS_attack
1697494028.863,53.069,1800.0,44.4,10.6,DoS_attack
1697494029.365,53.069,1800.0,43.8,10.8,DoS_attack
1697494029.868,52.582,1800.0,18.6,10.8,DoS_attack
1697494030.371,53.556,1800.0,21.6,10.8,DoS_attack
1697494030.874,53.069,1800.0,21.4,10.8,DoS_attack
1697494031.377,52.095,1800.0,17.0,10.8,DoS_attack
1697494031.88,51.121,1800.0,14.9,10.8,DoS_attack
1697494032.382,53.556,1800.0,22.3,10.8,DoS_attack
1697494032.888,51.608,1100.0,17.7,10.8,DoS_attack
1697494033.391,53.069,1800.0,27.0,10.8,DoS_attack
1697494033.895,51.608,1800.0,20.0,10.9,DoS_attack
1697494034.397,52.095,1800.0,18.1,10.9,DoS_attack
1697494034.901,52.582,1800.0,48.8,10.5,DoS_attack
1697494035.403,52.582,1800.0,39.7,10.8,DoS_attack
1697494035.906,52.095,1800.0,11.3,10.8,DoS_attack
1697494036.408,52.582,1800.0,20.0,10.8,DoS_attack
1697494036.911,52.582,1800.0,20.2,10.8,DoS_attack
1697494037.415,51.608,1800.0,22.0,10.8,DoS_attack
1697494037.917,52.582,1800.0,20.8,10.8,DoS_attack
1697494038.42,52.095,1800.0,24.7,10.8,DoS_attack
1697494038.923,52.095,1800.0,15.8,10.9,DoS_attack
1697494039.425,52.582,1800.0,15.7,10.9,DoS_attack
1697494039.928,52.582,1800.0,17.2,10.9,DoS_attack
1697494040.431,53.069,1800.0,16.8,10.9,DoS_attack
1697494040.933,52.582,1800.0,26.7,10.2,DoS_attack
1697494041.437,53.069,1800.0,43.0,10.7,DoS_attack
1697494041.939,53.069,1800.0,31.1,10.8,DoS_attack
1697494042.442,53.556,1800.0,13.1,10.8,DoS_attack
1697494042.945,52.095,1800.0,20.7,10.8,DoS_attack
1697494043.447,53.069,1800.0,25.5,10.9,DoS_attack
1697494043.95,52.095,1800.0,18.9,10.9,DoS_attack
1697494044.453,52.095,1800.0,21.6,10.9,DoS_attack
1697494044.955,52.095,1800.0,21.3,10.9,DoS_attack
1697494045.458,52.095,1800.0,22.4,10.9,DoS_attack
1697494045.961,52.582,1800.0,19.1,10.9,DoS_attack
1697494046.463,53.069,1800.0,15.2,10.9,DoS_attack
1697494046.966,52.095,1800.0,25.8,10.8,DoS_attack
1697494047.469,53.069,1800.0,42.4,10.6,DoS_attack
1697494047.971,53.069,1800.0,48.0,10.8,DoS_attack
1697494048.474,52.095,1800.0,18.6,10.8,DoS_attack
1697494048.977,52.095,1800.0,19.2,10.9,DoS_attack
1697494049.479,52.582,1800.0,21.5,10.9,DoS_attack
1697494049.982,52.095,1800.0,19.2,10.9,DoS_attack
1697494050.485,51.608,1800.0,16.8,10.9,DoS_attack
1697494050.987,52.582,1800.0,20.1,10.9,DoS_attack
1697494051.49,51.608,1800.0,17.0,10.9,DoS_attack
1697494051.993,52.095,1800.0,18.7,10.9,DoS_attack
1697494052.496,53.069,1800.0,24.5,10.9,DoS_attack
1697494052.998,51.608,1800.0,22.3,10.9,DoS_attack
1697494053.503,53.556,900.0,35.3,10.2,DoS_attack
1697494054.007,53.069,1800.0,43.3,10.7,DoS_attack
1697494054.509,54.043,1800.0,26.0,10.8,DoS_attack
1697494055.012,52.582,1800.0,18.5,10.8,DoS_attack
1697494055.515,53.556,1800.0,21.2,10.8,DoS_attack
1697494056.018,52.582,1800.0,22.6,10.8,DoS_attack
1697494056.521,54.043,1800.0,22.2,10.8,DoS_attack
1697494057.023,53.556,1800.0,18.9,10.8,DoS_attack
1697494057.526,53.069,1800.0,15.3,10.8,DoS_attack
1697494058.03,52.582,1800.0,19.0,10.8,DoS_attack
1697494058.532,53.069,1800.0,21.0,10.9,DoS_attack
1697494059.036,52.582,1800.0,26.6,10.9,DoS_attack
1697494059.538,52.582,1800.0,22.0,10.9,DoS_attack
1697494060.042,53.556,1800.0,43.6,10.5,DoS_attack
1697494060.544,54.043,1800.0,54.1,10.8,DoS_attack
1697494061.047,53.069,1800.0,16.0,10.9,DoS_attack
1697494061.55,53.069,1800.0,22.2,10.9,DoS_attack
1697494062.052,53.069,1800.0,15.7,10.9,DoS_attack
1697494062.555,52.582,1800.0,18.1,10.9,DoS_attack
1697494063.058,51.608,1800.0,19.8,10.9,DoS_attack
1697494063.561,52.095,1800.0,20.1,10.9,DoS_attack
1697494064.064,52.095,1800.0,26.4,10.9,DoS_attack
1697494064.567,53.069,1800.0,20.4,10.9,DoS_attack
1697494065.069,52.095,1800.0,13.2,10.9,DoS_attack
1697494065.572,51.608,1800.0,14.6,10.9,DoS_attack
1697494066.076,51.608,1800.0,14.9,10.3,DoS_attack
1697494066.578,52.582,1800.0,36.3,10.7,DoS_attack
1697494067.081,52.095,1800.0,27.6,10.7,DoS_attack
1697494067.583,52.582,1800.0,10.3,10.8,DoS_attack
1697494068.086,51.608,1800.0,16.0,10.8,DoS_attack
1697494068.589,51.608,1800.0,21.1,10.8,DoS_attack
1697494069.091,53.069,1800.0,28.2,10.8,DoS_attack
1697494069.594,52.095,1800.0,23.9,10.8,DoS_attack
1697494070.097,52.582,1800.0,20.0,10.8,DoS_attack
1697494070.599,51.608,1800.0,21.7,10.9,DoS_attack
1697494071.102,51.608,1800.0,20.8,10.9,DoS_attack
1697494071.604,52.095,1800.0,16.5,10.9,DoS_attack
1697494072.107,52.095,1800.0,19.6,10.8,DoS_attack
1697494072.611,54.043,1800.0,44.2,10.6,DoS_attack
1697494073.114,53.069,1800.0,46.9,10.8,DoS_attack
1697494073.616,51.608,1800.0,19.1,10.8,DoS_attack
1697494074.121,52.582,1000.0,26.6,10.8,DoS_attack
1697494074.626,53.069,1800.0,22.3,10.9,DoS_attack
1697494075.135,52.095,1800.0,22.9,10.9,DoS_attack
1697494075.638,52.582,1800.0,15.3,10.9,DoS_attack
1697494076.141,53.069,1800.0,22.8,10.9,DoS_attack
1697494076.644,52.095,1800.0,19.0,10.9,DoS_attack
1697494077.147,52.582,1800.0,22.7,10.9,DoS_attack
1697494077.65,53.069,1800.0,21.7,10.8,DoS_attack
1697494078.154,53.069,1800.0,22.5,10.8,DoS_attack
1697494078.657,53.069,1800.0,43.7,10.5,DoS_attack
1697494079.161,53.556,1000.0,41.2,10.8,DoS_attack
1697494079.665,52.582,1100.0,23.9,10.8,DoS_attack
1697494080.167,51.608,1800.0,28.0,10.8,DoS_attack
1697494080.671,52.582,1800.0,21.1,10.8,DoS_attack
1697494081.174,52.095,1800.0,22.2,10.8,DoS_attack
1697494081.677,52.582,1800.0,20.0,10.8,DoS_attack
1697494082.18,51.608,1800.0,19.9,10.8,DoS_attack
1697494082.683,52.582,1800.0,18.3,10.8,DoS_attack
1697494083.186,51.608,1800.0,17.5,10.9,DoS_attack
1697494083.689,52.095,1800.0,22.2,10.9,DoS_attack
1697494084.191,52.095,1800.0,17.5,10.9,DoS_attack
1697494084.695,54.043,1800.0,47.2,10.6,DoS_attack
1697494085.199,53.069,1000.0,51.0,10.8,DoS_attack
1697494085.703,52.095,1000.0,23.6,10.8,DoS_attack
1697494086.206,53.069,1800.0,20.6,10.8,DoS_attack
1697494086.708,52.095,1800.0,16.2,10.8,DoS_attack
1697494087.211,53.556,1800.0,25.4,10.9,DoS_attack
1697494087.714,52.095,1800.0,18.6,10.9,DoS_attack
1697494088.217,52.095,1800.0,19.6,10.9,DoS_attack
1697494088.72,52.095,1800.0,23.9,10.9,DoS_attack
1697494089.223,52.095,1800.0,21.4,10.9,DoS_attack
1697494089.726,51.121,1800.0,20.1,10.9,DoS_attack
1697494090.228,51.608,1800.0,14.9,10.9,DoS_attack
1697494090.731,52.582,1800.0,26.5,9.7,DoS_attack
1697494091.234,52.582,1800.0,45.5,10.6,DoS_attack
1697494091.737,52.582,1800.0,42.8,10.8,DoS_attack
1697494092.239,52.582,1800.0,16.2,10.8,DoS_attack
1697494092.742,52.582,1800.0,21.0,10.8,DoS_attack
1697494093.245,53.069,1800.0,21.1,10.8,DoS_attack
1697494093.747,52.582,1800.0,21.5,10.8,DoS_attack
1697494094.25,53.069,1800.0,15.3,10.8,DoS_attack
1697494094.752,52.095,1800.0,24.9,10.9,DoS_attack
1697494095.255,52.582,1800.0,16.0,10.9,DoS_attack
1697494095.758,53.069,1800.0,17.7,10.9,DoS_attack
1697494096.261,52.582,1100.0,22.7,10.9,DoS_attack
1697494096.764,52.582,1800.0,27.9,10.9,DoS_attack
1697494097.267,52.095,1800.0,35.0,10.3,DoS_attack
1697494097.77,53.556,1800.0,52.0,10.7,DoS_attack
1697494098.277,51.608,1800.0,15.2,10.8,DoS_attack
1697494098.78,52.582,1800.0,18.9,10.8,DoS_attack
1697494099.282,52.582,1800.0,18.7,10.8,DoS_attack
1697494099.785,52.582,1800.0,21.4,10.8,DoS_attack
1697494100.287,53.069,1800.0,20.0,10.8,DoS_attack
1697494100.79,52.095,1800.0,22.1,10.9,DoS_attack
1697494101.293,51.608,1800.0,18.9,10.9,DoS_attack
1697494101.797,52.095,1100.0,18.4,10.9,DoS_attack
1697494102.3,53.069,1800.0,23.4,10.9,DoS_attack
1697494102.803,52.582,1800.0,21.8,10.9,DoS_attack
1697494103.306,53.069,1800.0,22.0,10.9,DoS_attack
1697494103.809,53.069,1800.0,47.2,10.5,DoS_attack
1697494104.312,52.582,1800.0,49.5,10.8,DoS_attack
1697494104.814,53.069,1800.0,17.8,10.8,DoS_attack
1697494105.317,53.556,1800.0,15.8,10.8,DoS_attack
1697494105.82,53.556,1800.0,21.9,10.8,DoS_attack
1697494106.322,52.582,1800.0,21.1,10.8,DoS_attack
1697494106.825,53.069,1800.0,17.9,10.8,DoS_attack
1697494107.327,52.582,1800.0,26.5,10.9,DoS_attack
1697494107.83,53.069,1800.0,20.0,10.9,DoS_attack
1697494108.333,51.608,1800.0,21.7,10.9,DoS_attack
1697494108.835,52.095,1800.0,20.9,10.9,DoS_attack
1697494109.338,53.069,1800.0,16.2,10.9,DoS_attack
1697494109.841,52.582,1800.0,25.7,10.8,DoS_attack
1697494110.344,53.069,1800.0,44.8,10.6,DoS_attack
1697494110.847,52.095,1800.0,44.8,10.8,DoS_attack
1697494111.351,52.582,1800.0,17.0,10.8,DoS_attack
1697494111.854,52.095,1800.0,20.4,10.8,DoS_attack
1697494112.358,52.582,1200.0,25.5,10.8,DoS_attack
1697494112.861,52.095,1800.0,18.2,10.8,DoS_attack
1697494113.368,53.069,1800.0,16.4,10.8,DoS_attack
1697494113.871,53.069,1800.0,22.0,10.8,DoS_attack
1697494114.374,52.095,1800.0,17.7,10.8,DoS_attack
1697494114.877,51.608,1800.0,19.4,10.8,DoS_attack
1697494115.379,52.095,1800.0,19.7,10.9,DoS_attack
1697494115.882,52.582,1800.0,19.9,10.8,DoS_attack
1697494116.386,53.556,1800.0,37.9,10.5,DoS_attack
1697494116.889,52.582,1800.0,44.6,10.8,DoS_attack
1697494117.393,52.095,1000.0,11.2,10.8,DoS_attack
1697494117.896,51.608,1800.0,41.5,10.8,DoS_attack
1697494118.399,53.069,1800.0,27.3,10.8,DoS_attack
1697494118.902,52.095,1800.0,18.3,10.8,DoS_attack
1697494119.404,52.582,1800.0,16.1,10.9,DoS_attack
1697494119.907,53.069,1800.0,19.1,10.9,DoS_attack
1697494120.409,52.095,1800.0,18.7,10.9,DoS_attack
1697494120.912,52.582,1800.0,8.0,10.9,DoS_attack
1697494121.415,52.095,1800.0,9.0,10.9,DoS_attack
1697494121.917,52.582,1800.0,18.6,10.9,DoS_attack
1697494122.42,53.069,1800.0,20.5,9.7,DoS_attack
1697494122.923,52.095,1800.0,49.0,10.6,DoS_attack
1697494123.426,53.069,1800.0,44.3,10.8,DoS_attack
1697494123.929,52.095,1800.0,12.5,10.8,DoS_attack
1697494124.431,53.069,1800.0,18.8,10.8,DoS_attack
1697494124.934,53.556,1800.0,14.3,10.8,DoS_attack
1697494125.436,52.582,1800.0,7.0,10.8,DoS_attack
1697494125.939,52.582,1800.0,11.5,10.8,DoS_attack
1697494126.442,52.582,1800.0,17.0,10.9,DoS_attack
1697494126.944,52.095,1800.0,17.8,10.9,DoS_attack
1697494127.447,51.608,1800.0,14.1,10.9,DoS_attack
1697494127.95,51.608,1000.0,13.6,10.9,DoS_attack
1697494128.453,52.582,1800.0,17.5,10.9,DoS_attack
1697494128.956,52.582,1800.0,32.7,10.4,DoS_attack
1697494129.459,52.582,1800.0,46.4,10.8,DoS_attack
1697494129.962,52.095,1800.0,15.2,10.9,DoS_attack
1697494130.464,52.095,1800.0,16.2,10.9,DoS_attack
1697494130.967,52.582,1800.0,17.9,10.9,DoS_attack
1697494131.47,52.095,1800.0,17.9,10.9,DoS_attack
1697494131.972,52.095,1800.0,16.5,10.9,DoS_attack
1697494132.475,52.095,1800.0,17.3,10.9,DoS_attack
1697494132.978,52.582,1800.0,18.0,10.9,DoS_attack
1697494133.48,52.582,1800.0,20.4,10.9,DoS_attack
1697494133.983,52.095,1800.0,17.3,10.9,DoS_attack
1697494134.485,52.095,1800.0,16.6,10.9,DoS_attack
1697494134.988,53.069,1800.0,31.6,10.4,DoS_attack
1697494135.496,53.069,1800.0,50.7,10.8,DoS_attack
1697494135.999,52.582,1800.0,25.0,10.8,DoS_attack
1697494136.501,52.095,1800.0,16.5,10.8,DoS_attack
1697494137.004,53.069,1800.0,16.6,10.8,DoS_attack
1697494137.506,52.582,1800.0,14.7,10.9,DoS_attack
1697494138.009,52.582,1800.0,12.0,10.9,DoS_attack
1697494138.511,51.608,1800.0,23.2,10.9,DoS_attack
1697494139.014,53.069,1800.0,17.6,10.9,DoS_attack
1697494139.516,52.582,1800.0,16.9,10.9,DoS_attack
1697494140.019,52.582,1800.0,17.1,10.9,DoS_attack
1697494140.522,51.608,1800.0,12.8,10.9,DoS_attack
1697494141.024,53.556,1800.0,25.6,10.3,DoS_attack
1697494141.528,53.069,1800.0,46.0,10.8,DoS_attack
1697494142.033,51.608,1800.0,19.0,10.8,DoS_attack
1697494142.536,52.095,1800.0,12.9,10.9,DoS_attack
1697494143.038,52.582,1800.0,14.1,10.8,DoS_attack
1697494143.541,51.608,1800.0,19.6,10.9,DoS_attack
1697494144.044,52.095,1800.0,24.5,10.9,DoS_attack
1697494144.547,52.582,1800.0,17.1,10.8,DoS_attack
1697494145.049,53.069,1800.0,18.8,10.9,DoS_attack
1697494145.555,51.608,1800.0,17.3,10.9,DoS_attack
1697494146.059,52.582,1800.0,17.1,10.9,DoS_attack
1697494146.562,52.582,1800.0,18.7,10.9,DoS_attack
1697494147.065,51.608,1800.0,16.5,10.8,DoS_attack
1697494147.569,53.556,1800.0,36.0,10.5,DoS_attack
1697494148.071,52.582,1800.0,41.9,10.8,DoS_attack
1697494148.575,52.095,900.0,18.4,10.8,DoS_attack
1697494149.08,51.608,1800.0,26.4,10.8,DoS_attack
1697494149.583,52.095,1800.0,18.0,10.8,DoS_attack
1697494150.086,53.069,1800.0,18.1,10.8,DoS_attack
1697494150.589,51.608,1800.0,18.7,10.9,DoS_attack
1697494151.092,52.582,1800.0,19.1,10.9,DoS_attack
1697494151.594,51.608,1800.0,14.9,10.9,DoS_attack
1697494152.097,51.121,1800.0,15.4,10.9,DoS_attack
1697494152.6,51.608,1800.0,20.5,10.9,DoS_attack
1697494153.103,52.582,1800.0,14.9,10.9,DoS_attack
1697494153.606,51.608,1800.0,43.5,10.5,DoS_attack
1697494154.11,52.095,900.0,45.8,10.8,DoS_attack
1697494154.613,53.069,1800.0,18.4,10.8,DoS_attack
1697494155.115,52.095,1800.0,16.9,10.8,DoS_attack
1697494155.618,52.582,1800.0,16.9,10.8,DoS_attack
1697494156.121,52.095,1800.0,11.9,10.8,DoS_attack
1697494156.624,52.582,1800.0,18.4,10.8,DoS_attack
1697494157.127,51.608,1800.0,18.3,10.8,DoS_attack
1697494157.63,52.582,1800.0,16.6,10.8,DoS_attack
1697494158.133,52.582,1800.0,18.5,10.8,DoS_attack
1697494158.636,52.095,1800.0,17.4,10.8,DoS_attack
1697494159.139,52.582,1800.0,18.5,10.8,DoS_attack
1697494159.647,53.069,1800.0,46.7,10.5,DoS_attack
1697494160.152,53.069,1800.0,48.0,10.8,DoS_attack
1697494160.655,52.582,1800.0,11.2,10.8,DoS_attack
1697494161.157,52.582,1800.0,19.8,10.8,DoS_attack
1697494161.66,52.095,1800.0,18.4,10.8,DoS_attack
1697494162.163,52.582,1800.0,13.5,10.8,DoS_attack
1697494162.665,52.582,1800.0,17.9,10.8,DoS_attack
1697494163.168,52.582,1800.0,18.7,10.9,DoS_attack
1697494163.671,52.095,1800.0,19.9,10.8,DoS_attack
1697494164.174,52.095,1800.0,19.4,10.8,DoS_attack
1697494164.676,52.582,1800.0,20.2,10.8,DoS_attack
1697494165.179,52.582,1800.0,16.9,10.9,DoS_attack
1697494165.682,52.095,1800.0,18.5,10.3,DoS_attack
1697494166.185,54.043,1800.0,44.4,10.6,DoS_attack
1697494166.688,53.069,1800.0,43.7,10.8,DoS_attack
1697494167.191,52.582,1800.0,16.8,10.8,DoS_attack
1697494167.694,52.095,1800.0,17.9,10.8,DoS_attack
1697494168.196,51.608,1800.0,18.2,10.8,DoS_attack
1697494168.699,53.069,1800.0,16.9,10.8,DoS_attack
1697494169.202,52.095,1800.0,14.3,10.8,DoS_attack
1697494169.705,51.608,1100.0,14.2,10.8,DoS_attack
1697494170.209,51.608,1800.0,21.1,10.8,DoS_attack
1697494170.711,52.582,1800.0,16.3,10.8,DoS_attack
1697494171.214,51.608,1800.0,19.4,10.8,DoS_attack
1697494171.717,52.095,1800.0,18.8,10.8,DoS_attack
1697494172.22,53.069,1800.0,45.1,10.5,DoS_attack
1697494172.723,52.582,1800.0,49.0,10.8,DoS_attack
1697494173.226,52.582,1800.0,15.0,10.8,DoS_attack
1697494173.729,53.556,1800.0,15.8,10.8,DoS_attack
1697494174.232,52.582,1800.0,11.7,10.8,DoS_attack
1697494174.735,52.095,1800.0,21.2,10.8,DoS_attack
1697494175.238,53.069,1800.0,22.1,10.8,DoS_attack
1697494175.74,52.582,1800.0,19.0,10.8,DoS_attack
1697494176.243,52.095,1800.0,19.5,10.8,DoS_attack
1697494176.746,52.095,1800.0,19.7,10.8,DoS_attack
1697494177.248,53.069,1800.0,16.9,10.8,DoS_attack
1697494177.751,52.095,1800.0,14.1,10.8,DoS_attack
1697494178.254,52.095,1800.0,33.7,10.5,DoS_attack
1697494178.757,52.095,1800.0,48.5,10.8,DoS_attack
1697494179.259,52.095,1800.0,17.0,10.8,DoS_attack
1697494179.762,53.069,1800.0,17.1,10.8,DoS_attack
1697494180.265,51.608,1800.0,22.8,10.8,DoS_attack
1697494180.767,52.095,1800.0,17.5,10.8,DoS_attack
1697494181.27,51.608,1800.0,19.0,10.8,DoS_attack
1697494181.773,52.095,1800.0,17.0,10.8,DoS_attack
1697494182.275,51.608,1800.0,19.6,10.8,DoS_attack
1697494182.778,52.582,1800.0,20.3,10.8,DoS_attack
1697494183.28,52.582,1800.0,17.8,10.8,DoS_attack
1697494183.783,52.582,1800.0,16.7,10.8,DoS_attack
1697494184.289,51.608,1800.0,25.9,9.6,DoS_attack
1697494184.792,52.582,1800.0,44.3,10.6,DoS_attack
1697494185.296,51.608,1100.0,35.9,10.8,DoS_attack
1697494185.8,52.095,1000.0,17.9,10.8,DoS_attack
1697494186.303,52.095,1800.0,19.8,10.8,DoS_attack
1697494186.805,52.095,1800.0,6.5,10.8,DoS_attack
1697494187.308,52.095,1800.0,10.6,10.8,DoS_attack
1697494187.81,50.634,1800.0,13.4,10.8,DoS_attack
1697494188.313,50.634,1800.0,17.2,10.9,DoS_attack
1697494188.815,52.095,1800.0,21.5,10.9,DoS_attack
1697494189.319,52.582,1800.0,19.1,10.9,DoS_attack
1697494189.821,51.121,1800.0,15.6,10.8,DoS_attack
1697494190.325,52.095,1800.0,26.0,9.9,DoS_attack
1697494190.829,53.069,1800.0,44.7,10.6,DoS_attack
1697494191.332,51.608,1800.0,29.9,10.8,DoS_attack
1697494191.835,52.582,1800.0,16.1,10.8,DoS_attack
1697494192.338,51.608,1800.0,15.4,10.8,DoS_attack
1697494192.841,51.608,1800.0,18.8,10.8,DoS_attack
1697494193.344,51.608,1800.0,20.7,10.8,DoS_attack
1697494193.846,51.608,1800.0,19.4,10.8,DoS_attack
1697494194.349,52.095,1800.0,17.6,10.8,DoS_attack
1697494194.851,52.095,1800.0,20.3,10.9,DoS_attack
1697494195.354,52.095,1800.0,14.1,10.9,DoS_attack
1697494195.857,52.582,1800.0,19.2,10.9,DoS_attack
1697494196.359,51.608,1800.0,26.8,9.7,DoS_attack
1697494196.863,53.556,1800.0,44.2,10.6,DoS_attack
1697494197.365,52.582,1800.0,39.4,10.8,DoS_attack
1697494197.868,52.095,1800.0,18.5,10.8,DoS_attack
1697494198.371,52.582,1800.0,20.4,10.8,DoS_attack
1697494198.873,53.069,1800.0,21.7,10.8,DoS_attack
1697494199.376,52.582,1800.0,15.2,10.8,DoS_attack
1697494199.879,52.095,1800.0,16.4,10.8,DoS_attack
1697494200.381,51.608,1800.0,18.1,10.8,DoS_attack
1697494200.884,52.095,1800.0,15.6,10.8,DoS_attack
1697494201.388,50.634,1100.0,23.5,10.8,DoS_attack
1697494201.89,52.095,1800.0,22.8,10.8,DoS_attack
1697494202.393,52.582,1800.0,22.4,9.7,DoS_attack
1697494202.896,52.095,1800.0,47.0,10.6,DoS_attack
1697494203.398,52.095,1800.0,43.0,10.8,DoS_attack
1697494203.901,53.556,1800.0,15.1,10.8,DoS_attack
1697494204.403,52.582,1800.0,17.3,10.8,DoS_attack
1697494204.906,52.095,1800.0,16.6,10.8,DoS_attack
1697494205.409,52.095,1800.0,17.4,10.8,DoS_attack
1697494205.911,52.582,1800.0,20.4,10.9,DoS_attack
1697494206.414,52.095,1800.0,16.2,10.8,DoS_attack
1697494206.916,51.608,1800.0,18.9,10.8,DoS_attack
1697494207.419,51.608,1800.0,19.5,10.8,DoS_attack
1697494207.922,53.069,1800.0,16.0,10.8,DoS_attack
1697494208.424,51.608,1800.0,14.1,10.8,DoS_attack
1697494208.929,52.582,1800.0,38.3,10.6,DoS_attack
1697494209.432,52.582,1800.0,39.8,10.8,DoS_attack
1697494209.935,52.582,1800.0,16.8,10.8,DoS_attack
1697494210.438,53.069,1800.0,16.3,10.8,DoS_attack
1697494210.942,51.608,1800.0,18.7,10.8,DoS_attack
1697494211.446,52.582,1800.0,18.6,10.8,DoS_attack
1697494211.952,52.582,900.0,19.0,10.8,DoS_attack
1697494212.455,51.608,1800.0,18.8,10.8,DoS_attack
1697494212.958,53.069,1800.0,15.7,10.8,DoS_attack
1697494213.461,51.608,1800.0,14.6,10.8,DoS_attack
1697494213.963,52.095,1800.0,29.1,10.9,DoS_attack
1697494214.466,52.095,1800.0,22.7,10.9,DoS_attack
1697494214.969,52.095,1800.0,44.2,10.7,DoS_attack
1697494215.471,52.582,1800.0,42.3,10.8,DoS_attack
1697494215.974,52.095,1800.0,12.4,10.9,DoS_attack
1697494216.477,52.582,1800.0,14.4,10.9,DoS_attack
1697494216.979,52.095,1800.0,18.6,10.9,DoS_attack
1697494217.482,51.608,1800.0,10.6,10.9,DoS_attack
1697494217.985,52.582,1800.0,7.0,10.9,DoS_attack
1697494218.487,52.095,1800.0,15.6,10.9,DoS_attack
1697494218.99,51.121,1800.0,16.5,10.9,DoS_attack
1697494219.493,51.121,1800.0,21.3,10.9,DoS_attack
1697494219.995,52.095,1800.0,15.2,10.9,DoS_attack
1697494220.498,51.608,1800.0,16.2,10.9,DoS_attack
1697494221.001,52.582,1800.0,25.5,10.2,DoS_attack
1697494221.504,52.582,1800.0,50.5,10.8,DoS_attack
1697494222.006,52.095,1800.0,25.0,10.8,DoS_attack
1697494222.509,52.582,1800.0,15.7,10.8,DoS_attack
1697494223.011,52.095,1800.0,13.8,10.8,DoS_attack
1697494223.514,53.069,1800.0,16.7,10.8,DoS_attack
1697494224.017,51.121,1800.0,14.4,10.8,DoS_attack
1697494224.519,52.095,1800.0,15.3,10.8,DoS_attack
1697494225.022,51.608,1800.0,15.9,10.9,DoS_attack
1697494225.525,51.121,1800.0,15.5,10.9,DoS_attack
1697494226.027,52.095,1800.0,16.2,10.9,DoS_attack
1697494226.53,52.095,1800.0,14.2,10.9,DoS_attack
1697494227.033,51.608,1800.0,23.4,10.3,DoS_attack
1697494227.541,52.582,1800.0,42.3,10.8,DoS_attack
1697494228.045,52.582,1800.0,27.5,10.8,DoS_attack
1697494228.547,51.608,1800.0,18.5,10.8,DoS_attack
1697494229.05,52.095,1800.0,16.2,10.8,DoS_attack
1697494229.553,51.608,1800.0,16.0,10.8,DoS_attack
1697494230.055,52.095,1800.0,14.9,10.8,DoS_attack
1697494230.558,51.121,1800.0,16.9,10.8,DoS_attack
1697494231.06,51.608,1800.0,14.3,10.8,DoS_attack
1697494231.563,51.608,1800.0,15.4,10.8,DoS_attack
1697494232.066,52.582,1800.0,14.6,10.8,DoS_attack
1697494232.57,51.121,1800.0,20.5,10.9,DoS_attack
1697494233.072,51.608,1800.0,25.0,10.3,DoS_attack
1697494233.576,53.556,1800.0,51.0,10.8,DoS_attack
1697494234.079,51.608,1800.0,25.8,10.9,DoS_attack
1697494234.582,52.095,1800.0,14.7,10.9,DoS_attack
1697494235.085,51.121,1800.0,16.0,10.9,DoS_attack
1697494235.588,51.608,1800.0,16.8,10.9,DoS_attack
1697494236.09,52.582,1800.0,15.3,10.9,DoS_attack
1697494236.593,51.608,1800.0,14.9,10.9,DoS_attack
1697494237.096,52.095,1800.0,11.8,10.9,DoS_attack
1697494237.6,52.095,900.0,16.4,10.9,DoS_attack
1697494238.102,50.634,1800.0,18.2,10.9,DoS_attack
1697494238.605,51.608,1800.0,17.0,10.9,DoS_attack
1697494239.108,53.069,1800.0,25.8,10.1,DoS_attack
1697494239.612,52.582,1800.0,44.4,10.7,DoS_attack
1697494240.115,53.069,1800.0,34.0,10.8,DoS_attack
1697494240.618,52.582,1800.0,14.7,10.8,DoS_attack
1697494241.121,52.095,1800.0,15.7,10.8,DoS_attack
1697494241.625,52.095,1800.0,14.9,10.8,DoS_attack
1697494242.128,51.608,1800.0,15.7,10.9,DoS_attack
1697494242.631,51.608,1800.0,17.9,10.8,DoS_attack
1697494243.134,51.608,1800.0,19.3,10.9,DoS_attack
1697494243.638,52.095,1800.0,20.7,10.8,DoS_attack
1697494244.141,52.582,1800.0,17.2,10.8,DoS_attack
1697494244.644,52.582,1800.0,17.3,10.9,DoS_attack
1697494245.149,53.069,1800.0,20.2,10.2,DoS_attack
1697494245.652,52.582,1800.0,38.3,10.7,DoS_attack
1697494246.16,52.095,1800.0,25.7,10.8,DoS_attack
1697494246.664,51.608,1800.0,7.0,10.8,DoS_attack
1697494247.168,51.608,1800.0,5.6,10.9,DoS_attack
1697494247.671,51.608,1800.0,9.1,10.9,DoS_attack
1697494248.175,51.121,900.0,16.1,10.9,DoS_attack
1697494248.678,51.608,1800.0,17.8,10.9,DoS_attack
1697494249.181,52.582,1800.0,13.0,10.9,DoS_attack
1697494249.683,50.634,1800.0,19.4,10.9,DoS_attack
1697494250.187,51.608,1800.0,16.8,10.9,DoS_attack
1697494250.689,50.634,1800.0,14.4,10.9,DoS_attack
1697494251.192,52.095,1800.0,14.3,10.9,DoS_attack
1697494251.695,53.069,1800.0,32.5,10.5,DoS_attack
1697494252.199,53.069,1800.0,46.0,10.9,DoS_attack
1697494252.701,52.582,1800.0,15.3,10.9,DoS_attack
1697494253.206,52.582,1350.0,16.2,10.9,DoS_attack
1697494253.711,51.121,900.0,23.2,10.9,DoS_attack
1697494254.214,52.095,1200.0,21.4,10.9,DoS_attack
1697494254.717,51.121,1800.0,19.2,10.9,DoS_attack
1697494255.219,51.121,1800.0,17.9,10.8,DoS_attack
1697494255.722,51.121,1800.0,17.0,10.8,DoS_attack
1697494256.225,51.121,1800.0,14.7,10.9,DoS_attack
1697494256.727,52.095,1800.0,13.5,10.8,DoS_attack
1697494257.23,51.121,1800.0,19.2,10.8,DoS_attack
1697494257.733,51.608,1800.0,39.4,10.5,DoS_attack
1697494258.235,51.608,1800.0,47.7,10.8,DoS_attack
1697494258.738,52.582,1800.0,16.2,10.8,DoS_attack
1697494259.241,52.582,1800.0,14.7,10.8,DoS_attack
1697494259.745,51.121,1100.0,21.2,10.8,DoS_attack
1697494260.247,50.634,1800.0,16.8,10.8,DoS_attack
1697494260.75,51.608,1800.0,25.8,10.8,DoS_attack
1697494261.253,52.095,1800.0,16.7,10.8,DoS_attack
1697494261.756,51.608,1800.0,11.7,10.8,DoS_attack
1697494262.258,52.582,1800.0,17.5,10.8,DoS_attack
1697494262.761,51.608,1800.0,18.4,10.8,DoS_attack
1697494263.263,51.121,1800.0,14.4,10.8,DoS_attack
1697494263.766,52.095,1800.0,41.5,10.5,DoS_attack
1697494264.269,52.095,1800.0,45.6,10.8,DoS_attack
1697494264.771,52.095,1800.0,15.6,10.8,DoS_attack
1697494265.274,52.095,1800.0,19.9,10.8,DoS_attack
1697494265.777,51.121,1800.0,15.3,10.8,DoS_attack
1697494266.28,52.095,1800.0,10.3,10.8,DoS_attack
1697494266.782,51.121,1800.0,12.9,10.8,DoS_attack
1697494267.285,52.095,1800.0,19.1,10.8,DoS_attack
1697494267.788,51.608,1800.0,18.5,10.9,DoS_attack
1697494268.291,52.095,1800.0,17.4,10.9,DoS_attack
1697494268.793,51.608,1800.0,17.8,10.9,DoS_attack
1697494269.295,51.121,1800.0,16.4,10.9,DoS_attack
1697494269.799,52.095,1800.0,35.8,10.4,DoS_attack
1697494270.303,53.556,900.0,55.2,10.8,DoS_attack
1697494270.806,52.582,1800.0,15.5,10.8,DoS_attack
1697494271.309,52.095,1800.0,13.8,10.8,DoS_attack
1697494271.812,52.582,1800.0,17.9,10.8,DoS_attack
1697494272.314,51.608,1800.0,13.3,10.8,DoS_attack
1697494272.817,52.095,1800.0,18.2,10.8,DoS_attack
1697494273.319,52.582,1800.0,14.1,10.8,DoS_attack
1697494273.822,51.608,1800.0,14.9,10.9,DoS_attack
1697494274.325,51.608,1800.0,15.7,10.9,DoS_attack
1697494274.827,52.582,1800.0,14.9,10.9,DoS_attack
1697494275.331,52.095,900.0,13.5,10.9,DoS_attack
1697494275.835,52.095,1800.0,28.4,10.7,DoS_attack
1697494276.338,53.556,1800.0,36.4,10.6,DoS_attack
1697494276.841,52.582,1800.0,32.5,10.8,DoS_attack
1697494277.343,52.582,1800.0,12.9,10.8,DoS_attack
1697494277.846,51.121,1800.0,15.8,10.8,DoS_attack
1697494278.349,51.121,1800.0,18.1,10.8,DoS_attack
1697494278.851,51.608,1800.0,17.4,10.8,DoS_attack
1697494279.354,51.608,1800.0,15.6,10.8,DoS_attack
1697494279.857,51.608,1800.0,14.6,10.8,DoS_attack
1697494280.36,52.095,1800.0,14.7,10.8,DoS_attack
1697494280.866,51.121,1000.0,14.7,10.8,DoS_attack
1697494281.37,51.608,1000.0,19.1,10.8,DoS_attack
1697494281.875,51.608,1000.0,17.1,10.8,DoS_attack
1697494282.378,53.069,1800.0,36.9,10.5,DoS_attack
1697494282.881,52.095,1800.0,43.7,10.8,DoS_attack
1697494283.383,51.121,1800.0,17.1,10.8,DoS_attack
1697494283.886,51.608,1800.0,15.8,10.8,DoS_attack
1697494284.39,51.608,1800.0,14.9,10.8,DoS_attack
1697494284.892,50.634,1800.0,16.7,10.8,DoS_attack
1697494285.395,51.121,1800.0,14.8,10.8,DoS_attack
1697494285.898,52.095,1800.0,17.2,10.8,DoS_attack
1697494286.401,51.608,1800.0,16.0,10.8,DoS_attack
1697494286.905,50.634,1800.0,11.3,10.8,DoS_attack
1697494287.407,51.121,1800.0,18.8,10.8,DoS_attack
1697494287.91,51.608,1800.0,13.3,10.8,DoS_attack
1697494288.413,53.069,1800.0,40.2,10.5,DoS_attack
1697494288.916,52.095,1800.0,47.0,10.7,DoS_attack
1697494289.418,50.634,1800.0,14.3,10.7,DoS_attack
1697494289.921,52.582,1800.0,15.2,10.7,DoS_attack
1697494290.424,52.095,1800.0,15.7,10.7,DoS_attack
1697494290.926,51.608,1800.0,17.8,10.8,DoS_attack
1697494291.429,52.095,1800.0,14.7,10.8,DoS_attack
1697494291.932,52.582,1800.0,14.6,10.8,DoS_attack
1697494292.434,51.608,1800.0,18.7,10.8,DoS_attack
1697494292.937,51.608,1800.0,15.2,10.8,DoS_attack
1697494293.439,51.608,1800.0,19.8,10.8,DoS_attack
1697494293.942,52.095,1800.0,16.4,10.8,DoS_attack
1697494294.445,52.095,1800.0,26.9,10.1,DoS_attack
1697494294.949,51.608,1800.0,45.7,10.7,DoS_attack
1697494295.451,52.095,1800.0,30.8,10.8,DoS_attack
1697494295.955,50.634,1800.0,16.2,10.8,DoS_attack
1697494296.457,52.095,1800.0,16.7,10.8,DoS_attack
1697494296.96,52.582,1800.0,12.3,10.8,DoS_attack
1697494297.463,51.121,1800.0,23.0,10.8,DoS_attack
1697494297.965,51.608,1800.0,15.2,10.8,DoS_attack
1697494298.468,52.095,1800.0,17.7,10.8,DoS_attack
1697494298.97,53.069,1800.0,16.6,10.8,DoS_attack
1697494299.473,52.095,1800.0,16.3,10.8,DoS_attack
1697494299.976,51.121,1800.0,16.9,10.8,DoS_attack
1697494300.479,51.608,1800.0,25.8,10.3,DoS_attack
1697494300.982,51.608,1800.0,48.0,10.7,DoS_attack
1697494301.485,51.608,1800.0,24.4,10.8,DoS_attack
1697494301.988,52.095,1800.0,14.6,10.8,DoS_attack
1697494302.494,51.608,1000.0,15.4,10.8,DoS_attack
1697494302.997,52.095,1800.0,17.5,10.8,DoS_attack
1697494303.499,52.095,1800.0,15.2,10.8,DoS_attack
1697494304.002,52.095,1800.0,15.8,10.8,DoS_attack
1697494304.505,52.095,1800.0,14.7,10.8,DoS_attack
1697494305.007,51.121,1800.0,12.0,10.8,DoS_attack
1697494305.51,51.121,1800.0,11.5,10.9,DoS_attack
1697494306.013,51.608,1800.0,12.5,10.9,DoS_attack
1697494306.515,51.121,1800.0,12.4,10.8,DoS_attack
1697494307.019,52.582,1800.0,32.3,10.6,DoS_attack
1697494307.522,50.147,1800.0,30.7,10.8,DoS_attack
1697494308.024,52.095,1800.0,13.8,10.8,DoS_attack
1697494308.527,51.121,1800.0,16.5,10.8,DoS_attack
1697494309.03,52.095,1800.0,20.3,10.8,DoS_attack
1697494309.533,51.121,1800.0,18.8,10.8,DoS_attack
1697494310.035,51.608,1800.0,32.5,10.8,DoS_attack
1697494310.539,52.095,1800.0,17.9,10.8,DoS_attack
1697494311.042,52.582,1800.0,12.7,10.9,DoS_attack
1697494311.545,52.582,1800.0,11.6,10.9,DoS_attack
1697494312.047,52.095,1800.0,10.1,10.9,DoS_attack
1697494312.55,52.095,1800.0,7.1,10.8,DoS_attack
1697494313.057,51.121,900.0,35.7,10.6,DoS_attack
1697494313.559,52.095,1800.0,41.2,10.8,DoS_attack
1697494314.062,51.608,1800.0,9.9,10.8,DoS_attack
1697494314.564,50.147,1800.0,17.4,10.8,DoS_attack
1697494315.067,51.608,1800.0,14.9,10.8,DoS_attack
1697494315.57,51.121,1800.0,23.9,10.8,DoS_attack
1697494316.072,52.582,1800.0,22.2,10.8,DoS_attack
1697494316.575,51.121,1800.0,19.0,10.8,DoS_attack
1697494317.077,51.121,1800.0,12.2,10.8,DoS_attack
1697494317.58,51.608,1800.0,8.6,10.9,DoS_attack
1697494318.084,50.634,900.0,13.1,10.9,DoS_attack
1697494318.587,51.608,1800.0,19.6,10.9,DoS_attack
1697494319.09,51.121,1800.0,27.9,10.2,DoS_attack
1697494319.597,53.069,1800.0,49.0,10.7,DoS_attack
1697494320.099,52.582,1800.0,32.5,10.8,DoS_attack
1697494320.602,53.069,1800.0,17.5,10.8,DoS_attack
1697494321.105,51.608,1800.0,18.3,10.8,DoS_attack
1697494321.608,51.608,1800.0,10.2,10.8,DoS_attack
1697494322.11,51.608,1800.0,20.2,10.8,DoS_attack
1697494322.613,51.121,1800.0,10.8,10.8,DoS_attack
1697494323.116,51.121,1800.0,11.7,10.8,DoS_attack
1697494323.62,51.608,1100.0,22.8,10.8,DoS_attack
1697494324.123,50.634,1800.0,20.3,10.9,DoS_attack
1697494324.626,51.121,1800.0,21.1,10.9,DoS_attack
1697494325.129,52.582,1800.0,24.7,10.9,DoS_attack
1697494325.632,52.582,1800.0,34.0,10.5,DoS_attack
1697494326.135,51.608,1800.0,38.7,10.8,DoS_attack
1697494326.638,52.582,1800.0,10.4,10.8,DoS_attack
1697494327.141,51.608,1800.0,10.7,10.8,DoS_attack
1697494327.643,52.095,1800.0,15.6,10.8,DoS_attack
1697494328.146,51.121,1800.0,16.6,10.8,DoS_attack
1697494328.648,51.121,1800.0,20.4,10.8,DoS_attack
1697494329.151,51.608,1800.0,32.2,10.8,DoS_attack
1697494329.654,51.608,1800.0,21.8,10.8,DoS_attack
1697494330.156,51.121,1800.0,16.8,10.8,DoS_attack
1697494330.659,52.582,1800.0,14.8,10.8,DoS_attack
1697494331.162,51.121,1800.0,13.5,10.8,DoS_attack
1697494331.665,52.095,1800.0,24.5,10.2,DoS_attack
1697494332.168,52.582,1800.0,43.5,10.7,DoS_attack
1697494332.671,52.095,1800.0,31.5,10.8,DoS_attack
1697494333.174,53.069,1800.0,22.9,10.8,DoS_attack
1697494333.677,52.582,1800.0,25.5,10.8,DoS_attack
1697494334.18,52.095,1800.0,19.8,10.8,DoS_attack
1697494334.683,53.069,1800.0,13.8,10.8,DoS_attack
1697494335.186,51.608,1800.0,16.4,10.9,DoS_attack
1697494335.689,52.582,1800.0,16.4,10.9,DoS_attack
1697494336.191,51.608,1800.0,15.7,10.9,DoS_attack
1697494336.694,51.608,1800.0,13.8,10.9,DoS_attack
1697494337.197,52.582,1800.0,18.7,10.9,DoS_attack
1697494337.699,52.582,1800.0,23.0,10.9,DoS_attack
1697494338.202,52.095,1800.0,47.5,10.5,DoS_attack
1697494338.705,52.582,1800.0,44.2,10.9,DoS_attack
1697494339.209,51.608,1000.0,9.7,10.9,DoS_attack
1697494339.712,52.582,1800.0,15.4,10.9,DoS_attack
1697494340.214,52.095,1800.0,12.7,10.9,DoS_attack
1697494340.717,52.095,1800.0,12.2,10.9,DoS_attack
1697494341.221,51.121,1800.0,12.2,10.9,DoS_attack
1697494341.723,51.608,1800.0,12.6,10.9,DoS_attack
1697494342.226,51.121,1800.0,13.5,10.8,DoS_attack
1697494342.729,51.608,1800.0,23.2,10.8,DoS_attack
1697494343.233,51.121,1800.0,15.7,10.8,DoS_attack
1697494343.736,51.121,1800.0,14.7,10.9,DoS_attack
1697494344.239,53.069,1800.0,31.7,10.4,DoS_attack
1697494344.742,52.582,1800.0,46.2,10.8,DoS_attack
1697494345.244,52.095,1800.0,9.2,10.8,DoS_attack
1697494345.747,52.095,1800.0,11.2,10.9,DoS_attack
1697494346.25,50.634,1800.0,19.0,10.9,DoS_attack
1697494346.752,52.582,1800.0,20.9,10.8,DoS_attack
1697494347.255,50.634,1800.0,19.6,10.9,DoS_attack
1697494347.758,52.582,1800.0,15.5,10.9,DoS_attack
1697494348.26,53.069,1800.0,14.9,10.9,DoS_attack
1697494348.763,51.121,1800.0,14.1,10.9,DoS_attack
1697494349.265,51.121,1800.0,12.3,10.8,DoS_attack
1697494349.769,51.608,1000.0,19.1,10.8,DoS_attack
1697494350.272,50.634,1800.0,31.8,10.3,DoS_attack
1697494350.776,53.556,1800.0,44.0,10.8,DoS_attack
1697494351.278,51.121,1800.0,29.9,10.8,DoS_attack
1697494351.781,52.582,1800.0,21.6,10.8,DoS_attack
1697494352.285,52.582,1800.0,22.8,10.9,DoS_attack
1697494352.788,52.095,1800.0,16.0,10.9,DoS_attack
1697494353.291,51.121,1800.0,17.7,10.9,DoS_attack
1697494353.794,51.121,1800.0,11.2,10.9,DoS_attack
1697494354.297,51.608,1800.0,14.7,10.9,DoS_attack
1697494354.8,51.608,1800.0,16.0,10.9,DoS_attack
1697494355.304,51.121,900.0,18.8,10.9,DoS_attack
1697494355.807,51.608,1800.0,22.2,10.9,DoS_attack
1697494356.31,51.121,1800.0,25.0,10.9,DoS_attack
1697494356.814,52.582,1800.0,44.9,10.5,DoS_attack
1697494357.318,53.069,1800.0,38.3,10.8,DoS_attack
1697494357.82,53.069,1800.0,8.6,10.9,DoS_attack
1697494358.323,52.582,1800.0,12.3,10.9,DoS_attack
1697494358.826,52.095,1800.0,14.6,10.9,DoS_attack
1697494359.329,51.121,1800.0,12.8,10.9,DoS_attack
1697494359.832,51.608,1800.0,13.8,10.9,DoS_attack
1697494360.336,52.095,1800.0,16.4,10.9,DoS_attack
1697494360.838,51.608,1800.0,26.9,10.9,DoS_attack
1697494361.341,52.095,1800.0,20.8,10.9,DoS_attack
1697494361.844,51.608,1800.0,14.7,10.9,DoS_attack
1697494362.346,51.121,1800.0,13.4,10.9,DoS_attack
1697494362.849,51.121,1800.0,24.0,10.2,DoS_attack
1697494363.352,53.556,1800.0,42.9,10.8,DoS_attack
1697494363.855,52.582,1800.0,26.7,10.9,DoS_attack
1697494364.358,52.582,1800.0,11.7,10.9,DoS_attack
1697494364.86,52.095,1800.0,13.4,10.8,DoS_attack
1697494365.363,52.095,1800.0,14.7,10.9,DoS_attack
1697494365.866,52.095,1100.0,17.7,10.8,DoS_attack
1697494366.369,50.634,1800.0,19.8,10.8,DoS_attack
1697494366.872,51.121,1800.0,7.4,10.8,DoS_attack
1697494367.374,51.121,1800.0,9.5,10.9,DoS_attack
1697494367.877,50.634,1800.0,11.6,10.9,DoS_attack
1697494368.38,51.121,1800.0,14.9,10.9,DoS_attack
1697494368.883,51.121,1800.0,24.7,10.0,DoS_attack
1697494369.387,51.608,1800.0,43.2,10.7,DoS_attack
1697494369.89,51.121,1800.0,33.7,10.9,DoS_attack
1697494370.392,52.582,1800.0,20.0,10.9,DoS_attack
1697494370.895,52.095,1800.0,19.8,10.9,DoS_attack
1697494371.399,51.608,900.0,14.4,10.9,DoS_attack
1697494371.903,51.608,1800.0,20.9,10.9,DoS_attack
1697494372.405,51.608,1800.0,16.0,10.9,DoS_attack
1697494372.908,51.608,1800.0,12.3,10.9,DoS_attack
1697494373.411,50.634,1800.0,15.6,10.9,DoS_attack
1697494373.914,51.121,1800.0,15.4,10.9,DoS_attack
1697494374.418,51.608,1800.0,14.8,10.9,DoS_attack
1697494374.92,51.121,1800.0,21.2,10.9,DoS_attack
1697494375.423,52.582,1800.0,46.1,10.5,DoS_attack
1697494375.926,52.582,1800.0,44.8,10.8,DoS_attack
1697494376.429,53.069,1800.0,9.8,10.8,DoS_attack
1697494376.933,52.095,900.0,16.1,10.8,DoS_attack
1697494377.436,51.608,1800.0,19.4,10.8,DoS_attack
1697494377.938,52.095,1800.0,13.1,10.7,DoS_attack
1697494378.441,51.121,1800.0,15.4,10.7,DoS_attack
1697494378.944,51.121,1800.0,14.0,10.8,DoS_attack
1697494379.447,51.608,1800.0,15.2,10.8,DoS_attack
1697494379.95,50.634,1800.0,20.2,10.8,DoS_attack
1697494380.453,51.121,1800.0,21.9,10.8,DoS_attack
1697494380.956,52.095,1800.0,15.4,10.8,DoS_attack
1697494381.459,51.608,1800.0,34.2,10.5,DoS_attack
1697494381.962,52.582,1800.0,40.8,10.8,DoS_attack
1697494382.466,51.608,1000.0,17.4,10.8,DoS_attack
1697494382.968,51.608,1800.0,17.4,10.8,DoS_attack
1697494383.471,51.121,1800.0,17.3,10.8,DoS_attack
1697494383.974,50.634,1800.0,14.3,10.8,DoS_attack
1697494384.477,52.095,1800.0,14.2,10.8,DoS_attack
1697494384.981,51.608,1800.0,17.5,10.8,DoS_attack
1697494385.483,53.069,1800.0,20.1,10.8,DoS_attack
1697494385.986,52.095,1800.0,17.3,10.9,DoS_attack
1697494386.489,51.608,1800.0,13.1,10.9,DoS_attack
1697494386.991,51.121,1800.0,14.1,10.9,DoS_attack
1697494387.494,52.582,1800.0,20.5,10.2,DoS_attack
1697494387.997,52.582,1800.0,37.6,10.6,DoS_attack
1697494388.5,52.095,1800.0,30.8,10.8,DoS_attack
1697494389.003,52.095,1800.0,12.6,10.8,DoS_attack
1697494389.506,51.608,1800.0,14.0,10.8,DoS_attack
1697494390.009,51.608,1800.0,16.5,10.8,DoS_attack
1697494390.512,51.121,1800.0,20.4,10.8,DoS_attack
1697494391.015,52.582,1800.0,18.9,10.8,DoS_attack
1697494391.517,52.095,1800.0,13.2,10.8,DoS_attack
1697494392.02,52.095,1800.0,14.8,10.8,DoS_attack
1697494392.522,51.121,1800.0,13.1,10.9,DoS_attack
1697494393.026,50.634,1000.0,19.4,10.9,DoS_attack
1697494393.529,52.095,1800.0,19.2,10.9,DoS_attack
1697494394.032,51.121,1800.0,36.7,10.4,DoS_attack
1697494394.535,52.095,1800.0,52.2,10.8,DoS_attack
1697494395.038,52.095,1800.0,21.6,10.8,DoS_attack
1697494395.541,52.095,1800.0,21.7,10.8,DoS_attack
1697494396.044,52.095,1800.0,11.8,10.8,DoS_attack
1697494396.547,52.582,1800.0,17.7,10.8,DoS_attack
1697494397.05,52.095,1800.0,13.1,10.8,DoS_attack
1697494397.553,52.095,1800.0,9.4,10.8,DoS_attack
1697494398.055,52.582,1800.0,14.6,10.8,DoS_attack
1697494398.56,50.634,900.0,18.0,10.8,DoS_attack
1697494399.063,50.147,1800.0,17.6,10.9,DoS_attack
1697494399.565,50.634,1800.0,17.1,10.9,DoS_attack
1697494400.081,51.608,1800.0,45.2,10.5,DoS_attack
1697494400.587,51.608,1800.0,49.5,10.8,DoS_attack
1697494401.09,52.582,1800.0,11.0,10.8,DoS_attack
1697494401.593,51.121,1800.0,4.5,10.8,DoS_attack
1697494402.095,50.147,1800.0,3.5,10.8,DoS_attack
1697494402.598,50.634,1800.0,2.0,10.8,DoS_attack
1697494403.1,51.121,1800.0,3.5,10.8,DoS_attack
1697494403.603,50.634,1800.0,4.0,10.8,DoS_attack
1697494404.109,49.66,600.0,3.0,10.8,DoS_attack
1697494404.615,50.147,600.0,3.5,10.8,DoS_attack
1697494405.121,49.173,600.0,6.9,10.8,DoS_attack
1697494405.628,50.634,600.0,6.9,10.8,DoS_attack
1697494406.131,50.147,1800.0,47.5,10.5,DoS_attack
1697494406.634,50.147,1800.0,28.5,10.7,DoS_attack
1697494407.136,50.634,1800.0,3.0,10.7,DoS_attack
1697494407.639,50.634,1800.0,3.4,10.7,DoS_attack
1697494408.142,50.147,1800.0,2.5,10.7,DoS_attack
1697494408.644,49.66,1800.0,4.0,10.6,DoS_attack
1697494409.147,50.634,1800.0,5.0,10.7,DoS_attack
1697494409.65,50.147,1800.0,3.5,10.7,DoS_attack
1697494410.152,50.147,1800.0,3.5,10.7,DoS_attack
1697494410.655,50.634,1800.0,3.5,10.7,DoS_attack
1697494411.16,49.173,600.0,3.5,10.7,DoS_attack
1697494411.666,49.66,900.0,14.2,10.7,DoS_attack
1697494412.169,49.66,1800.0,27.0,10.3,DoS_attack
1697494412.671,51.121,1800.0,47.5,10.8,DoS_attack
1697494413.174,50.634,1800.0,14.4,10.8,DoS_attack
1697494413.677,50.634,1800.0,9.3,10.9,DoS_attack
1697494414.179,50.147,1800.0,12.5,10.9,DoS_attack
1697494414.682,50.634,1800.0,22.4,10.9,DoS_attack
1697494415.185,50.147,1800.0,17.9,10.9,DoS_attack
1697494415.687,51.121,1800.0,12.9,10.9,DoS_attack
1697494416.19,50.634,1800.0,11.4,10.9,DoS_attack
1697494416.693,51.608,1800.0,10.3,10.9,DoS_attack
1697494417.197,49.66,800.0,15.3,10.9,DoS_attack
1697494417.7,50.147,1800.0,16.3,10.9,DoS_attack
1697494418.203,50.147,1800.0,34.5,10.4,DoS_attack
1697494418.706,51.608,1800.0,56.6,10.7,DoS_attack
1697494419.209,50.634,1800.0,20.1,10.8,DoS_attack
1697494419.711,51.121,1800.0,20.5,10.8,DoS_attack
1697494420.214,51.121,1800.0,15.3,10.8,DoS_attack
1697494420.717,51.608,1800.0,14.8,10.8,DoS_attack
1697494421.219,51.121,1800.0,11.7,10.8,DoS_attack
1697494421.722,50.147,1800.0,10.2,10.8,DoS_attack
1697494422.225,51.608,1800.0,11.7,10.8,DoS_attack
1697494422.727,50.634,1800.0,17.9,10.8,DoS_attack
1697494423.23,51.121,1800.0,19.1,10.8,DoS_attack
1697494423.733,49.66,1800.0,22.0,10.8,DoS_attack
1697494424.236,50.147,1800.0,23.5,10.9,DoS_attack
1697494424.739,50.634,1800.0,41.9,10.4,DoS_attack
1697494425.242,52.095,1800.0,33.2,10.8,DoS_attack
1697494425.744,51.121,1800.0,7.6,10.8,DoS_attack
1697494426.247,51.121,1800.0,8.5,10.8,DoS_attack
1697494426.749,52.095,1800.0,9.5,10.8,DoS_attack
1697494427.252,52.095,1800.0,8.0,10.8,DoS_attack
1697494427.756,51.121,900.0,9.5,10.8,DoS_attack
1697494428.259,50.634,1800.0,9.5,10.8,DoS_attack
1697494428.762,50.147,1800.0,22.3,10.8,DoS_attack
1697494429.265,51.121,1800.0,22.6,10.8,DoS_attack
1697494429.768,51.608,1800.0,13.1,10.8,DoS_attack
1697494430.271,52.095,1800.0,18.9,10.8,DoS_attack
1697494430.774,52.095,1800.0,37.8,10.5,DoS_attack
1697494431.277,50.634,1800.0,41.0,10.8,DoS_attack
1697494431.78,50.634,1800.0,11.7,10.8,DoS_attack
1697494432.282,51.121,1800.0,14.6,10.8,DoS_attack
1697494432.786,51.121,1800.0,13.1,10.8,DoS_attack
1697494433.291,51.121,900.0,26.3,10.8,DoS_attack
1697494433.794,51.121,1800.0,22.8,10.8,DoS_attack
1697494434.298,51.608,1800.0,17.4,10.8,DoS_attack
1697494434.8,52.095,1800.0,15.4,10.8,DoS_attack
1697494435.303,50.634,1800.0,9.8,10.8,DoS_attack
1697494435.806,51.121,1800.0,15.8,10.8,DoS_attack
1697494436.309,52.095,1800.0,12.4,10.8,DoS_attack
1697494436.812,51.121,1800.0,38.7,10.6,DoS_attack
1697494437.315,51.608,1800.0,36.2,10.8,DoS_attack
1697494437.818,51.608,1800.0,13.6,10.8,DoS_attack
1697494438.321,52.095,1800.0,19.8,10.8,DoS_attack
1697494438.823,50.634,1800.0,24.6,10.8,DoS_attack
1697494439.326,50.634,1800.0,24.6,10.8,DoS_attack
1697494439.829,51.608,1800.0,16.4,10.8,DoS_attack
1697494440.332,52.095,1800.0,12.9,10.8,DoS_attack
1697494440.834,51.121,1800.0,11.7,10.8,DoS_attack
1697494441.337,51.121,1800.0,10.2,10.8,DoS_attack
1697494441.84,51.608,1800.0,11.9,10.8,DoS_attack
1697494442.343,51.608,1800.0,16.9,10.5,DoS_attack
1697494442.846,52.582,1800.0,39.7,10.6,DoS_attack
1697494443.349,52.095,1800.0,44.2,10.8,DoS_attack
1697494443.853,50.634,1000.0,24.9,10.8,DoS_attack
1697494444.356,51.121,1800.0,22.2,10.8,DoS_attack
1697494444.859,52.095,1800.0,16.7,10.8,DoS_attack
1697494445.362,51.121,1800.0,12.3,10.7,DoS_attack
1697494445.864,51.121,1800.0,12.7,10.8,DoS_attack
1697494446.367,50.634,1800.0,12.3,10.8,DoS_attack
1697494446.87,50.147,1800.0,10.2,10.8,DoS_attack
1697494447.373,51.121,1800.0,10.8,10.8,DoS_attack
1697494447.875,50.634,1800.0,13.6,10.8,DoS_attack
1697494448.378,52.095,1800.0,16.2,10.8,DoS_attack
1697494448.881,52.582,1800.0,34.5,10.4,DoS_attack
1697494449.385,52.582,1800.0,52.8,10.7,DoS_attack
1697494449.888,51.608,1800.0,24.1,10.8,DoS_attack
1697494450.39,51.608,1800.0,17.7,10.8,DoS_attack
1697494450.894,51.608,1800.0,12.6,10.8,DoS_attack
1697494451.396,52.095,1800.0,9.6,10.8,DoS_attack
1697494451.9,50.634,1800.0,10.7,10.8,DoS_attack
1697494452.403,50.634,1800.0,11.1,10.8,DoS_attack
1697494452.906,50.147,1800.0,12.3,10.8,DoS_attack
1697494453.408,50.634,1800.0,13.2,10.8,DoS_attack
1697494453.911,50.147,1800.0,17.1,10.8,DoS_attack
1697494454.414,51.608,1800.0,23.5,10.8,DoS_attack
1697494454.917,51.121,1800.0,33.8,10.2,DoS_attack
1697494455.423,52.095,1800.0,40.7,10.7,DoS_attack
1697494455.926,51.121,1800.0,20.1,10.7,DoS_attack
1697494456.428,50.634,1800.0,10.6,10.8,DoS_attack
1697494456.931,51.608,1800.0,12.1,10.8,DoS_attack
1697494457.434,52.095,1800.0,13.3,10.8,DoS_attack
1697494457.936,51.608,1800.0,14.6,10.8,DoS_attack
1697494458.44,50.147,1800.0,16.3,10.8,DoS_attack
1697494458.943,51.121,1800.0,22.1,10.8,DoS_attack
1697494459.448,50.634,800.0,19.4,10.8,DoS_attack
1697494459.95,52.582,1800.0,20.2,10.8,DoS_attack
1697494460.453,51.121,1800.0,15.1,10.8,DoS_attack
1697494460.956,50.634,1800.0,20.9,10.2,DoS_attack
1697494461.459,53.069,1800.0,38.9,10.7,DoS_attack
1697494461.962,51.121,1800.0,19.6,10.8,DoS_attack
1697494462.464,51.121,1800.0,8.9,10.8,DoS_attack
1697494462.967,51.121,1800.0,11.4,10.8,DoS_attack
1697494463.47,50.147,1800.0,13.1,10.8,DoS_attack
1697494463.972,51.121,1800.0,11.0,10.8,DoS_attack
1697494464.475,51.121,1800.0,10.1,10.8,DoS_attack
1697494464.979,51.608,900.0,11.1,10.8,DoS_attack
1697494465.482,49.66,1800.0,15.7,10.8,DoS_attack
1697494465.984,50.634,1800.0,14.6,10.8,DoS_attack
1697494466.487,51.608,1800.0,13.8,10.9,DoS_attack
1697494466.99,51.608,1800.0,30.8,10.4,DoS_attack
1697494467.494,52.582,1800.0,48.0,10.8,DoS_attack
1697494467.996,52.095,1800.0,20.8,10.9,DoS_attack
1697494468.499,51.608,1800.0,14.6,10.9,DoS_attack
1697494469.002,50.634,1800.0,11.5,10.9,DoS_attack
1697494469.505,50.634,1800.0,9.0,10.9,DoS_attack
1697494470.007,50.147,1800.0,10.1,10.9,DoS_attack
1697494470.511,50.634,1000.0,15.2,10.9,DoS_attack
1697494471.014,51.121,1800.0,9.1,10.9,DoS_attack
1697494471.517,51.121,1800.0,10.0,10.9,DoS_attack
1697494472.02,49.66,1800.0,10.1,10.9,DoS_attack
1697494472.523,51.121,1800.0,14.3,10.9,DoS_attack
1697494473.026,50.147,1800.0,14.1,10.9,DoS_attack
1697494473.53,52.095,1800.0,40.2,10.6,DoS_attack
1697494474.032,50.634,1800.0,45.3,10.8,DoS_attack
1697494474.535,51.608,1800.0,15.6,10.8,DoS_attack
1697494475.038,51.121,1800.0,12.6,10.8,DoS_attack
1697494475.542,50.634,1800.0,12.6,10.8,DoS_attack
1697494476.044,50.147,1800.0,16.2,10.8,DoS_attack
1697494476.547,51.608,1800.0,8.6,10.8,DoS_attack
1697494477.084,49.66,1800.0,8.1,10.8,DoS_attack
1697494477.587,51.121,1800.0,9.8,10.8,DoS_attack
1697494478.089,50.634,1800.0,9.8,10.9,DoS_attack
1697494478.592,51.121,1800.0,13.4,10.9,DoS_attack
1697494479.095,50.634,1800.0,11.9,10.9,DoS_attack
1697494479.599,52.095,1800.0,29.5,10.3,DoS_attack
1697494480.104,52.095,1800.0,44.6,10.7,DoS_attack
1697494480.607,51.121,1800.0,24.4,10.8,DoS_attack
1697494481.11,50.634,1800.0,21.8,10.8,DoS_attack
1697494481.613,51.121,1800.0,12.4,10.8,DoS_attack
1697494482.116,50.634,1800.0,14.6,10.8,DoS_attack
1697494482.619,50.634,1800.0,10.0,10.8,DoS_attack
1697494483.122,51.608,1800.0,10.0,10.8,DoS_attack
1697494483.624,51.121,1800.0,11.0,10.8,DoS_attack
1697494484.127,50.634,1800.0,9.8,10.9,DoS_attack
1697494484.63,51.121,1800.0,11.4,10.9,DoS_attack
1697494485.133,51.121,1800.0,7.0,10.9,DoS_attack
1697494485.635,51.121,1800.0,21.4,10.3,DoS_attack
1697494486.139,51.121,1800.0,39.8,10.7,DoS_attack
1697494486.642,51.121,1800.0,17.9,10.8,DoS_attack
1697494487.144,50.634,1800.0,8.5,10.8,DoS_attack
1697494487.647,50.147,1800.0,9.5,10.8,DoS_attack
1697494488.15,51.121,1800.0,6.1,10.8,DoS_attack
1697494488.652,50.147,1800.0,14.7,10.8,DoS_attack
1697494489.155,50.147,1800.0,12.1,10.8,DoS_attack
1697494489.658,50.634,1800.0,10.7,10.8,DoS_attack
1697494490.16,50.634,1800.0,10.7,10.8,DoS_attack
1697494490.663,51.608,1800.0,11.6,10.8,DoS_attack
1697494491.167,50.634,1100.0,11.8,10.9,DoS_attack
1697494491.67,50.147,1800.0,24.7,10.1,DoS_attack
1697494492.174,52.582,1800.0,38.1,10.6,DoS_attack
1697494492.677,50.147,1800.0,26.0,10.8,DoS_attack
1697494493.18,52.095,1800.0,12.2,10.8,DoS_attack
1697494493.682,51.608,1800.0,16.8,10.8,DoS_attack
1697494494.185,50.634,1800.0,11.9,10.8,DoS_attack
1697494494.688,51.121,1800.0,12.2,10.8,DoS_attack
1697494495.19,51.121,1800.0,11.7,10.8,DoS_attack
1697494495.693,50.634,1800.0,12.5,10.8,DoS_attack
1697494496.195,49.66,1800.0,10.6,10.8,DoS_attack
1697494496.699,50.147,1200.0,11.1,10.8,DoS_attack
1697494497.202,50.634,1000.0,12.9,10.8,DoS_attack
1697494497.706,50.634,1800.0,24.6,9.8,DoS_attack
1697494498.21,51.121,1800.0,38.2,10.7,DoS_attack
1697494498.713,51.121,1800.0,28.3,10.8,DoS_attack
1697494499.215,50.634,1800.0,10.6,10.8,DoS_attack
1697494499.718,49.66,1800.0,11.9,10.8,DoS_attack
1697494500.221,50.147,1800.0,11.9,10.8,DoS_attack
1697494500.725,50.634,1800.0,17.3,10.8,DoS_attack
1697494501.227,50.634,1800.0,19.2,10.8,DoS_attack
1697494501.73,50.147,1800.0,19.1,10.9,DoS_attack
1697494502.233,50.147,1800.0,10.3,10.9,DoS_attack
1697494502.738,50.634,900.0,13.6,10.9,DoS_attack
1697494503.241,50.634,1800.0,15.0,10.9,DoS_attack
1697494503.743,50.634,1800.0,11.8,10.9,DoS_attack
1697494504.246,50.634,1800.0,36.0,10.5,DoS_attack
1697494504.749,51.608,1800.0,39.8,10.8,DoS_attack
1697494505.251,51.608,1800.0,10.5,10.8,DoS_attack
1697494505.754,51.121,1800.0,11.4,10.8,DoS_attack
1697494506.256,50.147,1800.0,10.5,10.8,DoS_attack
1697494506.759,51.121,1800.0,16.0,10.8,DoS_attack
1697494507.262,50.634,1800.0,14.8,10.8,DoS_attack
1697494507.764,51.608,1800.0,27.6,10.8,DoS_attack
1697494508.267,50.634,1800.0,29.1,10.8,DoS_attack
1697494508.77,50.634,1800.0,8.7,10.8,DoS_attack
1697494509.272,51.608,1800.0,10.6,10.8,DoS_attack
1697494509.775,50.634,1800.0,10.3,10.8,DoS_attack
1697494510.278,52.095,1800.0,22.2,10.3,DoS_attack
1697494510.781,52.095,1800.0,43.7,10.7,DoS_attack
1697494511.284,49.66,1800.0,14.0,10.8,DoS_attack
1697494511.786,51.121,1800.0,9.0,10.8,DoS_attack
1697494512.289,50.634,1800.0,10.9,10.8,DoS_attack
1697494512.792,50.634,1800.0,12.1,10.8,DoS_attack
1697494513.294,50.147,1800.0,21.0,10.8,DoS_attack
1697494513.797,50.634,1800.0,15.5,10.8,DoS_attack
1697494514.299,51.121,1800.0,14.9,10.8,DoS_attack
1697494514.802,51.121,1800.0,16.6,10.8,DoS_attack
1697494515.305,50.634,1800.0,12.1,10.8,DoS_attack
1697494515.807,50.634,1800.0,8.6,10.8,DoS_attack
1697494516.31,51.608,1800.0,6.4,10.3,DoS_attack
1697494516.814,51.608,1800.0,33.8,10.5,DoS_attack
1697494517.316,50.634,1800.0,31.8,10.8,DoS_attack
1697494517.819,50.147,1800.0,10.4,10.8,DoS_attack
1697494518.323,50.634,900.0,11.1,10.8,DoS_attack
1697494518.827,51.121,1800.0,15.0,10.8,DoS_attack
1697494519.33,51.608,1800.0,14.1,10.8,DoS_attack
1697494519.833,50.634,1800.0,13.8,10.8,DoS_attack
1697494520.335,51.121,1800.0,15.7,10.8,DoS_attack
1697494520.838,51.121,1800.0,14.8,10.8,DoS_attack
1697494521.341,50.634,1800.0,15.4,10.8,DoS_attack
1697494521.843,51.121,1800.0,18.5,10.8,DoS_attack
1697494522.346,50.634,1800.0,10.0,10.8,DoS_attack
1697494522.848,52.095,1800.0,26.5,10.3,DoS_attack
1697494523.351,52.095,1800.0,42.4,10.8,DoS_attack
1697494523.855,51.121,800.0,10.0,10.8,DoS_attack
1697494524.361,50.147,700.0,16.0,10.7,DoS_attack
1697494524.866,49.173,700.0,11.7,10.7,DoS_attack
1697494525.369,49.173,1800.0,14.5,10.7,DoS_attack
1697494525.871,50.147,1800.0,9.5,10.7,DoS_attack
1697494526.374,49.66,1800.0,10.9,10.7,DoS_attack
1697494526.876,49.66,1800.0,7.6,10.7,DoS_attack
1697494527.379,50.147,1800.0,12.9,10.8,DoS_attack
1697494527.882,49.66,1800.0,11.8,10.8,DoS_attack
1697494528.387,50.147,1800.0,15.7,10.8,DoS_attack
1697494528.89,50.147,1800.0,21.8,9.7,DoS_attack
1697494529.393,51.121,1800.0,42.3,10.6,DoS_attack
1697494529.896,51.608,1800.0,31.3,10.8,DoS_attack
1697494530.399,51.608,1800.0,12.7,10.8,DoS_attack
1697494530.901,50.147,1800.0,6.0,10.8,DoS_attack
1697494531.404,51.121,1800.0,5.1,10.8,DoS_attack
1697494531.906,50.147,1800.0,8.0,10.8,DoS_attack
1697494532.409,50.634,1800.0,9.0,10.8,DoS_attack
1697494532.911,50.147,1800.0,9.5,10.8,DoS_attack
1697494533.414,49.173,1800.0,12.1,10.8,DoS_attack
1697494533.917,49.66,1800.0,11.6,10.8,DoS_attack
1697494534.419,50.634,1800.0,12.9,10.9,DoS_attack
1697494534.922,51.121,1800.0,23.1,10.1,DoS_attack
1697494535.426,50.634,1800.0,45.1,10.6,DoS_attack
1697494535.929,51.608,1800.0,35.6,10.8,DoS_attack
1697494536.432,51.608,1800.0,15.3,10.7,DoS_attack
1697494536.935,51.121,1800.0,15.2,10.8,DoS_attack
1697494537.437,50.634,1800.0,13.3,10.8,DoS_attack
1697494537.94,50.634,1800.0,12.1,10.8,DoS_attack
1697494538.443,51.121,1800.0,15.1,10.8,DoS_attack
1697494539.033,51.608,1800.0,11.8,10.8,DoS_attack
1697494539.536,51.121,1800.0,11.1,10.8,DoS_attack
1697494540.038,51.121,1800.0,11.1,10.8,DoS_attack
1697494540.544,49.66,700.0,11.0,10.8,DoS_attack
1697494541.051,50.634,900.0,15.2,10.8,DoS_attack
1697494541.555,52.095,1800.0,43.7,10.5,DoS_attack
1697494542.058,50.634,1800.0,45.4,10.7,DoS_attack
1697494542.56,51.608,1800.0,12.6,10.7,DoS_attack
1697494543.063,52.095,1800.0,17.3,10.7,DoS_attack
1697494543.566,50.147,1800.0,15.2,10.8,DoS_attack
1697494544.068,49.66,1800.0,11.3,10.8,DoS_attack
1697494544.571,50.634,1800.0,11.3,10.8,DoS_attack
1697494545.073,50.634,1800.0,7.5,10.8,DoS_attack
1697494545.576,50.147,1800.0,6.6,10.8,DoS_attack
1697494546.079,50.634,1800.0,7.5,10.8,DoS_attack
1697494546.581,50.634,1800.0,12.6,10.8,DoS_attack
1697494547.084,49.66,1800.0,7.5,10.8,DoS_attack
1697494547.586,50.147,1800.0,16.6,10.3,DoS_attack
1697494548.094,52.582,1800.0,35.3,10.7,DoS_attack
1697494548.597,51.608,1800.0,28.0,10.8,DoS_attack
1697494549.099,51.608,1800.0,15.5,10.8,DoS_attack
1697494549.602,50.634,1800.0,16.9,10.8,DoS_attack
1697494550.105,50.147,1800.0,14.3,10.8,DoS_attack
1697494550.607,50.147,1800.0,10.7,10.8,DoS_attack
1697494551.11,50.147,1800.0,13.1,10.8,DoS_attack
1697494551.614,50.147,800.0,11.7,10.8,DoS_attack
1697494552.117,49.66,1800.0,14.8,10.8,DoS_attack
1697494552.619,50.147,1800.0,8.6,10.8,DoS_attack
1697494553.122,50.634,1800.0,9.6,10.8,DoS_attack
1697494553.625,51.608,1800.0,22.3,10.3,DoS_attack
1697494554.128,51.608,1800.0,48.0,10.8,DoS_attack
1697494554.63,51.121,1800.0,10.6,10.8,DoS_attack
1697494555.133,50.634,1800.0,11.6,10.8,DoS_attack
1697494555.635,51.121,1800.0,16.1,10.8,DoS_attack
1697494556.138,50.634,1800.0,13.3,10.8,DoS_attack
1697494556.641,51.121,1800.0,14.3,10.8,DoS_attack
1697494557.144,50.634,1800.0,18.1,10.8,DoS_attack
1697494557.646,51.608,1800.0,15.2,10.8,DoS_attack
1697494558.149,49.66,1800.0,11.6,10.8,DoS_attack
1697494558.652,51.121,1800.0,12.8,10.8,DoS_attack
1697494559.154,50.147,1800.0,11.5,10.8,DoS_attack
1697494559.657,50.634,1800.0,11.1,10.2,DoS_attack
1697494560.16,50.634,1800.0,36.4,10.6,DoS_attack
1697494560.663,50.634,1800.0,28.7,10.8,DoS_attack
1697494561.166,51.608,1800.0,12.8,10.8,DoS_attack
1697494561.669,49.66,1800.0,9.6,10.8,DoS_attack
1697494562.173,50.634,900.0,11.0,10.8,DoS_attack
1697494562.675,50.147,1800.0,18.4,10.8,DoS_attack
1697494563.178,50.147,1800.0,14.1,10.8,DoS_attack
1697494563.68,51.121,1800.0,15.7,10.8,DoS_attack
1697494564.183,51.608,1800.0,18.7,10.8,DoS_attack
1697494564.686,50.147,1800.0,17.5,10.8,DoS_attack
1697494565.188,49.66,1800.0,12.2,10.8,DoS_attack
1697494565.691,51.121,1800.0,13.6,10.8,DoS_attack
1697494566.194,51.608,1800.0,34.7,10.6,DoS_attack
1697494566.697,51.608,1800.0,31.1,10.8,DoS_attack
1697494567.199,50.634,1800.0,11.7,10.8,DoS_attack
1697494567.703,51.121,900.0,15.2,10.8,DoS_attack
1697494568.206,50.634,1800.0,19.7,10.8,DoS_attack
1697494568.709,51.121,1800.0,11.7,10.8,DoS_attack
1697494569.211,50.634,1800.0,14.9,10.8,DoS_attack
1697494569.714,50.147,1800.0,9.8,10.8,DoS_attack
1697494570.216,51.608,1800.0,10.6,10.8,DoS_attack
1697494570.719,51.121,1800.0,13.1,10.8,DoS_attack
1697494571.222,50.147,1800.0,11.2,10.8,DoS_attack
1697494571.725,50.147,1800.0,15.7,9.8,DoS_attack
1697494572.228,50.634,1800.0,35.7,10.6,DoS_attack
1697494572.731,49.66,1800.0,26.7,10.8,DoS_attack
1697494573.236,49.66,1000.0,9.6,10.8,DoS_attack
1697494573.74,50.634,1000.0,16.2,10.8,DoS_attack
1697494574.244,49.66,1100.0,19.2,10.8,DoS_attack
1697494574.747,49.66,1800.0,18.2,10.8,DoS_attack
1697494575.25,50.634,1800.0,12.5,10.8,DoS_attack
1697494575.752,50.147,1800.0,13.5,10.8,DoS_attack
1697494576.255,50.634,1800.0,15.9,10.9,DoS_attack
1697494576.758,51.121,1800.0,16.9,10.9,DoS_attack
1697494577.26,51.121,1800.0,14.1,10.9,DoS_attack
1697494577.764,51.121,1800.0,28.7,10.1,DoS_attack
1697494578.267,51.121,1800.0,39.0,10.6,DoS_attack
1697494578.771,51.121,1800.0,25.8,10.8,DoS_attack
1697494579.274,52.095,1800.0,12.1,10.8,DoS_attack
1697494579.78,50.634,900.0,12.1,10.8,DoS_attack
1697494580.285,50.634,1000.0,18.8,10.8,DoS_attack
1697494580.789,50.147,1000.0,16.4,10.8,DoS_attack
1697494581.291,50.634,1800.0,12.9,10.8,DoS_attack
1697494581.794,50.147,1800.0,14.1,10.8,DoS_attack
1697494582.296,50.634,1800.0,11.0,10.8,DoS_attack
1697494582.799,50.634,1800.0,20.3,10.8,DoS_attack
1697494583.302,51.121,1800.0,20.8,10.8,DoS_attack
1697494583.804,50.634,1800.0,15.3,10.8,DoS_attack
1697494584.308,51.121,1800.0,30.9,10.4,normal
1697494584.811,51.608,1800.0,38.6,10.8,normal
1697494585.314,51.121,1800.0,9.6,10.8,normal
1697494585.817,50.634,1800.0,11.6,10.8,normal
1697494586.321,50.147,900.0,20.2,10.8,normal
1697494586.824,51.121,1800.0,13.1,10.8,normal
1697494587.327,51.608,1800.0,11.2,10.8,normal
1697494587.829,51.121,1800.0,11.5,10.8,normal
1697494588.332,50.147,1800.0,8.9,10.8,normal
1697494588.835,50.147,1800.0,3.5,10.8,normal
1697494589.337,50.147,1800.0,3.5,10.8,normal
1697494589.839,50.147,1800.0,3.5,10.8,normal
1697494590.343,49.66,1800.0,27.4,10.5,normal
1697494590.846,50.147,1800.0,24.1,10.8,normal
1697494591.35,49.66,800.0,4.0,10.8,normal
1697494591.856,49.66,700.0,4.5,10.8,normal
1697494592.362,49.66,600.0,5.9,10.8,normal
1697494592.868,50.147,600.0,5.4,10.8,normal
1697494593.374,49.66,700.0,5.4,10.8,normal
1697494593.88,48.686,600.0,5.4,10.8,normal
1697494594.386,48.686,600.0,5.4,10.8,normal
1697494594.892,49.173,600.0,5.0,10.8,normal
1697494595.399,49.66,600.0,5.4,10.8,normal
1697494595.904,49.173,1800.0,11.5,10.1,normal
1697494596.412,50.634,1800.0,34.5,10.7,normal
1697494596.914,49.173,1800.0,11.9,10.7,normal
1697494597.417,48.686,1800.0,2.5,10.7,normal
1697494597.924,49.173,1800.0,4.5,10.7,normal
1697494598.427,48.686,1800.0,5.0,10.7,normal
1697494598.929,48.199,1800.0,4.0,10.8,normal
1697494599.432,49.173,1800.0,3.5,10.8,normal
1697494599.934,48.199,1800.0,5.0,10.8,normal
1697494600.437,48.199,1800.0,4.0,10.8,normal
1697494600.942,49.173,700.0,3.0,10.8,normal
1697494601.448,48.686,600.0,4.9,10.8,normal
1697494601.951,48.686,1800.0,18.4,10.3,normal
1697494602.454,49.66,1800.0,37.2,10.7,normal
1697494602.961,49.173,1800.0,3.4,10.7,normal
1697494603.463,49.66,1800.0,4.0,10.7,normal
1697494603.966,49.173,1800.0,16.4,10.7,normal
1697494604.468,50.147,1800.0,10.1,10.7,normal
1697494604.971,48.686,1800.0,4.5,10.7,normal
1697494605.474,49.173,1800.0,4.0,10.7,normal
1697494605.976,48.199,1800.0,4.5,10.7,normal
1697494606.479,48.686,1800.0,3.5,10.7,normal
1697494606.984,49.173,600.0,3.4,10.7,normal
1697494607.49,48.686,600.0,2.5,10.7,normal
1697494607.993,48.686,1800.0,8.0,9.6,normal
1697494608.496,49.173,1800.0,29.5,10.5,normal
1697494608.999,49.173,1800.0,19.6,10.7,normal
1697494609.501,49.66,1800.0,3.5,10.7,normal
1697494610.004,48.199,1800.0,3.0,10.7,normal
1697494610.506,49.173,1800.0,4.0,10.7,normal
1697494611.009,48.686,1800.0,3.5,10.7,normal
1697494611.512,48.199,1800.0,4.0,10.7,normal
1697494612.014,48.686,1800.0,3.5,10.7,normal
1697494612.517,48.199,1800.0,3.0,10.7,normal
1697494613.022,48.686,700.0,3.9,10.7,normal
1697494613.528,47.225,600.0,5.4,10.7,normal
1697494614.033,47.712,600.0,3.5,10.7,normal
1697494614.538,49.173,1800.0,26.2,10.5,normal
1697494615.04,49.173,1800.0,28.5,10.7,normal
1697494615.543,49.173,1800.0,3.5,10.7,normal
1697494616.045,48.199,1800.0,3.0,10.7,normal
1697494616.548,48.686,1800.0,3.0,10.7,normal
1697494617.051,48.686,1800.0,3.5,10.7,normal
1697494617.553,49.173,1800.0,2.5,10.7,normal
1697494618.056,47.712,1800.0,4.0,10.7,normal
1697494618.558,47.712,1800.0,4.5,10.7,normal
1697494619.061,47.712,1800.0,3.0,10.7,normal
1697494619.566,47.712,600.0,3.5,10.7,normal
1697494620.072,48.686,600.0,5.5,10.6,normal
1697494620.575,48.686,1800.0,29.4,10.5,normal
1697494621.078,49.173,1800.0,25.7,10.6,normal
1697494621.581,49.173,1800.0,4.5,10.6,normal
1697494622.084,48.686,1800.0,3.5,10.6,normal
1697494622.586,48.686,1800.0,3.5,10.7,normal
1697494623.089,47.712,1800.0,3.5,10.7,normal
1697494623.591,48.199,1800.0,5.0,10.7,normal
1697494624.094,48.686,1800.0,3.0,10.7,normal
1697494624.596,47.712,1800.0,3.5,10.7,normal
1697494625.099,48.686,1800.0,3.0,10.7,normal
1697494625.604,48.199,600.0,4.5,10.7,normal
1697494626.11,46.738,600.0,5.4,10.6,normal
1697494626.616,48.686,1800.0,24.3,10.4,normal
1697494627.119,49.173,1800.0,30.3,10.7,normal
1697494627.622,48.686,1800.0,4.5,10.7,normal
1697494628.124,47.712,1800.0,4.4,10.7,normal
1697494628.627,48.686,1800.0,6.0,10.7,normal
1697494629.129,48.199,1800.0,2.5,10.7,normal
1697494629.632,48.199,1800.0,4.5,10.7,normal
1697494630.135,48.199,1800.0,5.0,10.7,normal
1697494630.637,49.66,1800.0,5.0,10.7,normal
1697494631.14,49.173,1800.0,3.0,10.7,normal
1697494631.645,48.686,700.0,4.4,10.7,normal
1697494632.15,48.686,600.0,6.9,10.6,normal
1697494632.654,49.173,1800.0,27.0,10.5,normal
1697494633.156,49.173,1800.0,26.9,10.7,normal
1697494633.659,48.686,1800.0,5.4,10.7,normal
1697494634.161,48.199,1800.0,3.5,10.7,normal
1697494634.664,48.686,1800.0,3.5,10.7,normal
1697494635.167,49.66,1800.0,3.5,10.7,normal
1697494635.669,49.66,1800.0,3.5,10.7,normal
1697494636.172,48.199,1800.0,3.5,10.8,normal
1697494636.674,49.173,1800.0,4.0,10.8,normal
1697494637.177,48.199,1800.0,4.0,10.8,normal
1697494637.682,48.199,600.0,5.0,10.8,normal
1697494638.188,48.199,600.0,6.4,10.7,normal
1697494638.691,49.173,1800.0,22.6,10.4,normal
1697494639.194,48.199,1800.0,33.0,10.7,normal
1697494639.696,48.686,1800.0,2.5,10.7,normal
1697494640.199,47.712,1800.0,4.5,10.7,normal
1697494640.702,48.686,1800.0,3.0,10.7,normal
1697494641.204,49.173,1800.0,3.5,10.7,normal
1697494641.707,48.686,1800.0,3.5,10.7,normal
1697494642.209,48.199,1800.0,3.5,10.7,normal
1697494642.712,48.686,1800.0,3.0,10.7,normal
1697494643.214,47.225,1800.0,4.0,10.7,normal
1697494643.72,47.712,600.0,3.0,10.7,normal
1697494644.226,47.225,600.0,2.0,10.7,normal
1697494644.729,48.199,1800.0,17.3,10.1,normal
1697494645.231,48.199,1800.0,37.8,10.7,normal
1697494645.734,49.173,1800.0,6.4,10.7,normal
1697494646.237,47.712,1800.0,2.5,10.7,normal
1697494646.739,48.686,1800.0,5.0,10.7,normal
1697494647.242,48.199,1800.0,3.0,10.7,normal
1697494647.744,48.686,1800.0,4.0,10.7,normal
1697494648.247,48.199,1800.0,3.5,10.7,normal
1697494648.749,49.173,1800.0,5.4,10.7,normal
1697494649.252,48.199,1800.0,3.5,10.7,normal
1697494649.756,47.712,1100.0,4.5,10.7,normal
1697494650.26,47.225,900.0,4.5,10.7,normal
1697494650.763,47.225,1800.0,10.0,9.7,normal
1697494651.265,48.686,1800.0,28.4,10.5,normal
1697494651.768,48.686,1800.0,20.8,10.7,normal
1697494652.27,48.199,1800.0,4.0,10.7,normal
1697494652.773,48.199,1800.0,4.0,10.7,normal
1697494653.275,48.686,1800.0,4.0,10.7,normal
1697494653.778,48.686,1800.0,3.5,10.7,normal
1697494654.28,48.199,1800.0,3.0,10.7,normal
1697494654.783,47.712,1800.0,2.5,10.7,normal
1697494655.286,47.712,1800.0,3.5,10.7,normal
1697494655.79,47.712,700.0,2.5,10.7,normal
1697494656.295,46.251,900.0,4.5,10.7,normal
1697494656.798,47.712,1800.0,14.0,10.1,normal
1697494657.3,49.173,1800.0,37.2,10.6,normal
1697494657.803,47.712,1800.0,6.5,10.6,normal
1697494658.306,47.712,1800.0,4.0,10.6,normal
1697494658.808,47.225,1800.0,3.5,10.6,normal
1697494659.311,47.712,1800.0,3.0,10.6,normal
1697494659.813,47.712,1800.0,3.5,10.6,normal
1697494660.316,49.173,1800.0,2.5,10.6,normal
1697494660.818,47.712,1800.0,4.5,10.7,normal
1697494661.321,46.738,1800.0,4.5,10.7,normal
1697494661.826,47.712,700.0,3.4,10.7,normal
1697494662.331,47.712,800.0,5.4,10.7,normal
1697494662.834,48.199,1800.0,18.0,10.2,normal
1697494663.336,49.173,1800.0,37.5,10.6,normal
1697494663.839,47.225,1800.0,4.0,10.6,normal
1697494664.342,48.199,1800.0,3.5,10.6,normal
1697494664.844,48.199,1800.0,3.5,10.6,normal
1697494665.347,47.712,1800.0,4.0,10.6,normal
1697494665.849,49.173,1800.0,2.5,10.7,normal
1697494666.352,47.712,1800.0,2.0,10.7,normal
1697494666.854,47.712,1800.0,4.9,10.7,normal
1697494667.357,47.225,1800.0,2.0,10.7,normal
1697494667.862,46.738,600.0,2.5,10.7,normal
1697494668.367,47.712,900.0,5.5,10.7,normal
1697494668.869,47.712,1800.0,8.5,9.5,normal
1697494669.373,47.225,1800.0,29.9,10.5,normal
1697494669.875,48.199,1800.0,21.8,10.6,normal
1697494670.378,48.199,1800.0,3.0,10.6,normal
1697494670.88,47.225,1800.0,3.0,10.6,normal
1697494671.383,47.712,1800.0,3.5,10.6,normal
1697494671.885,47.712,1800.0,3.5,10.7,normal
1697494672.388,46.738,1800.0,4.5,10.7,normal
1697494672.891,47.712,1800.0,3.0,10.7,normal
1697494673.393,47.225,1800.0,2.0,10.7,normal
1697494673.898,47.712,700.0,3.5,10.7,normal
1697494674.404,47.225,600.0,5.9,10.7,normal
1697494674.908,46.251,800.0,5.4,10.7,normal
1697494675.411,48.686,1800.0,26.9,10.5,normal
1697494675.914,47.712,1800.0,26.9,10.7,normal
1697494676.416,47.712,1800.0,4.0,10.7,normal
1697494676.919,48.199,1800.0,3.0,10.7,normal
1697494677.422,47.225,1800.0,3.5,10.7,normal
1697494677.924,48.686,1800.0,3.5,10.7,normal
1697494678.427,47.712,1800.0,6.4,10.7,normal
1697494678.929,47.712,1800.0,2.5,10.7,normal
1697494679.432,48.686,1800.0,3.0,10.7,normal
1697494679.934,47.712,1800.0,3.5,10.7,normal
1697494680.44,46.738,600.0,5.0,10.7,normal
1697494680.943,47.225,1800.0,11.3,9.6,normal
1697494681.447,47.712,1800.0,28.9,10.5,normal
1697494681.95,47.225,1800.0,21.6,10.6,normal
1697494682.452,47.225,1800.0,3.0,10.6,normal
1697494682.955,47.225,1800.0,4.5,10.6,normal
1697494683.457,47.225,1800.0,3.5,10.6,normal
1697494683.96,46.738,1800.0,4.4,10.6,normal
1697494684.462,47.712,1800.0,3.0,10.6,normal
1697494684.965,47.712,1800.0,4.4,10.6,normal
1697494685.468,47.712,1800.0,3.0,10.6,normal
1697494685.972,47.225,700.0,4.0,10.6,normal
1697494686.478,46.738,600.0,4.0,10.6,normal
1697494686.984,46.738,600.0,4.5,10.6,normal
1697494687.487,47.225,1800.0,28.4,10.5,normal
1697494687.99,47.712,1800.0,26.6,10.7,normal
1697494688.493,46.738,1800.0,2.0,10.7,normal
1697494688.995,48.199,1800.0,3.5,10.6,normal
1697494689.498,47.712,1800.0,4.4,10.6,normal
1697494690.0,47.712,1800.0,2.5,10.6,normal
1697494690.503,47.712,1800.0,4.0,10.6,normal
1697494691.006,47.225,1800.0,3.5,10.6,normal
1697494691.508,48.199,1800.0,3.5,10.6,normal
1697494692.011,47.225,1800.0,3.5,10.6,normal
1697494692.516,47.712,600.0,3.9,10.6,normal
1697494693.022,47.712,600.0,4.4,10.6,normal
1697494693.525,48.199,1800.0,22.1,10.4,normal
1697494694.031,47.712,1800.0,32.8,10.6,normal
1697494694.534,48.199,1800.0,3.9,10.6,normal
1697494695.036,48.199,1800.0,2.5,10.6,normal
1697494695.539,47.225,1800.0,4.0,10.6,normal
1697494696.042,47.225,1800.0,3.0,10.6,normal
1697494696.544,47.225,1800.0,2.5,10.6,normal
1697494697.047,46.251,1800.0,3.0,10.6,normal
1697494697.549,48.199,1800.0,3.0,10.6,normal
1697494698.052,47.712,1800.0,3.5,10.6,normal
1697494698.557,47.225,600.0,4.5,10.6,normal
1697494699.068,47.225,600.0,4.4,10.6,normal
1697494699.571,46.251,1800.0,14.5,10.2,normal
1697494700.074,48.199,1800.0,37.0,10.6,normal
1697494700.577,47.712,1800.0,5.0,10.7,normal
1697494701.079,47.712,1800.0,4.0,10.7,normal
1697494701.582,47.712,1800.0,3.5,10.7,normal
1697494702.084,47.225,1800.0,3.5,10.7,normal
1697494702.587,47.225,1800.0,3.5,10.6,normal
1697494703.09,48.199,1800.0,3.5,10.6,normal
1697494703.592,47.225,1800.0,4.9,10.6,normal
1697494704.095,45.764,1800.0,4.5,10.6,normal
1697494704.6,46.738,700.0,3.0,10.7,normal
1697494705.105,47.225,600.0,4.5,10.7,normal
1697494705.613,47.712,600.0,9.8,10.5,normal
1697494706.117,47.712,1800.0,30.0,10.5,normal
1697494706.619,48.199,1800.0,23.0,10.7,normal
1697494707.122,47.225,1800.0,3.9,10.7,normal
1697494707.624,48.199,1800.0,3.0,10.7,normal
1697494708.127,47.712,1800.0,4.0,10.7,normal
1697494708.63,47.712,1800.0,4.0,10.7,normal
1697494709.132,49.173,1800.0,2.5,10.7,normal
1697494709.635,48.199,1800.0,3.0,10.7,normal
1697494710.137,47.225,1800.0,3.0,10.7,normal
1697494710.641,48.199,1525.0,5.0,10.7,normal
1697494711.147,47.225,600.0,5.0,10.7,normal
1697494711.653,46.738,600.0,4.5,10.7,normal
1697494712.157,47.225,1800.0,24.4,10.4,normal
1697494712.659,47.712,1800.0,31.7,10.7,normal
1697494713.162,47.225,1800.0,2.5,10.7,normal
1697494713.664,48.199,1800.0,4.5,10.7,normal
1697494714.167,47.712,1800.0,3.0,10.7,normal
1697494714.67,46.738,1800.0,4.0,10.7,normal
1697494715.172,47.225,1800.0,3.5,10.7,normal
1697494715.675,47.712,1800.0,3.5,10.7,normal
1697494716.177,48.199,1800.0,4.0,10.7,normal
1697494716.68,47.225,1800.0,3.5,10.7,normal
1697494717.184,47.225,900.0,4.0,10.7,normal
1697494717.69,47.225,600.0,5.0,10.6,normal
1697494718.193,48.686,1800.0,29.0,10.4,normal
1697494718.695,47.225,1800.0,26.9,10.6,normal
1697494719.198,47.712,1800.0,3.9,10.6,normal
1697494719.701,47.712,1800.0,2.5,10.6,normal
1697494720.203,48.199,1800.0,4.0,10.6,normal
1697494720.706,48.199,1800.0,4.0,10.6,normal
1697494721.208,46.738,1800.0,3.0,10.6,normal
1697494721.711,46.251,1800.0,3.9,10.6,normal
1697494722.213,46.738,1800.0,3.5,10.6,normal
1697494722.716,47.712,1800.0,3.0,10.6,normal
1697494723.222,45.764,600.0,5.4,10.6,normal
1697494723.726,46.738,900.0,9.0,9.9,normal
1697494724.229,49.173,1800.0,28.9,10.5,normal
1697494724.732,46.738,1800.0,22.4,10.6,normal
1697494725.234,47.712,1800.0,2.0,10.6,normal
1697494725.737,47.225,1800.0,2.5,10.6,normal
1697494726.239,47.225,1800.0,5.0,10.6,normal
1697494726.742,46.738,1800.0,0.5,10.6,normal
1697494727.244,47.712,1800.0,4.0,10.6,normal
1697494727.747,46.738,1800.0,3.5,10.6,normal
1697494728.25,46.251,1800.0,0.0,10.6,normal
1697494728.752,45.764,1800.0,3.5,10.6,normal
1697494729.258,46.738,600.0,2.5,10.6,normal
1697494729.763,45.764,600.0,2.5,10.6,normal
1697494730.267,47.712,1800.0,27.7,10.4,normal
1697494730.769,46.738,1800.0,30.2,10.6,normal
1697494731.272,47.225,1800.0,4.0,10.6,normal
1697494731.775,47.225,1800.0,3.5,10.6,normal
1697494732.277,47.712,1800.0,3.5,10.7,normal
1697494732.78,46.738,1800.0,2.5,10.7,normal
1697494733.282,47.225,1800.0,2.0,10.7,normal
1697494733.785,47.225,1800.0,3.5,10.7,normal
1697494734.287,48.686,1800.0,3.0,10.7,normal
1697494734.79,48.199,1800.0,3.0,10.6,normal
1697494735.294,46.738,1100.0,6.4,10.7,normal
1697494735.797,46.251,1100.0,5.0,10.7,normal
1697494736.3,47.225,1800.0,18.0,10.3,normal
1697494736.803,47.225,1800.0,37.8,10.6,normal
1697494737.306,46.251,1800.0,3.5,10.7,normal
1697494737.808,46.738,1800.0,3.0,10.7,normal
1697494738.311,47.712,1800.0,3.5,10.7,normal
1697494738.813,46.738,1800.0,2.5,10.7,normal
1697494739.316,47.712,1800.0,1.5,10.7,normal
1697494739.818,47.225,1800.0,3.5,10.7,normal
1697494740.321,47.225,1800.0,2.5,10.7,normal
1697494740.824,46.251,1800.0,3.0,10.7,normal
1697494741.328,46.251,900.0,4.5,10.7,normal
1697494741.832,46.738,900.0,5.0,10.7,normal
1697494742.335,47.225,1800.0,21.0,10.4,normal
1697494742.837,47.712,1800.0,32.5,10.7,normal
1697494743.34,47.712,1800.0,5.0,10.7,normal
1697494743.842,46.738,1800.0,3.5,10.7,normal
1697494744.345,48.199,1800.0,3.0,10.7,normal
1697494744.848,46.738,1800.0,3.5,10.7,normal
1697494745.35,46.738,1800.0,3.0,10.7,normal
1697494745.853,46.738,1800.0,4.0,10.7,normal
1697494746.355,47.225,1800.0,3.5,10.7,normal
1697494746.858,46.738,1800.0,3.5,10.7,normal
1697494747.362,46.738,900.0,4.5,10.7,normal
1697494747.868,46.738,750.0,3.0,10.7,normal
1697494748.371,46.251,1800.0,13.5,10.2,normal
1697494748.874,47.712,1800.0,38.3,10.6,normal
1697494749.376,47.225,1800.0,5.0,10.6,normal
1697494749.879,46.738,1800.0,3.5,10.6,normal
1697494750.381,46.738,1800.0,4.5,10.6,normal
1697494750.884,47.225,1800.0,3.5,10.6,normal
1697494751.387,47.225,1800.0,3.0,10.6,normal
1697494751.889,47.225,1800.0,4.4,10.6,normal
1697494752.392,46.251,1800.0,4.5,10.6,normal
1697494752.894,47.225,1800.0,4.0,10.6,normal
1697494753.398,46.251,900.0,4.5,10.6,normal
1697494753.903,47.225,700.0,4.9,10.6,normal
1697494754.407,47.225,1800.0,9.5,10.0,normal
1697494754.91,47.225,1800.0,27.9,10.5,normal
1697494755.412,46.251,1800.0,20.3,10.6,normal
1697494755.915,47.712,1800.0,3.5,10.6,normal
1697494756.417,47.225,1800.0,4.5,10.6,normal
1697494756.92,46.251,1800.0,3.0,10.6,normal
1697494757.422,46.738,1800.0,3.5,10.6,normal
1697494757.925,46.738,1800.0,3.0,10.6,normal
1697494758.427,47.225,1800.0,5.0,10.6,normal
1697494758.93,45.764,1800.0,3.0,10.6,normal
1697494759.434,47.225,800.0,4.0,10.6,normal
1697494759.939,46.738,800.0,4.5,10.6,normal
1697494760.444,45.764,600.0,5.9,10.6,normal
1697494760.947,47.225,1800.0,26.1,10.4,normal
1697494761.45,47.712,1800.0,27.6,10.6,normal
1697494761.952,47.225,1800.0,4.0,10.6,normal
1697494762.455,46.738,1800.0,4.0,10.6,normal
1697494762.958,46.251,1800.0,3.5,10.6,normal
1697494763.46,47.225,1800.0,4.5,10.6,normal
1697494763.963,47.225,1800.0,3.5,10.6,normal
1697494764.465,46.251,1800.0,4.0,10.6,normal
1697494764.968,47.225,1800.0,3.0,10.6,normal
1697494765.47,46.738,1800.0,3.0,10.6,normal
1697494765.975,46.738,800.0,5.4,10.6,normal
1697494766.48,46.251,600.0,5.9,10.6,normal
1697494766.983,47.225,1800.0,19.4,10.3,normal
1697494767.486,47.712,1800.0,35.0,10.7,normal
1697494767.988,46.738,1800.0,3.0,10.7,normal
1697494768.491,47.225,1800.0,5.0,10.7,normal
1697494768.993,46.251,1800.0,4.0,10.7,normal
1697494769.496,47.712,1800.0,3.5,10.7,normal
1697494769.999,47.712,1800.0,3.5,10.7,normal
1697494770.501,47.712,1800.0,4.5,10.7,normal
1697494771.004,45.764,1800.0,2.5,10.7,normal
1697494771.506,46.738,1800.0,3.5,10.7,normal
1697494772.012,46.251,600.0,3.4,10.7,normal
1697494772.518,46.738,600.0,5.4,10.7,normal
1697494773.021,47.225,1800.0,12.0,10.1,normal
1697494773.524,47.225,1800.0,36.0,10.6,normal
1697494774.027,45.764,1800.0,10.4,10.6,normal
1697494774.53,47.225,1800.0,4.0,10.6,normal
1697494775.032,46.738,1800.0,3.0,10.6,normal
1697494775.535,46.738,1800.0,3.5,10.6,normal
1697494776.037,45.764,1800.0,12.9,10.7,normal
1697494776.54,46.251,1800.0,4.4,10.7,normal
1697494777.043,46.251,1800.0,3.0,10.7,normal
1697494777.545,46.251,1800.0,4.4,10.6,normal
1697494778.05,47.712,650.0,4.0,10.6,normal
1697494778.556,46.738,600.0,5.4,10.6,normal
1697494779.061,46.738,800.0,7.0,10.6,normal
1697494779.563,47.712,1800.0,29.7,10.4,normal
1697494780.066,47.712,1800.0,24.5,10.6,normal
1697494780.569,46.738,1800.0,3.0,10.6,normal
1697494781.071,47.225,1800.0,3.5,10.6,normal
1697494781.574,46.251,1800.0,2.5,10.6,normal
1697494782.076,47.225,1800.0,2.5,10.6,normal
1697494782.579,46.738,1800.0,3.5,10.6,normal
1697494783.081,47.225,1800.0,3.5,10.6,normal
1697494783.584,47.225,1800.0,4.5,10.6,normal
1697494784.086,47.225,1800.0,4.0,10.6,normal
1697494784.592,47.225,600.0,3.4,10.7,normal
1697494785.096,46.251,1800.0,11.9,9.6,normal
1697494785.6,46.738,1800.0,29.1,10.5,normal
1697494786.103,46.738,1800.0,17.9,10.6,normal
1697494786.606,46.738,1800.0,4.0,10.6,normal
1697494787.108,46.738,1800.0,4.0,10.6,normal
1697494787.611,46.738,1800.0,3.0,10.6,normal
1697494788.113,45.764,1800.0,3.5,10.6,normal
1697494788.616,47.712,1800.0,5.5,10.6,normal
1697494789.119,47.225,1800.0,2.0,10.6,normal
1697494789.622,46.738,1800.0,3.5,10.6,normal
1697494790.127,47.225,700.0,3.0,10.6,normal
1697494790.633,46.738,600.0,7.4,10.7,normal
1697494791.136,47.225,1800.0,16.0,10.1,normal
1697494791.639,46.738,1800.0,38.5,10.6,normal
1697494792.141,48.686,1800.0,5.0,10.6,normal
1697494792.644,46.251,1800.0,1.5,10.6,normal
1697494793.146,47.225,1800.0,4.5,10.6,normal
1697494793.649,46.251,1800.0,4.5,10.6,normal
1697494794.151,46.738,1800.0,2.5,10.7,normal
1697494794.654,46.251,1800.0,3.5,10.7,normal
1697494795.156,46.738,1800.0,3.5,10.7,normal
1697494795.659,46.738,1800.0,4.5,10.7,normal
1697494796.164,47.225,700.0,4.9,10.7,normal
1697494796.668,46.251,900.0,4.0,10.7,normal
1697494797.174,47.225,700.0,8.5,10.1,normal
1697494797.677,47.225,1800.0,28.9,10.4,normal
1697494798.18,47.712,1800.0,22.4,10.6,normal
1697494798.682,46.738,1800.0,4.5,10.6,normal
1697494799.185,46.738,1800.0,3.5,10.6,normal
1697494799.687,46.251,1800.0,3.5,10.6,normal
1697494800.19,46.251,1800.0,3.0,10.6,normal
1697494800.692,47.225,1800.0,3.0,10.7,normal
1697494801.195,46.738,1800.0,4.0,10.7,normal
1697494801.697,47.712,1800.0,4.0,10.7,normal
1697494802.201,46.251,1800.0,3.4,10.7,normal
1697494802.705,46.251,900.0,5.0,10.7,normal
1697494803.208,46.738,1800.0,12.6,10.1,normal
1697494803.711,47.225,1800.0,38.4,10.6,normal
1697494804.214,46.251,1800.0,8.0,10.6,normal
1697494804.716,46.738,1800.0,3.0,10.6,normal
1697494805.219,47.225,1800.0,3.5,10.6,normal
1697494805.721,47.225,1800.0,2.5,10.6,normal
1697494806.224,46.251,1800.0,3.4,10.6,normal
1697494806.727,45.764,1800.0,3.5,10.6,normal
1697494807.229,47.712,1800.0,4.0,10.6,normal
1697494807.732,47.225,1800.0,3.5,10.6,normal
1697494808.236,46.251,900.0,4.0,10.6,normal
1697494808.74,47.225,1000.0,7.4,10.6,normal
1697494809.243,46.738,1800.0,18.4,10.1,normal
1697494809.745,48.199,1800.0,35.9,10.6,normal
1697494810.248,47.225,1800.0,3.9,10.6,normal
1697494810.75,46.738,1800.0,4.5,10.6,normal
1697494811.253,46.251,1800.0,4.5,10.6,normal
1697494811.755,46.738,1800.0,3.0,10.6,normal
1697494812.258,47.225,1800.0,3.0,10.6,normal
1697494812.76,46.738,1800.0,4.4,10.6,normal
1697494813.263,46.738,1800.0,4.0,10.6,normal
1697494813.766,46.251,1800.0,4.0,10.6,normal
1697494814.27,46.251,800.0,4.4,10.6,normal
1697494814.774,46.738,1000.0,5.9,10.6,normal
1697494815.277,46.738,1800.0,10.9,9.8,normal
1697494815.78,46.738,1800.0,31.3,10.5,normal
1697494816.282,45.764,1800.0,16.4,10.6,normal
1697494816.785,48.199,1800.0,3.5,10.6,normal
1697494817.288,48.199,1800.0,5.0,10.6,normal
1697494817.79,47.225,1800.0,3.0,10.6,normal
1697494818.293,47.712,1800.0,5.0,10.6,normal
1697494818.795,46.738,1800.0,4.0,10.6,normal
1697494819.298,46.738,1800.0,4.5,10.6,normal
1697494819.8,47.712,1800.0,3.5,10.6,normal
1697494820.305,46.251,700.0,3.9,10.6,normal
1697494820.81,45.764,900.0,3.5,10.7,normal
1697494821.313,46.738,1800.0,14.9,10.2,normal
1697494821.816,48.199,1800.0,37.0,10.6,normal
1697494822.318,47.225,1800.0,6.0,10.6,normal
1697494822.821,47.225,1800.0,2.5,10.7,normal
1697494823.323,47.225,1800.0,4.5,10.7,normal
1697494823.826,46.251,1800.0,2.5,10.7,normal
1697494824.328,46.251,1800.0,2.5,10.7,normal
1697494824.831,46.251,1800.0,4.0,10.6,normal
1697494825.334,45.764,1800.0,2.5,10.6,normal
1697494825.836,46.738,1800.0,4.5,10.7,normal
1697494826.342,47.712,600.0,3.4,10.6,normal
1697494826.846,46.738,800.0,4.0,10.6,normal
1697494827.351,45.277,800.0,7.9,10.0,normal
1697494827.855,46.738,1800.0,29.4,10.5,normal
1697494828.357,46.738,1800.0,22.6,10.6,normal
1697494828.859,47.225,1800.0,3.0,10.6,normal
1697494829.362,46.251,1800.0,3.0,10.6,normal
1697494829.864,46.251,1800.0,2.5,10.6,normal
1697494830.367,46.738,1800.0,3.5,10.6,normal
1697494830.87,46.251,1800.0,3.0,10.6,normal
1697494831.372,47.712,1800.0,3.5,10.7,normal
1697494831.875,46.738,1800.0,3.5,10.7,normal
1697494832.377,45.764,1800.0,3.5,10.7,normal
1697494832.882,47.225,700.0,4.9,10.7,normal
1697494833.386,45.764,1000.0,6.0,10.7,normal
1697494833.889,46.738,1800.0,24.4,10.4,normal
1697494834.392,46.738,1800.0,31.2,10.6,normal
1697494834.895,46.738,1800.0,3.5,10.6,normal
1697494835.397,46.251,1800.0,3.0,10.6,normal
1697494835.9,46.738,1800.0,3.5,10.6,normal
1697494836.402,46.738,1800.0,4.0,10.6,normal
1697494836.905,45.764,1800.0,3.5,10.6,normal
1697494837.407,47.225,1800.0,3.5,10.6,normal
1697494837.91,47.225,1800.0,3.0,10.6,normal
1697494838.412,46.251,1800.0,4.5,10.7,normal
1697494838.916,45.764,900.0,4.0,10.6,normal
1697494839.423,47.225,900.0,5.0,10.6,normal
1697494839.926,46.251,1800.0,29.1,10.4,normal
1697494840.429,47.712,1800.0,26.0,10.6,normal
1697494840.931,46.251,1800.0,1.5,10.7,normal
1697494841.438,46.738,1800.0,2.5,10.7,normal
1697494841.941,47.225,1800.0,4.5,10.7,normal
1697494842.443,46.738,1800.0,3.5,10.7,normal
1697494842.946,46.251,1800.0,4.5,10.7,normal
1697494843.448,46.738,1800.0,4.5,10.7,normal
1697494843.951,46.738,1800.0,3.0,10.7,normal
1697494844.453,46.738,1800.0,3.5,10.7,normal
1697494844.958,46.738,700.0,5.4,10.7,normal
1697494845.463,47.712,800.0,9.0,9.6,normal
1697494845.966,47.225,1800.0,26.4,10.6,normal
1697494846.473,46.738,1800.0,21.3,10.7,normal
1697494846.976,47.225,1800.0,2.5,10.7,normal
1697494847.478,46.738,1800.0,3.0,10.7,normal
1697494847.981,46.251,1800.0,2.5,10.7,normal
1697494848.483,46.251,1800.0,4.5,10.7,normal
1697494848.986,46.251,1800.0,2.0,10.7,normal
1697494849.489,45.764,1800.0,1.0,10.7,normal
1697494849.991,46.251,1800.0,5.5,10.7,normal
1697494850.496,46.738,700.0,3.5,10.7,normal
1697494851.002,46.251,600.0,4.5,10.7,normal
1697494851.508,46.251,1800.0,14.8,10.1,normal
1697494852.012,47.712,1800.0,36.8,10.6,normal
1697494852.514,47.225,1800.0,9.4,10.6,normal
1697494853.017,46.738,1800.0,3.0,10.6,normal
1697494853.519,48.199,1800.0,4.5,10.6,normal
1697494854.022,46.738,1800.0,3.5,10.6,normal
1697494854.525,47.712,1800.0,3.5,10.6,normal
1697494855.027,47.225,1800.0,3.0,10.6,normal
1697494855.53,46.738,1800.0,3.5,10.6,normal
1697494856.032,46.251,1800.0,4.0,10.6,normal
1697494856.537,46.251,700.0,4.0,10.6,normal
1697494857.043,46.738,600.0,3.9,10.6,normal
1697494857.546,46.251,1800.0,17.9,10.2,normal
1697494858.049,48.686,1800.0,37.0,10.6,normal
1697494858.551,46.251,1800.0,6.9,10.7,normal
1697494859.054,46.738,1800.0,3.5,10.7,normal
1697494859.556,46.738,1800.0,2.5,10.7,normal
1697494860.059,46.738,1800.0,3.5,10.7,normal
1697494860.562,46.738,1800.0,3.5,10.7,normal
1697494861.065,46.738,1800.0,3.5,10.7,normal
1697494861.567,46.251,1800.0,3.0,10.7,normal
1697494862.07,46.738,1800.0,4.5,10.7,normal
1697494862.573,47.712,1800.0,3.0,10.7,normal
1697494863.078,45.764,600.0,3.5,10.7,normal
1697494863.581,46.738,1800.0,21.0,10.4,normal
1697494864.084,47.225,1800.0,33.7,10.7,normal
1697494864.587,48.199,1800.0,2.5,10.7,normal
1697494865.089,46.251,1800.0,2.0,10.7,normal
1697494865.592,45.764,1800.0,2.5,10.7,normal
1697494866.094,46.738,1800.0,3.0,10.7,normal
1697494866.597,47.225,1800.0,3.0,10.6,normal
1697494867.099,46.251,1800.0,2.5,10.6,normal
1697494867.602,46.738,1800.0,4.4,10.7,normal
1697494868.104,46.251,1800.0,3.0,10.6,normal
1697494868.61,46.738,600.0,4.5,10.7,normal
1697494869.116,46.251,600.0,2.5,10.7,normal
1697494869.619,46.738,1800.0,12.5,10.2,normal
1697494870.121,46.738,1800.0,35.7,10.6,normal
1697494870.624,46.738,1800.0,3.5,10.7,normal
1697494871.127,46.738,1800.0,8.3,10.6,normal
1697494871.629,46.251,1800.0,3.0,10.6,normal
1697494872.132,46.738,1800.0,3.5,10.6,normal
1697494872.634,47.225,1800.0,3.5,10.7,normal
1697494873.137,46.738,1800.0,3.5,10.7,normal
1697494873.639,46.738,1800.0,4.5,10.7,normal
1697494874.142,46.251,1800.0,3.0,10.7,normal
1697494874.648,46.738,600.0,4.5,10.7,normal
1697494875.152,46.251,900.0,5.9,10.7,normal
1697494875.66,46.251,1800.0,8.4,10.2,normal
1697494876.163,47.712,1800.0,28.0,10.5,normal
1697494876.666,47.225,1800.0,22.0,10.7,normal
1697494877.168,47.225,1800.0,3.5,10.7,normal
1697494877.671,46.251,1800.0,1.5,10.7,normal
1697494878.173,47.225,1800.0,4.5,10.7,normal
1697494878.676,46.738,1800.0,5.9,10.7,normal
1697494879.178,47.712,1800.0,3.0,10.6,normal
1697494879.681,46.251,1800.0,3.9,10.6,normal
1697494880.183,46.738,1800.0,3.0,10.7,normal
1697494880.688,46.251,700.0,5.4,10.6,normal
1697494881.194,46.738,600.0,5.4,10.6,normal
1697494881.699,46.251,700.0,4.0,10.7,normal
1697494882.203,46.738,1800.0,26.9,10.5,normal
1697494882.706,45.764,1800.0,28.0,10.7,normal
1697494883.209,46.251,1800.0,3.5,10.7,normal
1697494883.711,45.764,1800.0,4.9,10.7,normal
1697494884.214,47.225,1800.0,2.5,10.7,normal
1697494884.716,47.225,1800.0,2.5,10.7,normal
1697494885.219,46.738,1800.0,4.0,10.7,normal
1697494885.721,47.712,1800.0,4.0,10.7,normal
1697494886.224,46.738,1800.0,3.0,10.7,normal
1697494886.727,45.277,1800.0,3.5,10.7,normal
1697494887.23,44.79,1100.0,6.0,10.7,normal
1697494887.737,45.277,1200.0,7.4,10.0,normal
1697494888.24,45.764,1800.0,27.9,10.5,normal
1697494888.742,47.225,1800.0,24.0,10.7,normal
1697494889.245,46.738,1800.0,4.5,10.7,normal
1697494889.747,46.738,1800.0,3.5,10.7,normal
1697494890.25,46.251,1800.0,4.0,10.7,normal
1697494890.752,45.764,1800.0,3.0,10.7,normal
1697494891.255,46.251,1800.0,4.0,10.7,normal
1697494891.757,46.738,1800.0,3.5,10.7,normal
1697494892.26,46.251,1800.0,3.5,10.7,normal
1697494892.763,46.251,1800.0,3.0,10.7,normal
1697494893.267,46.738,900.0,6.4,10.7,normal
1697494893.771,46.251,800.0,4.0,10.7,normal
1697494894.274,46.738,1800.0,24.6,10.4,normal
1697494894.777,46.738,1800.0,31.3,10.7,normal
1697494895.279,46.251,1800.0,4.0,10.7,normal
1697494895.782,46.251,1800.0,3.5,10.7,normal
1697494896.284,45.764,1800.0,3.0,10.7,normal
1697494896.787,46.738,1800.0,4.5,10.7,normal
1697494897.29,45.764,1800.0,3.5,10.7,normal
1697494897.792,47.225,1800.0,3.0,10.7,normal
1697494898.295,46.738,1800.0,4.9,10.7,normal
1697494898.797,46.738,1800.0,3.0,10.7,normal
1697494899.302,46.251,800.0,4.5,10.7,normal
1697494899.807,46.738,600.0,4.0,10.7,normal
1697494900.31,47.712,1800.0,16.8,10.2,normal
1697494900.813,47.225,1800.0,37.2,10.6,normal
1697494901.316,47.225,1800.0,4.0,10.6,normal
1697494901.818,46.251,1800.0,3.5,10.6,normal
1697494902.321,45.764,1800.0,3.5,10.6,normal
1697494902.823,47.225,1800.0,2.5,10.6,normal
1697494903.326,45.764,1800.0,5.9,10.6,normal
1697494903.828,46.251,1800.0,2.5,10.7,normal
1697494904.331,46.738,1800.0,3.5,10.7,normal
1697494904.834,45.764,1800.0,3.0,10.6,normal
1697494905.339,47.225,600.0,3.5,10.7,normal
1697494905.844,45.277,800.0,2.0,10.7,normal
1697494906.348,46.251,1800.0,12.4,9.9,normal
1697494906.851,47.225,1800.0,31.5,10.6,normal
1697494907.354,46.738,1800.0,13.5,10.7,normal
1697494907.856,45.764,1800.0,3.0,10.7,normal
1697494908.359,46.738,1800.0,3.5,10.7,normal
1697494908.862,46.251,1800.0,4.0,10.7,normal
1697494909.364,46.738,1800.0,4.5,10.7,normal
1697494909.867,45.764,1800.0,4.0,10.7,normal
1697494910.369,47.225,1800.0,2.5,10.7,normal
1697494910.872,46.251,1800.0,3.0,10.7,normal
1697494911.376,46.251,800.0,4.0,10.7,normal
1697494911.881,46.738,800.0,5.0,10.7,normal
1697494912.383,46.251,1800.0,16.5,10.2,normal
1697494912.886,47.712,1800.0,37.2,10.6,normal
1697494913.389,46.251,1800.0,5.9,10.6,normal
1697494913.891,46.738,1800.0,4.0,10.6,normal
1697494914.394,47.225,1800.0,3.0,10.6,normal
1697494914.896,45.277,1800.0,3.5,10.6,normal
1697494915.399,45.764,1800.0,4.5,10.6,normal
1697494915.902,47.225,1800.0,3.5,10.7,normal
1697494916.404,46.738,1800.0,3.9,10.7,normal
1697494916.907,45.764,1800.0,3.5,10.7,normal
1697494917.411,46.251,800.0,4.5,10.7,normal
1697494917.916,46.251,800.0,4.5,10.7,normal
1697494918.419,45.277,1800.0,9.0,9.6,normal
1697494918.922,46.251,1800.0,28.7,10.5,normal
1697494919.425,47.225,1800.0,21.1,10.6,normal
1697494919.927,47.225,1800.0,3.5,10.6,normal
1697494920.43,45.764,1800.0,3.5,10.6,normal
1697494920.932,47.225,1800.0,2.5,10.6,normal
1697494921.435,46.738,1800.0,5.0,10.6,normal
1697494921.937,47.225,1800.0,3.5,10.6,normal
1697494922.44,46.251,1800.0,4.0,10.6,normal
1697494922.942,46.251,1800.0,3.0,10.6,normal
1697494923.447,46.251,700.0,4.9,10.6,normal
1697494923.952,45.764,800.0,5.9,10.6,normal
1697494924.455,47.712,1800.0,15.0,10.2,normal
1697494924.958,47.225,1800.0,37.5,10.6,normal
1697494925.46,46.251,1800.0,5.4,10.7,normal
1697494925.963,46.251,1800.0,4.0,10.7,normal
1697494926.466,46.738,1800.0,3.5,10.7,normal
1697494926.968,45.764,1800.0,3.5,10.7,normal
1697494927.471,46.251,1800.0,3.5,10.7,normal
1697494927.973,47.225,1800.0,3.5,10.7,normal
1697494928.476,47.225,1800.0,4.5,10.7,normal
1697494928.978,46.251,1800.0,3.5,10.7,normal
1697494929.483,45.764,700.0,4.4,10.7,normal
1697494929.988,45.764,800.0,5.0,10.7,normal
1697494930.491,46.251,1800.0,20.5,10.4,normal
1697494930.993,46.738,1800.0,34.8,10.7,normal
1697494931.496,46.251,1800.0,3.0,10.7,normal
1697494931.999,46.738,1800.0,3.5,10.7,normal
1697494932.501,47.712,1800.0,4.5,10.7,normal
1697494933.004,46.251,1800.0,3.0,10.7,normal
1697494933.506,46.251,1800.0,4.0,10.7,normal
1697494934.009,46.251,1800.0,3.5,10.7,normal
1697494934.511,46.738,1800.0,4.5,10.7,normal
1697494935.014,45.764,1800.0,3.0,10.7,normal
1697494935.519,47.225,600.0,4.0,10.7,normal
1697494936.024,45.764,700.0,4.4,10.7,normal
1697494936.528,46.738,1800.0,27.4,10.3,normal
1697494937.03,47.225,1800.0,29.1,10.6,normal
1697494937.533,47.712,1800.0,3.0,10.6,normal
1697494938.035,46.738,1800.0,3.5,10.6,normal
1697494938.538,47.225,1800.0,4.5,10.6,normal
1697494939.04,46.738,1800.0,3.0,10.6,normal
1697494939.543,47.225,1800.0,3.5,10.6,normal
1697494940.046,46.738,1800.0,3.5,10.6,normal
1697494940.548,47.712,1800.0,2.5,10.6,normal
1697494941.051,46.738,1800.0,5.0,10.7,normal
1697494941.556,46.738,600.0,3.5,10.7,normal
1697494942.062,46.738,600.0,4.0,10.6,normal
1697494942.565,45.764,1800.0,28.1,10.5,normal
1697494943.068,47.225,1800.0,26.7,10.6,normal
1697494943.57,46.251,1800.0,4.5,10.6,normal
1697494944.073,46.738,1800.0,3.0,10.6,normal
1697494944.576,47.712,1800.0,3.0,10.6,normal
1697494945.078,45.764,1800.0,3.5,10.6,normal
1697494945.581,45.764,1800.0,3.5,10.6,normal
1697494946.083,45.764,1800.0,4.0,10.6,normal
1697494946.586,47.225,1800.0,2.5,10.6,normal
1697494947.089,46.738,1800.0,2.5,10.6,normal
1697494947.594,45.764,600.0,3.0,10.6,normal
1697494948.1,47.712,600.0,5.0,10.6,normal
1697494948.603,46.251,1800.0,24.8,10.3,normal
1697494949.106,46.738,1800.0,34.0,10.6,normal
1697494949.608,45.764,1800.0,2.0,10.6,normal
1697494950.111,46.738,1800.0,3.5,10.6,normal
1697494950.613,46.251,1800.0,4.5,10.6,normal
1697494951.116,46.251,1800.0,2.5,10.6,normal
1697494951.619,46.251,1800.0,4.5,10.6,normal
1697494952.121,46.251,1800.0,3.0,10.6,normal
1697494952.623,45.277,1800.0,3.0,10.6,normal
1697494953.126,45.764,1800.0,3.0,10.6,normal
1697494953.631,47.225,600.0,6.0,10.6,normal
1697494954.138,46.251,600.0,3.0,10.6,normal
1697494954.64,46.738,1800.0,15.5,10.2,normal
1697494955.143,47.712,1800.0,37.0,10.6,normal
1697494955.646,46.738,1800.0,6.0,10.6,normal
1697494956.148,46.251,1800.0,2.5,10.6,normal
1697494956.651,47.225,1800.0,4.9,10.6,normal
1697494957.154,46.738,1800.0,3.5,10.6,normal
1697494957.656,46.738,1800.0,4.5,10.6,normal
1697494958.159,46.251,1800.0,3.0,10.6,normal
1697494958.662,47.225,1800.0,4.0,10.7,normal
1697494959.164,46.251,1800.0,3.5,10.6,normal
1697494959.668,46.251,900.0,4.0,10.6,normal
1697494960.174,45.764,600.0,5.4,10.7,normal
1697494960.68,45.764,600.0,6.4,10.6,normal
1697494961.183,47.712,1800.0,28.1,10.5,normal
1697494961.686,46.738,1800.0,24.3,10.6,normal
1697494962.188,46.251,1800.0,3.5,10.6,normal
1697494962.691,45.764,1800.0,3.0,10.6,normal
1697494963.194,46.251,1800.0,3.5,10.6,normal
1697494963.696,46.738,1800.0,5.5,10.6,normal
1697494964.199,46.251,1800.0,3.0,10.6,normal
1697494964.701,46.738,1800.0,3.9,10.6,normal
1697494965.204,46.251,1800.0,4.0,10.6,normal
1697494965.708,45.764,800.0,3.5,10.6,normal
1697494966.213,46.251,800.0,5.4,10.6,normal
1697494966.717,45.277,800.0,2.0,10.6,normal
1697494967.22,47.225,1800.0,23.3,10.4,normal
1697494967.723,46.738,1800.0,28.1,10.6,normal
1697494968.226,47.225,1800.0,2.0,10.6,normal
1697494968.728,45.277,1800.0,6.5,10.6,normal
1697494969.231,46.738,1800.0,2.0,10.6,normal
1697494969.733,45.764,1800.0,2.5,10.6,normal
1697494970.236,46.738,1800.0,2.0,10.7,normal
1697494970.738,46.251,1800.0,2.5,10.7,normal
1697494971.241,46.738,1800.0,3.5,10.7,normal
1697494971.744,45.764,1800.0,3.0,10.7,normal
1697494972.248,47.712,900.0,4.5,10.7,normal
1697494972.752,46.251,1000.0,6.4,10.6,normal
1697494973.255,46.251,1800.0,27.5,10.6,normal
1697494973.757,46.251,1800.0,26.1,10.7,normal
1697494974.26,45.764,1800.0,3.5,10.7,normal
1697494974.762,46.251,1800.0,5.4,10.7,normal
1697494975.265,47.225,1800.0,2.5,10.7,normal
1697494975.767,46.251,1800.0,3.5,10.7,normal
1697494976.27,46.738,1800.0,3.5,10.7,normal
1697494976.772,46.251,1800.0,4.9,10.7,normal
1697494977.275,45.764,1800.0,3.0,10.7,normal
1697494977.778,46.251,1800.0,4.0,10.7,normal
1697494978.283,46.738,600.0,5.4,10.7,normal
1697494978.787,45.764,1275.0,12.9,9.9,normal
1697494979.29,48.199,1800.0,32.3,10.6,normal
1697494979.793,46.738,1800.0,15.0,10.7,normal
1697494980.295,47.225,1800.0,2.5,10.7,normal
1697494980.798,46.251,1800.0,4.0,10.7,normal
1697494981.3,46.738,1800.0,4.0,10.7,normal
1697494981.803,45.764,1800.0,2.5,10.7,normal
1697494982.305,45.764,1800.0,3.0,10.7,normal
1697494982.808,45.764,1800.0,3.5,10.7,normal
1697494983.311,47.225,1800.0,5.4,10.7,normal
1697494983.815,45.277,700.0,3.5,10.7,normal
1697494984.321,45.764,600.0,4.0,10.7,normal
1697494984.826,46.251,700.0,4.5,10.6,normal
1697494985.33,46.738,1800.0,29.4,10.4,normal
1697494985.832,46.738,1800.0,27.0,10.7,normal
1697494986.335,46.738,1800.0,3.0,10.7,normal
1697494986.837,46.251,1800.0,3.0,10.7,normal
1697494987.34,45.764,1800.0,4.0,10.7,normal
1697494987.843,46.251,1800.0,2.5,10.7,normal
1697494988.345,46.251,1800.0,3.0,10.7,normal
1697494988.848,46.251,1800.0,3.5,10.7,normal
1697494989.351,45.764,1800.0,4.0,10.7,normal
1697494989.853,46.251,1800.0,2.0,10.7,normal
1697494990.359,46.251,600.0,4.0,10.7,normal
1697494990.864,46.251,600.0,3.9,10.7,normal
1697494991.367,47.225,1800.0,21.5,10.3,normal
1697494991.87,47.712,1800.0,34.3,10.7,normal
1697494992.372,46.251,1800.0,3.0,10.6,normal
1697494992.875,45.277,1800.0,4.0,10.6,normal
1697494993.378,46.251,1800.0,4.9,10.6,normal
1697494993.88,47.225,1800.0,3.5,10.6,normal
1697494994.383,46.738,1800.0,2.0,10.6,normal
1697494994.885,45.764,1800.0,3.0,10.6,normal
1697494995.388,45.764,1800.0,3.0,10.6,normal
1697494995.89,46.251,1800.0,3.5,10.6,normal
1697494996.395,46.738,700.0,3.5,10.6,normal
1697494996.9,45.764,700.0,4.0,10.6,normal
1697494997.404,46.251,1800.0,25.0,10.4,normal
1697494997.907,46.738,1800.0,30.5,10.7,normal
1697494998.409,47.225,1800.0,4.0,10.7,normal
1697494998.912,47.225,1800.0,4.0,10.7,normal
1697494999.414,46.738,1800.0,3.0,10.7,normal
1697494999.917,46.251,1800.0,3.5,10.7,normal
1697495000.419,46.738,1800.0,3.0,10.7,normal
1697495000.922,47.225,1800.0,3.0,10.7,normal
1697495001.424,45.764,1800.0,3.5,10.7,normal
1697495001.927,46.738,1800.0,4.4,10.7,normal
1697495002.432,44.79,600.0,3.5,10.7,normal
1697495002.939,45.764,600.0,4.5,10.7,normal
1697495003.442,47.225,1800.0,29.7,10.5,normal
1697495003.945,47.225,1800.0,25.5,10.7,normal
1697495004.447,47.225,1800.0,3.0,10.7,normal
1697495004.95,46.251,1800.0,4.0,10.7,normal
1697495005.452,45.764,1800.0,3.0,10.7,normal
1697495005.955,46.738,1800.0,4.5,10.7,normal
1697495006.457,46.738,1800.0,2.5,10.7,normal
1697495006.96,47.225,1800.0,3.5,10.7,normal
1697495007.462,46.738,1800.0,4.0,10.7,normal
1697495007.965,47.225,1800.0,4.0,10.7,normal
1697495008.469,46.738,900.0,5.5,10.7,normal
1697495008.974,46.738,800.0,5.0,10.7,normal
1697495009.477,45.764,1800.0,21.5,10.3,normal
1697495009.979,47.225,1800.0,35.7,10.7,normal
1697495010.482,46.738,1800.0,3.5,10.7,normal
1697495010.984,46.738,1800.0,3.0,10.7,normal
1697495011.487,46.738,1800.0,3.0,10.7,normal
1697495011.99,45.764,1800.0,4.4,10.7,normal
1697495012.492,45.764,1800.0,3.0,10.7,normal
1697495012.995,45.764,1800.0,3.0,10.7,normal
1697495013.497,46.738,1800.0,4.5,10.7,normal
1697495014.0,45.764,1800.0,4.0,10.7,normal
1697495014.504,45.277,900.0,4.5,10.7,normal
1697495015.009,46.738,600.0,4.5,10.7,normal
1697495015.513,46.251,1800.0,25.6,10.4,normal
1697495016.015,47.225,1800.0,30.3,10.7,normal
1697495016.518,46.738,1800.0,3.5,10.7,normal
1697495017.021,47.225,1800.0,3.0,10.7,normal
1697495017.523,46.738,1800.0,3.9,10.7,normal
1697495018.026,46.251,1800.0,4.0,10.7,normal
1697495018.528,45.764,1800.0,3.5,10.7,normal
1697495019.031,45.764,1800.0,4.5,10.7,normal
1697495019.533,46.738,1800.0,3.5,10.7,normal
1697495020.036,45.277,1800.0,3.5,10.7,normal
1697495020.542,46.251,600.0,3.5,10.7,normal
1697495021.048,45.764,600.0,4.0,10.7,normal
1697495021.551,47.225,1800.0,19.3,10.2,normal
1697495022.053,47.712,1800.0,37.1,10.6,normal
1697495022.555,46.738,1800.0,3.5,10.6,normal
1697495023.058,45.764,1800.0,3.5,10.6,normal
1697495023.56,46.738,1800.0,4.9,10.6,normal
1697495024.063,46.738,1800.0,4.5,10.6,normal
1697495024.566,47.225,1800.0,3.0,10.6,normal
1697495025.068,45.764,1800.0,3.5,10.6,normal
1697495025.571,46.251,1800.0,3.5,10.6,normal
1697495026.073,45.764,1800.0,2.5,10.6,normal
1697495026.579,45.764,600.0,3.9,10.7,normal
1697495027.085,46.251,600.0,1.5,10.7,normal
1697495027.589,45.764,1800.0,10.0,10.1,normal
1697495028.092,46.738,1800.0,31.3,10.6,normal
1697495028.6,46.251,1800.0,14.7,10.7,normal
1697495029.103,46.251,1800.0,5.0,10.7,normal
1697495029.605,46.738,1800.0,3.0,10.7,normal
1697495030.108,46.251,1800.0,2.0,10.7,normal
1697495030.611,45.277,1800.0,4.5,10.7,normal
1697495031.114,47.712,1800.0,2.5,10.7,normal
1697495031.616,47.225,1800.0,4.0,10.7,normal
1697495032.119,46.738,1800.0,2.5,10.7,normal
1697495032.624,46.251,700.0,5.0,10.7,normal
1697495033.132,46.251,600.0,4.4,10.7,normal
1697495033.641,46.251,1800.0,14.9,10.2,normal
1697495034.146,48.199,1800.0,38.6,10.6,normal
1697495034.648,47.225,1800.0,5.0,10.7,normal
1697495035.151,47.225,1800.0,3.5,10.7,normal
1697495035.654,46.738,1800.0,4.0,10.7,normal
1697495036.156,47.712,1800.0,4.5,10.7,normal
1697495036.659,46.251,1800.0,4.0,10.7,normal
1697495037.161,46.251,1800.0,3.5,10.7,normal
1697495037.664,46.738,1800.0,3.0,10.7,normal
1697495038.167,45.277,1800.0,3.5,10.7,normal
1697495038.67,46.738,1000.0,5.9,10.7,normal
1697495039.175,46.251,700.0,5.0,10.7,normal
1697495039.679,46.251,1200.0,8.0,10.5,normal
1697495040.182,47.225,1800.0,28.6,10.5,normal
1697495040.685,46.738,1800.0,22.1,10.7,normal
1697495041.187,46.738,1800.0,4.0,10.7,normal
1697495041.69,46.738,1800.0,3.5,10.7,normal
1697495042.193,47.225,1800.0,3.5,10.7,normal
1697495042.695,46.251,1800.0,5.0,10.7,normal
1697495043.198,46.251,1800.0,3.9,10.7,normal
1697495043.7,46.251,1800.0,2.5,10.7,normal
1697495044.203,47.225,1800.0,4.0,10.7,normal
1697495044.708,45.764,700.0,3.5,10.7,normal
1697495045.212,46.738,800.0,4.5,10.7,normal
1697495045.717,46.251,900.0,5.0,10.7,normal
1697495046.22,47.225,1800.0,25.9,10.3,normal
1697495046.723,46.738,1800.0,28.3,10.6,normal
1697495047.225,44.79,1800.0,4.5,10.6,normal
1697495047.728,47.225,1800.0,3.0,10.6,normal
1697495048.23,46.251,1800.0,3.5,10.6,normal
1697495048.733,45.764,1800.0,5.0,10.6,normal
1697495049.235,46.738,1800.0,3.5,10.6,normal
1697495049.738,47.225,1800.0,3.9,10.7,normal
1697495050.241,47.225,1800.0,3.0,10.7,normal
1697495050.743,45.764,1800.0,3.0,10.7,normal
1697495051.247,46.738,900.0,4.9,10.7,normal
1697495051.752,45.764,900.0,7.5,10.5,normal
1697495052.255,46.738,1800.0,28.9,10.4,normal
1697495052.757,47.225,1800.0,22.2,10.6,normal
1697495053.26,46.738,1800.0,4.9,10.6,normal
1697495053.763,46.738,1800.0,4.5,10.6,normal
1697495054.265,46.738,1800.0,4.4,10.6,normal
1697495054.768,47.225,1800.0,3.5,10.6,normal
1697495055.27,46.738,1800.0,2.5,10.7,normal
1697495055.773,46.251,1800.0,4.0,10.7,normal
1697495056.275,46.251,1800.0,3.5,10.7,normal
1697495056.778,45.764,1800.0,3.5,10.7,normal
1697495057.282,46.738,800.0,4.9,10.7,normal
1697495057.787,45.764,700.0,5.0,10.7,normal
1697495058.291,45.764,1800.0,26.5,10.4,normal
1697495058.794,46.251,1800.0,29.6,10.6,normal
1697495059.296,47.225,1800.0,4.0,10.7,normal
1697495059.799,47.225,1800.0,4.0,10.7,normal
1697495060.302,45.764,1800.0,3.0,10.7,normal
1697495060.804,45.277,1800.0,2.5,10.7,normal
1697495061.307,46.251,1800.0,3.0,10.7,normal
1697495061.809,46.251,1800.0,4.5,10.7,normal
1697495062.312,46.738,1800.0,2.5,10.7,normal
1697495062.814,46.251,1800.0,3.5,10.7,normal
1697495063.319,45.764,800.0,5.0,10.7,normal
1697495063.824,46.251,600.0,5.0,10.7,normal
1697495064.327,46.251,1800.0,18.3,10.3,normal
1697495064.83,46.738,1800.0,37.0,10.6,normal
1697495065.333,47.225,1800.0,3.0,10.6,normal
1697495065.835,46.251,1800.0,4.0,10.6,normal
1697495066.338,46.251,1800.0,4.5,10.6,normal
1697495066.84,46.738,1800.0,3.0,10.6,normal
1697495067.343,46.738,1800.0,3.0,10.6,normal
1697495067.846,47.225,1800.0,3.0,10.6,normal
1697495068.348,46.251,1800.0,5.9,10.6,normal
1697495068.851,45.277,1800.0,3.9,10.6,normal
1697495069.356,46.251,600.0,3.5,10.7,normal
1697495069.861,46.251,800.0,5.0,10.7,normal
1697495070.363,46.251,1800.0,22.8,10.3,normal
1697495070.866,46.738,1800.0,34.0,10.6,normal
1697495071.369,46.251,1800.0,3.0,10.6,normal
1697495071.871,45.764,1800.0,2.5,10.6,normal
1697495072.374,46.251,1800.0,2.0,10.7,normal
1697495072.876,45.764,1800.0,3.0,10.7,normal
1697495073.379,46.738,1800.0,4.0,10.7,normal
1697495073.881,45.277,1800.0,2.5,10.7,normal
1697495074.384,45.764,1800.0,3.0,10.7,normal
1697495074.886,45.764,1800.0,3.5,10.7,normal
1697495075.391,45.764,700.0,3.5,10.7,normal
1697495075.897,46.251,600.0,4.5,10.7,normal
1697495076.399,46.251,1800.0,13.4,10.1,normal
1697495076.903,46.251,1800.0,35.0,10.6,normal
1697495077.405,45.764,1800.0,10.0,10.7,normal
1697495077.908,46.738,1800.0,3.5,10.7,normal
1697495078.411,45.764,1800.0,4.5,10.7,normal
1697495078.913,45.764,1800.0,4.4,10.7,normal
1697495079.416,46.251,1800.0,2.5,10.7,normal
1697495079.918,46.738,1800.0,4.0,10.7,normal
1697495080.421,46.738,1800.0,3.5,10.7,normal
1697495080.923,45.277,1800.0,3.0,10.7,normal
1697495081.428,46.251,700.0,4.4,10.7,normal
1697495081.934,45.764,600.0,5.9,10.7,normal
1697495082.439,46.251,800.0,5.4,10.7,normal
1697495082.942,46.738,1800.0,28.4,10.4,normal
1697495083.444,46.738,1800.0,27.0,10.6,normal
1697495083.947,46.251,1800.0,3.0,10.6,normal
1697495084.449,46.251,1800.0,4.0,10.6,normal
1697495084.952,46.738,1800.0,3.5,10.6,normal
1697495085.455,46.251,1800.0,3.0,10.6,normal
1697495085.957,46.251,1800.0,3.0,10.6,normal
1697495086.459,46.251,1800.0,2.5,10.6,normal
1697495086.962,46.738,1800.0,1.5,10.6,normal
1697495087.464,45.764,1800.0,3.0,10.6,normal
1697495087.967,45.764,1800.0,7.5,10.7,normal
1697495088.471,47.225,1800.0,9.5,9.9,normal
1697495088.974,46.251,1800.0,33.0,10.6,normal
1697495089.477,45.764,1800.0,14.9,10.6,normal
1697495089.98,46.251,1800.0,5.5,10.6,normal
1697495090.482,46.738,1800.0,6.0,10.7,normal
1697495090.985,47.225,1800.0,5.0,10.7,normal
1697495091.487,46.251,1800.0,3.0,10.7,normal
1697495091.99,47.225,1800.0,4.5,10.7,normal
1697495092.492,46.251,1800.0,3.0,10.7,normal
1697495092.997,46.251,800.0,4.0,10.7,normal
1697495093.502,45.764,700.0,5.5,10.7,normal
1697495094.007,46.738,700.0,5.0,10.7,normal
1697495094.51,45.764,1800.0,17.3,10.2,normal
1697495095.012,47.712,1800.0,37.2,10.6,normal
1697495095.515,46.738,1800.0,4.0,10.6,normal
1697495096.018,46.738,1800.0,5.0,10.6,normal
1697495096.52,46.251,1800.0,3.5,10.6,normal
1697495097.023,45.764,1800.0,3.9,10.6,normal
1697495097.525,46.738,1800.0,3.0,10.6,normal
1697495098.028,45.764,1800.0,4.0,10.6,normal
1697495098.53,46.251,1800.0,5.0,10.6,normal
1697495099.033,44.79,1800.0,3.5,10.6,normal
1697495099.537,45.764,800.0,3.5,10.6,normal
1697495100.042,46.251,800.0,5.0,10.7,normal
1697495100.546,45.764,900.0,10.4,9.7,normal
1697495101.05,46.738,1800.0,29.7,10.5,normal
1697495101.552,46.251,1800.0,20.6,10.7,normal
1697495102.055,47.225,1800.0,4.5,10.7,normal
1697495102.557,46.251,1800.0,3.0,10.7,normal
1697495103.06,46.251,1800.0,3.5,10.7,normal
1697495103.562,46.251,1800.0,4.5,10.7,normal
1697495104.065,46.738,1800.0,4.5,10.7,normal
1697495104.567,45.764,1800.0,4.0,10.7,normal
1697495105.07,46.251,1800.0,3.0,10.7,normal
1697495105.575,45.764,700.0,3.9,10.7,normal
1697495106.081,46.251,600.0,3.5,10.7,normal
1697495106.586,45.764,800.0,5.9,10.7,normal
1697495107.089,46.738,1800.0,28.2,10.4,normal
1697495107.592,46.738,1800.0,28.1,10.6,normal
1697495108.094,46.738,1800.0,5.4,10.6,normal
1697495108.597,45.764,1800.0,4.0,10.7,normal
1697495109.1,46.738,1800.0,4.9,10.7,normal
1697495109.602,46.251,1800.0,3.0,10.6,normal
1697495110.105,46.251,1800.0,4.5,10.7,normal
1697495110.608,46.738,1800.0,4.0,10.7,normal
1697495111.11,45.764,1800.0,3.0,10.7,normal
1697495111.613,46.738,1800.0,3.5,10.7,normal
1697495112.118,47.225,600.0,6.4,10.7,normal
1697495112.623,45.764,900.0,5.0,10.7,normal
1697495113.126,47.225,1800.0,19.4,10.3,normal
1697495113.628,47.225,1800.0,39.8,10.6,normal
1697495114.131,46.251,1800.0,3.0,10.6,normal
1697495114.634,46.251,1800.0,5.5,10.6,normal
1697495115.136,45.764,1800.0,3.5,10.6,normal
1697495115.639,46.251,1800.0,3.0,10.6,normal
1697495116.141,47.225,1800.0,2.5,10.6,normal
1697495116.644,46.251,1800.0,4.5,10.6,normal
1697495117.147,46.738,1800.0,3.0,10.6,normal
1697495117.649,46.251,1800.0,3.5,10.6,normal
1697495118.156,45.277,700.0,5.0,10.6,normal
1697495118.66,46.251,1100.0,7.4,10.6,normal
1697495119.165,47.225,1800.0,13.3,9.9,normal
1697495119.668,47.225,1800.0,31.5,10.5,normal
1697495120.171,46.251,1800.0,16.4,10.6,normal
1697495120.674,46.251,1800.0,3.5,10.6,normal
1697495121.176,46.251,1800.0,3.0,10.6,normal
1697495121.679,46.251,1800.0,4.4,10.6,normal
1697495122.181,46.251,1800.0,3.0,10.6,normal
1697495122.684,46.251,1800.0,3.5,10.6,normal
1697495123.186,46.738,1800.0,4.4,10.6,normal
1697495123.689,46.251,1800.0,3.0,10.6,normal
1697495124.194,46.738,700.0,4.0,10.7,normal
1697495124.701,47.712,600.0,5.9,10.7,normal
1697495125.205,46.251,900.0,5.0,10.6,normal
1697495125.709,47.225,1800.0,30.2,10.4,normal
1697495126.211,46.738,1800.0,25.5,10.6,normal
1697495126.714,45.764,1800.0,3.5,10.6,normal
1697495127.216,46.251,1800.0,4.0,10.6,normal
1697495127.719,46.251,1800.0,3.0,10.6,normal
1697495128.222,46.738,1800.0,5.4,10.6,normal
1697495128.724,46.738,1800.0,4.9,10.6,normal
1697495129.227,46.251,1800.0,3.0,10.6,normal
1697495129.729,46.738,1800.0,3.0,10.6,normal
1697495130.232,45.764,1800.0,4.5,10.6,normal
1697495130.736,46.738,900.0,3.5,10.7,normal
1697495131.24,46.251,1100.0,8.7,10.7,normal
1697495131.743,47.225,1800.0,26.1,10.3,normal
1697495132.245,46.738,1800.0,33.8,10.6,normal
1697495132.748,46.738,1800.0,4.4,10.6,normal
1697495133.251,47.225,1800.0,4.5,10.6,normal
1697495133.753,46.251,1800.0,4.0,10.6,normal
1697495134.256,47.225,1800.0,4.0,10.6,normal
1697495134.758,45.764,1800.0,3.0,10.6,normal
1697495135.261,47.712,1800.0,4.9,10.6,normal
1697495135.763,46.738,1800.0,4.0,10.6,normal
1697495136.266,45.764,1800.0,3.5,10.6,normal
1697495136.77,45.277,1000.0,5.0,10.6,normal
1697495137.274,45.764,800.0,4.0,10.6,normal
1697495137.777,45.764,1800.0,15.6,10.2,normal
1697495138.28,46.738,1800.0,37.5,10.6,normal
1697495138.782,46.251,1800.0,6.0,10.7,normal
1697495139.285,46.251,1800.0,3.0,10.7,normal
1697495139.787,46.251,1800.0,3.5,10.7,normal
1697495140.29,46.738,1800.0,3.0,10.7,normal
1697495140.792,46.738,1800.0,5.0,10.7,normal
1697495141.295,45.764,1800.0,3.5,10.7,normal
1697495141.798,45.764,1800.0,3.0,10.7,normal
1697495142.3,45.764,1800.0,4.0,10.7,normal
1697495142.805,46.738,800.0,4.5,10.7,normal
1697495143.309,45.764,800.0,5.0,10.7,normal
1697495143.812,46.738,1800.0,19.8,10.3,normal
1697495144.315,47.225,1800.0,37.4,10.6,normal
1697495144.817,47.225,1800.0,4.0,10.6,normal
1697495145.32,46.251,1800.0,5.0,10.6,normal
1697495145.822,47.712,1800.0,7.4,10.6,normal
1697495146.325,45.764,1800.0,3.0,10.6,normal
1697495146.827,46.251,1800.0,3.9,10.6,normal
1697495147.33,44.79,1800.0,3.0,10.6,normal
1697495147.832,45.764,1800.0,2.0,10.7,normal
1697495148.335,46.251,1800.0,4.0,10.6,normal
1697495148.84,46.738,600.0,5.0,10.6,normal
1697495149.346,45.764,600.0,4.5,10.6,normal
1697495149.849,46.738,1800.0,12.4,9.8,normal
1697495150.352,46.738,1800.0,31.7,10.5,normal
1697495150.855,46.738,1800.0,16.1,10.6,normal
1697495151.358,45.764,1800.0,3.0,10.6,normal
1697495151.86,46.251,1800.0,4.5,10.6,normal
1697495152.363,46.738,1800.0,4.5,10.6,normal
1697495152.865,46.251,1800.0,3.0,10.6,normal
1697495153.368,46.251,1800.0,4.5,10.6,normal
1697495153.87,45.764,1800.0,3.5,10.6,normal
1697495154.373,46.738,1800.0,3.0,10.6,normal
1697495154.878,45.764,700.0,3.0,10.6,normal
1697495155.383,45.277,600.0,3.4,10.6,normal
1697495155.889,45.764,600.0,4.0,10.6,normal
1697495156.392,46.738,1800.0,27.7,10.4,normal
1697495156.895,46.738,1800.0,26.6,10.6,normal
1697495157.398,46.738,1800.0,7.0,10.6,normal
1697495157.9,46.738,1800.0,5.4,10.6,normal
1697495158.403,47.225,1800.0,7.0,10.6,normal
1697495158.905,46.738,1800.0,3.0,10.6,normal
1697495159.408,45.764,1800.0,4.0,10.6,normal
1697495159.91,45.277,1800.0,4.0,10.6,normal
1697495160.413,46.251,1800.0,3.0,10.6,normal
1697495160.915,45.764,1800.0,3.5,10.6,normal
1697495161.421,46.251,600.0,5.0,10.6,normal
1697495161.927,46.251,600.0,5.4,10.6,normal
1697495162.43,46.738,1800.0,22.9,10.2,normal
1697495162.933,46.738,1800.0,34.8,10.6,normal
1697495163.435,46.738,1800.0,4.0,10.6,normal
1697495163.938,45.764,1800.0,3.5,10.6,normal
1697495164.44,44.79,1800.0,4.0,10.6,normal
1697495164.943,46.738,1800.0,3.0,10.6,normal
1697495165.445,46.738,1800.0,4.0,10.6,normal
1697495165.948,46.738,1800.0,3.0,10.6,normal
1697495166.451,45.764,1800.0,4.5,10.7,normal
1697495166.953,45.277,1800.0,2.5,10.7,normal
1697495167.461,45.277,600.0,6.4,10.7,normal
1697495167.967,45.764,600.0,9.0,10.7,normal
1697495168.47,48.199,1800.0,18.5,10.0,normal
1697495168.973,47.712,1800.0,36.2,10.5,normal
1697495169.476,45.764,1800.0,10.4,10.6,normal
1697495169.979,46.251,1800.0,3.0,10.6,normal
1697495170.481,46.251,1800.0,3.0,10.6,normal
1697495170.984,46.251,1800.0,3.5,10.6,normal
1697495171.486,46.738,1800.0,3.5,10.6,normal
1697495171.989,46.251,1800.0,4.0,10.6,normal
1697495172.491,44.79,1800.0,2.0,10.6,normal
1697495172.994,45.764,1800.0,3.5,10.6,normal
1697495173.499,45.764,600.0,4.4,10.7,normal
1697495174.004,46.251,800.0,5.0,10.7,normal
1697495174.507,46.251,1800.0,18.4,10.2,normal
1697495175.01,47.225,1800.0,37.0,10.6,normal
1697495175.513,46.738,1800.0,4.0,10.6,normal
1697495176.015,45.277,1800.0,3.5,10.6,normal
1697495176.518,45.277,1800.0,2.5,10.6,normal
1697495177.02,45.764,1800.0,4.0,10.6,normal
1697495177.523,45.764,1800.0,3.0,10.6,normal
1697495178.025,45.764,1800.0,3.9,10.6,normal
1697495178.528,46.738,1800.0,3.5,10.6,normal
1697495179.031,45.764,1800.0,3.0,10.6,normal
1697495179.535,45.277,800.0,4.5,10.6,normal
1697495180.039,45.764,800.0,4.5,10.6,normal
1697495180.543,45.764,1800.0,11.4,9.7,normal
1697495181.046,45.764,1800.0,31.7,10.5,normal
1697495181.549,47.225,1800.0,16.5,10.6,normal
1697495182.051,47.225,1800.0,4.0,10.6,normal
1697495182.554,46.251,1800.0,3.5,10.6,normal
1697495183.056,45.764,1800.0,4.5,10.6,normal
1697495183.559,45.764,1800.0,5.4,10.6,normal
1697495184.062,46.251,1800.0,1.5,10.6,normal
1697495184.564,45.764,1800.0,3.0,10.6,normal
1697495185.067,46.251,1800.0,4.0,10.6,normal
1697495185.572,46.251,700.0,5.0,10.6,normal
1697495186.076,45.764,800.0,5.0,10.6,normal
1697495186.582,45.764,1000.0,6.8,10.6,normal
1697495187.085,47.712,1800.0,28.5,10.4,normal
1697495187.588,45.764,1800.0,26.7,10.6,normal
1697495188.09,45.764,1800.0,4.5,10.6,normal
1697495188.593,46.738,1800.0,7.0,10.6,normal
1697495189.096,47.225,1800.0,7.0,10.6,normal
1697495189.598,46.251,1800.0,4.5,10.6,normal
1697495190.101,45.764,1800.0,4.0,10.6,normal
1697495190.603,45.764,1800.0,3.5,10.6,normal
1697495191.106,45.764,1800.0,3.5,10.6,normal
1697495191.608,46.251,1800.0,4.0,10.6,normal
1697495192.114,45.764,600.0,5.0,10.6,normal
1697495192.619,46.251,700.0,4.9,10.6,normal
1697495193.123,47.225,1800.0,23.5,10.3,normal
1697495193.626,47.712,1800.0,32.2,10.6,normal
1697495194.128,48.686,1800.0,4.5,10.6,normal
1697495194.631,48.199,1800.0,3.5,10.6,normal
1697495195.134,47.225,1800.0,3.0,10.6,normal
1697495195.636,46.738,1800.0,2.0,10.6,normal
1697495196.139,46.738,1800.0,5.0,10.6,normal
1697495196.641,46.738,1800.0,3.0,10.6,normal
1697495197.144,46.251,1800.0,4.0,10.6,normal
1697495197.647,46.738,1800.0,3.5,10.6,normal
1697495198.151,46.738,1000.0,3.5,10.6,normal
1697495198.656,44.79,600.0,5.9,10.6,normal
1697495199.159,45.764,1800.0,27.9,10.4,normal
1697495199.662,46.251,1800.0,27.5,10.6,normal
1697495200.165,46.738,1800.0,3.0,10.6,normal
1697495200.667,46.738,1800.0,3.5,10.6,normal
1697495201.17,46.738,1800.0,4.0,10.6,normal
1697495201.672,46.251,1800.0,3.5,10.6,normal
1697495202.175,47.712,1800.0,3.5,10.6,normal
1697495202.678,45.277,1800.0,4.0,10.6,normal
1697495203.18,46.251,1800.0,4.0,10.6,normal
1697495203.683,46.251,1800.0,5.0,10.6,normal
1697495204.189,45.764,600.0,2.0,10.6,normal
1697495204.693,46.738,900.0,7.9,10.6,normal
1697495205.196,46.738,1800.0,22.3,10.3,normal
1697495205.699,46.251,1800.0,33.2,10.6,normal
1697495206.201,46.738,1800.0,2.5,10.6,normal
1697495206.704,45.764,1800.0,3.5,10.6,normal
1697495207.206,46.738,1800.0,2.0,10.6,normal
1697495207.709,46.251,1800.0,3.0,10.6,normal
1697495208.211,45.764,1800.0,2.0,10.6,normal
1697495208.714,46.738,1800.0,6.0,10.6,normal
1697495209.216,45.764,1800.0,3.0,10.6,normal
1697495209.719,45.764,1800.0,3.5,10.6,normal
1697495210.223,45.277,1000.0,4.5,10.6,normal
1697495210.727,46.251,900.0,5.0,10.6,normal
1697495211.23,45.764,1800.0,14.4,10.1,normal
1697495211.733,46.251,1800.0,36.0,10.6,normal
1697495212.235,46.738,1800.0,9.9,10.6,normal
1697495212.738,45.764,1800.0,4.0,10.6,normal
1697495213.241,45.277,1800.0,2.5,10.6,normal
1697495213.743,46.738,1800.0,3.0,10.7,normal
1697495214.246,46.251,1800.0,5.0,10.7,normal
1697495214.748,45.764,1800.0,3.5,10.7,normal
1697495215.251,46.251,1800.0,3.5,10.7,normal
1697495215.753,45.764,1800.0,3.5,10.6,normal
1697495216.258,45.764,700.0,4.4,10.6,normal
1697495216.763,44.79,900.0,4.5,10.7,normal
1697495217.266,46.738,1800.0,19.9,10.2,normal
1697495217.768,47.712,1800.0,37.1,10.6,normal
1697495218.271,46.251,1800.0,6.5,10.6,normal
1697495218.774,47.225,1800.0,5.5,10.6,normal
1697495219.276,45.764,1800.0,6.5,10.6,normal
1697495219.779,46.251,1800.0,3.0,10.6,normal
1697495220.282,47.225,1800.0,5.0,10.6,normal
1697495220.784,45.764,1800.0,3.5,10.6,normal
1697495221.287,46.251,1800.0,4.0,10.6,normal
1697495221.789,46.738,1800.0,3.5,10.6,normal
1697495222.293,45.764,900.0,4.0,10.6,normal
1697495222.797,46.738,1000.0,5.9,10.6,normal
1697495223.3,46.251,1800.0,21.9,10.3,normal
1697495223.802,46.251,1800.0,36.9,10.6,normal
1697495224.305,46.251,1800.0,4.0,10.6,normal
1697495224.807,46.738,1800.0,4.0,10.6,normal
1697495225.31,46.251,1800.0,3.5,10.6,normal
1697495225.812,45.764,1800.0,3.0,10.6,normal
1697495226.315,46.251,1800.0,3.5,10.6,normal
1697495226.817,46.738,1800.0,4.0,10.6,normal
1697495227.32,46.738,1800.0,4.0,10.6,normal
1697495227.823,46.251,1800.0,4.0,10.6,normal
1697495228.327,46.251,750.0,4.5,10.6,normal
1697495228.833,45.764,600.0,5.9,10.6,normal
1697495229.336,46.738,1800.0,11.5,9.8,normal
1697495229.84,46.738,1800.0,30.8,10.6,normal
1697495230.343,46.251,1800.0,17.2,10.7,normal
1697495230.845,45.764,1800.0,3.5,10.7,normal
1697495231.348,46.738,1800.0,3.5,10.7,normal
1697495231.85,46.738,1800.0,3.5,10.7,normal
1697495232.353,46.251,1800.0,4.0,10.7,normal
1697495232.855,46.251,1800.0,4.5,10.7,normal
1697495233.358,46.738,1800.0,4.5,10.6,normal
1697495233.86,46.251,1800.0,3.0,10.6,normal
1697495234.365,46.738,700.0,3.0,10.6,normal
1697495234.871,46.251,600.0,5.9,10.6,normal
1697495235.377,45.764,600.0,5.4,10.6,normal
1697495235.88,46.251,1800.0,28.4,10.4,normal
1697495236.382,45.277,1800.0,25.0,10.6,normal
1697495236.885,46.251,1800.0,4.0,10.6,normal
1697495237.387,45.764,1800.0,3.0,10.6,normal
1697495237.89,46.738,1800.0,3.5,10.6,normal
1697495238.393,46.251,1800.0,3.5,10.6,normal
1697495238.895,46.738,1800.0,4.5,10.6,normal
1697495239.398,45.764,1800.0,2.0,10.6,normal
1697495239.9,46.738,1800.0,2.5,10.6,normal
1697495240.403,46.251,1800.0,3.0,10.6,normal
1697495240.908,46.251,600.0,4.9,10.6,normal
1697495241.413,45.277,1200.0,9.5,9.7,normal
1697495241.916,47.225,1800.0,29.7,10.6,normal
1697495242.419,47.225,1800.0,17.4,10.7,normal
1697495242.922,46.251,1800.0,3.0,10.7,normal
1697495243.424,46.738,1800.0,4.5,10.7,normal
1697495243.927,45.764,1800.0,4.0,10.7,normal
1697495244.429,45.277,1800.0,3.0,10.7,normal
1697495244.932,46.738,1800.0,4.0,10.7,normal
1697495245.434,46.251,1800.0,5.0,10.7,normal
1697495245.937,45.277,1800.0,3.0,10.7,normal
1697495246.439,47.712,1800.0,3.0,10.7,normal
1697495246.945,45.764,600.0,5.4,10.7,normal
1697495247.448,46.251,1800.0,16.1,10.2,normal
1697495247.95,48.686,1800.0,37.2,10.6,normal
1697495248.453,47.225,1800.0,7.5,10.6,normal
1697495248.956,46.738,1800.0,3.5,10.6,normal
1697495249.458,46.251,1800.0,4.5,10.6,normal
1697495249.961,46.251,1800.0,2.5,10.6,normal
1697495250.463,46.251,1800.0,3.5,10.6,normal
1697495250.966,44.79,1800.0,3.0,10.6,normal
1697495251.468,45.277,1800.0,3.0,10.7,normal
1697495251.971,46.251,1800.0,4.5,10.6,normal
1697495252.476,46.738,700.0,3.4,10.7,normal
1697495252.981,46.251,600.0,5.4,10.6,normal
1697495253.486,45.764,800.0,8.4,10.5,normal
1697495253.99,46.738,1800.0,30.7,10.5,normal
1697495254.492,46.738,1800.0,24.5,10.7,normal
1697495254.995,46.251,1800.0,3.5,10.7,normal
1697495255.497,46.251,1800.0,3.0,10.7,normal
1697495256.0,46.251,1800.0,5.0,10.7,normal
1697495256.502,46.251,1800.0,3.5,10.7,normal
1697495257.005,46.251,1800.0,4.0,10.7,normal
1697495257.507,45.764,1800.0,2.5,10.7,normal
1697495258.01,45.764,1800.0,4.9,10.7,normal
1697495258.513,46.251,1800.0,4.0,10.7,normal
1697495259.017,45.764,800.0,5.0,10.7,normal
1697495259.521,46.251,800.0,5.0,10.7,normal
1697495260.025,46.251,1800.0,23.5,10.2,normal
1697495260.527,47.225,1800.0,32.7,10.6,normal
1697495261.03,46.738,1800.0,3.5,10.6,normal
1697495261.532,46.738,1800.0,4.0,10.6,normal
1697495262.035,46.251,1800.0,3.5,10.6,normal
1697495262.537,45.764,1800.0,5.0,10.6,normal
1697495263.04,45.277,1800.0,3.5,10.6,normal
1697495263.542,46.251,1800.0,4.5,10.6,normal
1697495264.045,45.764,1800.0,3.5,10.6,normal
1697495264.547,46.738,1800.0,4.0,10.6,normal
1697495265.052,44.79,800.0,4.0,10.6,normal
1697495265.558,44.79,600.0,3.9,10.6,normal
1697495266.061,47.225,1800.0,17.6,10.3,normal
1697495266.563,46.738,1800.0,35.5,10.6,normal
1697495267.066,46.251,1800.0,0.0,10.6,normal
1697495267.568,46.738,1800.0,0.0,10.6,normal
1697495268.071,45.764,1800.0,3.0,10.6,normal
1697495268.573,46.738,1800.0,6.0,10.6,normal
1697495269.076,46.738,1800.0,4.0,10.6,normal
1697495269.579,46.251,1800.0,3.9,10.6,normal
1697495270.082,45.764,1800.0,3.5,10.6,normal
1697495270.584,46.251,1800.0,3.5,10.6,normal
1697495271.095,45.764,700.0,4.9,10.6,normal
1697495271.6,46.251,800.0,5.0,10.6,normal
1697495272.105,47.225,1800.0,12.8,9.9,normal
1697495272.608,44.79,1800.0,32.3,10.5,normal
1697495273.111,46.738,1800.0,16.4,10.6,normal
1697495273.613,46.251,1800.0,4.5,10.6,normal
1697495274.116,45.764,1800.0,3.5,10.6,normal
1697495274.618,45.277,1800.0,2.5,10.6,normal
1697495275.121,46.251,1800.0,4.5,10.6,normal
1697495275.623,46.251,1800.0,3.5,10.6,normal
1697495276.126,45.764,1800.0,2.0,10.6,normal
1697495276.629,46.738,1800.0,4.5,10.6,normal
1697495277.134,46.251,700.0,4.4,10.6,normal
1697495277.638,45.277,900.0,6.0,10.6,normal
1697495278.144,46.251,600.0,5.0,10.6,normal
1697495278.647,46.251,1800.0,29.4,10.4,normal
1697495279.15,46.738,1800.0,24.9,10.6,normal
1697495279.652,46.251,1800.0,3.0,10.6,normal
1697495280.155,46.738,1800.0,2.5,10.6,normal
1697495280.657,46.738,1800.0,2.0,10.6,normal
1697495281.16,45.277,1800.0,4.5,10.6,normal
1697495281.663,45.764,1800.0,3.0,10.6,normal
1697495282.165,47.712,1800.0,3.5,10.6,normal
1697495282.668,46.251,1800.0,2.5,10.6,normal
1697495283.172,47.225,700.0,4.0,10.6,normal
1697495283.678,45.764,600.0,5.4,10.6,normal
1697495284.181,45.277,1800.0,10.4,9.7,normal
1697495284.683,47.712,1800.0,28.4,10.5,normal
1697495285.186,46.251,1800.0,20.4,10.6,normal
1697495285.689,47.225,1800.0,4.0,10.6,normal
1697495286.191,45.764,1800.0,3.0,10.6,normal
1697495286.694,46.251,1800.0,3.5,10.6,normal
1697495287.196,46.738,1800.0,3.5,10.7,normal
1697495287.699,46.738,1800.0,4.9,10.7,normal
1697495288.201,47.225,1800.0,2.5,10.7,normal
1697495288.704,46.738,1800.0,4.5,10.7,normal
1697495289.209,46.251,700.0,4.4,10.7,normal
1697495289.714,46.251,800.0,5.4,10.7,normal
1697495290.217,46.251,1800.0,13.1,10.1,normal
1697495290.721,46.251,1800.0,36.8,10.5,normal
1697495291.223,46.251,1800.0,8.0,10.6,normal
1697495291.726,46.251,1800.0,5.0,10.6,normal
1697495292.229,46.251,1800.0,3.5,10.6,normal
1697495292.731,46.251,1800.0,13.4,10.6,normal
1697495293.234,45.764,1800.0,4.0,10.6,normal
1697495293.736,45.764,1800.0,4.0,10.6,normal
1697495294.239,46.251,1800.0,5.0,10.6,normal
1697495294.741,46.251,1800.0,3.0,10.6,normal
1697495295.245,45.277,900.0,4.5,10.6,normal
1697495295.749,46.738,1000.0,4.0,10.6,normal
1697495296.253,46.251,1100.0,8.4,10.5,normal
1697495296.755,47.712,1800.0,28.0,10.5,normal
1697495297.258,45.764,1800.0,22.2,10.6,normal
1697495297.76,46.738,1800.0,3.5,10.6,normal
1697495298.263,46.251,1800.0,5.0,10.6,normal
1697495298.766,45.764,1800.0,5.0,10.6,normal
1697495299.268,46.251,1800.0,3.0,10.6,normal
1697495299.771,46.738,1800.0,3.5,10.6,normal
1697495300.273,47.225,1800.0,3.5,10.6,normal
1697495300.776,46.251,1800.0,3.9,10.6,normal
1697495301.278,45.764,1800.0,3.0,10.6,normal
1697495301.782,45.277,1000.0,5.4,10.6,normal
1697495302.285,46.251,1800.0,12.4,9.7,normal
1697495302.789,47.712,1800.0,31.3,10.5,normal
1697495303.291,47.225,1800.0,16.5,10.6,normal
1697495303.794,46.251,1800.0,3.5,10.6,normal
1697495304.296,46.251,1800.0,3.0,10.6,normal
1697495304.799,45.764,1800.0,3.5,10.6,normal
1697495305.302,45.764,1800.0,3.5,10.6,normal
1697495305.804,46.738,1800.0,3.5,10.6,normal
1697495306.307,45.764,1800.0,3.5,10.6,normal
1697495306.809,45.764,1800.0,4.0,10.6,normal
1697495307.314,45.277,700.0,5.4,10.6,normal
1697495307.819,45.764,800.0,4.9,10.6,normal
1697495308.322,45.764,1800.0,19.4,10.0,normal
1697495308.825,47.712,1800.0,38.0,10.5,normal
1697495309.327,45.764,1800.0,5.5,10.6,normal
1697495309.83,45.764,1800.0,3.0,10.6,normal
1697495310.332,46.738,1800.0,4.0,10.6,normal
1697495310.835,45.764,1800.0,3.0,10.6,normal
1697495311.337,46.251,1800.0,4.0,10.6,normal
1697495311.84,46.738,1800.0,3.5,10.6,normal
1697495312.342,45.764,1800.0,3.5,10.6,normal
1697495312.845,45.277,1800.0,2.5,10.7,normal
1697495313.35,45.764,700.0,5.0,10.7,normal
1697495313.855,46.251,600.0,5.0,10.7,normal
1697495314.359,45.277,1800.0,10.0,9.8,normal
1697495314.863,47.712,1800.0,31.8,10.5,normal
1697495315.366,46.738,1800.0,16.4,10.6,normal
1697495315.868,46.251,1800.0,4.5,10.6,normal
1697495316.371,46.251,1800.0,4.5,10.6,normal
1697495316.873,46.251,1800.0,3.5,10.6,normal
1697495317.376,46.251,1800.0,3.0,10.6,normal
1697495317.878,45.764,1800.0,4.9,10.6,normal
1697495318.381,47.225,1800.0,4.0,10.7,normal
1697495318.883,46.738,1800.0,3.5,10.7,normal
1697495319.388,46.738,800.0,3.0,10.7,normal
1697495319.892,46.251,800.0,4.0,10.7,normal
1697495320.398,46.251,600.0,5.9,10.6,normal
1697495320.901,46.251,1800.0,27.5,10.4,normal
1697495321.404,46.251,1800.0,26.1,10.6,normal
1697495321.906,46.738,1800.0,2.5,10.6,normal
1697495322.409,45.764,1800.0,4.5,10.6,normal
1697495322.911,45.764,1800.0,2.0,10.6,normal
1697495323.414,46.251,1800.0,4.0,10.6,normal
1697495323.916,45.764,1800.0,3.5,10.6,normal
1697495324.419,45.764,1800.0,3.9,10.6,normal
1697495324.922,45.764,1800.0,3.0,10.6,normal
1697495325.424,46.251,1800.0,3.0,10.6,normal
1697495325.929,45.764,800.0,4.0,10.6,normal
1697495326.433,45.764,800.0,3.5,10.6,normal
1697495326.935,45.277,1800.0,19.2,10.2,normal
1697495327.438,46.738,1800.0,34.7,10.6,normal
1697495327.941,46.738,1800.0,1.5,10.6,normal
1697495328.443,45.764,1800.0,3.0,10.6,normal
1697495328.946,47.225,1800.0,1.5,10.6,normal
1697495329.448,47.225,1800.0,4.0,10.6,normal
1697495329.951,45.764,1800.0,4.5,10.6,normal
1697495330.453,45.764,1800.0,2.5,10.6,normal
1697495330.956,47.225,1800.0,3.5,10.6,normal
1697495331.459,46.251,1800.0,4.0,10.6,normal
1697495331.964,45.764,600.0,3.0,10.6,normal
1697495332.47,45.764,600.0,4.9,10.6,normal
1697495332.973,46.251,1800.0,11.5,10.0,normal
1697495333.477,47.225,1800.0,37.3,10.6,normal
1697495333.979,45.764,1800.0,10.0,10.6,normal
1697495334.482,45.764,1800.0,4.0,10.6,normal
1697495334.984,46.251,1800.0,3.0,10.6,normal
1697495335.487,46.251,1800.0,3.9,10.6,normal
1697495335.989,46.251,1800.0,4.0,10.6,normal
1697495336.492,46.251,1800.0,3.5,10.6,normal
1697495336.995,45.277,1800.0,3.5,10.6,normal
1697495337.497,45.764,1800.0,5.0,10.6,normal
1697495338.002,46.738,700.0,3.5,10.6,normal
1697495338.508,46.251,600.0,5.4,10.6,normal
1697495339.011,45.764,1800.0,16.6,10.2,normal
1697495339.514,47.225,1800.0,38.8,10.6,normal
1697495340.016,45.277,1800.0,3.0,10.6,normal
1697495340.519,47.225,1800.0,3.5,10.6,normal
1697495341.021,47.225,1800.0,4.9,10.6,normal
1697495341.524,46.251,1800.0,4.5,10.6,normal
1697495342.026,46.738,1800.0,4.0,10.6,normal
1697495342.529,45.764,1800.0,2.5,10.6,normal
1697495343.032,46.251,1800.0,4.5,10.6,normal
1697495343.534,45.764,1800.0,3.5,10.6,normal
1697495344.039,46.251,800.0,5.0,10.6,normal
1697495344.544,45.277,600.0,4.4,10.6,normal
1697495345.048,46.251,1800.0,10.5,9.7,normal
1697495345.552,45.764,1800.0,29.5,10.4,normal
1697495346.054,46.251,1800.0,18.8,10.6,normal
1697495346.557,46.251,1800.0,2.5,10.6,normal
1697495347.06,46.251,1800.0,4.0,10.6,normal
1697495347.562,46.251,1800.0,3.0,10.6,normal
1697495348.065,46.251,1800.0,4.9,10.6,normal
1697495348.567,46.251,1800.0,4.5,10.6,normal
1697495349.07,46.251,1800.0,3.9,10.6,normal
1697495349.572,45.764,1800.0,3.5,10.6,normal
1697495350.077,45.764,700.0,4.9,10.6,normal
1697495350.582,46.251,800.0,5.4,10.6,normal
1697495351.085,46.738,1800.0,15.8,10.0,normal
1697495351.587,46.251,1800.0,37.0,10.5,normal
1697495352.09,46.251,1800.0,7.5,10.6,normal
1697495352.593,46.251,1800.0,1.5,10.6,normal
1697495353.095,46.738,1800.0,2.5,10.6,normal
1697495353.598,46.251,1800.0,5.9,10.6,normal
1697495354.101,46.251,1800.0,4.5,10.6,normal
1697495354.604,46.251,1800.0,3.5,10.6,normal
1697495355.106,45.764,1800.0,3.0,10.6,normal
1697495355.609,46.251,1800.0,3.5,10.6,normal
1697495356.113,45.764,800.0,4.5,10.6,normal
1697495356.618,45.764,800.0,4.9,10.6,normal
1697495357.124,45.764,900.0,6.5,10.5,normal
1697495357.627,46.738,1800.0,28.5,10.4,normal
1697495358.13,46.738,1800.0,24.6,10.6,normal
1697495358.632,46.251,1800.0,5.0,10.6,normal
1697495359.135,46.738,1800.0,3.5,10.6,normal
1697495359.637,46.251,1800.0,3.0,10.6,normal
1697495360.14,46.738,1800.0,3.5,10.6,normal
1697495360.642,46.738,1800.0,3.5,10.6,normal
1697495361.145,44.79,1800.0,3.5,10.6,normal
1697495361.647,46.251,1800.0,3.0,10.6,normal
1697495362.15,47.225,1800.0,3.0,10.6,normal
1697495362.655,45.764,600.0,5.5,10.6,normal
1697495363.159,46.251,1800.0,9.5,9.7,normal
1697495363.663,47.225,1800.0,30.0,10.5,normal
1697495364.166,46.251,1800.0,17.9,10.6,normal
1697495364.668,46.251,1800.0,2.5,10.6,normal
1697495365.171,46.251,1800.0,3.5,10.6,normal
1697495365.674,45.764,1800.0,3.0,10.6,normal
1697495366.176,47.225,1800.0,3.0,10.6,normal
1697495366.679,46.251,1800.0,3.5,10.6,normal
1697495367.181,46.738,1800.0,3.5,10.6,normal
1697495367.684,46.251,1800.0,4.0,10.6,normal
1697495368.189,46.251,700.0,4.5,10.6,normal
1697495368.693,45.277,900.0,6.9,10.7,normal
1697495369.197,45.764,900.0,5.0,10.6,normal
1697495369.7,46.251,1800.0,27.9,10.4,normal
1697495370.203,46.251,1800.0,27.2,10.6,normal
1697495370.705,46.251,1800.0,4.0,10.6,normal
1697495371.208,45.764,1800.0,3.0,10.6,normal
1697495371.71,46.738,1800.0,4.4,10.6,normal
1697495372.213,46.738,1800.0,3.0,10.6,normal
1697495372.715,46.251,1800.0,4.4,10.6,normal
1697495373.218,45.764,1800.0,3.0,10.6,normal
1697495373.72,45.764,1800.0,4.0,10.6,normal
1697495374.223,46.738,1800.0,3.5,10.6,normal
1697495374.729,45.764,750.0,3.9,10.6,normal
1697495375.234,46.251,800.0,6.4,10.6,normal
1697495375.738,46.251,1800.0,21.5,10.3,normal
1697495376.241,47.225,1800.0,31.3,10.6,normal
1697495376.743,46.251,1800.0,3.5,10.6,normal
1697495377.246,46.251,1800.0,4.0,10.6,normal
1697495377.748,46.251,1800.0,3.0,10.6,normal
1697495378.251,46.251,1800.0,4.0,10.6,normal
1697495378.754,46.738,1800.0,3.5,10.6,normal
1697495379.256,46.251,1800.0,4.0,10.6,normal
1697495379.759,46.251,1800.0,3.5,10.6,normal
1697495380.261,45.764,1800.0,3.5,10.6,normal
1697495380.766,45.764,800.0,3.5,10.7,normal
1697495381.272,46.251,900.0,6.4,10.6,normal
1697495381.776,46.251,1800.0,27.4,10.3,normal
1697495382.279,46.738,1800.0,27.5,10.6,normal
1697495382.781,46.738,1800.0,4.5,10.6,normal
1697495383.284,46.251,1800.0,3.0,10.6,normal
1697495383.786,45.764,1800.0,4.5,10.6,normal
1697495384.289,45.277,1800.0,3.5,10.6,normal
1697495384.791,45.764,1800.0,3.5,10.6,normal
1697495385.294,45.764,1800.0,3.0,10.6,normal
1697495385.797,46.251,1800.0,3.5,10.6,normal
1697495386.299,45.764,1800.0,1.5,10.6,normal
1697495386.805,46.251,600.0,3.0,10.6,normal
1697495387.31,45.764,600.0,5.4,10.6,normal
1697495387.813,45.277,1800.0,20.4,10.3,normal
1697495388.316,47.712,1800.0,35.3,10.6,normal
1697495388.819,45.277,1800.0,3.5,10.6,normal
1697495389.321,46.251,1800.0,3.0,10.6,normal
1697495389.824,45.277,1800.0,1.5,10.6,normal
1697495390.326,45.764,1800.0,4.0,10.6,normal
1697495390.829,44.79,1800.0,3.5,10.6,normal
1697495391.331,47.225,1800.0,3.5,10.6,normal
1697495391.834,45.764,1800.0,3.5,10.6,normal
1697495392.336,45.277,1800.0,4.5,10.6,normal
1697495392.842,46.251,600.0,5.4,10.6,normal
1697495393.347,45.764,700.0,5.9,10.6,normal
1697495393.85,46.251,1800.0,14.9,10.1,normal
1697495394.353,47.225,1800.0,38.3,10.5,normal
1697495394.855,46.251,1800.0,6.5,10.6,normal
1697495395.358,46.738,1800.0,4.0,10.6,normal
1697495395.86,46.738,1800.0,3.0,10.6,normal
1697495396.363,46.738,1800.0,4.9,10.6,normal
1697495396.866,45.764,1800.0,3.0,10.6,normal
1697495397.368,46.251,1800.0,3.5,10.6,normal
1697495397.871,45.764,1800.0,4.0,10.6,normal
1697495398.373,45.764,1800.0,5.4,10.6,normal
1697495398.879,45.764,600.0,3.4,10.6,normal
1697495399.385,46.251,600.0,4.9,10.6,normal
1697495399.891,45.277,600.0,7.8,10.5,normal
1697495400.394,45.764,1800.0,29.4,10.4,normal
1697495400.896,46.738,1800.0,22.2,10.6,normal
1697495401.399,45.277,1800.0,3.0,10.6,normal
1697495401.902,46.251,1800.0,4.5,10.6,normal
1697495402.404,45.764,1800.0,4.0,10.6,normal
1697495402.907,46.251,1800.0,3.5,10.6,normal
1697495403.409,45.764,1800.0,4.5,10.6,normal
1697495403.912,45.277,1800.0,4.0,10.6,normal
1697495404.414,46.251,1800.0,4.0,10.6,normal
1697495404.919,46.251,800.0,2.5,10.6,normal
1697495405.425,46.251,600.0,5.4,10.6,normal
1697495405.93,45.764,600.0,3.5,10.6,normal
1697495406.433,47.225,1800.0,23.0,10.3,normal
1697495406.936,46.251,1800.0,30.8,10.6,normal
1697495407.438,46.251,1800.0,2.5,10.6,normal
1697495407.941,45.764,1800.0,3.0,10.6,normal
1697495408.444,45.764,1800.0,4.0,10.6,normal
1697495408.946,46.251,1800.0,3.0,10.6,normal
1697495409.449,45.277,1800.0,3.4,10.6,normal
1697495409.951,46.251,1800.0,3.5,10.6,normal
1697495410.454,45.764,1800.0,3.0,10.6,normal
1697495410.956,46.738,1800.0,3.5,10.6,normal
1697495411.462,45.764,600.0,3.9,10.6,normal
1697495411.968,45.764,600.0,4.4,10.6,normal
1697495412.471,46.251,1800.0,17.9,10.1,normal
1697495412.973,47.712,1800.0,36.2,10.6,normal
1697495413.476,46.738,1800.0,2.5,10.6,normal
1697495413.978,46.251,1800.0,4.0,10.6,normal
1697495414.481,45.277,1800.0,3.5,10.6,normal
1697495414.983,45.764,1800.0,2.0,10.6,normal
1697495415.486,46.738,1800.0,4.5,10.6,normal
1697495415.988,45.764,1800.0,3.5,10.6,normal
1697495416.491,45.277,1800.0,4.0,10.6,normal
1697495416.994,46.251,1800.0,3.0,10.6,normal
1697495417.499,46.738,600.0,3.9,10.6,normal
1697495418.005,45.764,600.0,4.9,10.6,normal
1697495418.507,45.277,1800.0,25.0,10.3,normal
1697495419.01,47.225,1800.0,32.0,10.6,normal
1697495419.513,45.764,1800.0,3.5,10.6,normal
1697495420.015,46.251,1800.0,3.0,10.6,normal
1697495420.518,45.764,1800.0,4.0,10.6,normal
1697495421.02,45.764,1800.0,4.0,10.6,normal
1697495421.523,44.79,1800.0,4.0,10.6,normal
1697495422.025,47.225,1800.0,2.5,10.6,normal
1697495422.528,45.277,1800.0,3.5,10.6,normal
1697495423.03,45.764,1800.0,3.5,10.6,normal
1697495423.536,46.251,600.0,5.4,10.6,normal
1697495424.042,45.277,600.0,4.5,10.6,normal
1697495424.545,46.251,1800.0,14.9,10.2,normal
1697495425.047,47.225,1800.0,36.7,10.6,normal
1697495425.55,45.764,1800.0,7.4,10.6,normal
1697495426.052,46.738,1800.0,2.5,10.6,normal
1697495426.555,46.251,1800.0,4.9,10.6,normal
1697495427.058,45.277,1800.0,3.0,10.6,normal
1697495427.56,46.738,1800.0,4.0,10.6,normal
1697495428.063,45.764,1800.0,3.5,10.6,normal
1697495428.565,46.251,1800.0,5.0,10.6,normal
1697495429.068,45.764,1800.0,3.0,10.6,normal
1697495429.573,45.277,600.0,3.5,10.6,normal
1697495430.078,45.764,800.0,5.4,10.6,normal
1697495430.583,46.251,700.0,6.0,10.6,normal
1697495431.086,46.251,1800.0,29.7,10.5,normal
1697495431.588,46.738,1800.0,23.0,10.6,normal
1697495432.091,45.764,1800.0,3.5,10.6,normal
1697495432.594,45.764,1800.0,3.9,10.6,normal
1697495433.097,45.764,1800.0,4.0,10.6,normal
1697495433.599,45.764,1800.0,3.5,10.6,normal
1697495434.102,46.251,1800.0,4.0,10.6,normal
1697495434.605,45.277,1800.0,3.0,10.7,normal
1697495435.107,45.764,1800.0,5.4,10.7,normal
1697495435.612,46.738,700.0,3.4,10.7,normal
1697495436.117,46.251,800.0,5.0,10.7,normal
1697495436.623,45.277,1200.0,11.4,9.8,normal
1697495437.128,46.738,1800.0,30.0,10.5,normal
1697495437.631,46.738,1800.0,19.9,10.6,normal
1697495438.133,45.764,1800.0,3.0,10.6,normal
1697495438.636,46.738,1800.0,4.0,10.6,normal
1697495439.138,45.764,1800.0,5.0,10.6,normal
1697495439.641,45.277,1800.0,2.5,10.6,normal
1697495440.143,46.251,1800.0,3.0,10.7,normal
1697495440.646,46.738,1800.0,4.0,10.7,normal
1697495441.149,45.764,1800.0,5.0,10.7,normal
1697495441.651,46.251,1800.0,3.5,10.7,normal
1697495442.155,45.764,1100.0,5.4,10.7,normal
1697495442.658,46.738,1800.0,14.0,10.1,normal
1697495443.161,47.225,1800.0,36.0,10.6,normal
1697495443.664,46.251,1800.0,10.4,10.6,normal
1697495444.167,45.764,1800.0,4.0,10.6,normal
1697495444.669,46.251,1800.0,3.5,10.6,normal
1697495445.172,45.764,1800.0,2.5,10.7,normal
1697495445.674,46.251,1800.0,2.5,10.7,normal
1697495446.177,45.764,1800.0,2.5,10.7,normal
1697495446.679,46.251,1800.0,1.0,10.7,normal
1697495447.182,45.277,1800.0,3.0,10.7,normal
1697495447.687,45.764,700.0,3.0,10.7,normal
1697495448.192,45.764,600.0,1.0,10.7,normal
1697495448.697,46.738,800.0,4.5,10.5,normal
1697495449.2,45.764,1800.0,27.4,10.4,normal
1697495449.703,46.738,1800.0,25.7,10.6,normal
1697495450.205,46.738,1800.0,4.0,10.6,normal
1697495450.708,47.225,1800.0,3.0,10.6,normal
1697495451.211,45.277,1800.0,4.0,10.6,normal
1697495451.713,45.764,1800.0,3.5,10.6,normal
1697495452.216,46.251,1800.0,4.0,10.6,normal
1697495452.718,46.251,1800.0,3.5,10.6,normal
1697495453.221,44.303,1800.0,3.0,10.6,normal
1697495453.723,47.225,1800.0,4.0,10.6,normal
1697495454.227,44.79,1000.0,5.9,10.6,normal
1697495454.731,46.251,1800.0,9.0,9.6,normal
1697495455.235,46.738,1800.0,29.9,10.5,normal
1697495455.737,46.738,1800.0,18.0,10.6,normal
1697495456.24,46.738,1800.0,3.5,10.6,normal
1697495456.742,46.251,1800.0,4.0,10.6,normal
1697495457.245,46.251,1800.0,3.5,10.6,normal
1697495457.748,46.251,1800.0,4.0,10.6,normal
1697495458.25,47.225,1800.0,2.5,10.6,normal
1697495458.753,46.251,1800.0,5.0,10.6,normal
1697495459.255,46.738,1800.0,3.5,10.7,normal
1697495459.76,45.764,800.0,3.5,10.7,normal
1697495460.265,45.764,600.0,4.4,10.7,normal
1697495460.77,45.764,800.0,6.9,10.7,normal
1697495461.273,46.251,1800.0,27.9,10.4,normal
1697495461.775,46.251,1800.0,26.0,10.6,normal
1697495462.278,46.738,1800.0,3.0,10.6,normal
1697495462.78,45.764,1800.0,5.0,10.6,normal
1697495463.283,46.251,1800.0,3.5,10.6,normal
1697495463.786,46.251,1800.0,3.5,10.6,normal
1697495464.288,45.277,1800.0,2.5,10.6,normal
1697495464.791,45.277,1800.0,5.4,10.6,normal
1697495465.294,44.79,1800.0,3.5,10.6,normal
1697495465.797,45.764,1800.0,2.5,10.6,normal
1697495466.301,45.277,800.0,4.5,10.7,normal
1697495466.804,46.251,1200.0,10.4,9.6,normal
1697495467.307,46.251,1800.0,28.4,10.5,normal
1697495467.81,47.225,1800.0,21.1,10.7,normal
1697495468.312,45.764,1800.0,5.0,10.7,normal
1697495468.815,46.738,1800.0,4.5,10.7,normal
1697495469.317,46.251,1800.0,4.0,10.7,normal
1697495469.82,45.277,1800.0,4.0,10.7,normal
1697495470.322,46.251,1800.0,2.0,10.7,normal
1697495470.825,45.764,1800.0,2.0,10.7,normal
1697495471.327,45.764,1800.0,4.5,10.7,normal
1697495471.83,45.764,1800.0,3.5,10.7,normal
1697495472.335,46.251,600.0,4.5,10.7,normal
1697495472.841,45.764,800.0,5.0,10.6,normal
1697495473.345,46.251,1800.0,28.9,10.4,normal
1697495473.847,46.251,1800.0,27.0,10.6,normal
1697495474.35,46.738,1800.0,3.0,10.6,normal
1697495474.852,46.251,1800.0,3.5,10.6,normal
1697495475.355,46.738,1800.0,4.0,10.6,normal
1697495475.858,46.738,1800.0,3.5,10.6,normal
1697495476.36,45.764,1800.0,3.5,10.6,normal
1697495476.863,46.251,1800.0,4.0,10.6,normal
1697495477.365,45.764,1800.0,3.5,10.7,normal
1697495477.868,46.738,1800.0,3.5,10.7,normal
1697495478.373,44.79,600.0,5.4,10.7,normal
1697495478.881,45.764,600.0,8.9,10.5,normal
1697495479.384,45.764,1800.0,28.9,10.4,normal
1697495479.887,46.251,1800.0,22.5,10.6,normal
1697495480.39,46.251,1800.0,3.5,10.6,normal
1697495480.892,45.764,1800.0,3.5,10.6,normal
1697495481.395,46.251,1800.0,3.5,10.6,normal
1697495481.897,45.277,1800.0,5.0,10.6,normal
1697495482.4,45.277,1800.0,3.0,10.6,normal
1697495482.902,46.738,1800.0,3.5,10.6,normal
1697495483.405,45.764,1800.0,4.5,10.6,normal
1697495483.91,45.764,700.0,4.0,10.6,normal
1697495484.415,46.251,600.0,4.9,10.6,normal
1697495484.918,45.277,1800.0,13.0,10.0,normal
1697495485.421,46.738,1800.0,34.7,10.6,normal
1697495485.924,46.251,1800.0,11.4,10.6,normal
1697495486.427,46.251,1800.0,3.5,10.6,normal
1697495486.929,46.251,1800.0,3.0,10.6,normal
1697495487.432,46.251,1800.0,3.5,10.6,normal
1697495487.934,45.764,1800.0,4.4,10.6,normal
1697495488.437,45.764,1800.0,3.5,10.6,normal
1697495488.939,45.764,1800.0,2.5,10.6,normal
1697495489.442,45.277,1800.0,4.0,10.6,normal
1697495489.946,45.764,800.0,2.5,10.6,normal
1697495490.452,45.277,600.0,5.0,10.6,normal
1697495490.958,44.79,600.0,5.4,10.5,normal
1697495491.461,46.738,1800.0,27.7,10.3,normal
1697495491.964,46.251,1800.0,24.0,10.5,normal
1697495492.467,46.251,1800.0,3.9,10.5,normal
1697495492.969,46.738,1800.0,2.5,10.5,normal
1697495493.472,45.764,1800.0,2.5,10.5,normal
1697495493.974,45.764,1800.0,4.5,10.5,normal
1697495494.477,46.251,1800.0,4.5,10.5,normal
1697495494.979,45.277,1800.0,2.5,10.5,normal
1697495495.482,46.251,1800.0,4.0,10.6,normal
1697495495.984,45.764,1800.0,2.5,10.6,normal
1697495496.49,44.79,600.0,6.4,10.6,normal
1697495496.995,46.251,600.0,4.9,10.6,normal
1697495497.498,45.277,1800.0,23.5,10.2,normal
1697495498.001,46.251,1800.0,31.7,10.6,normal
1697495498.504,45.764,1800.0,4.0,10.6,normal
1697495499.006,45.277,1800.0,4.5,10.6,normal
1697495499.509,45.277,1800.0,3.5,10.6,normal
1697495500.011,46.251,1800.0,2.5,10.6,normal
1697495500.514,45.764,1800.0,3.9,10.6,normal
1697495501.016,46.251,1800.0,4.0,10.6,normal
1697495501.519,45.764,1800.0,3.5,10.6,normal
1697495502.021,45.764,1800.0,3.5,10.6,normal
1697495502.527,46.251,600.0,4.9,10.6,normal
1697495503.033,45.277,600.0,5.9,10.7,normal
1697495503.536,46.738,1800.0,18.9,10.1,normal
1697495504.038,47.712,1800.0,37.3,10.6,normal
1697495504.541,47.225,1800.0,4.5,10.6,normal
1697495505.043,45.764,1800.0,4.5,10.6,normal
1697495505.546,46.251,1800.0,3.0,10.6,normal
1697495506.049,47.225,1800.0,3.0,10.6,normal
1697495506.551,45.764,1800.0,3.0,10.6,normal
1697495507.054,46.251,1800.0,3.0,10.6,normal
1697495507.556,46.251,1800.0,4.0,10.6,normal
1697495508.059,46.251,1800.0,2.0,10.6,normal
1697495508.564,45.764,600.0,3.5,10.6,normal
1697495509.069,44.79,700.0,2.5,10.6,normal
1697495509.572,46.738,1800.0,24.9,10.3,normal
1697495510.075,46.738,1800.0,33.8,10.6,normal
1697495510.577,45.764,1800.0,3.5,10.6,normal
1697495511.08,46.251,1800.0,3.5,10.6,normal
1697495511.583,46.738,1800.0,2.5,10.6,normal
1697495512.085,46.251,1800.0,4.9,10.6,normal
1697495512.588,46.738,1800.0,3.0,10.6,normal
1697495513.091,45.764,1800.0,4.0,10.6,normal
1697495513.593,46.738,1800.0,4.0,10.6,normal
1697495514.096,46.251,1800.0,5.0,10.7,normal
1697495514.602,45.764,600.0,3.9,10.7,normal
1697495515.107,44.303,700.0,5.5,10.7,normal
1697495515.61,46.251,1800.0,27.0,10.3,normal
1697495516.113,46.738,1800.0,28.3,10.6,normal
1697495516.615,46.738,1800.0,3.0,10.6,normal
1697495517.118,47.225,1800.0,3.5,10.6,normal
1697495517.62,46.738,1800.0,2.5,10.6,normal
1697495518.123,47.225,1800.0,5.4,10.6,normal
1697495518.626,46.251,1800.0,3.5,10.6,normal
1697495519.129,47.712,1800.0,4.5,10.6,normal
1697495519.631,46.738,1800.0,2.5,10.6,normal
1697495520.134,46.251,1800.0,4.0,10.6,normal
1697495520.638,46.251,850.0,5.4,10.6,normal
1697495521.143,45.764,800.0,5.5,10.6,normal
1697495521.646,46.738,1800.0,19.0,10.3,normal
1697495522.148,46.738,1800.0,35.2,10.7,normal
1697495522.651,46.251,1800.0,3.0,10.7,normal
1697495523.153,46.738,1800.0,4.9,10.7,normal
1697495523.656,45.764,1800.0,4.0,10.7,normal
1697495524.159,45.764,1800.0,4.5,10.7,normal
1697495524.661,45.764,1800.0,3.0,10.7,normal
1697495525.164,46.251,1800.0,3.0,10.7,normal
1697495525.666,45.764,1800.0,2.5,10.7,normal
1697495526.169,46.251,1800.0,3.0,10.7,normal
1697495526.673,46.251,900.0,4.5,10.7,normal
1697495527.176,45.764,1100.0,5.0,10.7,normal
1697495527.68,44.79,1800.0,12.5,10.0,normal
1697495528.184,46.738,1800.0,33.8,10.6,normal
1697495528.686,45.764,1800.0,14.0,10.7,normal
1697495529.189,46.251,1800.0,3.5,10.7,normal
1697495529.691,45.764,1800.0,3.5,10.7,normal
1697495530.194,46.251,1800.0,3.5,10.7,normal
1697495530.696,46.738,1800.0,3.0,10.7,normal
1697495531.199,45.764,1800.0,2.5,10.7,normal
1697495531.701,45.277,1800.0,2.0,10.7,normal
1697495532.204,45.277,1800.0,3.5,10.7,normal
1697495532.709,46.251,700.0,3.5,10.7,normal
1697495533.213,45.764,1000.0,4.0,10.7,normal
1697495533.715,47.225,1800.0,17.5,10.1,normal
1697495534.218,46.738,1800.0,36.3,10.6,normal
1697495534.721,46.738,1800.0,5.5,10.6,normal
1697495535.223,45.764,1800.0,3.0,10.7,normal
1697495535.726,46.251,1800.0,3.0,10.7,normal
1697495536.228,45.764,1800.0,3.5,10.7,normal
1697495536.731,46.251,1800.0,3.5,10.7,normal
1697495537.234,45.764,1800.0,4.5,10.7,normal
1697495537.736,46.251,1800.0,3.0,10.7,normal
1697495538.239,46.738,1800.0,3.0,10.7,normal
1697495538.743,45.764,1000.0,5.0,10.7,normal
1697495539.246,45.764,1000.0,5.9,10.7,normal
1697495539.751,45.764,1000.0,8.0,9.6,normal
1697495540.253,45.277,1800.0,28.9,10.4,normal
1697495540.756,46.738,1800.0,21.2,10.6,normal
1697495541.259,46.738,1800.0,4.9,10.6,normal
1697495541.761,45.764,1800.0,3.0,10.6,normal
1697495542.264,46.251,1800.0,2.0,10.6,normal
1697495542.766,46.251,1800.0,4.5,10.6,normal
1697495543.269,45.277,1800.0,4.0,10.6,normal
1697495543.771,45.764,1800.0,4.0,10.6,normal
1697495544.274,45.764,1800.0,3.5,10.6,normal
1697495544.776,46.738,1800.0,2.5,10.6,normal
1697495545.281,45.764,800.0,5.0,10.6,normal
1697495545.784,45.277,1000.0,5.4,10.6,normal
1697495546.288,46.251,1800.0,24.3,10.2,normal
1697495546.791,47.225,1800.0,30.8,10.6,normal
1697495547.293,46.738,1800.0,3.0,10.6,normal
1697495547.796,45.277,1800.0,4.0,10.6,normal
1697495548.299,45.764,1800.0,3.0,10.6,normal
1697495548.801,46.251,1800.0,2.5,10.6,normal
1697495549.304,46.738,1800.0,2.5,10.6,normal
1697495549.806,46.251,1800.0,5.4,10.6,normal
1697495550.309,45.764,1800.0,3.5,10.6,normal
1697495550.811,45.764,1800.0,2.5,10.6,normal
1697495551.316,46.251,800.0,4.5,10.6,normal
1697495551.821,45.764,700.0,5.5,10.6,normal
1697495552.323,46.738,1800.0,17.5,10.3,normal
1697495552.826,46.738,1800.0,36.5,10.6,normal
1697495553.329,47.225,1800.0,5.0,10.6,normal
1697495553.831,45.764,1800.0,3.5,10.6,normal
1697495554.334,45.277,1800.0,4.5,10.6,normal
1697495554.836,46.251,1800.0,3.0,10.6,normal
1697495555.339,45.764,1800.0,3.0,10.6,normal
1697495555.842,45.277,1800.0,3.5,10.6,normal
1697495556.344,46.251,1800.0,4.0,10.6,normal
1697495556.847,46.251,1800.0,3.0,10.6,normal
1697495557.352,45.764,600.0,4.4,10.6,normal
1697495557.858,45.764,600.0,5.5,10.7,normal
1697495558.362,45.764,1800.0,13.9,9.7,normal
1697495558.866,47.225,1800.0,30.5,10.5,normal
1697495559.368,46.738,1800.0,17.9,10.6,normal
1697495559.871,45.764,1800.0,3.5,10.6,normal
1697495560.373,46.251,1800.0,3.5,10.6,normal
1697495560.876,46.738,1800.0,2.5,10.6,normal
1697495561.378,46.738,1800.0,3.5,10.6,normal
1697495561.881,46.251,1800.0,3.5,10.6,normal
1697495562.383,46.251,1800.0,2.5,10.6,normal
1697495562.886,45.277,1800.0,4.5,10.6,normal
1697495563.391,45.764,700.0,5.0,10.7,normal
1697495563.896,44.79,600.0,5.4,10.7,normal
1697495564.4,46.251,1800.0,15.8,10.1,normal
1697495564.903,46.738,1800.0,38.6,10.5,normal
1697495565.405,45.277,1800.0,5.0,10.6,normal
1697495565.908,45.277,1800.0,3.5,10.6,normal
1697495566.41,46.738,1800.0,3.5,10.6,normal
1697495566.913,46.251,1800.0,1.5,10.6,normal
1697495567.415,45.277,1800.0,2.0,10.6,normal
1697495567.918,45.764,1800.0,3.0,10.6,normal
1697495568.42,46.251,1800.0,4.5,10.6,normal
1697495568.923,45.277,1800.0,5.0,10.6,normal
1697495569.428,46.251,600.0,4.4,10.7,normal
1697495569.934,45.764,600.0,5.4,10.7,normal
1697495570.442,45.277,700.0,8.9,10.1,normal
1697495570.946,46.251,1800.0,28.9,10.4,normal
1697495571.448,46.738,1800.0,23.4,10.6,normal
1697495571.951,46.738,1800.0,2.5,10.6,normal
1697495572.454,46.251,1800.0,3.0,10.6,normal
1697495572.956,46.251,1800.0,3.5,10.6,normal
1697495573.459,44.79,1800.0,5.0,10.6,normal
1697495573.961,46.251,1800.0,2.0,10.6,normal
1697495574.464,46.251,1800.0,3.5,10.6,normal
1697495574.966,46.251,1800.0,3.5,10.6,normal
1697495575.469,46.738,1800.0,3.5,10.6,normal
1697495575.974,45.764,600.0,4.4,10.6,normal
1697495576.48,46.251,600.0,4.5,10.6,normal
1697495576.984,47.225,1800.0,26.2,10.4,normal
1697495577.486,46.738,1800.0,29.5,10.7,normal
1697495577.989,45.764,1800.0,2.5,10.7,normal
1697495578.491,46.251,1800.0,4.5,10.7,normal
1697495578.994,46.251,1800.0,3.5,10.7,normal
1697495579.496,45.277,1800.0,3.0,10.7,normal
1697495579.999,46.251,1800.0,4.0,10.6,normal
1697495580.501,46.738,1800.0,2.5,10.6,normal
1697495581.004,46.251,1800.0,3.0,10.6,normal
1697495581.507,45.764,1800.0,4.5,10.6,normal
1697495582.012,46.251,600.0,5.0,10.6,normal
1697495582.518,45.277,600.0,5.9,10.6,normal
1697495583.022,46.251,1800.0,28.9,10.4,normal
1697495583.525,47.225,1800.0,27.2,10.6,normal
1697495584.027,45.764,1800.0,5.0,10.6,normal
1697495584.53,46.738,1800.0,3.5,10.6,normal
1697495585.032,46.251,1800.0,3.5,10.6,normal
1697495585.535,45.277,1800.0,3.5,10.6,normal
1697495586.037,45.277,1800.0,4.5,10.6,normal
1697495586.54,45.277,1800.0,2.5,10.6,normal
1697495587.042,46.251,1800.0,3.0,10.6,normal
1697495587.545,45.764,1800.0,3.0,10.6,normal
1697495588.05,44.79,600.0,4.5,10.6,normal
1697495588.556,45.277,600.0,5.9,10.6,normal
1697495589.059,46.738,1800.0,22.8,10.3,normal
1697495589.562,45.764,1800.0,31.5,10.6,normal
1697495590.065,46.738,1800.0,4.5,10.6,normal
1697495590.567,46.251,1800.0,3.5,10.6,normal
1697495591.07,45.277,1800.0,3.0,10.6,normal
1697495591.572,45.277,1800.0,3.5,10.6,normal
1697495592.075,45.764,1800.0,4.9,10.6,normal
1697495592.577,45.277,1800.0,3.5,10.6,normal
1697495593.08,45.764,1800.0,4.0,10.6,normal
1697495593.583,47.225,1800.0,5.4,10.6,normal
1697495594.088,46.251,600.0,4.5,10.6,normal
1697495594.595,45.764,600.0,4.9,10.6,normal
1697495595.107,46.251,1800.0,16.1,10.2,normal
1697495595.611,45.764,1800.0,36.5,10.6,normal
1697495596.114,46.738,1800.0,7.4,10.6,normal
1697495596.616,47.225,1800.0,3.5,10.6,normal
1697495597.119,46.251,1800.0,3.0,10.6,normal
1697495597.622,45.764,1800.0,3.5,10.7,normal
1697495598.125,46.738,1800.0,4.0,10.7,normal
1697495598.627,46.251,1800.0,4.0,10.7,normal
1697495599.13,47.225,1800.0,4.0,10.7,normal
1697495599.632,46.738,1800.0,3.0,10.7,normal
1697495600.137,46.251,800.0,4.0,10.7,normal
1697495600.641,45.277,800.0,4.9,10.7,normal
1697495601.144,46.738,1800.0,19.8,10.2,normal
1697495601.647,46.738,1800.0,36.3,10.6,normal
1697495602.15,46.738,1800.0,3.5,10.6,normal
1697495602.652,47.225,1800.0,3.5,10.6,normal
1697495603.155,46.738,1800.0,3.0,10.6,normal
1697495603.657,46.738,1800.0,5.0,10.6,normal
1697495604.16,45.764,1800.0,4.0,10.6,normal
1697495604.663,46.251,1800.0,2.5,10.6,normal
1697495605.165,45.764,1800.0,3.5,10.6,normal
1697495605.668,46.251,1800.0,2.0,10.6,normal
1697495606.172,46.251,800.0,2.5,10.6,normal
1697495606.677,45.277,800.0,6.9,10.6,normal
1697495607.182,46.251,1800.0,11.4,10.0,normal
1697495607.685,47.225,1800.0,32.5,10.5,normal
1697495608.188,46.251,1800.0,15.8,10.6,normal
1697495608.69,46.251,1800.0,4.5,10.6,normal
1697495609.193,44.79,1800.0,3.0,10.6,normal
1697495609.695,46.251,1800.0,4.0,10.6,normal
1697495610.198,46.738,1800.0,4.0,10.6,normal
1697495610.7,46.251,1800.0,3.0,10.6,normal
1697495611.203,45.764,1800.0,3.5,10.6,normal
1697495611.706,45.277,1800.0,3.0,10.7,normal
1697495612.21,45.764,900.0,4.5,10.6,normal
1697495612.714,45.764,1000.0,5.4,10.7,normal
1697495613.218,44.79,900.0,4.0,10.7,normal
1697495613.721,47.225,1800.0,27.5,10.5,normal
1697495614.224,45.764,1800.0,25.5,10.6,normal
1697495614.726,46.738,1800.0,3.0,10.6,normal
1697495615.229,46.251,1800.0,2.5,10.6,normal
1697495615.731,46.251,1800.0,2.0,10.6,normal
1697495616.234,45.277,1800.0,3.5,10.7,normal
1697495616.737,46.738,1800.0,3.0,10.7,normal
1697495617.239,46.251,1800.0,4.0,10.7,normal
1697495617.742,46.738,1800.0,3.0,10.7,normal
1697495618.244,45.764,1800.0,3.0,10.7,normal
1697495618.748,45.277,1000.0,5.9,10.7,normal
1697495619.251,45.764,1800.0,9.0,9.6,normal
1697495619.754,46.738,1800.0,27.4,10.4,normal
1697495620.257,46.251,1800.0,21.0,10.6,normal
1697495620.759,47.225,1800.0,3.5,10.6,normal
1697495621.262,46.251,1800.0,3.5,10.6,normal
1697495621.764,45.277,1800.0,3.9,10.6,normal
1697495622.267,45.277,1800.0,4.0,10.6,normal
1697495622.77,46.251,1800.0,3.0,10.6,normal
1697495623.272,45.764,1800.0,3.5,10.6,normal
1697495623.775,46.738,1800.0,3.0,10.6,normal
1697495624.279,45.764,700.0,2.5,10.7,normal
1697495624.784,46.738,900.0,5.9,10.6,normal
1697495625.288,45.764,900.0,3.5,10.6,normal
1697495625.792,46.738,1800.0,24.9,10.3,normal
1697495626.295,47.225,1800.0,30.2,10.6,normal
1697495626.797,46.251,1800.0,2.0,10.6,normal
1697495627.3,46.738,1800.0,2.5,10.6,normal
1697495627.803,45.277,1800.0,2.0,10.6,normal
1697495628.305,46.251,1800.0,3.0,10.6,normal
1697495628.808,45.764,1800.0,6.0,10.6,normal
1697495629.31,45.277,1800.0,3.0,10.6,normal
1697495629.813,45.764,1800.0,3.0,10.6,normal
1697495630.315,46.251,1800.0,3.5,10.6,normal
1697495630.82,46.251,700.0,5.9,10.6,normal
1697495631.325,45.277,800.0,4.0,10.6,normal
1697495631.828,46.738,1800.0,17.6,10.3,normal
1697495632.33,46.251,1800.0,35.2,10.6,normal
1697495632.833,46.251,1800.0,3.5,10.6,normal
1697495633.335,45.277,1800.0,3.5,10.6,normal
1697495633.838,46.738,1800.0,4.0,10.6,normal
1697495634.34,45.764,1800.0,3.5,10.6,normal
1697495634.843,45.764,1800.0,3.5,10.6,normal
1697495635.346,44.79,1800.0,3.5,10.6,normal
1697495635.848,45.764,1800.0,4.0,10.6,normal
1697495636.351,46.251,1800.0,3.5,10.6,normal
1697495636.856,45.764,600.0,3.5,10.6,normal
1697495637.363,45.764,600.0,5.9,10.6,normal
1697495637.867,47.225,1800.0,12.9,10.0,normal
1697495638.37,47.225,1800.0,33.3,10.5,normal
1697495638.873,45.764,1800.0,13.1,10.6,normal
1697495639.376,46.251,1800.0,4.9,10.6,normal
1697495639.878,46.251,1800.0,3.0,10.6,normal
1697495640.381,45.764,1800.0,2.5,10.6,normal
1697495640.883,45.764,1800.0,3.5,10.6,normal
1697495641.386,46.738,1800.0,4.5,10.7,normal
1697495641.889,45.277,1800.0,3.0,10.7,normal
1697495642.391,46.251,1800.0,3.0,10.7,normal
1697495642.896,45.764,700.0,4.4,10.7,normal
1697495643.401,46.251,800.0,5.0,10.7,normal
1697495643.906,45.277,600.0,6.4,10.7,normal
1697495644.409,46.251,1800.0,27.1,10.4,normal
1697495644.912,45.764,1800.0,28.4,10.6,normal
1697495645.414,46.738,1800.0,3.0,10.6,normal
1697495645.917,45.764,1800.0,4.5,10.6,normal
1697495646.419,45.277,1800.0,3.9,10.6,normal
1697495646.922,45.764,1800.0,4.0,10.6,normal
1697495647.425,46.251,1800.0,4.0,10.6,normal
1697495647.927,46.738,1800.0,5.0,10.6,normal
1697495648.43,46.251,1800.0,4.9,10.6,normal
1697495648.932,45.764,1800.0,2.5,10.6,normal
1697495649.438,45.764,600.0,5.9,10.6,normal
1697495649.944,44.79,1100.0,8.0,10.4,normal
1697495650.447,45.764,1800.0,28.9,10.5,normal
1697495650.949,46.738,1800.0,23.3,10.6,normal
1697495651.452,46.251,1800.0,3.5,10.6,normal
1697495651.954,46.251,1800.0,3.4,10.6,normal
1697495652.457,46.251,1800.0,4.0,10.6,normal
1697495652.96,45.277,1800.0,3.5,10.6,normal
1697495653.462,45.764,1800.0,5.0,10.6,normal
1697495653.965,45.277,1800.0,3.0,10.6,normal
1697495654.467,46.251,1800.0,4.5,10.6,normal
1697495654.97,46.251,1800.0,4.0,10.6,normal
1697495655.475,46.251,600.0,4.5,10.6,normal
1697495655.979,46.738,1800.0,11.4,9.8,normal
1697495656.483,46.738,1800.0,32.0,10.5,normal
1697495656.986,45.764,1800.0,13.6,10.6,normal
1697495657.489,45.764,1800.0,2.5,10.6,normal
1697495657.991,46.251,1800.0,3.4,10.6,normal
1697495658.494,46.251,1800.0,4.0,10.6,normal
1697495658.996,45.277,1800.0,2.5,10.6,normal
1697495659.499,46.251,1800.0,3.0,10.6,normal
1697495660.001,45.764,1800.0,3.5,10.6,normal
1697495660.504,45.277,1800.0,3.5,10.6,normal
1697495661.009,45.764,700.0,3.5,10.6,normal
1697495661.514,46.251,600.0,4.0,10.6,normal
1697495662.017,45.277,1800.0,15.9,10.1,normal
1697495662.52,47.225,1800.0,37.3,10.5,normal
1697495663.023,46.738,1800.0,5.0,10.6,normal
1697495663.525,45.764,1800.0,4.4,10.6,normal
1697495664.028,45.764,1800.0,3.5,10.6,normal
1697495664.53,45.764,1800.0,3.9,10.6,normal
1697495665.033,46.251,1800.0,4.0,10.6,normal
1697495665.535,45.764,1800.0,3.5,10.6,normal
1697495666.038,44.79,1800.0,3.5,10.6,normal
1697495666.54,46.251,1800.0,3.5,10.6,normal
1697495667.046,45.277,600.0,4.5,10.6,normal
1697495667.552,45.764,600.0,4.0,10.6,normal
1697495668.055,45.764,1800.0,22.4,10.3,normal
1697495668.557,46.251,1800.0,35.0,10.6,normal
1697495669.06,45.764,1800.0,3.5,10.6,normal
1697495669.562,45.277,1800.0,4.0,10.6,normal
1697495670.065,46.251,1800.0,3.0,10.6,normal
1697495670.567,45.764,1800.0,4.0,10.6,normal
1697495671.07,46.738,1800.0,3.5,10.6,normal
1697495671.573,45.764,1800.0,4.5,10.6,normal
1697495672.075,46.251,1800.0,3.5,10.6,normal
1697495672.578,46.251,1800.0,4.0,10.6,normal
1697495673.083,46.251,600.0,3.0,10.6,normal
1697495673.591,45.764,600.0,7.8,10.6,normal
1697495674.096,46.738,1800.0,24.5,10.4,normal
1697495674.599,46.738,1800.0,31.0,10.7,normal
1697495675.102,46.251,1800.0,3.0,10.7,normal
1697495675.604,44.79,1800.0,5.0,10.7,normal
1697495676.107,45.277,1800.0,3.5,10.7,normal
1697495676.61,46.251,1800.0,3.0,10.7,normal
1697495677.112,46.251,1800.0,4.4,10.7,normal
1697495677.615,46.738,1800.0,2.5,10.7,normal
1697495678.118,45.764,1800.0,5.0,10.7,normal
1697495678.62,47.225,1800.0,4.5,10.7,normal
1697495679.125,46.251,700.0,4.5,10.7,normal
1697495679.631,45.764,600.0,4.9,10.7,normal
1697495680.134,46.738,1800.0,15.5,10.2,normal
1697495680.637,46.738,1800.0,38.0,10.6,normal
1697495681.14,47.225,1800.0,5.9,10.7,normal
1697495681.643,46.251,1800.0,4.0,10.7,normal
1697495682.145,46.251,1800.0,3.5,10.7,normal
1697495682.648,46.251,1800.0,4.0,10.7,normal
1697495683.15,46.251,1800.0,3.0,10.7,normal
1697495683.653,46.251,1800.0,5.5,10.7,normal
1697495684.155,46.738,1800.0,3.0,10.7,normal
1697495684.658,45.277,1800.0,3.9,10.7,normal
1697495685.162,45.277,800.0,2.0,10.7,normal
1697495685.668,46.738,600.0,4.0,10.7,normal
1697495686.171,45.764,1800.0,20.8,10.4,normal
1697495686.673,46.738,1800.0,32.7,10.7,normal
1697495687.176,47.225,1800.0,3.5,10.7,normal
1697495687.679,45.764,1800.0,2.5,10.7,normal
1697495688.181,45.277,1800.0,1.5,10.7,normal
1697495688.684,45.764,1800.0,6.0,10.7,normal
1697495689.186,45.764,1800.0,3.0,10.7,normal
1697495689.689,46.738,1800.0,3.0,10.7,normal
1697495690.191,45.764,1800.0,4.0,10.7,normal
1697495690.694,46.251,1800.0,3.5,10.7,normal
1697495691.198,47.225,900.0,4.5,10.7,normal
1697495691.702,45.764,900.0,4.5,10.7,normal
1697495692.205,46.251,1800.0,13.9,10.1,normal
1697495692.708,47.712,1800.0,35.3,10.6,normal
1697495693.211,45.764,1800.0,9.0,10.7,normal
1697495693.714,45.764,1800.0,4.0,10.7,normal
1697495694.216,45.764,1800.0,2.5,10.6,normal
1697495694.719,45.764,1800.0,4.5,10.7,normal
1697495695.221,45.764,1800.0,3.0,10.7,normal
1697495695.724,47.225,1800.0,3.0,10.7,normal
1697495696.227,46.251,1800.0,3.5,10.7,normal
1697495696.729,46.251,1800.0,4.0,10.7,normal
1697495697.234,44.79,700.0,3.5,10.7,normal
1697495697.738,45.764,1000.0,4.5,10.7,normal
1697495698.243,45.764,900.0,5.5,10.6,normal
1697495698.746,46.251,1800.0,30.5,10.4,normal
1697495699.249,47.225,1800.0,24.4,10.6,normal
1697495699.751,46.251,1800.0,2.5,10.6,normal
1697495700.254,45.764,1800.0,2.5,10.6,normal
1697495700.756,46.251,1800.0,3.0,10.6,normal
1697495701.259,45.764,1800.0,4.0,10.6,normal
1697495701.762,46.251,1800.0,2.5,10.6,normal
1697495702.264,46.251,1800.0,3.0,10.6,normal
1697495702.767,46.251,1800.0,3.0,10.6,normal
1697495703.269,46.251,1800.0,3.0,10.6,normal
1697495703.773,45.277,800.0,6.4,10.6,normal
1697495704.276,45.277,1800.0,8.4,9.6,normal
1697495704.779,44.79,1800.0,29.4,10.4,normal
1697495705.282,46.251,1800.0,19.6,10.6,normal
1697495705.784,47.225,1800.0,3.0,10.6,normal
1697495706.287,46.251,1800.0,2.0,10.6,normal
1697495706.789,46.251,1800.0,5.0,10.6,normal
1697495707.292,45.764,1800.0,3.5,10.6,normal
1697495707.795,45.277,1800.0,3.0,10.6,normal
1697495708.297,46.251,1800.0,3.5,10.6,normal
1697495708.8,45.764,1800.0,5.0,10.6,normal
1697495709.305,46.251,700.0,2.5,10.6,normal
1697495709.81,45.277,900.0,4.4,10.6,normal
1697495710.314,45.764,900.0,5.0,10.6,normal
1697495710.817,47.225,1800.0,26.0,10.3,normal
1697495711.32,47.225,1800.0,28.5,10.6,normal
1697495711.822,46.251,1800.0,3.0,10.6,normal
1697495712.325,46.738,1800.0,2.5,10.6,normal
1697495712.827,45.764,1800.0,4.5,10.6,normal
1697495713.33,46.738,1800.0,4.5,10.6,normal
1697495713.832,46.738,1800.0,3.0,10.6,normal
1697495714.335,45.764,1800.0,2.5,10.6,normal
1697495714.837,46.738,1800.0,2.5,10.6,normal
1697495715.34,45.764,1800.0,4.5,10.6,normal
1697495715.845,44.79,600.0,3.0,10.6,normal
1697495716.351,45.277,700.0,4.5,10.4,normal
1697495716.854,46.738,1800.0,30.5,10.4,normal
1697495717.357,47.225,1800.0,25.4,10.6,normal
1697495717.859,45.764,1800.0,2.5,10.6,normal
1697495718.362,47.225,1800.0,5.9,10.6,normal
1697495718.864,46.251,1800.0,3.5,10.6,normal
1697495719.367,46.738,1800.0,4.0,10.6,normal
1697495719.87,45.764,1800.0,3.0,10.6,normal
1697495720.372,46.251,1800.0,3.0,10.6,normal
1697495720.875,46.738,1800.0,4.5,10.6,normal
1697495721.377,46.251,1800.0,3.0,10.6,normal
1697495721.882,46.251,600.0,3.5,10.7,normal
1697495722.388,44.79,600.0,5.4,10.6,normal
1697495722.892,46.251,1800.0,24.1,10.3,normal
1697495723.394,47.225,1800.0,33.3,10.6,normal
1697495723.897,46.738,1800.0,3.0,10.6,normal
1697495724.399,46.738,1800.0,3.5,10.6,normal
1697495724.902,45.764,1800.0,4.5,10.6,normal
1697495725.404,46.251,1800.0,3.0,10.6,normal
1697495725.907,45.764,1800.0,3.5,10.6,normal
1697495726.41,45.764,1800.0,2.5,10.7,normal
1697495726.914,45.764,1800.0,4.5,10.7,normal
1697495727.416,45.277,1800.0,3.0,10.7,normal
1697495727.922,45.764,600.0,4.9,10.7,normal
1697495728.427,45.277,800.0,5.4,10.7,normal
1697495728.929,46.251,1800.0,15.4,10.2,normal
1697495729.432,46.738,1800.0,36.0,10.5,normal
1697495729.935,45.764,1800.0,5.5,10.6,normal
1697495730.437,45.764,1800.0,3.0,10.6,normal
1697495730.94,45.277,1800.0,3.5,10.6,normal
1697495731.443,45.764,1800.0,4.0,10.6,normal
1697495731.945,45.277,1800.0,3.5,10.6,normal
1697495732.448,46.251,1800.0,4.0,10.6,normal
1697495732.95,44.79,1800.0,3.9,10.6,normal
1697495733.453,46.251,1800.0,6.0,10.6,normal
1697495733.958,45.764,600.0,3.5,10.6,normal
1697495734.464,45.764,600.0,4.5,10.6,normal
1697495734.967,46.738,1800.0,19.9,10.3,normal
1697495735.47,47.225,1800.0,35.9,10.6,normal
1697495735.972,46.251,1800.0,4.0,10.6,normal
1697495736.475,46.738,1800.0,4.0,10.6,normal
1697495736.977,45.764,1800.0,3.0,10.6,normal
1697495737.48,45.764,1800.0,4.5,10.6,normal
1697495737.982,45.277,1800.0,3.5,10.6,normal
1697495738.485,46.738,1800.0,3.5,10.6,normal
1697495738.987,46.251,1800.0,3.0,10.7,normal
1697495739.49,46.738,1800.0,3.0,10.7,normal
1697495739.996,45.277,600.0,3.9,10.7,normal
1697495740.502,45.764,600.0,4.9,10.7,normal
1697495741.005,46.738,1800.0,24.0,10.3,normal
1697495741.507,46.738,1800.0,28.6,10.6,normal
1697495742.01,46.251,1800.0,3.5,10.6,normal
1697495742.512,45.764,1800.0,3.0,10.6,normal
1697495743.015,47.712,1800.0,3.0,10.6,normal
1697495743.517,45.764,1800.0,4.5,10.6,normal
1697495744.02,46.738,1800.0,4.5,10.6,normal
1697495744.523,46.251,1800.0,2.5,10.6,normal
1697495745.025,45.277,1800.0,3.0,10.6,normal
1697495745.528,46.738,1800.0,2.0,10.6,normal
1697495746.033,45.764,600.0,3.5,10.7,normal
1697495746.538,45.764,800.0,5.0,10.6,normal
1697495747.041,46.738,1800.0,28.0,10.5,normal
1697495747.544,47.712,1800.0,25.2,10.6,normal
1697495748.046,45.764,1800.0,2.5,10.6,normal
1697495748.549,46.251,1800.0,5.0,10.6,normal
1697495749.051,45.277,1800.0,3.5,10.6,normal
1697495749.554,46.251,1800.0,3.5,10.6,normal
1697495750.056,45.764,1800.0,3.0,10.6,normal
1697495750.559,46.738,1800.0,3.5,10.6,normal
1697495751.062,45.764,1800.0,4.0,10.6,normal
1697495751.564,47.225,1800.0,3.0,10.6,normal
1697495752.07,46.251,600.0,4.9,10.6,normal
1697495752.575,45.277,600.0,4.5,10.6,normal
1697495753.078,48.199,1800.0,23.8,10.2,normal
1697495753.582,46.738,1800.0,34.8,10.6,normal
1697495754.085,45.764,1800.0,3.5,10.6,normal
1697495754.588,45.764,1800.0,2.5,10.6,normal
1697495755.09,46.738,1800.0,4.0,10.6,normal
1697495755.593,45.764,1800.0,2.5,10.6,normal
1697495756.095,45.764,1800.0,4.0,10.6,normal
1697495756.598,45.277,1800.0,3.0,10.6,normal
1697495757.1,45.764,1800.0,4.5,10.6,normal
1697495757.603,46.738,1800.0,3.0,10.6,normal
1697495758.109,46.738,600.0,4.5,10.6,normal
1697495758.615,45.764,625.0,4.9,10.6,normal
1697495759.119,46.738,1800.0,17.9,10.1,normal
1697495759.622,47.712,1800.0,37.3,10.5,normal
1697495760.124,46.251,1800.0,5.5,10.6,normal
1697495760.627,46.251,1800.0,4.9,10.6,normal
1697495761.13,46.738,1800.0,4.5,10.6,normal
1697495761.632,46.251,1800.0,3.0,10.6,normal
1697495762.135,45.277,1800.0,4.0,10.6,normal
1697495762.638,46.251,1800.0,3.0,10.6,normal
1697495763.141,46.738,1800.0,4.0,10.6,normal
1697495763.643,45.764,1800.0,4.0,10.6,normal
1697495764.148,45.277,700.0,5.0,10.6,normal
1697495764.653,44.79,700.0,5.4,10.6,normal
1697495765.157,45.277,1800.0,9.9,10.1,normal
1697495765.66,46.738,1800.0,28.5,10.5,normal
1697495766.163,46.251,1800.0,21.5,10.6,normal
1697495766.665,45.764,1800.0,2.5,10.6,normal
1697495767.168,46.251,1800.0,5.4,10.6,normal
1697495767.671,46.738,1800.0,3.5,10.6,normal
1697495768.173,47.225,1800.0,3.0,10.6,normal
1697495768.676,45.764,1800.0,4.0,10.6,normal
1697495769.178,46.251,1800.0,4.0,10.7,normal
1697495769.681,47.225,1800.0,3.0,10.7,normal
1697495770.186,46.251,700.0,3.9,10.6,normal
1697495770.691,45.764,800.0,3.5,10.6,normal
1697495771.194,47.225,1800.0,15.8,10.1,normal
1697495771.697,48.199,1800.0,36.8,10.6,normal
1697495772.199,47.225,1800.0,7.0,10.6,normal
1697495772.702,45.277,1800.0,4.0,10.6,normal
1697495773.205,46.738,1800.0,3.5,10.6,normal
1697495773.707,45.277,1800.0,4.9,10.6,normal
1697495774.21,46.251,1800.0,3.0,10.7,normal
1697495774.712,46.738,1800.0,3.5,10.7,normal
1697495775.215,46.251,1800.0,4.0,10.7,normal
1697495775.717,46.738,1800.0,4.0,10.7,normal
1697495776.222,45.764,800.0,3.9,10.7,normal
1697495776.726,47.225,800.0,3.5,10.7,normal
1697495777.233,45.764,900.0,6.9,10.2,normal
1697495777.736,46.251,1800.0,29.0,10.4,normal
1697495778.238,45.764,1800.0,23.6,10.6,normal
1697495778.741,46.251,1800.0,5.0,10.6,normal
1697495779.244,47.225,1800.0,2.5,10.6,normal
1697495779.746,46.738,1800.0,5.0,10.6,normal
1697495780.249,46.251,1800.0,3.5,10.6,normal
1697495780.751,46.738,1800.0,3.5,10.6,normal
1697495781.254,46.251,1800.0,2.5,10.6,normal
1697495781.756,45.277,1800.0,3.5,10.6,normal
1697495782.259,45.277,1800.0,3.0,10.6,normal
1697495782.763,46.251,800.0,3.4,10.6,normal
1697495783.268,45.764,1200.0,10.0,9.7,normal
1697495783.771,46.738,1800.0,31.4,10.5,normal
1697495784.274,46.738,1800.0,19.6,10.7,normal
1697495784.776,46.251,1800.0,3.0,10.7,normal
1697495785.279,46.251,1800.0,3.0,10.7,normal
1697495785.781,45.764,1800.0,4.0,10.7,normal
1697495786.284,46.738,1800.0,3.5,10.7,normal
1697495786.787,45.764,1800.0,3.0,10.7,normal
1697495787.289,46.251,1800.0,3.0,10.7,normal
1697495787.792,45.764,1800.0,3.5,10.7,normal
1697495788.294,45.764,1800.0,5.0,10.7,normal
1697495788.798,45.764,1000.0,6.4,10.7,normal
1697495789.302,45.764,1000.0,4.0,10.7,normal
1697495789.805,47.225,1800.0,27.6,10.5,normal
1697495790.308,47.712,1800.0,27.3,10.7,normal
1697495790.811,46.251,1800.0,3.5,10.7,normal
1697495791.313,45.764,1800.0,3.0,10.7,normal
1697495791.816,46.251,1800.0,3.5,10.7,normal
1697495792.318,46.738,1800.0,4.0,10.7,normal
1697495792.821,46.251,1800.0,4.5,10.7,normal
1697495793.323,45.764,1800.0,4.5,10.7,normal
1697495793.826,45.277,1800.0,3.5,10.7,normal
1697495794.328,45.764,1800.0,3.0,10.7,normal
1697495794.833,46.251,800.0,5.0,10.7,normal
1697495795.339,45.764,600.0,5.4,10.7,normal
1697495795.842,45.277,1800.0,20.5,10.3,normal
1697495796.344,46.251,1800.0,36.0,10.6,normal
1697495796.847,46.738,1800.0,4.0,10.6,normal
1697495797.349,45.764,1800.0,3.0,10.6,normal
1697495797.852,46.251,1800.0,4.0,10.6,normal
1697495798.355,46.738,1800.0,4.5,10.6,normal
1697495798.857,46.738,1800.0,4.5,10.6,normal
1697495799.36,45.764,1800.0,3.0,10.6,normal
1697495799.862,46.251,1800.0,3.5,10.6,normal
1697495800.365,46.251,1800.0,3.5,10.7,normal
1697495800.87,44.79,600.0,4.5,10.7,normal
1697495801.375,46.251,800.0,5.9,10.7,normal
1697495801.878,45.764,1800.0,11.9,10.1,normal
1697495802.381,46.738,1800.0,34.7,10.6,normal
1697495802.884,46.738,1800.0,11.4,10.7,normal
1697495803.386,45.764,1800.0,4.5,10.7,normal
1697495803.889,45.764,1800.0,3.0,10.7,normal
1697495804.391,46.251,1800.0,4.5,10.7,normal
1697495804.894,46.251,1800.0,2.5,10.7,normal
1697495805.396,46.251,1800.0,0.5,10.7,normal
1697495805.899,46.251,1800.0,3.5,10.7,normal
1697495806.401,46.251,1800.0,14.9,10.7,normal
1697495806.906,45.764,700.0,1.5,10.7,normal
1697495807.411,46.251,800.0,4.0,10.7,normal
1697495807.917,44.79,600.0,6.0,10.6,normal
1697495808.421,46.738,1800.0,29.7,10.4,normal
1697495808.923,45.764,1800.0,28.1,10.6,normal
1697495809.426,46.738,1800.0,3.0,10.6,normal
1697495809.928,45.764,1800.0,5.4,10.6,normal
1697495810.431,47.225,1800.0,3.5,10.6,normal
1697495810.933,46.251,1800.0,3.5,10.6,normal
1697495811.436,45.764,1800.0,3.0,10.6,normal
1697495811.939,46.738,1800.0,4.5,10.6,normal
1697495812.441,46.251,1800.0,3.0,10.6,normal
1697495812.944,45.277,1800.0,3.9,10.6,normal
1697495813.45,47.225,700.0,5.4,10.6,normal
1697495813.955,45.277,600.0,5.4,10.6,normal
1697495814.458,45.764,1800.0,20.9,10.3,normal
1697495814.961,45.764,1800.0,34.5,10.7,normal
1697495815.464,46.738,1800.0,3.5,10.7,normal
1697495815.966,46.251,1800.0,3.0,10.7,normal
1697495816.469,46.251,1800.0,3.5,10.7,normal
1697495816.971,46.738,1800.0,3.0,10.7,normal
1697495817.474,45.277,1800.0,3.0,10.7,normal
1697495817.976,45.277,1800.0,4.0,10.7,normal
1697495818.479,46.738,1800.0,5.4,10.7,normal
1697495818.981,46.251,1800.0,4.0,10.7,normal
1697495819.487,45.764,600.0,3.5,10.7,normal
1697495819.993,45.277,600.0,5.0,10.7,normal
1697495820.496,46.251,1800.0,13.5,9.9,normal
1697495820.999,47.225,1800.0,36.0,10.5,normal
1697495821.502,46.251,1800.0,8.5,10.6,normal
1697495822.004,45.277,1800.0,4.5,10.6,normal
1697495822.507,46.251,1800.0,3.0,10.6,normal
1697495823.01,46.251,1800.0,2.5,10.6,normal
1697495823.512,45.764,1800.0,4.0,10.6,normal
1697495824.015,44.303,1800.0,3.5,10.6,normal
1697495824.517,45.277,1800.0,2.0,10.6,normal
1697495825.02,45.764,1800.0,2.0,10.6,normal
1697495825.525,45.764,700.0,2.5,10.6,normal
1697495826.03,46.251,600.0,5.0,10.6,normal
1697495826.533,46.738,1800.0,16.5,10.2,normal
1697495827.036,46.738,1800.0,36.2,10.6,normal
1697495827.539,45.277,1800.0,3.9,10.6,normal
1697495828.041,46.738,1800.0,4.0,10.6,normal
1697495828.544,46.251,1800.0,5.4,10.6,normal
1697495829.046,46.738,1800.0,3.5,10.6,normal
1697495829.549,46.251,1800.0,2.5,10.6,normal
1697495830.051,45.764,1800.0,4.4,10.6,normal
1697495830.554,45.277,1800.0,4.0,10.6,normal
1697495831.056,45.764,1800.0,3.0,10.6,normal
1697495831.562,46.251,600.0,3.0,10.6,normal
1697495832.068,45.277,600.0,4.9,10.6,normal
1697495832.571,46.251,1800.0,12.4,9.9,normal
1697495833.074,46.738,1800.0,34.3,10.5,normal
1697495833.577,46.738,1800.0,11.1,10.6,normal
1697495834.08,46.251,1800.0,5.0,10.6,normal
1697495834.582,45.764,1800.0,3.5,10.6,normal
1697495835.085,46.251,1800.0,3.0,10.6,normal
1697495835.587,45.764,1800.0,4.0,10.6,normal
1697495836.09,46.251,1800.0,5.4,10.6,normal
1697495836.592,46.738,1800.0,3.0,10.6,normal
1697495837.095,45.764,1800.0,4.5,10.6,normal
1697495837.6,45.277,700.0,2.5,10.6,normal
1697495838.106,45.764,600.0,5.9,10.6,normal
1697495838.611,45.764,800.0,6.0,10.6,normal
1697495839.115,46.738,1800.0,30.5,10.4,normal
1697495839.617,45.764,1800.0,24.2,10.6,normal
1697495840.12,46.251,1800.0,4.4,10.6,normal
1697495840.623,46.738,1800.0,3.0,10.6,normal
1697495841.125,46.251,1800.0,4.0,10.6,normal
1697495841.628,47.712,1800.0,3.0,10.6,normal
1697495842.13,45.764,1800.0,3.5,10.6,normal
1697495842.633,46.738,1800.0,2.5,10.6,normal
1697495843.135,47.225,1800.0,3.5,10.6,normal
1697495843.638,47.225,1800.0,5.4,10.6,normal
1697495844.142,46.738,900.0,5.9,10.6,normal
1697495844.646,45.277,900.0,4.5,10.6,normal
1697495845.149,47.225,1800.0,22.5,10.3,normal
1697495845.652,46.738,1800.0,32.5,10.6,normal
1697495846.155,46.738,1800.0,3.5,10.6,normal
1697495846.657,47.225,1800.0,3.5,10.6,normal
1697495847.16,45.764,1800.0,3.0,10.6,normal
1697495847.662,46.251,1800.0,3.0,10.6,normal
1697495848.165,45.764,1800.0,4.5,10.6,normal
1697495848.667,46.251,1800.0,4.5,10.6,normal
1697495849.17,46.251,1800.0,4.4,10.6,normal
1697495849.672,46.738,1800.0,3.0,10.6,normal
1697495850.177,46.251,700.0,5.4,10.6,normal
1697495850.682,46.738,900.0,5.0,10.6,normal
1697495851.185,46.251,1100.0,15.4,10.0,normal
1697495851.69,46.738,1800.0,36.3,10.5,normal
1697495852.192,46.251,1800.0,9.5,10.6,normal
1697495852.695,46.251,1800.0,3.9,10.6,normal
1697495853.197,45.764,1800.0,3.5,10.6,normal
1697495853.7,46.251,1800.0,5.0,10.6,normal
1697495854.203,47.225,1800.0,5.0,10.6,normal
1697495854.705,45.764,1800.0,4.0,10.6,normal
1697495855.208,46.251,1800.0,2.5,10.6,normal
1697495855.71,45.764,1800.0,4.0,10.6,normal
1697495856.215,44.79,700.0,2.5,10.6,normal
1697495856.719,45.277,900.0,5.4,10.6,normal
1697495857.222,46.251,1800.0,17.9,10.2,normal
1697495857.725,46.738,1800.0,36.5,10.6,normal
1697495858.227,47.225,1800.0,3.0,10.6,normal
1697495858.73,46.251,1800.0,5.0,10.6,normal
1697495859.232,45.277,1800.0,2.5,10.6,normal
1697495859.735,45.764,1800.0,4.0,10.6,normal
1697495860.237,46.738,1800.0,3.0,10.6,normal
1697495860.74,46.251,1800.0,4.0,10.6,normal
1697495861.243,46.251,1800.0,3.9,10.6,normal
1697495861.745,47.712,1800.0,3.0,10.6,normal
1697495862.249,45.764,1200.0,5.4,10.6,normal
1697495862.753,46.251,1100.0,5.0,10.6,normal
1697495863.256,45.764,1800.0,10.9,9.7,normal
1697495863.76,46.251,1800.0,32.7,10.5,normal
1697495864.263,46.251,1800.0,16.5,10.6,normal
1697495864.765,47.225,1800.0,3.0,10.6,normal
1697495865.268,46.738,1800.0,1.5,10.6,normal
1697495865.77,46.251,1800.0,2.0,10.6,normal
1697495866.273,46.251,1800.0,2.5,10.6,normal
1697495866.775,45.764,1800.0,1.5,10.6,normal
1697495867.278,46.738,1800.0,2.5,10.6,normal
1697495867.78,45.764,1800.0,2.0,10.6,normal
1697495868.285,45.277,700.0,3.0,10.6,normal
1697495868.79,45.277,900.0,9.4,10.6,normal
1697495869.295,45.277,600.0,5.9,10.6,normal
1697495869.798,45.277,1800.0,28.4,10.4,normal
1697495870.301,46.251,1800.0,25.8,10.6,normal
1697495870.803,45.277,1800.0,4.0,10.6,normal
1697495871.306,46.251,1800.0,4.0,10.6,normal
1697495871.809,46.251,1800.0,3.5,10.6,normal
1697495872.311,46.738,1800.0,3.9,10.6,normal
1697495872.814,46.251,1800.0,3.5,10.7,normal
1697495873.316,46.251,1800.0,4.0,10.6,normal
1697495873.819,45.764,1800.0,3.5,10.7,normal
1697495874.321,46.251,1800.0,3.5,10.7,normal
1697495874.826,45.764,800.0,4.5,10.6,normal
1697495875.33,45.277,1000.0,5.0,10.7,normal
1697495875.832,45.764,1800.0,19.5,10.2,normal
1697495876.335,47.712,1800.0,35.5,10.6,normal
1697495876.838,45.277,1800.0,3.0,10.6,normal
1697495877.34,46.251,1800.0,3.5,10.6,normal
1697495877.843,46.251,1800.0,5.0,10.6,normal
1697495878.345,45.764,1800.0,4.5,10.6,normal
1697495878.848,46.738,1800.0,3.0,10.6,normal
1697495879.351,46.738,1800.0,2.5,10.6,normal
1697495879.853,45.277,1800.0,2.0,10.6,normal
1697495880.356,46.251,1800.0,5.4,10.6,normal
1697495880.86,46.251,900.0,3.5,10.6,normal
1697495881.365,46.251,600.0,6.9,10.6,normal
1697495881.868,45.764,1800.0,11.9,10.1,normal
1697495882.372,46.738,1800.0,36.3,10.6,normal
1697495882.875,46.251,1800.0,11.4,10.7,normal
1697495883.377,47.225,1800.0,4.0,10.7,normal
1697495883.88,45.764,1800.0,3.0,10.7,normal
1697495884.382,46.251,1800.0,3.5,10.7,normal
1697495884.885,46.251,1800.0,3.5,10.7,normal
1697495885.387,45.764,1800.0,3.0,10.7,normal
1697495885.89,47.225,1800.0,3.5,10.7,normal
1697495886.392,45.764,1800.0,3.0,10.7,normal
1697495886.896,45.277,900.0,4.0,10.7,normal
1697495887.402,45.277,600.0,5.9,10.7,normal
1697495887.905,46.738,1800.0,18.4,10.2,normal
1697495888.408,47.225,1800.0,39.8,10.6,normal
1697495888.91,45.277,1800.0,3.5,10.6,normal
1697495889.413,45.764,1800.0,2.5,10.6,normal
1697495889.915,44.79,1800.0,4.5,10.6,normal
1697495890.418,46.251,1800.0,4.0,10.7,normal
1697495890.92,46.251,1800.0,4.5,10.7,normal
1697495891.423,45.764,1800.0,3.5,10.7,normal
1697495891.926,46.251,1800.0,3.5,10.7,normal
1697495892.428,46.251,1800.0,3.0,10.7,normal
1697495892.933,45.277,600.0,4.4,10.7,normal
1697495893.439,46.738,700.0,5.9,10.7,normal
1697495893.942,46.251,1800.0,9.0,9.7,normal
1697495894.444,46.251,1800.0,29.4,10.5,normal
1697495894.947,46.251,1800.0,21.1,10.6,normal
1697495895.45,46.738,1800.0,3.5,10.6,normal
1697495895.952,46.738,1800.0,3.0,10.6,normal
1697495896.455,46.738,1800.0,3.5,10.6,normal
1697495896.958,46.738,1800.0,4.0,10.6,normal
1697495897.461,46.251,1800.0,3.5,10.6,normal
1697495897.963,45.764,1800.0,3.0,10.7,normal
1697495898.466,45.277,1800.0,4.5,10.7,normal
1697495898.971,44.79,700.0,4.4,10.6,normal
1697495899.477,45.277,600.0,5.4,10.6,normal
1697495899.983,46.251,600.0,4.4,10.7,normal
1697495900.487,45.764,1800.0,26.7,10.5,normal
1697495900.99,47.225,1800.0,27.9,10.6,normal
1697495901.497,46.251,1800.0,3.5,10.6,normal
1697495902.0,46.738,1800.0,4.0,10.6,normal
1697495902.503,46.251,1800.0,2.0,10.6,normal
1697495903.005,45.764,1800.0,3.5,10.6,normal
1697495903.508,46.251,1800.0,4.5,10.6,normal
1697495904.01,46.738,1800.0,2.5,10.6,normal
1697495904.513,46.251,1800.0,3.5,10.6,normal
1697495905.015,45.764,1800.0,3.0,10.6,normal
1697495905.521,45.277,600.0,4.5,10.6,normal
1697495906.027,45.277,600.0,5.4,10.6,normal
1697495906.533,46.738,1800.0,22.2,10.2,normal
1697495907.036,46.738,1800.0,34.3,10.6,normal
1697495907.538,46.251,1800.0,3.0,10.6,normal
1697495908.041,45.764,1800.0,3.0,10.6,normal
1697495908.543,45.277,1800.0,4.0,10.6,normal
1697495909.046,46.738,1800.0,3.0,10.6,normal
1697495909.548,45.764,1800.0,3.5,10.6,normal
1697495910.051,45.277,1800.0,2.0,10.6,normal
1697495910.553,46.738,1800.0,3.5,10.6,normal
1697495911.056,45.764,1800.0,2.0,10.6,normal
1697495911.565,46.251,600.0,3.4,10.6,normal
1697495912.07,44.79,600.0,4.0,10.6,normal
1697495912.574,45.277,1800.0,10.5,9.7,normal
1697495913.082,47.225,1800.0,31.0,10.6,normal
1697495913.585,46.738,1800.0,18.4,10.6,normal
1697495914.09,46.738,1800.0,4.9,10.6,normal
1697495914.593,45.277,1800.0,3.5,10.6,normal
1697495915.095,46.251,1800.0,3.0,10.7,normal
1697495915.598,45.764,1800.0,4.5,10.7,normal
1697495916.1,46.251,1800.0,4.0,10.7,normal
1697495916.603,45.277,1800.0,3.5,10.7,normal
1697495917.106,45.764,1800.0,2.5,10.7,normal
1697495917.611,45.277,700.0,3.5,10.7,normal
1697495918.115,45.764,825.0,5.9,10.7,normal
1697495918.621,45.277,600.0,5.4,10.6,normal
1697495919.124,46.738,1800.0,26.6,10.4,normal
1697495919.627,46.251,1800.0,26.9,10.7,normal
1697495920.13,46.251,1800.0,3.5,10.7,normal
1697495920.632,45.764,1800.0,4.0,10.7,normal
1697495921.135,46.251,1800.0,3.9,10.7,normal
1697495921.637,46.251,1800.0,3.5,10.7,normal
1697495922.14,46.251,1800.0,3.5,10.6,normal
1697495922.643,46.251,1800.0,3.5,10.7,normal
1697495923.145,45.277,1800.0,4.5,10.7,normal
1697495923.648,45.277,1800.0,5.0,10.7,normal
1697495924.153,45.277,600.0,4.5,10.7,normal
1697495924.658,45.764,700.0,5.4,10.7,normal
1697495925.161,46.738,1800.0,19.5,10.2,normal
1697495925.664,47.225,1800.0,33.2,10.6,normal
1697495926.166,46.251,1800.0,2.0,10.6,normal
1697495926.669,45.764,1800.0,3.9,10.6,normal
1697495927.172,45.277,1800.0,1.0,10.6,normal
1697495927.674,45.277,1800.0,2.5,10.6,normal
1697495928.177,46.738,1800.0,2.5,10.6,normal
1697495928.679,46.738,1800.0,7.5,10.6,normal
1697495929.182,45.277,1800.0,3.5,10.6,normal
1697495929.684,46.251,1800.0,3.5,10.6,normal
1697495930.188,46.738,900.0,5.0,10.6,normal
1697495930.692,44.79,900.0,4.5,10.6,normal
1697495931.195,46.251,1800.0,25.0,10.3,normal
1697495931.703,46.251,1800.0,30.4,10.6,normal
1697495932.205,47.712,1800.0,4.0,10.6,normal
1697495932.708,46.738,1800.0,4.0,10.6,normal
1697495933.211,45.764,1800.0,3.5,10.6,normal
1697495933.713,46.251,1800.0,4.0,10.6,normal
1697495934.216,45.764,1800.0,4.0,10.6,normal
1697495934.718,45.277,1800.0,3.5,10.6,normal
1697495935.221,46.251,1800.0,3.5,10.6,normal
1697495935.723,46.251,1800.0,3.5,10.6,normal
1697495936.227,46.738,1000.0,5.9,10.6,normal
1697495936.736,45.277,900.0,5.4,10.5,normal
1697495937.239,47.712,1800.0,29.6,10.4,normal
1697495937.742,46.251,1800.0,22.7,10.6,normal
1697495938.245,46.251,1800.0,4.0,10.6,normal
1697495938.747,46.251,1800.0,4.0,10.6,normal
1697495939.25,45.764,1800.0,4.0,10.6,normal
1697495939.752,46.738,1800.0,3.0,10.6,normal
1697495940.255,46.251,1800.0,5.0,10.6,normal
1697495940.758,46.738,1800.0,4.0,10.6,normal
1697495941.26,45.277,1800.0,3.5,10.6,normal
1697495941.767,45.764,1800.0,3.9,10.6,normal
1697495942.271,45.764,1000.0,5.9,10.6,normal
1697495942.777,45.764,600.0,4.0,10.6,normal
1697495943.279,47.225,1800.0,22.3,10.4,normal
1697495943.782,46.738,1800.0,31.7,10.7,normal
1697495944.285,46.738,1800.0,4.5,10.7,normal
1697495944.787,46.738,1800.0,3.5,10.7,normal
1697495945.29,46.738,1800.0,3.5,10.7,normal
1697495945.792,46.251,1800.0,3.0,10.7,normal
1697495946.295,45.277,1800.0,3.0,10.7,normal
1697495946.802,45.764,1800.0,3.4,10.7,normal
1697495947.305,46.251,1800.0,3.0,10.7,normal
1697495947.807,44.79,1800.0,3.0,10.7,normal
1697495948.31,46.251,1800.0,6.0,10.7,normal
1697495948.812,44.79,1800.0,3.5,10.7,normal
1697495949.315,46.738,1800.0,15.4,10.3,normal
1697495949.818,46.251,1800.0,35.5,10.6,normal
1697495950.32,46.738,1800.0,4.0,10.6,normal
1697495950.823,46.251,1800.0,3.0,10.6,normal
1697495951.325,46.738,1800.0,2.5,10.6,normal
1697495951.833,45.764,1800.0,3.0,10.6,normal
1697495952.335,46.251,1800.0,3.5,10.6,normal
1697495952.838,45.764,1800.0,3.0,10.6,normal
1697495953.343,45.277,600.0,4.0,10.6,normal
1697495953.848,45.277,1100.0,5.0,10.6,normal
1697495954.353,45.764,800.0,5.4,10.6,normal
1697495954.858,45.277,600.0,5.4,10.6,normal
1697495955.361,46.251,1800.0,23.1,10.3,normal
1697495955.863,45.764,1800.0,30.8,10.6,normal
1697495956.366,46.738,1800.0,3.0,10.6,normal
1697495956.872,46.251,1800.0,4.9,10.6,normal
1697495957.374,45.764,1800.0,2.5,10.6,normal
1697495957.877,46.738,1800.0,4.0,10.6,normal
1697495958.379,45.764,1800.0,4.5,10.6,normal
1697495958.882,45.764,1800.0,4.5,10.6,normal
1697495959.384,45.764,1800.0,3.0,10.6,normal
1697495959.887,46.251,1800.0,3.0,10.7,normal
1697495960.392,45.277,700.0,4.9,10.6,normal
1697495960.897,45.764,700.0,5.0,10.6,normal
1697495961.4,46.251,1800.0,17.0,10.2,normal
1697495961.907,47.712,1800.0,37.8,10.6,normal
1697495962.41,46.738,1800.0,3.0,10.6,normal
1697495962.912,46.251,1800.0,3.5,10.6,normal
1697495963.415,46.251,1800.0,5.9,10.6,normal
1697495963.918,45.277,1800.0,3.0,10.6,normal
1697495964.42,45.277,1800.0,3.5,10.6,normal
1697495964.923,46.738,1800.0,3.5,10.6,normal
1697495965.425,46.251,1800.0,4.5,10.6,normal
1697495965.928,46.738,1800.0,4.0,10.6,normal
1697495966.432,46.738,900.0,4.5,10.6,normal
1697495966.941,45.764,800.0,4.9,10.6,normal
1697495967.445,45.764,1800.0,11.1,9.7,normal
1697495967.948,45.277,1800.0,31.2,10.5,normal
1697495968.45,46.251,1800.0,17.9,10.6,normal
1697495968.953,46.738,1800.0,4.0,10.6,normal
1697495969.455,46.251,1800.0,4.9,10.6,normal
1697495969.958,46.251,1800.0,3.0,10.6,normal
1697495970.461,46.251,1800.0,3.0,10.6,normal
1697495970.963,46.251,1800.0,4.0,10.6,normal
1697495971.466,46.251,1800.0,2.5,10.6,normal
1697495971.973,46.251,1800.0,4.4,10.6,normal
1697495972.478,46.251,700.0,3.5,10.6,normal
1697495972.982,45.277,800.0,4.4,10.6,normal
1697495973.486,46.251,1000.0,5.9,10.5,normal
1697495973.99,45.277,1800.0,26.5,10.4,normal
1697495974.492,46.251,1800.0,27.8,10.6,normal
1697495974.995,46.251,1800.0,3.5,10.6,normal
1697495975.498,45.764,1800.0,3.5,10.6,normal
1697495976.0,44.79,1800.0,4.5,10.6,normal
1697495976.503,45.277,1800.0,2.5,10.6,normal
1697495977.01,46.251,1800.0,3.9,10.6,normal
1697495977.513,45.764,1800.0,2.5,10.6,normal
1697495978.015,44.79,1800.0,4.9,10.6,normal
1697495978.518,46.738,1800.0,4.5,10.6,normal
1697495979.023,45.764,700.0,4.0,10.6,normal
1697495979.528,45.764,900.0,6.5,10.5,normal
1697495980.031,46.251,1800.0,28.9,10.5,normal
1697495980.534,47.225,1800.0,25.0,10.6,normal
1697495981.036,46.738,1800.0,3.5,10.6,normal
1697495981.539,46.251,1800.0,4.0,10.6,normal
1697495982.047,45.764,1800.0,3.0,10.6,normal
1697495982.549,46.251,1800.0,4.5,10.6,normal
1697495983.052,46.251,1800.0,3.5,10.6,normal
1697495983.554,45.277,1800.0,4.0,10.7,normal
1697495984.057,45.277,1800.0,4.0,10.7,normal
1697495984.559,45.764,1800.0,4.5,10.7,normal
1697495985.065,46.251,600.0,3.5,10.7,normal
1697495985.57,45.277,800.0,4.9,10.7,normal
1697495986.073,46.738,1800.0,24.0,10.3,normal
1697495986.576,45.764,1800.0,29.8,10.6,normal
1697495987.078,46.251,1800.0,1.5,10.6,normal
1697495987.581,47.225,1800.0,5.0,10.6,normal
1697495988.083,45.764,1800.0,2.5,10.6,normal
1697495988.586,44.79,1800.0,5.0,10.6,normal
1697495989.089,46.738,1800.0,5.0,10.6,normal
1697495989.591,46.251,1800.0,3.5,10.6,normal
1697495990.094,45.764,1800.0,3.5,10.6,normal
1697495990.597,45.277,1800.0,1.5,10.6,normal
1697495991.103,44.79,600.0,3.9,10.6,normal
1697495991.609,45.277,600.0,4.9,10.6,normal
1697495992.111,45.277,1800.0,14.5,10.1,normal
1697495992.614,45.764,1800.0,36.3,10.6,normal
1697495993.117,46.738,1800.0,8.5,10.6,normal
1697495993.619,46.251,1800.0,3.5,10.6,normal
1697495994.122,46.738,1800.0,3.0,10.7,normal
1697495994.625,46.251,1800.0,3.5,10.7,normal
1697495995.128,46.738,1800.0,3.5,10.7,normal
1697495995.631,46.738,1800.0,3.0,10.7,normal
1697495996.133,46.251,1800.0,3.5,10.7,normal
1697495996.636,45.277,1800.0,3.5,10.7,normal
1697495997.141,45.764,900.0,4.4,10.7,normal
1697495997.647,44.79,600.0,5.9,10.7,normal
1697495998.154,46.251,700.0,7.0,10.5,normal
1697495998.657,47.225,1800.0,29.5,10.4,normal
1697495999.159,46.251,1800.0,23.0,10.6,normal
1697495999.662,46.251,1800.0,4.0,10.6,normal
1697496000.164,46.738,1800.0,4.4,10.6,normal
1697496000.667,46.251,1800.0,3.0,10.6,normal
1697496001.17,45.764,1800.0,4.5,10.6,normal
1697496001.672,46.251,1800.0,4.0,10.6,normal
1697496002.175,46.738,1800.0,3.5,10.6,normal
1697496002.677,45.764,1800.0,3.5,10.6,normal
1697496003.18,46.251,1800.0,4.9,10.6,normal
1697496003.684,45.277,900.0,5.5,10.6,normal
1697496004.188,45.277,800.0,4.4,10.6,normal
1697496004.691,46.738,1800.0,22.9,10.3,normal
1697496005.194,45.764,1800.0,31.2,10.6,normal
1697496005.696,47.225,1800.0,4.0,10.6,normal
1697496006.199,47.225,1800.0,4.0,10.6,normal
1697496006.702,45.277,1800.0,4.0,10.6,normal
1697496007.204,45.277,1800.0,3.5,10.6,normal
1697496007.707,45.764,1800.0,3.0,10.6,normal
1697496008.209,46.251,1800.0,3.5,10.6,normal
1697496008.712,46.251,1800.0,3.5,10.6,normal
1697496009.214,46.251,1800.0,4.9,10.6,normal
1697496009.719,45.277,700.0,4.0,10.6,normal
1697496010.224,46.251,800.0,5.5,10.6,normal
1697496010.727,45.277,1800.0,29.4,10.4,normal
1697496011.23,45.764,1800.0,26.5,10.6,normal
1697496011.733,45.277,1800.0,4.0,10.6,normal
1697496012.235,46.251,1800.0,4.0,10.6,normal
1697496012.738,46.738,1800.0,2.5,10.6,normal
1697496013.24,45.277,1800.0,3.5,10.6,normal
1697496013.743,45.764,1800.0,5.0,10.6,normal
1697496014.245,46.251,1800.0,4.0,10.6,normal
1697496014.748,46.738,1800.0,3.5,10.6,normal
1697496015.251,46.738,1800.0,3.5,10.6,normal
1697496015.755,45.764,900.0,5.0,10.7,normal
1697496016.259,44.79,1000.0,8.9,9.5,normal
1697496016.762,46.251,1800.0,28.2,10.5,normal
1697496017.265,45.764,1800.0,20.5,10.6,normal
1697496017.768,46.251,1800.0,4.5,10.6,normal
1697496018.27,46.738,1800.0,3.0,10.6,normal
1697496018.773,45.277,1800.0,4.5,10.6,normal
1697496019.275,46.251,1800.0,3.5,10.6,normal
1697496019.778,46.738,1800.0,3.5,10.6,normal
1697496020.281,46.251,1800.0,3.9,10.7,normal
1697496020.783,45.764,1800.0,3.0,10.6,normal
1697496021.288,46.251,700.0,3.5,10.6,normal
1697496021.793,46.251,800.0,4.9,10.7,normal
1697496022.296,45.764,1200.0,12.4,10.0,normal
1697496022.799,46.738,1800.0,31.5,10.6,normal
1697496023.302,46.251,1800.0,15.6,10.6,normal
1697496023.805,46.251,1800.0,5.0,10.6,normal
1697496024.307,46.738,1800.0,3.0,10.6,normal
1697496024.81,46.251,1800.0,3.5,10.6,normal
1697496025.312,46.251,1800.0,3.0,10.7,normal
1697496025.815,46.738,1800.0,4.0,10.7,normal
1697496026.317,45.277,1800.0,3.5,10.7,normal
1697496026.82,46.251,1800.0,4.4,10.7,normal
1697496027.322,46.251,1800.0,3.0,10.7,normal
1697496027.828,44.79,600.0,4.5,10.7,normal
1697496028.333,45.764,700.0,6.4,10.6,normal
1697496028.837,45.277,1800.0,27.0,10.5,normal
1697496029.339,46.251,1800.0,27.5,10.7,normal
1697496029.842,45.764,1800.0,4.5,10.7,normal
1697496030.344,46.738,1800.0,4.0,10.7,normal
1697496030.847,46.251,1800.0,3.0,10.7,normal
1697496031.35,45.764,1800.0,3.0,10.7,normal
1697496031.852,46.738,1800.0,3.0,10.7,normal
1697496032.355,46.251,1800.0,2.5,10.7,normal
1697496032.857,45.277,1800.0,2.5,10.7,normal
1697496033.36,45.764,1800.0,4.0,10.7,normal
1697496033.865,46.251,600.0,4.5,10.7,normal
1697496034.371,44.79,600.0,3.5,10.7,normal
1697496034.874,46.738,1800.0,20.9,10.4,normal
1697496035.377,46.738,1800.0,35.2,10.6,normal
1697496035.879,46.738,1800.0,4.4,10.6,normal
1697496036.382,45.764,1800.0,3.5,10.6,normal
1697496036.884,46.738,1800.0,3.5,10.6,normal
1697496037.387,45.277,1800.0,3.5,10.6,normal
1697496037.89,46.251,1800.0,3.5,10.6,normal
1697496038.392,45.277,1800.0,4.5,10.6,normal
1697496038.895,45.277,1800.0,4.0,10.6,normal
1697496039.397,45.764,1800.0,3.0,10.6,normal
1697496039.902,45.764,700.0,5.9,10.6,normal
1697496040.408,46.251,600.0,3.5,10.6,normal
1697496040.911,45.764,1800.0,13.9,10.1,normal
1697496041.414,47.225,1800.0,37.3,10.6,normal
1697496041.916,45.277,1800.0,7.0,10.6,normal
1697496042.419,46.251,1800.0,3.5,10.6,normal
1697496042.921,45.764,1800.0,3.5,10.6,normal
1697496043.424,45.764,1800.0,4.5,10.6,normal
1697496043.927,46.738,1800.0,3.5,10.6,normal
1697496044.429,46.251,1800.0,4.5,10.6,normal
1697496044.932,46.251,1800.0,4.0,10.6,normal
1697496045.434,45.277,1800.0,3.0,10.6,normal
1697496045.939,46.251,700.0,3.4,10.6,normal
1697496046.445,44.79,600.0,5.0,10.6,normal
1697496046.95,46.251,800.0,5.4,10.5,normal
1697496047.454,46.738,1800.0,28.9,10.4,normal
1697496047.957,46.251,1800.0,22.0,10.6,normal
1697496048.459,45.764,1800.0,4.0,10.6,normal
1697496048.962,46.738,1800.0,5.4,10.6,normal
1697496049.464,46.738,1800.0,3.5,10.6,normal
1697496049.967,45.764,1800.0,3.0,10.6,normal
1697496050.47,45.764,1800.0,3.5,10.6,normal
1697496050.972,45.764,1800.0,3.5,10.6,normal
1697496051.475,45.764,1800.0,4.0,10.6,normal
1697496051.977,45.764,1800.0,3.5,10.6,normal
1697496052.482,45.277,800.0,5.0,10.6,normal
1697496052.986,45.764,800.0,5.9,10.6,normal
1697496053.489,45.277,1800.0,24.7,10.2,normal
1697496053.992,46.251,1800.0,33.7,10.6,normal
1697496054.494,45.764,1800.0,3.0,10.6,normal
1697496054.997,45.764,1800.0,4.0,10.6,normal
1697496055.499,46.738,1800.0,3.5,10.6,normal
1697496056.002,46.251,1800.0,3.5,10.6,normal
1697496056.504,46.251,1800.0,3.0,10.6,normal
1697496057.007,46.251,1800.0,3.5,10.6,normal
1697496057.509,45.764,1800.0,3.0,10.6,normal
1697496058.012,45.764,1800.0,4.0,10.6,normal
1697496058.516,45.764,800.0,5.0,10.6,normal
1697496059.02,45.277,900.0,5.5,10.6,normal
1697496059.523,45.277,1800.0,12.4,10.1,normal
1697496060.027,45.764,1800.0,34.8,10.6,normal
1697496060.53,46.738,1800.0,11.4,10.6,normal
1697496061.032,46.251,1800.0,4.0,10.6,normal
1697496061.535,45.277,1800.0,4.9,10.6,normal
1697496062.037,45.764,1800.0,3.0,10.6,normal
1697496062.54,45.764,1800.0,4.0,10.6,normal
1697496063.042,46.251,1800.0,3.9,10.6,normal
1697496063.545,46.738,1800.0,5.0,10.6,normal
1697496064.047,45.764,1800.0,3.5,10.6,normal
1697496064.552,46.738,700.0,4.0,10.6,normal
1697496065.057,46.251,800.0,4.0,10.6,normal
1697496065.561,45.764,800.0,5.0,10.6,normal
1697496066.063,46.251,1800.0,29.0,10.4,normal
1697496066.566,46.251,1800.0,25.5,10.6,normal
1697496067.069,46.738,1800.0,3.0,10.6,normal
1697496067.571,46.251,1800.0,4.0,10.6,normal
1697496068.074,45.764,1800.0,3.0,10.6,normal
1697496068.576,45.764,1800.0,3.5,10.6,normal
1697496069.079,45.764,1800.0,4.4,10.6,normal
1697496069.582,46.738,1800.0,3.5,10.6,normal
1697496070.084,46.251,1800.0,4.0,10.6,normal
1697496070.587,46.251,1800.0,2.5,10.6,normal
1697496071.093,45.764,600.0,5.4,10.6,normal
1697496071.596,45.764,1800.0,10.4,9.6,normal
1697496072.099,46.738,1800.0,30.8,10.5,normal
1697496072.602,47.225,1800.0,19.5,10.6,normal
1697496073.104,47.225,1800.0,4.0,10.6,normal
1697496073.607,46.738,1800.0,3.0,10.6,normal
1697496074.109,46.738,1800.0,3.5,10.6,normal
1697496074.612,46.251,1800.0,3.5,10.6,normal
1697496075.115,46.251,1800.0,3.0,10.6,normal
1697496075.617,44.79,1800.0,2.5,10.6,normal
1697496076.12,46.738,1800.0,4.5,10.6,normal
1697496076.625,46.251,700.0,2.5,10.6,normal
1697496077.13,46.251,700.0,3.4,10.6,normal
1697496077.634,45.764,1000.0,6.0,10.6,normal
1697496078.137,47.225,1800.0,25.1,10.3,normal
1697496078.64,46.738,1800.0,29.4,10.6,normal
1697496079.142,47.225,1800.0,3.5,10.6,normal
1697496079.645,46.738,1800.0,2.0,10.6,normal
1697496080.148,46.738,1800.0,4.0,10.6,normal
1697496080.65,45.277,1800.0,3.0,10.6,normal
1697496081.153,45.277,1800.0,3.0,10.6,normal
1697496081.655,45.764,1800.0,3.5,10.6,normal
1697496082.158,45.277,1800.0,3.5,10.6,normal
1697496082.661,45.764,1800.0,3.5,10.6,normal
1697496083.166,45.764,600.0,3.5,10.6,normal
1697496083.67,46.251,900.0,6.4,10.6,normal
1697496084.173,45.764,1800.0,19.6,10.2,normal
1697496084.676,47.225,1800.0,36.3,10.6,normal
1697496085.179,45.764,1800.0,3.5,10.6,normal
1697496085.685,46.738,1800.0,2.5,10.6,normal
1697496086.188,45.764,1800.0,3.5,10.6,normal
1697496086.69,46.251,1800.0,4.5,10.6,normal
1697496087.193,46.251,1800.0,3.5,10.6,normal
1697496087.695,44.79,1800.0,3.0,10.6,normal
1697496088.198,46.738,1800.0,3.5,10.6,normal
1697496088.7,45.764,1800.0,4.5,10.6,normal
1697496089.204,45.277,900.0,5.0,10.6,normal
1697496089.708,45.277,900.0,5.0,10.6,normal
1697496090.212,45.764,1800.0,23.9,10.2,normal
1697496090.715,46.251,1800.0,32.5,10.6,normal
1697496091.217,46.738,1800.0,3.0,10.6,normal
1697496091.72,46.251,1800.0,2.5,10.6,normal
1697496092.222,45.764,1800.0,3.5,10.6,normal
1697496092.725,46.251,1800.0,4.0,10.6,normal
1697496093.227,45.764,1800.0,4.0,10.6,normal
1697496093.73,45.764,1800.0,4.0,10.6,normal
1697496094.232,46.251,1800.0,3.0,10.6,normal
1697496094.735,46.251,1800.0,4.0,10.6,normal
1697496095.239,46.251,900.0,5.9,10.6,normal
1697496095.743,46.251,900.0,4.0,10.6,normal
1697496096.247,45.277,1800.0,27.5,10.4,normal
1697496096.75,46.251,1800.0,27.0,10.6,normal
1697496097.253,45.764,1800.0,3.5,10.6,normal
1697496097.755,46.251,1800.0,3.5,10.6,normal
1697496098.258,46.251,1800.0,3.5,10.6,normal
1697496098.76,45.764,1800.0,4.5,10.6,normal
1697496099.263,45.764,1800.0,3.5,10.6,normal
1697496099.765,46.738,1800.0,3.0,10.7,normal
1697496100.268,45.277,1800.0,3.5,10.7,normal
1697496100.771,45.764,1800.0,3.0,10.7,normal
1697496101.275,46.738,800.0,5.9,10.6,normal
1697496101.78,45.764,800.0,7.5,10.2,normal
1697496102.284,46.251,1800.0,28.9,10.5,normal
1697496102.786,46.251,1800.0,23.7,10.6,normal
1697496103.289,45.277,1800.0,2.5,10.6,normal
1697496103.791,45.764,1800.0,5.0,10.6,normal
1697496104.294,46.251,1800.0,3.5,10.6,normal
1697496104.796,45.764,1800.0,3.5,10.6,normal
1697496105.299,46.251,1800.0,2.0,10.6,normal
1697496105.802,45.764,1800.0,2.0,10.6,normal
1697496106.304,45.764,1800.0,1.0,10.6,normal
1697496106.807,45.277,1800.0,3.0,10.6,normal
1697496107.312,45.764,600.0,2.0,10.6,normal
1697496107.818,44.79,700.0,4.5,10.6,normal
1697496108.321,46.738,1800.0,24.4,10.4,normal
1697496108.823,45.764,1800.0,31.0,10.6,normal
1697496109.326,45.764,1800.0,2.0,10.6,normal
1697496109.828,46.738,1800.0,2.0,10.6,normal
1697496110.331,46.251,1800.0,5.0,10.6,normal
1697496110.834,45.764,1800.0,4.5,10.6,normal
1697496111.336,46.251,1800.0,4.4,10.6,normal
1697496111.839,45.764,1800.0,2.5,10.6,normal
1697496112.341,46.738,1800.0,3.0,10.6,normal
1697496112.844,45.764,1800.0,3.5,10.6,normal
1697496113.346,45.764,1800.0,6.4,10.6,normal
1697496113.849,45.764,1800.0,4.0,10.6,normal
1697496114.351,46.738,1800.0,27.9,10.4,normal
1697496114.854,46.738,1800.0,23.9,10.6,normal
1697496115.357,46.738,1800.0,3.0,10.6,normal
1697496115.859,46.738,1800.0,3.0,10.6,normal
1697496116.362,46.251,1800.0,2.5,10.6,normal
1697496116.864,45.764,1800.0,4.0,10.6,normal
1697496117.367,46.251,1800.0,2.5,10.6,normal
1697496117.869,45.764,1800.0,2.5,10.6,normal
1697496118.375,45.764,600.0,4.4,10.6,normal
1697496118.88,45.764,600.0,4.5,10.6,normal
1697496119.386,46.251,600.0,5.0,10.6,normal
1697496119.889,45.764,1800.0,12.5,10.0,normal
1697496120.392,47.225,1800.0,34.5,10.6,normal
1697496120.895,45.764,1800.0,11.4,10.6,normal
1697496121.398,45.764,1800.0,3.5,10.6,normal
1697496121.9,45.764,1800.0,3.5,10.6,normal
1697496122.403,45.764,1800.0,3.5,10.6,normal
1697496122.905,45.764,1800.0,4.0,10.6,normal
1697496123.408,46.251,1800.0,4.0,10.7,normal
1697496123.911,46.738,1800.0,4.0,10.7,normal
1697496124.413,45.764,1800.0,4.0,10.6,normal
1697496124.918,44.79,700.0,4.0,10.7,normal
1697496125.424,45.764,600.0,4.9,10.6,normal
1697496125.93,44.303,600.0,6.4,10.6,normal
1697496126.433,46.738,1800.0,27.9,10.4,normal
1697496126.936,46.738,1800.0,25.6,10.6,normal
1697496127.438,45.764,1800.0,3.5,10.6,normal
1697496127.941,47.712,1800.0,2.5,10.6,normal
1697496128.444,46.251,1800.0,3.5,10.6,normal
1697496128.946,45.764,1800.0,3.5,10.6,normal
1697496129.449,46.251,1800.0,4.0,10.6,normal
1697496129.951,44.79,1800.0,2.5,10.6,normal
1697496130.454,46.251,1800.0,3.5,10.6,normal
1697496130.956,46.251,1800.0,4.5,10.7,normal
1697496131.462,45.764,600.0,5.9,10.6,normal
1697496131.967,45.277,800.0,8.5,9.6,normal
1697496132.47,46.251,1800.0,28.7,10.5,normal
1697496132.973,46.738,1800.0,21.5,10.6,normal
1697496133.475,45.764,1800.0,4.5,10.6,normal
1697496133.978,47.712,1800.0,3.0,10.6,normal
1697496134.481,46.251,1800.0,4.0,10.6,normal
1697496134.983,45.764,1800.0,3.5,10.6,normal
1697496135.486,45.277,1800.0,3.5,10.6,normal
1697496135.988,45.764,1800.0,3.5,10.6,normal
1697496136.491,45.277,1800.0,3.0,10.6,normal
1697496136.994,45.277,1800.0,4.9,10.6,normal
1697496137.499,45.764,800.0,4.0,10.6,normal
1697496138.004,44.79,700.0,4.5,10.6,normal
1697496138.507,46.251,1800.0,26.7,10.3,normal
1697496139.01,46.738,1800.0,30.0,10.6,normal
1697496139.512,46.251,1800.0,2.5,10.6,normal
1697496140.015,46.251,1800.0,3.5,10.6,normal
1697496140.518,45.277,1800.0,4.0,10.6,normal
1697496141.02,45.764,1800.0,5.0,10.6,normal
1697496141.523,45.277,1800.0,3.5,10.6,normal
1697496142.025,46.251,1800.0,3.0,10.6,normal
1697496142.528,46.251,1800.0,4.9,10.6,normal
1697496143.03,45.764,1800.0,4.0,10.6,normal
1697496143.535,44.79,800.0,5.0,10.6,normal
1697496144.04,45.764,800.0,5.4,10.6,normal
1697496144.543,46.738,1800.0,28.1,10.4,normal
1697496145.046,46.251,1800.0,25.9,10.6,normal
1697496145.548,45.277,1800.0,2.5,10.6,normal
1697496146.051,47.225,1800.0,3.9,10.6,normal
1697496146.554,45.764,1800.0,3.0,10.6,normal
1697496147.056,47.225,1800.0,4.9,10.6,normal
1697496147.559,45.764,1800.0,3.5,10.6,normal
1697496148.061,46.738,1800.0,3.0,10.6,normal
1697496148.564,45.764,1800.0,4.0,10.6,normal
1697496149.066,45.764,1800.0,5.4,10.7,normal
1697496149.572,45.277,600.0,4.0,10.7,normal
1697496150.077,45.277,700.0,6.4,10.7,normal
1697496150.58,45.764,1800.0,22.5,10.2,normal
1697496151.083,47.225,1800.0,33.0,10.6,normal
1697496151.586,46.251,1800.0,4.0,10.6,normal
1697496152.088,45.764,1800.0,3.0,10.6,normal
1697496152.591,45.277,1800.0,3.0,10.6,normal
1697496153.094,45.764,1800.0,4.5,10.6,normal
1697496153.596,46.738,1800.0,4.0,10.6,normal
1697496154.099,46.251,1800.0,4.4,10.6,normal
1697496154.601,45.277,1800.0,2.0,10.6,normal
1697496155.104,45.277,1800.0,5.9,10.6,normal
1697496155.608,45.277,800.0,4.0,10.6,normal
1697496156.113,46.251,800.0,5.4,10.7,normal
1697496156.616,45.764,1800.0,14.5,10.2,normal
1697496157.119,46.251,1800.0,36.8,10.6,normal
1697496157.621,46.738,1800.0,5.0,10.6,normal
1697496158.124,45.764,1800.0,2.5,10.6,normal
1697496158.627,46.738,1800.0,3.5,10.7,normal
1697496159.129,45.764,1800.0,3.5,10.7,normal
1697496159.632,46.251,1800.0,3.5,10.6,normal
1697496160.134,45.764,1800.0,3.0,10.6,normal
1697496160.637,46.251,1800.0,3.0,10.6,normal
1697496161.14,46.251,1800.0,2.5,10.6,normal
1697496161.644,45.277,900.0,4.0,10.6,normal
1697496162.147,45.764,1000.0,5.4,10.6,normal
1697496162.651,45.277,1200.0,7.0,10.5,normal
1697496163.158,45.764,1800.0,29.6,10.4,normal
1697496163.66,45.764,1800.0,23.7,10.6,normal
1697496164.163,45.277,1800.0,3.5,10.6,normal
1697496164.666,44.79,1800.0,4.4,10.6,normal
1697496165.169,45.764,1800.0,2.5,10.6,normal
1697496165.671,45.764,1800.0,2.0,10.6,normal
1697496166.174,45.277,1800.0,4.4,10.6,normal
1697496166.677,46.251,1800.0,3.0,10.6,normal
1697496167.179,47.225,1800.0,3.9,10.6,normal
1697496167.682,45.277,1800.0,2.5,10.6,normal
1697496168.187,46.251,600.0,6.4,10.6,normal
1697496168.69,44.79,1800.0,15.3,10.0,normal
1697496169.194,47.712,1800.0,36.1,10.5,normal
1697496169.697,44.79,1800.0,10.9,10.6,normal
1697496170.199,45.277,1800.0,3.5,10.6,normal
1697496170.702,45.764,1800.0,3.0,10.6,normal
1697496171.205,46.251,1800.0,3.0,10.6,normal
1697496171.707,46.738,1800.0,4.4,10.6,normal
1697496172.21,46.251,1800.0,4.0,10.6,normal
1697496172.712,45.277,1800.0,2.5,10.6,normal
1697496173.215,45.764,1800.0,3.5,10.6,normal
1697496173.719,46.251,900.0,6.4,10.6,normal
1697496174.223,45.277,900.0,4.5,10.6,normal
1697496174.726,45.277,1800.0,17.3,10.2,normal
1697496175.229,46.251,1800.0,37.0,10.6,normal
1697496175.731,46.251,1800.0,5.0,10.6,normal
1697496176.234,47.225,1800.0,4.5,10.6,normal
1697496176.737,45.764,1800.0,4.0,10.6,normal
1697496177.239,45.277,1800.0,3.0,10.6,normal
1697496177.742,46.738,1800.0,3.5,10.6,normal
1697496178.244,46.738,1800.0,4.0,10.6,normal
1697496178.747,45.764,1800.0,4.0,10.7,normal
1697496179.249,45.277,1800.0,3.5,10.7,normal
1697496179.755,46.251,700.0,4.0,10.6,normal
1697496180.259,45.277,900.0,5.4,10.7,normal
1697496180.762,46.251,1800.0,20.9,10.3,normal
1697496181.265,46.251,1800.0,35.5,10.7,normal
1697496181.767,46.251,1800.0,3.5,10.7,normal
1697496182.27,45.764,1800.0,4.5,10.6,normal
1697496182.773,46.738,1800.0,3.0,10.6,normal
1697496183.275,46.738,1800.0,3.5,10.7,normal
1697496183.778,45.764,1800.0,4.5,10.6,normal
1697496184.28,45.277,1800.0,3.5,10.6,normal
1697496184.783,46.738,1800.0,4.5,10.7,normal
1697496185.285,45.764,1800.0,4.0,10.6,normal
1697496185.791,45.277,600.0,3.9,10.6,normal
1697496186.296,45.277,600.0,4.5,10.7,normal
1697496186.8,45.764,1800.0,24.9,10.2,normal
1697496187.303,45.277,1800.0,30.3,10.5,normal
1697496187.805,46.251,1800.0,3.5,10.5,normal
1697496188.308,45.277,1800.0,3.5,10.5,normal
1697496188.81,44.79,1800.0,5.4,10.6,normal
1697496189.313,46.251,1800.0,3.5,10.6,normal
1697496189.815,46.251,1800.0,3.5,10.6,normal
1697496190.318,46.251,1800.0,3.0,10.6,normal
1697496190.82,45.277,1800.0,3.5,10.6,normal
1697496191.323,45.277,1800.0,3.9,10.6,normal
1697496191.828,46.251,600.0,4.4,10.6,normal
1697496192.334,46.251,600.0,5.4,10.6,normal
1697496192.837,46.251,1800.0,15.1,10.0,normal
1697496193.339,45.764,1800.0,40.1,10.5,normal
1697496193.842,46.251,1800.0,6.0,10.6,normal
1697496194.345,46.738,1800.0,3.0,10.6,normal
1697496194.847,46.738,1800.0,3.9,10.6,normal
1697496195.35,46.738,1800.0,4.0,10.6,normal
1697496195.852,45.764,1800.0,4.4,10.6,normal
1697496196.355,46.738,1800.0,2.5,10.6,normal
1697496196.857,46.738,1800.0,3.0,10.6,normal
1697496197.36,45.764,1800.0,4.5,10.6,normal
1697496197.865,45.764,600.0,3.0,10.6,normal
1697496198.371,45.277,600.0,5.0,10.6,normal
1697496198.876,46.251,900.0,9.5,9.5,normal
1697496199.378,47.225,1800.0,28.7,10.5,normal
1697496199.881,46.251,1800.0,19.0,10.6,normal
1697496200.384,46.251,1800.0,2.5,10.6,normal
1697496200.886,45.764,1800.0,2.5,10.6,normal
1697496201.389,46.251,1800.0,1.5,10.6,normal
1697496201.891,45.764,1800.0,4.5,10.6,normal
1697496202.394,45.764,1800.0,3.0,10.6,normal
1697496202.896,46.251,1800.0,3.0,10.6,normal
1697496203.399,45.764,1800.0,4.0,10.6,normal
1697496203.904,46.738,700.0,4.5,10.6,normal
1697496204.411,45.764,600.0,4.5,10.6,normal
1697496204.916,45.277,600.0,4.0,10.6,normal
1697496205.42,46.251,1800.0,28.2,10.4,normal
1697496205.923,46.738,1800.0,28.6,10.6,normal
1697496206.426,45.764,1800.0,3.5,10.6,normal
1697496206.928,45.277,1800.0,3.5,10.6,normal
1697496207.431,46.251,1800.0,4.4,10.6,normal
1697496207.934,45.764,1800.0,4.0,10.6,normal
1697496208.436,46.251,1800.0,4.0,10.6,normal
1697496208.939,46.738,1800.0,3.5,10.6,normal
1697496209.441,45.277,1800.0,4.0,10.6,normal
1697496209.944,46.251,1800.0,4.0,10.6,normal
1697496210.449,45.277,600.0,5.0,10.6,normal
1697496210.955,45.277,600.0,4.0,10.6,normal
1697496211.458,45.277,1800.0,19.0,10.2,normal
1697496211.961,47.712,1800.0,35.0,10.6,normal
1697496212.463,45.764,1800.0,4.0,10.6,normal
1697496212.966,46.251,1800.0,3.0,10.6,normal
1697496213.468,46.738,1800.0,4.5,10.6,normal
1697496213.971,47.225,1800.0,4.0,10.6,normal
1697496214.474,45.764,1800.0,3.5,10.6,normal
1697496214.976,46.251,1800.0,3.0,10.6,normal
1697496215.479,46.738,1800.0,3.5,10.6,normal
1697496215.981,46.251,1800.0,3.0,10.6,normal
1697496216.486,44.79,800.0,3.0,10.6,normal
1697496216.99,45.764,800.0,4.9,10.6,normal
1697496217.494,46.251,1800.0,24.5,10.3,normal
1697496217.997,46.251,1800.0,30.7,10.6,normal
1697496218.499,45.764,1800.0,4.5,10.6,normal
1697496219.002,46.738,1800.0,3.0,10.6,normal
1697496219.504,46.738,1800.0,3.5,10.6,normal
1697496220.007,46.251,1800.0,3.5,10.6,normal
1697496220.509,46.251,1800.0,4.0,10.6,normal
1697496221.012,45.764,1800.0,3.5,10.6,normal
1697496221.514,45.277,1800.0,3.5,10.6,normal
1697496222.017,45.277,1800.0,3.0,10.6,normal
1697496222.521,45.764,800.0,5.0,10.6,normal
1697496223.026,46.251,800.0,5.0,10.6,normal
1697496223.529,46.738,1800.0,30.5,10.4,normal
1697496224.032,46.738,1800.0,25.9,10.6,normal
1697496224.535,46.738,1800.0,4.5,10.6,normal
1697496225.037,46.251,1800.0,3.0,10.6,normal
1697496225.54,46.251,1800.0,2.0,10.6,normal
1697496226.042,45.764,1800.0,3.5,10.6,normal
1697496226.545,45.764,1800.0,1.5,10.6,normal
1697496227.047,46.738,1800.0,2.5,10.6,normal
1697496227.55,45.764,1800.0,4.0,10.6,normal
1697496228.053,46.251,1800.0,3.5,10.6,normal
1697496228.556,45.764,900.0,7.5,10.6,normal
1697496229.06,45.764,900.0,5.9,10.6,normal
1697496229.563,46.251,1800.0,21.5,10.2,normal
1697496230.066,47.225,1800.0,33.0,10.6,normal
1697496230.568,46.251,1800.0,3.5,10.6,normal
1697496231.071,45.764,1800.0,4.0,10.6,normal
1697496231.574,46.251,1800.0,4.5,10.6,normal
1697496232.077,45.277,1800.0,3.4,10.6,normal
1697496232.579,46.251,1800.0,2.5,10.6,normal
1697496233.082,46.251,1800.0,5.0,10.6,normal
1697496233.585,46.251,1800.0,3.0,10.6,normal
1697496234.087,46.738,1800.0,4.5,10.6,normal
1697496234.592,45.277,800.0,3.9,10.6,normal
1697496235.097,44.79,600.0,5.5,10.6,normal
1697496235.6,46.251,1800.0,14.9,10.1,normal
1697496236.103,45.764,1800.0,35.8,10.5,normal
1697496236.606,46.251,1800.0,9.4,10.6,normal
1697496237.109,46.251,1800.0,4.0,10.6,normal
1697496237.611,46.738,1800.0,3.5,10.6,normal
1697496238.114,46.738,1800.0,1.5,10.6,normal
1697496238.616,45.764,1800.0,5.5,10.6,normal
1697496239.119,46.251,1800.0,3.9,10.6,normal
1697496239.622,45.764,1800.0,3.0,10.6,normal
1697496240.124,45.764,1800.0,2.5,10.7,normal
1697496240.63,45.764,600.0,4.4,10.7,normal
1697496241.134,45.764,1000.0,4.5,10.6,normal
1697496241.639,46.251,700.0,7.4,10.5,normal
1697496242.142,45.764,1800.0,27.9,10.4,normal
1697496242.645,46.251,1800.0,23.4,10.6,normal
1697496243.147,46.738,1800.0,3.0,10.6,normal
1697496243.65,46.251,1800.0,3.5,10.6,normal
1697496244.152,45.764,1800.0,3.0,10.6,normal
1697496244.655,46.251,1800.0,4.5,10.6,normal
1697496245.157,46.251,1800.0,2.5,10.6,normal
1697496245.66,46.251,1800.0,2.5,10.6,normal
1697496246.163,45.764,1800.0,2.5,10.6,normal
1697496246.665,45.764,1800.0,4.5,10.6,normal
1697496247.169,45.764,900.0,4.0,10.6,normal
1697496247.673,44.79,1100.0,4.0,10.6,normal
1697496248.175,46.251,1800.0,24.5,10.3,normal
1697496248.678,46.738,1800.0,31.2,10.6,normal
1697496249.181,46.251,1800.0,3.0,10.6,normal
1697496249.683,46.738,1800.0,3.0,10.6,normal
1697496250.186,46.738,1800.0,2.5,10.6,normal
1697496250.688,45.764,1800.0,3.5,10.6,normal
1697496251.191,46.251,1800.0,3.5,10.6,normal
1697496251.693,46.738,1800.0,3.5,10.6,normal
1697496252.196,46.251,1800.0,3.0,10.6,normal
1697496252.698,46.251,1800.0,3.5,10.6,normal
1697496253.202,45.764,900.0,5.0,10.6,normal
1697496253.707,45.277,900.0,6.0,10.6,normal
1697496254.21,47.225,1800.0,17.8,10.2,normal
1697496254.712,47.225,1800.0,39.3,10.5,normal
1697496255.215,46.251,1800.0,4.5,10.6,normal
1697496255.718,46.251,1800.0,3.5,10.6,normal
1697496256.22,46.738,1800.0,3.5,10.6,normal
1697496256.723,47.712,1800.0,3.5,10.6,normal
1697496257.225,46.251,1800.0,4.0,10.6,normal
1697496257.728,45.764,1800.0,3.5,10.6,normal
1697496258.23,45.764,1800.0,3.9,10.6,normal
1697496258.733,45.764,1800.0,4.0,10.6,normal
1697496259.237,45.764,900.0,3.5,10.6,normal
1697496259.741,46.738,700.0,4.0,10.6,normal
1697496260.245,45.277,1800.0,10.5,9.5,normal
1697496260.749,46.738,1800.0,29.9,10.4,normal
1697496261.252,45.764,1800.0,19.1,10.6,normal
1697496261.755,47.225,1800.0,3.5,10.6,normal
1697496262.257,45.277,1800.0,3.0,10.6,normal
1697496262.76,44.79,1800.0,3.9,10.6,normal
1697496263.262,46.251,1800.0,4.0,10.6,normal
1697496263.765,45.764,1800.0,4.5,10.6,normal
1697496264.267,46.251,1800.0,3.0,10.6,normal
1697496264.77,45.764,1800.0,3.0,10.6,normal
1697496265.275,46.251,700.0,3.0,10.6,normal
1697496265.779,45.764,900.0,5.0,10.6,normal
1697496266.282,46.251,1800.0,15.9,10.1,normal
1697496266.785,47.712,1800.0,36.9,10.5,normal
1697496267.287,46.738,1800.0,6.5,10.6,normal
1697496267.79,46.738,1800.0,4.4,10.6,normal
1697496268.292,46.251,1800.0,2.5,10.6,normal
1697496268.795,46.251,1800.0,4.5,10.6,normal
1697496269.297,45.764,1800.0,3.5,10.6,normal
1697496269.8,46.738,1800.0,4.0,10.6,normal
1697496270.302,46.738,1800.0,3.5,10.6,normal
1697496270.805,45.764,1800.0,2.5,10.6,normal
1697496271.31,45.277,600.0,4.5,10.6,normal
1697496271.816,45.764,600.0,4.5,10.6,normal
1697496272.319,45.764,1800.0,8.4,10.3,normal
1697496272.822,46.251,1800.0,28.5,10.5,normal
1697496273.325,45.764,1800.0,22.1,10.6,normal
1697496273.827,45.764,1800.0,3.9,10.6,normal
1697496274.33,46.738,1800.0,4.9,10.6,normal
1697496274.832,46.738,1800.0,3.0,10.6,normal
1697496275.335,46.251,1800.0,3.0,10.6,normal
1697496275.838,45.764,1800.0,4.0,10.6,normal
1697496276.34,45.277,1800.0,3.5,10.6,normal
1697496276.843,45.277,1800.0,2.5,10.6,normal
1697496277.348,45.764,700.0,4.5,10.7,normal
1697496277.853,46.251,600.0,4.9,10.7,normal
1697496278.359,45.764,600.0,5.9,10.7,normal
1697496278.863,47.225,1800.0,25.0,10.3,normal
1697496279.365,45.764,1800.0,28.1,10.6,normal
1697496279.868,46.251,1800.0,3.5,10.6,normal
1697496280.37,46.251,1800.0,4.5,10.6,normal
1697496280.873,46.251,1800.0,3.0,10.6,normal
1697496281.375,45.277,1800.0,3.5,10.6,normal
1697496281.878,45.764,1800.0,4.0,10.6,normal
1697496282.381,45.277,1800.0,2.5,10.6,normal
1697496282.883,45.764,1800.0,3.5,10.6,normal
1697496283.386,46.738,1800.0,4.0,10.6,normal
1697496283.891,45.277,600.0,3.0,10.6,normal
1697496284.397,46.251,600.0,4.4,10.6,normal
1697496284.9,46.251,1800.0,28.2,10.3,normal
1697496285.403,46.251,1800.0,26.9,10.6,normal
1697496285.906,45.764,1800.0,1.5,10.6,normal
1697496286.408,45.764,1800.0,2.5,10.6,normal
1697496286.911,46.738,1800.0,3.0,10.6,normal
1697496287.413,46.251,1800.0,2.0,10.6,normal
1697496287.915,46.738,1800.0,3.5,10.7,normal
1697496288.418,46.251,1800.0,5.0,10.6,normal
1697496288.921,46.738,1800.0,5.9,10.6,normal
1697496289.423,46.251,1800.0,4.0,10.6,normal
1697496289.929,45.277,600.0,4.5,10.6,normal
1697496290.435,45.277,600.0,8.4,10.5,normal
1697496290.938,46.738,1800.0,28.4,10.4,normal
1697496291.441,45.764,1800.0,24.5,10.6,normal
1697496291.943,46.738,1800.0,3.0,10.6,normal
1697496292.446,46.251,1800.0,3.0,10.6,normal
1697496292.949,45.764,1800.0,3.0,10.6,normal
1697496293.451,45.764,1800.0,5.0,10.7,normal
1697496293.954,46.738,1800.0,3.5,10.7,normal
1697496294.456,45.764,1800.0,4.0,10.7,normal
1697496294.959,46.738,1800.0,3.0,10.7,normal
1697496295.461,46.738,1800.0,3.5,10.7,normal
1697496295.967,45.277,600.0,5.4,10.7,normal
1697496296.47,45.277,1800.0,13.4,10.2,normal
1697496296.973,47.225,1800.0,37.0,10.7,normal
1697496297.475,47.225,1800.0,9.4,10.7,normal
1697496297.978,46.251,1800.0,4.0,10.7,normal
1697496298.48,46.251,1800.0,3.5,10.7,normal
1697496298.983,45.277,1800.0,4.0,10.7,normal
1697496299.486,45.764,1800.0,3.5,10.7,normal
1697496299.988,46.251,1800.0,3.5,10.7,normal
1697496300.491,45.277,1800.0,3.9,10.7,normal
1697496300.993,46.251,1800.0,2.5,10.7,normal
1697496301.498,45.764,700.0,3.5,10.6,normal
1697496302.002,46.251,900.0,5.9,10.6,normal
1697496302.507,45.764,900.0,6.0,10.5,normal
1697496303.01,47.225,1800.0,29.2,10.4,normal
1697496303.513,46.738,1800.0,26.3,10.6,normal
1697496304.015,46.251,1800.0,3.5,10.6,normal
1697496304.518,45.764,1800.0,3.5,10.6,normal
1697496305.02,46.738,1800.0,3.5,10.6,normal
1697496305.523,45.277,1800.0,3.5,10.6,normal
1697496306.026,45.764,1800.0,4.5,10.6,normal
1697496306.528,45.764,1800.0,3.0,10.6,normal
1697496307.031,45.277,1800.0,3.0,10.6,normal
1697496307.533,46.738,1800.0,3.5,10.6,normal
1697496308.039,44.79,600.0,4.0,10.6,normal
1697496308.545,46.738,600.0,6.9,10.6,normal
1697496309.048,46.251,1800.0,21.9,10.3,normal
1697496309.55,46.251,1800.0,33.0,10.7,normal
1697496310.053,46.738,1800.0,3.0,10.7,normal
1697496310.555,45.277,1800.0,4.9,10.7,normal
1697496311.058,46.738,1800.0,3.0,10.7,normal
1697496311.56,46.738,1800.0,4.0,10.7,normal
1697496312.063,45.277,1800.0,3.5,10.7,normal
1697496312.565,46.738,1800.0,4.0,10.7,normal
1697496313.068,45.764,1800.0,3.5,10.7,normal
1697496313.57,46.738,1800.0,5.0,10.7,normal
1697496314.075,46.738,800.0,3.0,10.7,normal
1697496314.579,45.277,900.0,6.5,10.7,normal
1697496315.082,45.277,1800.0,15.3,10.2,normal
1697496315.587,46.251,1800.0,35.5,10.6,normal
1697496316.09,46.251,1800.0,8.5,10.7,normal
1697496316.592,46.738,1800.0,5.4,10.7,normal
1697496317.095,46.251,1800.0,3.0,10.7,normal
1697496317.598,47.712,1800.0,3.0,10.7,normal
1697496318.1,45.764,1800.0,3.0,10.7,normal
1697496318.603,46.738,1800.0,5.9,10.7,normal
1697496319.105,46.738,1800.0,3.5,10.7,normal
1697496319.608,46.251,1800.0,4.0,10.7,normal
1697496320.113,46.738,700.0,3.5,10.7,normal
1697496320.618,45.277,800.0,6.9,10.7,normal
1697496321.123,45.764,900.0,6.9,10.6,normal
1697496321.626,45.764,1800.0,28.5,10.4,normal
1697496322.128,46.251,1800.0,23.0,10.6,normal
1697496322.631,45.764,1800.0,3.5,10.6,normal
1697496323.133,47.225,1800.0,3.0,10.6,normal
1697496323.636,45.764,1800.0,4.0,10.6,normal
1697496324.138,46.738,1800.0,3.5,10.6,normal
1697496324.641,46.251,1800.0,10.1,10.6,normal
1697496325.144,46.251,1800.0,3.0,10.6,normal
1697496325.646,45.277,1800.0,1.5,10.6,normal
1697496326.149,45.764,1800.0,2.5,10.6,normal
1697496326.652,46.738,1000.0,5.9,10.6,normal
1697496327.157,45.277,900.0,4.0,10.6,normal
1697496327.66,46.251,1800.0,24.3,10.4,normal
1697496328.163,46.251,1800.0,29.1,10.6,normal
1697496328.665,46.251,1800.0,4.5,10.6,normal
1697496329.168,45.764,1800.0,3.5,10.6,normal
1697496329.67,46.251,1800.0,3.5,10.6,normal
1697496330.173,46.251,1800.0,3.0,10.6,normal
1697496330.675,46.251,1800.0,5.0,10.6,normal
1697496331.178,46.738,1800.0,3.0,10.6,normal
1697496331.68,45.764,1800.0,3.5,10.6,normal
1697496332.183,46.251,1800.0,4.0,10.6,normal
1697496332.687,45.764,1000.0,4.0,10.6,normal
1697496333.191,45.277,900.0,5.9,10.6,normal
1697496333.693,46.251,1800.0,19.0,10.2,normal
1697496334.196,47.225,1800.0,37.7,10.6,normal
1697496334.699,46.251,1800.0,3.5,10.6,normal
1697496335.202,47.712,1800.0,3.5,10.6,normal
1697496335.704,46.738,1800.0,3.0,10.6,normal
1697496336.207,45.764,1800.0,4.0,10.6,normal
1697496336.709,45.764,1800.0,3.5,10.6,normal
1697496337.212,45.764,1800.0,3.0,10.6,normal
1697496337.715,45.764,1800.0,4.0,10.6,normal
1697496338.217,45.764,1800.0,4.0,10.6,normal
1697496338.721,45.277,900.0,5.0,10.6,normal
1697496339.225,46.251,900.0,4.5,10.6,normal
1697496339.729,45.277,1100.0,9.6,9.6,normal
1697496340.231,46.251,1800.0,29.1,10.4,normal
1697496340.734,46.251,1800.0,19.7,10.6,normal
1697496341.236,47.225,1800.0,3.0,10.6,normal
1697496341.739,46.738,1800.0,5.4,10.6,normal
1697496342.242,47.225,1800.0,3.5,10.6,normal
1697496342.744,46.251,1800.0,3.5,10.6,normal
1697496343.247,46.251,1800.0,4.0,10.6,normal
1697496343.749,45.764,1800.0,4.0,10.6,normal
1697496344.252,46.738,1800.0,4.9,10.6,normal
1697496344.754,46.251,1800.0,3.0,10.6,normal
1697496345.259,46.738,700.0,5.0,10.6,normal
1697496345.765,46.738,600.0,4.0,10.7,normal
1697496346.267,45.764,1800.0,26.7,10.4,normal
1697496346.77,46.251,1800.0,27.6,10.6,normal
1697496347.273,45.277,1800.0,5.4,10.6,normal
1697496347.775,46.738,1800.0,3.0,10.6,normal
1697496348.278,46.251,1800.0,4.0,10.6,normal
1697496348.78,46.251,1800.0,5.0,10.6,normal
1697496349.283,46.251,1800.0,3.5,10.6,normal
1697496349.785,46.251,1800.0,3.5,10.6,normal
1697496350.288,46.251,1800.0,4.0,10.7,normal
1697496350.791,45.277,1800.0,5.0,10.7,normal
1697496351.296,45.277,600.0,3.9,10.7,normal
1697496351.802,45.764,600.0,5.0,10.7,normal
1697496352.305,45.764,1800.0,18.0,10.3,normal
1697496352.807,46.738,1800.0,38.3,10.6,normal
1697496353.31,46.738,1800.0,3.5,10.6,normal
1697496353.812,46.251,1800.0,4.5,10.6,normal
1697496354.315,46.251,1800.0,3.5,10.6,normal
1697496354.818,45.764,1800.0,3.0,10.6,normal
1697496355.32,47.225,1800.0,4.4,10.6,normal
1697496355.823,45.277,1800.0,3.0,10.7,normal
1697496356.325,44.79,1800.0,2.5,10.7,normal
1697496356.828,46.251,1800.0,1.0,10.7,normal
1697496357.332,45.764,800.0,5.4,10.7,normal
1697496357.838,46.251,600.0,5.4,10.7,normal
1697496358.342,46.251,1800.0,13.3,9.8,normal
1697496358.845,46.738,1800.0,31.3,10.6,normal
1697496359.348,45.764,1800.0,15.6,10.7,normal
1697496359.85,47.225,1800.0,5.0,10.7,normal
1697496360.353,45.277,1800.0,3.0,10.7,normal
1697496360.856,47.225,1800.0,4.0,10.7,normal
1697496361.358,46.251,1800.0,4.4,10.7,normal
1697496361.861,45.764,1800.0,4.5,10.6,normal
1697496362.363,45.764,1800.0,3.5,10.6,normal
1697496362.866,46.251,1800.0,4.0,10.6,normal
1697496363.371,45.277,700.0,4.0,10.6,normal
1697496363.877,46.251,600.0,5.4,10.6,normal
1697496364.379,45.764,1800.0,15.3,10.0,normal
1697496364.882,46.738,1800.0,35.4,10.5,normal
1697496365.385,46.251,1800.0,5.0,10.6,normal
1697496365.887,46.738,1800.0,1.5,10.6,normal
1697496366.39,45.764,1800.0,1.0,10.6,normal
1697496366.892,45.764,1800.0,4.0,10.6,normal
1697496367.395,46.251,1800.0,3.9,10.6,normal
1697496367.898,45.764,1800.0,3.0,10.6,normal
1697496368.4,46.738,1800.0,4.0,10.6,normal
1697496368.903,47.225,1800.0,3.5,10.6,normal
1697496369.408,46.251,625.0,4.0,10.6,normal
1697496369.914,45.764,600.0,3.9,10.6,normal
1697496370.417,46.738,1800.0,22.6,10.3,normal
1697496370.92,46.251,1800.0,32.7,10.6,normal
1697496371.422,46.251,1800.0,3.0,10.6,normal
1697496371.925,45.764,1800.0,1.0,10.6,normal
1697496372.427,46.738,1800.0,3.5,10.6,normal
1697496372.93,46.738,1800.0,4.5,10.6,normal
1697496373.432,46.251,1800.0,4.0,10.6,normal
1697496373.935,46.251,1800.0,3.5,10.6,normal
1697496374.437,45.764,1800.0,3.0,10.6,normal
1697496374.94,46.251,1800.0,5.4,10.6,normal
1697496375.446,45.764,600.0,3.0,10.6,normal
1697496375.951,46.251,700.0,5.0,10.6,normal
1697496376.454,45.764,1800.0,15.8,10.2,normal
1697496376.957,46.738,1800.0,38.7,10.6,normal
1697496377.459,46.251,1800.0,5.0,10.6,normal
1697496377.962,46.251,1800.0,4.0,10.6,normal
1697496378.464,46.738,1800.0,3.5,10.6,normal
1697496378.967,46.251,1800.0,4.0,10.6,normal
1697496379.47,46.251,1800.0,3.0,10.6,normal
1697496379.972,46.738,1800.0,3.5,10.6,normal
1697496380.475,45.764,1800.0,3.0,10.6,normal
1697496380.977,46.251,1800.0,4.0,10.6,normal
1697496381.483,45.764,600.0,3.9,10.6,normal
1697496381.989,44.79,600.0,4.4,10.6,normal
1697496382.494,45.277,800.0,7.0,10.4,normal
1697496382.996,45.764,1800.0,28.9,10.5,normal
1697496383.499,46.738,1800.0,23.0,10.7,normal
1697496384.002,46.251,1800.0,3.5,10.7,normal
1697496384.504,46.738,1800.0,4.5,10.7,normal
1697496385.007,46.738,1800.0,4.5,10.7,normal
1697496385.509,46.251,1800.0,3.5,10.7,normal
1697496386.012,45.764,1800.0,3.0,10.7,normal
1697496386.514,46.251,1800.0,2.0,10.7,normal
1697496387.017,44.79,1800.0,1.0,10.7,normal
1697496387.519,45.764,1800.0,3.5,10.7,normal
1697496388.023,46.251,900.0,5.0,10.7,normal
1697496388.528,46.251,1200.0,13.5,9.9,normal
1697496389.032,47.225,1800.0,32.3,10.5,normal
1697496389.535,47.225,1800.0,15.8,10.6,normal
1697496390.037,46.738,1800.0,3.5,10.6,normal
1697496390.54,45.764,1800.0,3.5,10.6,normal
1697496391.042,46.251,1800.0,3.5,10.6,normal
1697496391.545,45.277,1800.0,3.0,10.6,normal
1697496392.047,46.251,1800.0,3.5,10.6,normal
1697496392.55,45.277,1800.0,3.5,10.6,normal
1697496393.052,45.764,1800.0,4.0,10.6,normal
1697496393.557,45.764,700.0,6.8,10.6,normal
1697496394.062,46.251,800.0,4.0,10.6,normal
1697496394.567,46.251,800.0,5.5,10.6,normal
1697496395.07,46.251,1800.0,30.0,10.5,normal
1697496395.575,46.251,1800.0,24.5,10.6,normal
1697496396.078,45.764,1800.0,4.0,10.6,normal
1697496396.581,46.251,1800.0,1.5,10.6,normal
1697496397.083,46.251,1800.0,5.0,10.6,normal
1697496397.586,45.277,1800.0,3.0,10.6,normal
1697496398.088,47.225,1800.0,4.5,10.7,normal
1697496398.591,46.251,1800.0,5.5,10.6,normal
1697496399.094,45.277,1800.0,2.0,10.6,normal
1697496399.597,45.277,1800.0,3.5,10.6,normal
1697496400.101,45.764,800.0,5.0,10.6,normal
1697496400.605,46.251,1800.0,9.5,9.8,normal
1697496401.109,46.251,1800.0,30.5,10.5,normal
1697496401.611,45.277,1800.0,13.6,10.6,normal
1697496402.114,45.277,1800.0,2.5,10.6,normal
1697496402.617,47.225,1800.0,5.5,10.6,normal
1697496403.119,46.251,1800.0,3.0,10.6,normal
1697496403.622,46.738,1800.0,4.5,10.7,normal
1697496404.124,46.738,1800.0,0.5,10.7,normal
1697496404.627,45.764,1800.0,5.4,10.6,normal
1697496405.13,45.764,1800.0,3.0,10.7,normal
1697496405.634,45.764,700.0,2.0,10.7,normal
1697496406.139,44.79,800.0,4.9,10.7,normal
1697496406.644,45.277,800.0,4.5,10.6,normal
1697496407.147,45.764,1800.0,27.7,10.5,normal
1697496407.65,46.251,1800.0,24.2,10.7,normal
1697496408.152,46.251,1800.0,3.0,10.7,normal
1697496408.655,45.277,1800.0,6.9,10.7,normal
1697496409.157,46.251,1800.0,3.0,10.7,normal
1697496409.66,45.277,1800.0,2.5,10.7,normal
1697496410.163,46.738,1800.0,2.0,10.7,normal
1697496410.665,46.251,1800.0,2.0,10.7,normal
1697496411.168,46.251,1800.0,5.4,10.7,normal
1697496411.67,46.251,1800.0,3.0,10.7,normal
1697496412.174,45.764,900.0,4.5,10.7,normal
1697496412.677,45.764,1800.0,10.5,9.7,normal
1697496413.18,46.738,1800.0,28.9,10.5,normal
1697496413.682,45.764,1800.0,21.1,10.6,normal
1697496414.185,46.251,1800.0,3.5,10.6,normal
1697496414.687,45.277,1800.0,4.0,10.6,normal
1697496415.19,46.738,1800.0,3.5,10.6,normal
1697496415.692,46.251,1800.0,3.0,10.6,normal
1697496416.195,47.225,1800.0,2.5,10.6,normal
1697496416.698,46.738,1800.0,2.0,10.6,normal
1697496417.2,46.251,1800.0,2.5,10.6,normal
1697496417.705,46.251,700.0,5.5,10.6,normal
1697496418.209,45.764,900.0,5.0,10.7,normal
1697496418.714,46.251,900.0,5.9,10.7,normal
1697496419.218,47.225,1800.0,26.9,10.4,normal
1697496419.72,46.251,1800.0,28.5,10.6,normal
1697496420.223,45.764,1800.0,3.5,10.6,normal
1697496420.725,46.251,1800.0,2.5,10.6,normal
1697496421.228,47.225,1800.0,4.4,10.6,normal
1697496421.731,46.738,1800.0,3.0,10.6,normal
1697496422.233,46.251,1800.0,3.5,10.6,normal
1697496422.735,46.251,1800.0,3.0,10.6,normal
1697496423.238,45.764,1800.0,3.0,10.6,normal
1697496423.74,45.277,1800.0,5.4,10.6,normal
1697496424.244,46.251,900.0,4.5,10.6,normal
1697496424.749,46.251,900.0,6.9,10.5,normal
1697496425.252,46.738,1800.0,28.7,10.5,normal
1697496425.755,46.251,1800.0,22.2,10.6,normal
1697496426.257,45.764,1800.0,3.5,10.6,normal
1697496426.76,46.251,1800.0,3.0,10.6,normal
1697496427.262,46.738,1800.0,4.4,10.6,normal
1697496427.765,46.251,1800.0,5.0,10.6,normal
1697496428.267,45.764,1800.0,3.5,10.6,normal
1697496428.77,46.251,1800.0,4.5,10.6,normal
1697496429.272,45.764,1800.0,3.0,10.6,normal
1697496429.777,45.277,700.0,4.0,10.6,normal
1697496430.283,45.764,600.0,4.5,10.6,normal
1697496430.788,44.79,800.0,5.0,10.6,normal
1697496431.292,45.277,1800.0,24.9,10.3,normal
1697496431.795,46.738,1800.0,32.3,10.6,normal
1697496432.297,46.251,1800.0,3.0,10.6,normal
1697496432.8,46.251,1800.0,3.5,10.6,normal
1697496433.303,46.738,1800.0,3.9,10.6,normal
1697496433.805,45.277,1800.0,4.5,10.6,normal
1697496434.312,46.738,1800.0,3.0,10.6,normal
1697496434.815,44.79,1800.0,4.0,10.6,normal
1697496435.317,45.277,1800.0,4.0,10.6,normal
1697496435.82,46.738,1800.0,4.5,10.6,normal
1697496436.326,45.277,600.0,4.5,10.7,normal
1697496436.831,45.277,700.0,5.0,10.6,normal
1697496437.334,46.738,1800.0,17.8,10.3,normal
1697496437.837,46.738,1800.0,37.5,10.6,normal
1697496438.339,46.251,1800.0,5.0,10.6,normal
1697496438.842,46.251,1800.0,3.0,10.7,normal
1697496439.345,45.764,1800.0,3.5,10.7,normal
1697496439.847,45.764,1800.0,4.5,10.7,normal
1697496440.35,45.764,1800.0,3.0,10.7,normal
1697496440.852,45.764,1800.0,3.0,10.7,normal
1697496441.355,45.277,1800.0,3.0,10.7,normal
1697496441.857,45.764,1800.0,3.5,10.7,normal
1697496442.363,46.251,600.0,3.9,10.7,normal
1697496442.869,46.738,600.0,3.5,10.7,normal
1697496443.371,46.251,1800.0,11.4,9.6,normal
1697496443.874,45.764,1800.0,29.2,10.6,normal
1697496444.377,46.251,1800.0,19.6,10.7,normal
1697496444.879,45.764,1800.0,3.5,10.7,normal
1697496445.382,46.251,1800.0,4.4,10.7,normal
1697496445.885,45.277,1800.0,3.5,10.7,normal
1697496446.387,45.764,1800.0,4.5,10.7,normal
1697496446.89,45.277,1800.0,3.0,10.7,normal
1697496447.392,45.277,1800.0,3.5,10.7,normal
1697496447.895,45.277,1800.0,4.5,10.7,normal
1697496448.4,46.251,700.0,4.0,10.7,normal
1697496448.905,45.764,600.0,4.0,10.7,normal
1697496449.411,45.277,600.0,4.4,10.7,normal
1697496449.914,45.764,1800.0,27.0,10.4,normal
1697496450.417,47.225,1800.0,28.6,10.6,normal
1697496450.919,45.764,1800.0,2.5,10.6,normal
1697496451.422,45.764,1800.0,4.0,10.6,normal
1697496451.925,46.251,1800.0,3.0,10.6,normal
1697496452.427,45.277,1800.0,3.0,10.6,normal
1697496452.93,46.738,1800.0,3.5,10.6,normal
1697496453.432,45.764,1800.0,4.0,10.6,normal
1697496453.935,45.277,1800.0,3.0,10.6,normal
1697496454.437,45.764,1800.0,2.5,10.6,normal
1697496454.942,45.277,700.0,4.0,10.6,normal
1697496455.449,45.277,600.0,5.9,10.6,normal
1697496455.951,45.764,1800.0,29.5,10.5,normal
1697496456.454,46.251,1800.0,25.9,10.6,normal
1697496456.957,45.277,1800.0,3.5,10.7,normal
1697496457.459,46.251,1800.0,3.0,10.7,normal
1697496457.962,45.764,1800.0,4.5,10.7,normal
1697496458.464,45.764,1800.0,4.5,10.7,normal
1697496458.967,45.764,1800.0,3.0,10.7,normal
1697496459.469,45.277,1800.0,2.5,10.7,normal
1697496459.972,46.251,1800.0,4.9,10.7,normal
1697496460.474,45.277,1800.0,4.0,10.7,normal
1697496460.98,44.79,600.0,4.5,10.7,normal
1697496461.484,46.251,1200.0,9.5,9.7,normal
1697496461.987,45.277,1800.0,29.9,10.5,normal
1697496462.49,45.764,1800.0,21.9,10.6,normal
1697496462.992,46.738,1800.0,3.5,10.6,normal
1697496463.495,46.251,1800.0,5.0,10.6,normal
1697496463.998,45.764,1800.0,4.0,10.7,normal
1697496464.5,45.277,1800.0,3.5,10.7,normal
1697496465.003,45.277,1800.0,3.5,10.7,normal
1697496465.505,45.764,1800.0,3.5,10.7,normal
1697496466.008,46.251,1800.0,2.5,10.7,normal
1697496466.51,45.277,1800.0,3.4,10.7,normal
1697496467.016,45.277,600.0,3.5,10.7,normal
1697496467.522,44.303,600.0,2.9,10.7,normal
1697496468.026,46.738,1800.0,23.4,10.3,normal
1697496468.528,46.251,1800.0,34.3,10.6,normal
1697496469.031,46.251,1800.0,3.5,10.6,normal
1697496469.533,45.764,1800.0,4.0,10.6,normal
1697496470.036,45.764,1800.0,3.5,10.6,normal
1697496470.539,45.764,1800.0,4.5,10.6,normal
1697496471.041,46.251,1800.0,3.5,10.6,normal
1697496471.544,45.277,1800.0,3.5,10.6,normal
1697496472.046,46.251,1800.0,3.0,10.6,normal
1697496472.549,45.764,1800.0,4.4,10.6,normal
1697496473.054,46.251,600.0,3.5,10.6,normal
1697496473.56,45.764,600.0,5.4,10.6,normal
1697496474.063,45.277,1800.0,17.0,10.2,normal
1697496474.568,47.225,1800.0,38.1,10.6,normal
1697496475.07,45.764,1800.0,4.0,10.6,normal
1697496475.573,46.251,1800.0,3.5,10.6,normal
1697496476.076,45.764,1800.0,3.5,10.6,normal
1697496476.579,45.277,1800.0,4.4,10.6,normal
1697496477.081,46.251,1800.0,4.0,10.6,normal
1697496477.584,45.764,1800.0,3.0,10.6,normal
1697496478.086,46.251,1800.0,3.5,10.6,normal
1697496478.589,46.251,1800.0,3.5,10.6,normal
1697496479.093,45.277,900.0,5.9,10.6,normal
1697496479.597,45.764,800.0,3.5,10.6,normal
1697496480.1,45.277,1800.0,21.8,10.3,normal
1697496480.603,46.738,1800.0,32.7,10.6,normal
1697496481.105,46.738,1800.0,5.0,10.6,normal
1697496481.608,46.738,1800.0,2.0,10.6,normal
1697496482.111,46.738,1800.0,5.0,10.6,normal
1697496482.613,45.764,1800.0,3.0,10.6,normal
1697496483.116,45.764,1800.0,5.0,10.6,normal
1697496483.618,46.738,1800.0,4.0,10.6,normal
1697496484.121,45.764,1800.0,3.0,10.6,normal
1697496484.623,45.764,1800.0,4.0,10.6,normal
1697496485.128,46.251,800.0,4.0,10.7,normal
1697496485.632,45.277,900.0,4.0,10.6,normal
1697496486.135,44.79,1800.0,14.0,10.2,normal
1697496486.638,46.738,1800.0,37.6,10.6,normal
1697496487.14,47.225,1800.0,7.5,10.7,normal
1697496487.643,45.764,1800.0,2.5,10.7,normal
1697496488.145,46.738,1800.0,3.0,10.7,normal
1697496488.648,46.251,1800.0,4.5,10.7,normal
1697496489.15,46.251,1800.0,4.0,10.7,normal
1697496489.653,46.251,1800.0,4.0,10.7,normal
1697496490.156,45.764,1800.0,3.5,10.7,normal
1697496490.658,46.251,1800.0,3.5,10.7,normal
1697496491.163,45.764,800.0,4.9,10.7,normal
1697496491.666,44.79,1100.0,5.5,10.7,normal
1697496492.169,46.251,1800.0,17.8,10.4,normal
1697496492.672,46.251,1800.0,35.0,10.7,normal
1697496493.174,46.251,1800.0,3.0,10.7,normal
1697496493.677,46.738,1800.0,4.5,10.7,normal
1697496494.179,46.738,1800.0,3.0,10.7,normal
1697496494.682,46.738,1800.0,2.5,10.7,normal
1697496495.185,46.738,1800.0,3.0,10.7,normal
1697496495.687,46.738,1800.0,4.0,10.7,normal
1697496496.19,45.764,1800.0,3.9,10.7,normal
1697496496.692,45.277,1800.0,3.0,10.7,normal
1697496497.196,45.277,1000.0,5.4,10.7,normal
1697496497.699,45.764,1200.0,5.5,10.7,normal
1697496498.202,46.251,1800.0,11.9,10.0,normal
1697496498.707,47.225,1800.0,33.7,10.5,normal
1697496499.209,46.738,1800.0,14.0,10.6,normal
1697496499.712,46.251,1800.0,3.5,10.6,normal
1697496500.215,46.738,1800.0,3.9,10.6,normal
1697496500.717,46.738,1800.0,3.5,10.6,normal
1697496501.22,45.277,1800.0,3.0,10.6,normal
1697496501.722,45.764,1800.0,4.0,10.6,normal
1697496502.225,45.277,1800.0,2.5,10.6,normal
1697496502.727,45.764,1800.0,3.5,10.6,normal
1697496503.232,46.251,700.0,4.5,10.6,normal
1697496503.736,46.251,900.0,5.5,10.6,normal
1697496504.239,46.738,1800.0,17.8,10.1,normal
1697496504.742,47.225,1800.0,37.6,10.6,normal
1697496505.245,45.764,1800.0,5.5,10.6,normal
1697496505.747,45.277,1800.0,3.0,10.6,normal
1697496506.25,46.738,1800.0,4.5,10.6,normal
1697496506.752,46.251,1800.0,4.5,10.6,normal
1697496507.255,46.251,1800.0,3.5,10.6,normal
1697496507.757,46.251,1800.0,3.5,10.6,normal
1697496508.26,46.251,1800.0,3.5,10.6,normal
1697496508.763,45.764,1800.0,5.9,10.6,normal
1697496509.269,44.79,800.0,3.5,10.6,normal
1697496509.774,45.764,800.0,5.0,10.6,normal
1697496510.282,46.251,1800.0,8.3,9.6,normal
1697496510.785,45.764,1800.0,28.0,10.6,normal
1697496511.287,46.251,1800.0,21.0,10.6,normal
1697496511.79,46.738,1800.0,3.0,10.6,normal
1697496512.292,45.764,1800.0,3.0,10.6,normal
1697496512.795,46.251,1800.0,5.4,10.6,normal
1697496513.298,45.764,1800.0,4.0,10.6,normal
1697496513.8,46.251,1800.0,3.5,10.6,normal
1697496514.303,46.251,1800.0,3.5,10.7,normal
1697496514.806,45.764,1800.0,4.5,10.7,normal
1697496515.314,46.251,700.0,3.4,10.7,normal
1697496515.819,45.277,600.0,4.5,10.7,normal
1697496516.325,44.79,600.0,5.9,10.7,normal
1697496516.828,45.764,1800.0,26.5,10.3,normal
1697496517.331,46.251,1800.0,29.2,10.6,normal
1697496517.834,46.251,1800.0,4.0,10.6,normal
1697496518.336,46.738,1800.0,4.0,10.6,normal
1697496518.839,45.764,1800.0,4.5,10.6,normal
1697496519.341,46.251,1800.0,3.5,10.6,normal
1697496519.844,46.738,1800.0,3.5,10.6,normal
1697496520.346,45.764,1800.0,4.0,10.6,normal
1697496520.849,44.79,1800.0,2.5,10.6,normal
1697496521.351,46.738,1800.0,4.0,10.6,normal
1697496521.857,46.251,600.0,4.5,10.6,normal
1697496522.363,44.79,600.0,5.9,10.6,normal
1697496522.866,46.738,1800.0,28.4,10.5,normal
1697496523.369,47.712,1800.0,25.9,10.6,normal
1697496523.871,46.251,1800.0,4.5,10.6,normal
1697496524.374,44.79,1800.0,3.5,10.6,normal
1697496524.876,46.251,1800.0,3.5,10.6,normal
1697496525.379,46.738,1800.0,3.5,10.6,normal
1697496525.882,45.277,1800.0,2.0,10.6,normal
1697496526.384,45.277,1800.0,3.0,10.6,normal
1697496526.887,45.277,1800.0,4.0,10.6,normal
1697496527.389,45.277,1800.0,3.0,10.6,normal
1697496527.893,45.764,800.0,5.0,10.6,normal
1697496528.399,46.251,600.0,6.9,10.6,normal
1697496528.903,46.251,1800.0,25.9,10.3,normal
1697496529.405,46.251,1800.0,31.3,10.6,normal
1697496529.908,45.277,1800.0,3.5,10.6,normal
1697496530.41,44.79,1800.0,3.0,10.6,normal
1697496530.913,45.764,1800.0,3.0,10.6,normal
1697496531.416,44.79,1800.0,4.0,10.6,normal
1697496531.918,45.764,1800.0,2.5,10.6,normal
1697496532.421,45.277,1800.0,3.5,10.6,normal
1697496532.923,46.251,1800.0,3.0,10.6,normal
1697496533.426,45.764,1800.0,4.5,10.6,normal
1697496533.931,45.277,600.0,3.0,10.6,normal
1697496534.437,46.251,600.0,3.5,10.6,normal
1697496534.94,46.251,1800.0,16.5,10.2,normal
1697496535.443,45.764,1800.0,37.5,10.6,normal
1697496535.945,45.764,1800.0,2.5,10.6,normal
1697496536.448,45.764,1800.0,4.0,10.6,normal
1697496536.95,46.738,1800.0,3.0,10.6,normal
1697496537.453,45.764,1800.0,3.0,10.6,normal
1697496537.955,45.277,1800.0,3.0,10.7,normal
1697496538.458,45.764,1800.0,4.5,10.7,normal
1697496538.96,45.277,1800.0,3.0,10.7,normal
1697496539.463,46.251,1800.0,3.5,10.7,normal
1697496539.968,46.738,600.0,3.5,10.7,normal
1697496540.474,45.277,600.0,5.0,10.7,normal
1697496540.977,46.738,1800.0,10.4,9.5,normal
1697496541.48,47.225,1800.0,29.5,10.4,normal
1697496541.983,45.764,1800.0,21.4,10.6,normal
1697496542.486,46.251,1800.0,4.0,10.6,normal
1697496542.988,45.764,1800.0,4.0,10.6,normal
1697496543.491,45.277,1800.0,5.0,10.6,normal
1697496543.993,45.764,1800.0,3.5,10.6,normal
1697496544.496,45.277,1800.0,4.0,10.6,normal
1697496544.998,45.277,1800.0,3.5,10.6,normal
1697496545.501,46.251,1800.0,3.0,10.6,normal
1697496546.005,45.764,800.0,3.5,10.6,normal
1697496546.51,45.277,700.0,3.9,10.6,normal
1697496547.013,45.277,1800.0,14.5,10.1,normal
1697496547.516,46.738,1800.0,37.5,10.5,normal
1697496548.018,46.251,1800.0,6.0,10.6,normal
1697496548.521,45.277,1800.0,4.0,10.6,normal
1697496549.023,46.738,1800.0,3.5,10.6,normal
1697496549.526,46.738,1800.0,4.0,10.6,normal
1697496550.028,47.225,1800.0,3.0,10.6,normal
1697496550.531,47.225,1800.0,3.5,10.6,normal
1697496551.034,46.251,1800.0,3.5,10.6,normal
1697496551.536,46.251,1800.0,3.5,10.6,normal
1697496552.042,46.251,600.0,4.9,10.6,normal
1697496552.547,44.303,600.0,4.0,10.6,normal
1697496553.052,46.251,900.0,8.0,9.7,normal
1697496553.555,47.225,1800.0,29.9,10.5,normal
1697496554.058,46.738,1800.0,23.0,10.7,normal
1697496554.56,45.764,1800.0,3.5,10.7,normal
1697496555.063,46.251,1800.0,3.0,10.7,normal
1697496555.566,46.738,1800.0,2.5,10.7,normal
1697496556.068,45.764,1800.0,5.0,10.7,normal
1697496556.571,46.251,1800.0,3.9,10.7,normal
1697496557.074,46.251,1800.0,4.0,10.6,normal
1697496557.577,45.764,1800.0,3.0,10.6,normal
1697496558.079,46.251,1800.0,4.0,10.7,normal
1697496558.585,45.764,600.0,5.0,10.7,normal
1697496559.09,45.764,700.0,6.4,10.7,normal
1697496559.593,45.277,1800.0,24.9,10.4,normal
1697496560.095,47.225,1800.0,31.7,10.7,normal
1697496560.598,47.712,1800.0,2.5,10.7,normal
1697496561.1,47.225,1800.0,3.5,10.7,normal
1697496561.603,45.764,1800.0,4.0,10.7,normal
1697496562.106,46.738,1800.0,2.5,10.7,normal
1697496562.608,45.764,1800.0,3.0,10.6,normal
1697496563.111,46.251,1800.0,3.5,10.7,normal
1697496563.614,46.738,1800.0,5.0,10.7,normal
1697496564.117,46.251,1800.0,4.5,10.6,normal
1697496564.622,45.764,700.0,4.0,10.7,normal
1697496565.126,45.277,800.0,4.5,10.7,normal
1697496565.629,46.251,1800.0,18.5,10.2,normal
1697496566.131,47.225,1800.0,37.9,10.6,normal
1697496566.634,45.764,1800.0,4.0,10.6,normal
1697496567.136,45.764,1800.0,3.0,10.6,normal
1697496567.639,46.251,1800.0,4.0,10.6,normal
1697496568.142,46.738,1800.0,3.0,10.6,normal
1697496568.644,46.738,1800.0,5.4,10.6,normal
1697496569.147,46.738,1800.0,3.0,10.6,normal
1697496569.649,45.764,1800.0,3.5,10.6,normal
1697496570.152,46.738,1800.0,2.5,10.6,normal
1697496570.655,46.738,1000.0,5.0,10.6,normal
1697496571.159,45.277,1100.0,3.5,10.6,normal
1697496571.662,46.738,1800.0,22.0,10.3,normal
1697496572.164,46.738,1800.0,31.7,10.6,normal
1697496572.667,45.764,1800.0,3.5,10.6,normal
1697496573.169,45.764,1800.0,3.0,10.6,normal
1697496573.672,46.738,1800.0,4.5,10.6,normal
1697496574.174,46.738,1800.0,3.0,10.6,normal
1697496574.677,45.764,1800.0,2.5,10.6,normal
1697496575.179,46.251,1800.0,2.0,10.7,normal
1697496575.682,46.251,1800.0,2.5,10.7,normal
1697496576.184,46.738,1800.0,2.5,10.7,normal
1697496576.689,46.251,800.0,4.5,10.7,normal
1697496577.192,45.277,1000.0,4.0,10.7,normal
1697496577.695,46.251,1800.0,15.0,10.1,normal
1697496578.198,47.712,1800.0,37.3,10.5,normal
1697496578.701,46.738,1800.0,7.5,10.6,normal
1697496579.203,46.251,1800.0,3.0,10.6,normal
1697496579.706,45.764,1800.0,3.9,10.6,normal
1697496580.208,46.251,1800.0,2.5,10.6,normal
1697496580.711,45.764,1800.0,3.5,10.6,normal
1697496581.214,46.251,1800.0,3.0,10.6,normal
1697496581.716,45.764,1800.0,3.5,10.6,normal
1697496582.219,46.251,1800.0,3.5,10.6,normal
1697496582.722,46.251,1100.0,5.0,10.7,normal
1697496583.226,46.251,1000.0,4.5,10.7,normal
1697496583.73,45.764,900.0,8.5,10.6,normal
1697496584.234,46.251,1800.0,28.4,10.5,normal
1697496584.736,45.764,1800.0,22.1,10.6,normal
1697496585.239,45.764,1800.0,3.5,10.6,normal
1697496585.741,46.251,1800.0,4.5,10.6,normal
1697496586.244,45.764,1800.0,2.0,10.6,normal
1697496586.746,46.251,1800.0,3.0,10.6,normal
1697496587.249,46.251,1800.0,2.5,10.6,normal
1697496587.751,45.277,1800.0,2.5,10.6,normal
1697496588.254,46.251,1800.0,2.5,10.6,normal
1697496588.759,45.764,700.0,7.9,10.6,normal
1697496589.264,46.738,600.0,5.0,10.6,normal
1697496589.769,45.764,900.0,5.0,10.6,normal
1697496590.272,46.738,1800.0,24.1,10.3,normal
1697496590.774,45.764,1800.0,28.9,10.6,normal
1697496591.277,46.738,1800.0,5.0,10.6,normal
1697496591.779,46.251,1800.0,3.5,10.6,normal
1697496592.282,46.251,1800.0,2.5,10.6,normal
1697496592.784,46.251,1800.0,2.5,10.6,normal
1697496593.287,45.764,1800.0,3.0,10.6,normal
1697496593.79,46.738,1800.0,6.4,10.6,normal
1697496594.293,45.764,1800.0,2.5,10.6,normal
1697496594.795,46.251,1800.0,3.9,10.6,normal
1697496595.301,46.251,600.0,3.9,10.6,normal
1697496595.806,44.303,700.0,5.0,10.6,normal
1697496596.311,45.277,1800.0,18.0,10.3,normal
1697496596.814,47.225,1800.0,38.1,10.6,normal
1697496597.317,45.764,1800.0,3.0,10.6,normal
1697496597.819,46.251,1800.0,3.5,10.6,normal
1697496598.322,45.277,1800.0,3.0,10.6,normal
1697496598.824,46.251,1800.0,4.0,10.6,normal
1697496599.327,45.764,1800.0,3.5,10.6,normal
1697496599.83,45.764,1800.0,3.5,10.6,normal
1697496600.332,45.764,1800.0,3.9,10.7,normal
1697496600.835,46.251,1800.0,3.0,10.7,normal
1697496601.34,45.277,600.0,4.0,10.7,normal
1697496601.846,46.251,600.0,5.0,10.7,normal
1697496602.349,46.738,1800.0,24.8,10.3,normal
1697496602.852,46.251,1800.0,33.2,10.6,normal
1697496603.354,46.738,1800.0,4.0,10.6,normal
1697496603.857,45.764,1800.0,4.0,10.6,normal
1697496604.359,46.251,1800.0,3.5,10.6,normal
1697496604.862,45.764,1800.0,3.5,10.7,normal
1697496605.365,46.738,1800.0,3.0,10.7,normal
1697496605.867,45.277,1800.0,4.0,10.7,normal
1697496606.37,46.251,1800.0,2.5,10.7,normal
1697496606.872,46.738,1800.0,3.0,10.7,normal
1697496607.378,45.277,600.0,4.4,10.7,normal
1697496607.883,45.277,600.0,4.0,10.7,normal
1697496608.386,47.225,1800.0,18.4,10.3,normal
1697496608.889,46.251,1800.0,36.5,10.6,normal
1697496609.392,46.738,1800.0,5.0,10.6,normal
1697496609.894,46.738,1800.0,3.5,10.6,normal
1697496610.397,46.251,1800.0,3.5,10.6,normal
1697496610.899,46.738,1800.0,5.0,10.6,normal
1697496611.402,45.277,1800.0,4.0,10.6,normal
1697496611.904,45.764,1800.0,3.5,10.7,normal
1697496612.407,45.764,1800.0,3.0,10.7,normal
1697496612.909,46.251,1800.0,3.5,10.7,normal
1697496613.413,45.764,800.0,4.0,10.7,normal
1697496613.919,45.277,600.0,4.9,10.7,normal
1697496614.422,46.251,1800.0,9.0,9.6,normal
1697496614.925,46.251,1800.0,28.9,10.4,normal
1697496615.427,46.251,1800.0,20.6,10.6,normal
1697496615.93,45.764,1800.0,2.5,10.6,normal
1697496616.432,46.738,1800.0,2.5,10.6,normal
1697496616.935,46.738,1800.0,3.0,10.6,normal
1697496617.437,45.764,1800.0,2.0,10.6,normal
1697496617.94,45.764,1800.0,2.5,10.6,normal
1697496618.443,45.764,1800.0,4.0,10.6,normal
1697496618.945,45.277,1800.0,3.5,10.6,normal
1697496619.45,44.79,700.0,4.0,10.6,normal
1697496619.956,45.764,600.0,5.4,10.6,normal
1697496620.462,45.277,600.0,4.9,10.6,normal
1697496620.966,47.712,1800.0,27.4,10.4,normal
1697496621.468,46.251,1800.0,26.1,10.6,normal
1697496621.971,46.251,1800.0,3.5,10.6,normal
1697496622.473,46.738,1800.0,3.0,10.6,normal
1697496622.976,46.251,1800.0,4.0,10.6,normal
1697496623.479,46.251,1800.0,5.0,10.6,normal
1697496623.981,46.251,1800.0,3.0,10.6,normal
1697496624.484,45.277,1800.0,4.0,10.6,normal
1697496624.986,45.277,1800.0,3.5,10.6,normal
1697496625.489,45.277,1800.0,3.0,10.6,normal
1697496625.994,46.251,600.0,4.5,10.7,normal
1697496626.5,45.277,600.0,4.5,10.7,normal
1697496627.003,46.251,1800.0,21.8,10.3,normal
1697496627.506,46.251,1800.0,32.7,10.6,normal
1697496628.008,46.251,1800.0,2.5,10.6,normal
1697496628.511,45.764,1800.0,4.0,10.6,normal
1697496629.014,45.764,1800.0,4.5,10.6,normal
1697496629.516,46.738,1800.0,3.0,10.6,normal
1697496630.019,45.277,1800.0,3.5,10.6,normal
1697496630.521,46.738,1800.0,3.5,10.7,normal
1697496631.024,46.738,1800.0,3.5,10.7,normal
1697496631.526,45.277,1800.0,3.5,10.7,normal
1697496632.032,46.251,600.0,3.0,10.7,normal
1697496632.538,45.764,600.0,4.0,10.7,normal
1697496633.041,45.764,1800.0,15.3,10.1,normal
1697496633.544,47.225,1800.0,38.0,10.6,normal
1697496634.047,45.764,1800.0,8.0,10.6,normal
1697496634.549,45.764,1800.0,3.0,10.6,normal
1697496635.052,46.251,1800.0,4.4,10.6,normal
1697496635.554,46.738,1800.0,3.9,10.6,normal
1697496636.057,45.764,1800.0,2.5,10.7,normal
1697496636.559,46.251,1800.0,3.5,10.7,normal
1697496637.062,45.277,1800.0,4.5,10.7,normal
1697496637.565,45.764,1800.0,4.0,10.7,normal
1697496638.07,46.251,700.0,4.4,10.7,normal
1697496638.576,46.251,600.0,5.0,10.7,normal
1697496639.083,45.277,600.0,8.9,10.5,normal
1697496639.586,45.764,1800.0,29.2,10.4,normal
1697496640.089,46.738,1800.0,24.1,10.6,normal
1697496640.591,46.738,1800.0,3.0,10.6,normal
1697496641.094,47.225,1800.0,5.4,10.6,normal
1697496641.596,46.251,1800.0,2.5,10.6,normal
1697496642.099,47.225,1800.0,5.0,10.6,normal
1697496642.601,45.764,1800.0,3.0,10.7,normal
1697496643.104,46.251,1800.0,4.0,10.7,normal
1697496643.607,46.738,1800.0,4.5,10.7,normal
1697496644.109,46.738,1800.0,3.0,10.7,normal
1697496644.615,47.225,600.0,3.0,10.7,normal
1697496645.119,45.764,1800.0,12.0,9.5,normal
1697496645.623,46.251,1800.0,29.9,10.4,normal
1697496646.125,46.251,1800.0,17.0,10.6,normal
1697496646.628,47.225,1800.0,2.0,10.6,normal
1697496647.13,46.251,1800.0,2.0,10.6,normal
1697496647.633,45.764,1800.0,3.0,10.6,normal
1697496648.136,45.277,1800.0,2.0,10.6,normal
1697496648.638,46.251,1800.0,8.9,10.6,normal
1697496649.141,46.738,1800.0,5.4,10.7,normal
1697496649.643,45.764,1800.0,3.5,10.7,normal
1697496650.148,46.251,700.0,3.4,10.7,normal
1697496650.652,46.738,800.0,4.5,10.7,normal
1697496651.156,45.764,1200.0,15.5,10.1,normal
1697496651.66,46.738,1800.0,35.3,10.6,normal
1697496652.163,46.251,1800.0,8.5,10.7,normal
1697496652.665,45.277,1800.0,3.5,10.6,normal
1697496653.168,45.764,1800.0,4.0,10.6,normal
1697496653.67,46.738,1800.0,4.0,10.7,normal
1697496654.173,45.764,1800.0,3.0,10.7,normal
1697496654.675,46.738,1800.0,3.5,10.7,normal
1697496655.178,45.764,1800.0,4.5,10.7,normal
1697496655.68,46.251,1800.0,3.5,10.7,normal
1697496656.185,46.738,700.0,2.5,10.7,normal
1697496656.689,45.277,900.0,5.0,10.7,normal
1697496657.192,45.764,1800.0,14.4,10.1,normal
1697496657.695,47.712,1800.0,36.9,10.6,normal
1697496658.198,46.738,1800.0,7.0,10.6,normal
1697496658.7,46.251,1800.0,3.5,10.6,normal
1697496659.203,45.277,1800.0,2.5,10.6,normal
1697496659.706,45.764,1800.0,3.5,10.6,normal
1697496660.208,45.277,1800.0,3.0,10.6,normal
1697496660.711,46.251,1800.0,2.5,10.6,normal
1697496661.213,45.764,1800.0,3.5,10.6,normal
1697496661.716,45.277,1800.0,3.5,10.6,normal
1697496662.22,45.764,800.0,3.0,10.7,normal
1697496662.724,45.764,1000.0,5.4,10.6,normal
1697496663.227,46.738,1800.0,18.8,10.2,normal
1697496663.73,47.225,1800.0,38.1,10.6,normal
1697496664.232,45.277,1800.0,3.5,10.6,normal
1697496664.735,45.764,1800.0,3.0,10.6,normal
1697496665.238,46.738,1800.0,3.5,10.6,normal
1697496665.74,46.251,1800.0,3.0,10.6,normal
1697496666.243,45.764,1800.0,4.0,10.6,normal
1697496666.745,45.764,1800.0,3.0,10.6,normal
1697496667.248,45.277,1800.0,3.0,10.6,normal
1697496667.75,45.764,1800.0,3.0,10.6,normal
1697496668.254,45.764,1000.0,5.9,10.6,normal
1697496668.758,45.277,800.0,5.5,10.6,normal
1697496669.263,45.277,1100.0,10.4,9.6,normal
1697496669.766,45.764,1800.0,29.6,10.5,normal
1697496670.269,46.738,1800.0,20.8,10.6,normal
1697496670.772,45.764,1800.0,3.0,10.6,normal
1697496671.274,45.764,1800.0,3.5,10.6,normal
1697496671.777,46.251,1800.0,4.0,10.6,normal
1697496672.279,45.764,1800.0,3.5,10.7,normal
1697496672.782,45.764,1800.0,3.0,10.7,normal
1697496673.284,45.277,1800.0,3.5,10.7,normal
1697496673.787,46.738,1800.0,4.0,10.7,normal
1697496674.292,45.277,700.0,2.5,10.7,normal
1697496674.796,46.251,1000.0,6.9,10.7,normal
1697496675.302,45.764,600.0,5.4,10.7,normal
1697496675.805,47.225,1800.0,26.9,10.4,normal
1697496676.308,47.712,1800.0,30.0,10.6,normal
1697496676.81,45.764,1800.0,4.5,10.6,normal
1697496677.313,44.79,1800.0,2.0,10.6,normal
1697496677.815,46.738,1800.0,4.0,10.6,normal
1697496678.318,46.251,1800.0,4.0,10.6,normal
1697496678.82,45.764,1800.0,5.4,10.6,normal
1697496679.323,46.251,1800.0,2.5,10.7,normal
1697496679.826,45.277,1800.0,3.0,10.6,normal
1697496680.328,45.764,1800.0,3.0,10.6,normal
1697496680.834,46.251,600.0,4.5,10.6,normal
1697496681.34,44.79,600.0,6.4,10.6,normal
1697496681.843,45.764,1800.0,18.5,10.2,normal
1697496682.345,46.738,1800.0,38.0,10.7,normal
1697496682.848,46.738,1800.0,4.0,10.7,normal
1697496683.351,46.738,1800.0,4.0,10.7,normal
1697496683.853,45.764,1800.0,3.5,10.7,normal
1697496684.356,46.251,1800.0,3.9,10.7,normal
1697496684.858,45.277,1800.0,3.5,10.7,normal
1697496685.361,45.764,1800.0,4.5,10.7,normal
1697496685.863,46.251,1800.0,3.5,10.6,normal
1697496686.366,46.251,1800.0,3.5,10.6,normal
1697496686.871,46.251,600.0,3.5,10.6,normal
1697496687.377,45.764,600.0,4.9,10.6,normal
1697496687.88,45.764,1800.0,22.8,10.3,normal
1697496688.383,46.738,1800.0,32.5,10.6,normal
1697496688.885,46.251,1800.0,3.5,10.6,normal
1697496689.388,45.764,1800.0,4.5,10.6,normal
1697496689.89,45.764,1800.0,4.0,10.6,normal
1697496690.393,45.764,1800.0,2.5,10.6,normal
1697496690.895,46.251,1800.0,4.0,10.6,normal
1697496691.398,46.738,1800.0,3.0,10.6,normal
1697496691.9,45.277,1800.0,3.5,10.7,normal
1697496692.403,45.764,1800.0,4.4,10.7,normal
1697496692.909,45.277,600.0,4.5,10.7,normal
1697496693.413,45.764,800.0,5.4,10.7,normal
1697496693.916,46.251,1800.0,17.0,10.2,normal
1697496694.419,45.764,1800.0,38.1,10.6,normal
1697496694.922,47.225,1800.0,5.0,10.7,normal
1697496695.424,47.225,1800.0,2.5,10.7,normal
1697496695.927,45.764,1800.0,4.5,10.7,normal
1697496696.429,45.277,1800.0,3.5,10.7,normal
1697496696.932,46.251,1800.0,3.5,10.7,normal
1697496697.435,45.764,1800.0,4.0,10.7,normal
1697496697.937,46.251,1800.0,3.5,10.7,normal
1697496698.44,45.764,1800.0,4.0,10.7,normal
1697496698.945,45.764,700.0,3.0,10.6,normal
1697496699.451,46.251,600.0,4.5,10.7,normal
1697496699.954,46.251,1800.0,8.0,9.8,normal
1697496700.458,46.251,1800.0,28.7,10.5,normal
1697496700.96,46.251,1800.0,20.2,10.6,normal
1697496701.463,45.764,1800.0,3.0,10.6,normal
1697496701.966,46.738,1800.0,3.5,10.6,normal
1697496702.468,46.251,1800.0,3.0,10.7,normal
1697496702.971,45.764,1800.0,3.5,10.7,normal
1697496703.473,45.277,1800.0,3.5,10.7,normal
1697496703.976,45.764,1800.0,4.0,10.7,normal
1697496704.479,45.764,1800.0,2.5,10.7,normal
1697496704.983,45.764,700.0,2.5,10.7,normal
1697496705.489,45.764,600.0,4.0,10.7,normal
1697496705.992,47.225,1800.0,13.9,10.1,normal
1697496706.495,46.738,1800.0,35.4,10.6,normal
1697496706.998,45.277,1800.0,7.9,10.6,normal
1697496707.5,45.277,1800.0,2.0,10.6,normal
1697496708.003,46.738,1800.0,2.5,10.6,normal
1697496708.505,45.764,1800.0,4.0,10.6,normal
1697496709.008,46.251,1800.0,5.0,10.6,normal
1697496709.51,46.738,1800.0,3.5,10.6,normal
1697496710.013,45.764,1800.0,3.0,10.7,normal
1697496710.515,45.764,1800.0,3.0,10.7,normal
1697496711.021,45.764,600.0,4.0,10.7,normal
1697496711.527,45.277,600.0,4.4,10.7,normal
1697496712.032,45.277,700.0,6.0,10.6,normal
1697496712.535,45.277,1800.0,29.5,10.5,normal
1697496713.038,45.764,1800.0,25.7,10.6,normal
1697496713.54,45.764,1800.0,3.5,10.6,normal
1697496714.043,45.764,1800.0,3.5,10.6,normal
1697496714.546,45.764,1800.0,3.5,10.6,normal
1697496715.048,45.277,1800.0,5.4,10.6,normal
1697496715.551,46.251,1800.0,3.5,10.6,normal
1697496716.053,45.764,1800.0,2.5,10.6,normal
1697496716.556,45.277,1800.0,4.0,10.6,normal
1697496717.058,45.764,1800.0,4.0,10.6,normal
1697496717.564,46.251,600.0,5.4,10.6,normal
1697496718.068,45.277,1000.0,11.4,9.6,normal
1697496718.571,45.764,1800.0,30.7,10.5,normal
1697496719.074,46.251,1800.0,19.0,10.6,normal
1697496719.577,46.738,1800.0,4.5,10.6,normal
1697496720.079,45.764,1800.0,3.5,10.6,normal
1697496720.582,46.738,1800.0,3.5,10.6,normal
1697496721.085,45.764,1800.0,4.5,10.6,normal
1697496721.587,46.251,1800.0,5.9,10.6,normal
1697496722.09,45.277,1800.0,3.0,10.6,normal
1697496722.592,46.738,1800.0,3.5,10.6,normal
1697496723.098,46.251,700.0,4.0,10.6,normal
1697496723.603,45.764,600.0,7.4,10.6,normal
1697496724.106,45.277,1800.0,14.0,10.1,normal
1697496724.609,46.738,1800.0,37.5,10.6,normal
1697496725.112,46.738,1800.0,5.9,10.7,normal
1697496725.614,46.738,1800.0,5.0,10.7,normal
1697496726.117,46.738,1800.0,3.0,10.7,normal
1697496726.619,46.738,1800.0,3.0,10.7,normal
1697496727.122,46.251,1800.0,4.5,10.7,normal
1697496727.624,45.277,1800.0,2.5,10.6,normal
1697496728.127,45.764,1800.0,3.5,10.6,normal
1697496728.63,46.251,1800.0,4.5,10.6,normal
1697496729.134,46.251,700.0,4.5,10.6,normal
1697496729.638,45.764,1000.0,5.0,10.6,normal
1697496730.144,46.251,800.0,9.3,10.1,normal
1697496730.647,47.225,1800.0,28.9,10.4,normal
1697496731.149,46.251,1800.0,22.9,10.6,normal
1697496731.652,46.251,1800.0,4.4,10.6,normal
1697496732.154,46.251,1800.0,3.0,10.6,normal
1697496732.657,45.764,1800.0,3.0,10.6,normal
1697496733.159,46.738,1800.0,4.0,10.6,normal
1697496733.662,46.738,1800.0,4.5,10.6,normal
1697496734.165,45.277,1800.0,3.5,10.6,normal
1697496734.667,46.251,1800.0,3.9,10.6,normal
1697496735.17,45.277,1800.0,3.5,10.6,normal
1697496735.673,46.251,1000.0,4.5,10.6,normal
1697496736.178,45.764,800.0,4.4,10.6,normal
1697496736.681,45.277,1800.0,25.5,10.3,normal
1697496737.184,46.251,1800.0,30.7,10.6,normal
1697496737.686,46.251,1800.0,3.9,10.6,normal
1697496738.189,45.277,1800.0,3.0,10.6,normal
1697496738.691,45.764,1800.0,4.5,10.6,normal
1697496739.194,45.277,1800.0,4.0,10.7,normal
1697496739.696,45.764,1800.0,3.0,10.7,normal
1697496740.199,46.251,1800.0,3.0,10.6,normal
1697496740.701,46.251,1800.0,2.5,10.7,normal
1697496741.204,46.251,1800.0,3.5,10.7,normal
1697496741.708,45.764,1000.0,2.5,10.7,normal
1697496742.212,45.277,1100.0,5.0,10.6,normal
1697496742.714,46.251,1800.0,27.9,10.4,normal
1697496743.217,46.251,1800.0,23.6,10.6,normal
1697496743.72,46.251,1800.0,4.0,10.6,normal
1697496744.222,45.277,1800.0,3.0,10.6,normal
1697496744.725,45.764,1800.0,3.0,10.6,normal
1697496745.227,46.738,1800.0,4.0,10.6,normal
1697496745.73,45.764,1800.0,3.0,10.6,normal
1697496746.232,46.738,1800.0,3.5,10.7,normal
1697496746.735,45.764,1800.0,3.0,10.7,normal
1697496747.237,45.764,1800.0,4.0,10.6,normal
1697496747.742,46.251,800.0,3.5,10.7,normal
1697496748.245,46.738,1800.0,10.0,9.7,normal
1697496748.749,47.225,1800.0,30.7,10.6,normal
1697496749.252,46.251,1800.0,19.4,10.6,normal
1697496749.755,46.738,1800.0,3.5,10.6,normal
1697496750.257,45.277,1800.0,3.5,10.6,normal
1697496750.76,45.764,1800.0,3.0,10.6,normal
1697496751.262,45.277,1800.0,3.5,10.6,normal
1697496751.765,45.764,1800.0,3.0,10.6,normal
1697496752.267,46.251,1800.0,3.0,10.6,normal
1697496752.77,45.764,1800.0,3.5,10.6,normal
1697496753.274,47.225,700.0,4.9,10.6,normal
1697496753.778,46.251,1100.0,6.4,10.6,normal
1697496754.281,46.738,1800.0,15.4,10.1,normal
1697496754.785,46.251,1800.0,36.3,10.6,normal
1697496755.288,44.79,1800.0,8.0,10.6,normal
1697496755.79,46.251,1800.0,4.5,10.6,normal
1697496756.293,46.738,1800.0,3.0,10.6,normal
1697496756.795,46.251,1800.0,3.0,10.6,normal
1697496757.298,45.764,1800.0,4.0,10.6,normal
1697496757.8,46.251,1800.0,3.5,10.6,normal
1697496758.303,45.764,1800.0,3.5,10.6,normal
1697496758.805,45.764,1800.0,4.5,10.6,normal
1697496759.31,45.764,800.0,4.4,10.6,normal
1697496759.815,45.764,700.0,4.5,10.6,normal
1697496760.32,45.764,700.0,6.5,10.5,normal
1697496760.823,46.251,1800.0,28.4,10.5,normal
1697496761.326,46.738,1800.0,22.6,10.7,normal
1697496761.828,47.225,1800.0,4.0,10.7,normal
1697496762.331,46.738,1800.0,2.5,10.7,normal
1697496762.834,47.225,1800.0,3.5,10.6,normal
1697496763.336,45.764,1800.0,3.0,10.6,normal
1697496763.839,44.79,1800.0,4.0,10.6,normal
1697496764.341,45.764,1800.0,4.0,10.6,normal
1697496764.844,45.277,1800.0,3.5,10.6,normal
1697496765.346,46.738,1800.0,4.9,10.7,normal
1697496765.851,46.251,800.0,3.0,10.7,normal
1697496766.356,46.251,600.0,2.5,10.7,normal
1697496766.86,45.764,1800.0,25.5,10.2,normal
1697496767.362,46.738,1800.0,28.0,10.6,normal
1697496767.865,45.764,1800.0,1.0,10.6,normal
1697496768.368,45.764,1800.0,1.5,10.6,normal
1697496768.87,46.251,1800.0,4.5,10.6,normal
1697496769.373,45.277,1800.0,3.0,10.6,normal
1697496769.875,45.277,1800.0,4.0,10.6,normal
1697496770.378,45.764,1800.0,2.5,10.6,normal
1697496770.88,44.79,1800.0,3.5,10.6,normal
1697496771.383,45.764,1800.0,4.0,10.6,normal
1697496771.888,46.251,700.0,4.5,10.6,normal
1697496772.394,46.251,600.0,4.5,10.6,normal
1697496772.897,47.225,1800.0,29.4,10.4,normal
1697496773.399,46.251,1800.0,25.1,10.6,normal
1697496773.902,46.738,1800.0,3.0,10.6,normal
1697496774.405,45.764,1800.0,3.0,10.6,normal
1697496774.907,45.277,1800.0,3.5,10.6,normal
1697496775.41,45.764,1800.0,4.4,10.6,normal
1697496775.912,47.225,1800.0,2.5,10.6,normal
1697496776.415,45.764,1800.0,4.0,10.6,normal
1697496776.917,46.251,1800.0,4.0,10.6,normal
1697496777.42,45.764,1800.0,4.0,10.6,normal
1697496777.925,46.251,600.0,4.0,10.6,normal
1697496778.431,46.251,700.0,5.9,10.6,normal
1697496778.934,46.251,1800.0,24.0,10.3,normal
1697496779.436,47.225,1800.0,32.8,10.6,normal
1697496779.939,46.251,1800.0,3.5,10.6,normal
1697496780.442,46.738,1800.0,3.5,10.6,normal
1697496780.944,46.738,1800.0,3.0,10.6,normal
1697496781.447,45.764,1800.0,5.0,10.6,normal
1697496781.949,45.764,1800.0,3.0,10.6,normal
1697496782.452,45.764,1800.0,3.0,10.6,normal
1697496782.954,45.764,1800.0,3.0,10.6,normal
1697496783.457,45.764,1800.0,5.4,10.6,normal
1697496783.962,45.764,600.0,2.5,10.6,normal
1697496784.468,44.79,600.0,4.4,10.6,normal
1697496784.972,45.764,1800.0,26.9,10.3,normal
1697496785.474,47.225,1800.0,29.7,10.6,normal
1697496785.977,47.225,1800.0,2.5,10.6,normal
1697496786.48,46.738,1800.0,2.5,10.6,normal
1697496786.982,46.251,1800.0,3.0,10.6,normal
1697496787.485,45.764,1800.0,3.0,10.6,normal
1697496787.987,46.738,1800.0,2.5,10.6,normal
1697496788.49,45.764,1800.0,5.4,10.6,normal
1697496788.992,46.251,1800.0,3.0,10.6,normal
1697496789.495,46.738,1800.0,4.0,10.6,normal
1697496790.0,45.277,600.0,4.5,10.6,normal
1697496790.507,45.277,600.0,7.4,10.6,normal
1697496791.01,47.225,1800.0,27.9,10.5,normal
1697496791.512,46.738,1800.0,23.6,10.7,normal
1697496792.015,46.251,1800.0,4.9,10.6,normal
1697496792.517,46.738,1800.0,3.5,10.6,normal
1697496793.02,46.251,1800.0,4.0,10.7,normal
1697496793.523,46.738,1800.0,5.9,10.6,normal
1697496794.025,46.251,1800.0,3.0,10.6,normal
1697496794.528,45.764,1800.0,3.5,10.6,normal
1697496795.03,45.277,1800.0,3.5,10.6,normal
1697496795.533,46.251,1800.0,3.5,10.6,normal
1697496796.038,44.79,600.0,5.4,10.6,normal
1697496796.542,45.277,1800.0,10.9,9.7,normal
1697496797.045,46.738,1800.0,30.3,10.5,normal
1697496797.548,46.251,1800.0,18.0,10.6,normal
1697496798.051,45.764,1800.0,3.0,10.6,normal
1697496798.553,46.251,1800.0,5.0,10.6,normal
1697496799.056,46.251,1800.0,3.5,10.6,normal
1697496799.558,45.277,1800.0,3.0,10.6,normal
1697496800.061,45.277,1800.0,4.4,10.6,normal
1697496800.566,46.251,1800.0,5.0,10.6,normal
1697496801.069,46.251,1800.0,4.0,10.6,normal
1697496801.574,45.764,700.0,3.5,10.6,normal
1697496802.08,46.251,600.0,3.5,10.6,normal
1697496802.583,45.764,1800.0,17.8,10.1,normal
1697496803.086,46.738,1800.0,35.5,10.6,normal
1697496803.588,46.738,1800.0,6.6,10.6,normal
1697496804.091,46.251,1800.0,3.5,10.6,normal
1697496804.594,46.738,1800.0,4.9,10.7,normal
1697496805.096,47.225,1800.0,3.0,10.7,normal
1697496805.599,46.738,1800.0,3.0,10.7,normal
1697496806.102,46.738,1800.0,3.5,10.7,normal
1697496806.604,45.764,1800.0,3.5,10.7,normal
1697496807.107,46.251,1800.0,3.0,10.7,normal
1697496807.613,46.251,600.0,5.4,10.7,normal
1697496808.117,45.764,800.0,5.0,10.6,normal
1697496808.62,47.225,1800.0,21.9,10.3,normal
1697496809.123,46.251,1800.0,35.0,10.6,normal
1697496809.625,46.738,1800.0,3.0,10.6,normal
1697496810.128,46.738,1800.0,4.0,10.6,normal
1697496810.631,46.251,1800.0,4.0,10.7,normal
1697496811.133,46.738,1800.0,4.5,10.7,normal
1697496811.636,46.738,1800.0,2.5,10.7,normal
1697496812.138,46.251,1800.0,3.4,10.7,normal
1697496812.641,46.251,1800.0,4.5,10.7,normal
1697496813.143,45.764,1800.0,2.0,10.6,normal
1697496813.647,46.251,900.0,4.4,10.6,normal
1697496814.152,45.764,700.0,2.5,10.6,normal
1697496814.655,45.764,1800.0,13.6,9.9,normal
1697496815.16,47.225,1800.0,36.1,10.5,normal
1697496815.662,47.225,1800.0,11.4,10.6,normal
1697496816.165,45.764,1800.0,2.5,10.6,normal
1697496816.667,46.738,1800.0,4.0,10.6,normal
1697496817.17,45.764,1800.0,4.0,10.6,normal
1697496817.673,45.764,1800.0,2.5,10.6,normal
1697496818.175,46.738,1800.0,4.0,10.6,normal
1697496818.678,45.764,1800.0,4.5,10.6,normal
1697496819.18,46.251,1800.0,4.0,10.6,normal
1697496819.685,45.764,700.0,4.4,10.6,normal
1697496820.19,46.251,800.0,3.5,10.6,normal
1697496820.694,45.764,1000.0,6.5,10.5,normal
1697496821.197,46.738,1800.0,29.6,10.4,normal
1697496821.699,46.738,1800.0,24.2,10.6,normal
1697496822.202,46.251,1800.0,3.0,10.6,normal
1697496822.704,46.251,1800.0,4.0,10.6,normal
1697496823.207,46.251,1800.0,4.0,10.6,normal
1697496823.71,47.225,1800.0,5.0,10.6,normal
1697496824.212,45.764,1800.0,3.0,10.6,normal
1697496824.715,46.251,1800.0,3.5,10.6,normal
1697496825.217,45.764,1800.0,2.5,10.6,normal
1697496825.72,46.738,1800.0,2.5,10.6,normal
1697496826.225,46.738,700.0,2.0,10.6,normal
1697496826.729,45.277,800.0,4.0,10.6,normal
1697496827.232,45.277,1800.0,21.9,10.3,normal
1697496827.735,45.764,1800.0,30.8,10.6,normal
1697496828.237,46.738,1800.0,4.5,10.6,normal
1697496828.74,45.764,1800.0,6.5,10.6,normal
1697496829.243,45.764,1800.0,3.0,10.6,normal
1697496829.745,46.738,1800.0,3.0,10.6,normal
1697496830.248,45.277,1800.0,4.5,10.6,normal
1697496830.75,46.251,1800.0,3.0,10.7,normal
1697496831.253,46.251,1800.0,3.0,10.6,normal
1697496831.755,45.764,1800.0,3.0,10.6,normal
1697496832.259,46.251,1100.0,5.9,10.6,normal
1697496832.763,46.251,800.0,4.5,10.7,normal
1697496833.266,46.738,1800.0,26.9,10.4,normal
1697496833.769,46.251,1800.0,29.1,10.6,normal
1697496834.271,46.251,1800.0,4.0,10.6,normal
1697496834.774,46.251,1800.0,3.0,10.6,normal
1697496835.276,46.738,1800.0,3.5,10.6,normal
1697496835.779,45.764,1800.0,4.0,10.6,normal
1697496836.282,45.764,1800.0,3.0,10.6,normal
1697496836.784,45.764,1800.0,3.5,10.6,normal
1697496837.287,47.712,1800.0,4.0,10.6,normal
1697496837.789,45.277,1800.0,3.5,10.6,normal
1697496838.294,45.764,800.0,5.4,10.6,normal
1697496838.799,46.251,800.0,8.0,10.2,normal
1697496839.302,47.225,1800.0,28.2,10.5,normal
1697496839.805,46.251,1800.0,22.6,10.6,normal
1697496840.307,46.251,1800.0,4.5,10.6,normal
1697496840.81,45.764,1800.0,4.4,10.6,normal
1697496841.312,45.277,1800.0,3.0,10.6,normal
1697496841.815,47.225,1800.0,13.4,10.6,normal
1697496842.317,46.738,1800.0,3.5,10.6,normal
1697496842.82,45.764,1800.0,3.5,10.6,normal
1697496843.322,46.251,1800.0,4.0,10.6,normal
1697496843.825,46.251,1800.0,3.5,10.7,normal
1697496844.33,46.251,600.0,5.4,10.7,normal
1697496844.834,45.764,1800.0,11.9,9.9,normal
1697496845.338,46.738,1800.0,31.8,10.5,normal
1697496845.841,46.738,1800.0,15.7,10.7,normal
1697496846.343,47.225,1800.0,3.0,10.7,normal
1697496846.846,46.738,1800.0,4.0,10.7,normal
1697496847.348,46.251,1800.0,3.5,10.7,normal
1697496847.851,47.225,1800.0,3.5,10.7,normal
1697496848.353,46.251,1800.0,4.5,10.7,normal
1697496848.856,45.764,1800.0,3.5,10.7,normal
1697496849.358,46.251,1800.0,4.0,10.7,normal
1697496849.863,46.251,700.0,3.4,10.7,normal
1697496850.369,45.764,600.0,5.4,10.7,normal
1697496850.876,44.303,650.0,4.9,10.7,normal
1697496851.379,47.225,1800.0,26.9,10.4,normal
1697496851.882,46.251,1800.0,25.5,10.6,normal
1697496852.385,45.764,1800.0,3.0,10.6,normal
1697496852.887,46.738,1800.0,3.9,10.6,normal
1697496853.39,44.79,1800.0,4.9,10.7,normal
1697496853.893,47.225,1800.0,3.0,10.7,normal
1697496854.395,46.251,1800.0,4.0,10.7,normal
1697496854.898,45.277,1800.0,4.0,10.7,normal
1697496855.401,45.764,1800.0,3.0,10.7,normal
1697496855.903,46.251,1800.0,3.5,10.7,normal
1697496856.413,45.764,600.0,4.9,10.7,normal
1697496856.919,45.277,600.0,5.0,10.7,normal
1697496857.422,46.738,1800.0,20.9,10.3,normal
1697496857.925,46.738,1800.0,36.0,10.7,normal
1697496858.427,46.251,1800.0,5.4,10.7,normal
1697496858.93,45.764,1800.0,3.5,10.7,normal
1697496859.432,46.251,1800.0,3.0,10.7,normal
1697496859.935,45.764,1800.0,3.5,10.7,normal
1697496860.437,45.764,1800.0,5.0,10.7,normal
1697496860.94,45.277,1800.0,3.0,10.7,normal
1697496861.443,45.764,1800.0,3.0,10.6,normal
1697496861.945,46.738,1800.0,3.5,10.6,normal
1697496862.451,45.764,600.0,3.9,10.7,normal
1697496862.956,46.251,600.0,4.5,10.6,normal
1697496863.459,46.738,1800.0,15.8,10.1,normal
1697496863.962,47.225,1800.0,37.3,10.5,normal
1697496864.465,46.251,1800.0,8.5,10.6,normal
1697496864.967,45.764,1800.0,3.5,10.6,normal
1697496865.47,45.764,1800.0,3.0,10.6,normal
1697496865.972,46.738,1800.0,3.0,10.6,normal
1697496866.475,46.251,1800.0,4.0,10.6,normal
1697496866.977,45.764,1800.0,2.5,10.7,normal
1697496867.48,46.251,1800.0,3.0,10.6,normal
1697496867.983,45.277,1800.0,2.5,10.7,normal
1697496868.488,46.251,600.0,5.0,10.7,normal
1697496868.994,44.79,600.0,4.9,10.7,normal
1697496869.497,47.225,1800.0,17.9,10.3,normal
1697496869.999,45.764,1800.0,35.5,10.7,normal
1697496870.502,46.251,1800.0,3.5,10.7,normal
1697496871.004,46.738,1800.0,3.0,10.7,normal
1697496871.507,45.764,1800.0,3.5,10.7,normal
1697496872.01,47.225,1800.0,3.5,10.7,normal
1697496872.512,46.738,1800.0,4.0,10.7,normal
1697496873.015,45.764,1800.0,4.0,10.7,normal
1697496873.517,45.277,1800.0,4.5,10.6,normal
1697496874.02,44.79,1800.0,3.5,10.7,normal
1697496874.525,46.251,600.0,3.9,10.7,normal
1697496875.031,45.764,600.0,5.0,10.6,normal
1697496875.534,46.738,1800.0,25.4,10.4,normal
1697496876.037,45.277,1800.0,32.7,10.7,normal
1697496876.539,46.738,1800.0,3.5,10.7,normal
1697496877.042,46.738,1800.0,4.5,10.7,normal
1697496877.544,46.251,1800.0,2.5,10.7,normal
1697496878.047,46.738,1800.0,3.9,10.7,normal
1697496878.55,45.764,1800.0,5.0,10.7,normal
1697496879.052,45.764,1800.0,3.0,10.7,normal
1697496879.555,46.251,1800.0,5.0,10.7,normal
1697496880.058,45.764,1800.0,3.0,10.7,normal
1697496880.564,46.251,600.0,4.4,10.7,normal
1697496881.069,45.764,600.0,5.4,10.7,normal
1697496881.573,47.225,1800.0,28.5,10.5,normal
1697496882.076,46.251,1800.0,26.6,10.7,normal
1697496882.578,46.251,1800.0,3.0,10.7,normal
1697496883.081,46.738,1800.0,4.0,10.7,normal
1697496883.583,48.199,1800.0,5.9,10.7,normal
1697496884.086,46.738,1800.0,4.0,10.7,normal
1697496884.588,47.712,1800.0,3.0,10.7,normal
1697496885.091,47.225,1800.0,4.4,10.7,normal
1697496885.594,48.199,1800.0,4.0,10.7,normal
1697496886.096,46.738,1800.0,2.5,10.7,normal
1697496886.605,45.764,700.0,2.5,10.7,normal
1697496887.111,45.764,600.0,2.0,10.7,normal
1697496887.615,46.251,1800.0,25.0,10.2,normal
1697496888.117,47.225,1800.0,32.0,10.6,normal
1697496888.619,47.225,1800.0,6.5,10.6,normal
1697496889.122,46.251,1800.0,3.0,10.6,normal
1697496889.624,47.225,1800.0,4.5,10.6,normal
1697496890.127,46.251,1800.0,4.0,10.6,normal
1697496890.63,45.764,1800.0,3.5,10.6,normal
1697496891.132,45.764,1800.0,3.0,10.6,normal
1697496891.635,45.277,1800.0,4.5,10.6,normal
1697496892.137,46.251,1800.0,3.0,10.6,normal
1697496892.642,46.251,700.0,4.5,10.6,normal
1697496893.147,45.277,800.0,4.5,10.6,normal
1697496893.649,45.764,1800.0,15.4,10.0,normal
1697496894.152,47.712,1800.0,37.0,10.5,normal
1697496894.655,46.251,1800.0,7.5,10.6,normal
1697496895.157,46.738,1800.0,2.5,10.6,normal
1697496895.66,45.764,1800.0,3.5,10.6,normal
1697496896.163,45.764,1800.0,4.5,10.6,normal
1697496896.665,45.277,1800.0,3.0,10.6,normal
1697496897.168,46.251,1800.0,4.4,10.6,normal
1697496897.67,45.764,1800.0,3.0,10.6,normal
1697496898.173,45.764,1800.0,3.5,10.6,normal
1697496898.677,46.738,900.0,5.0,10.6,normal
1697496899.181,45.277,900.0,4.9,10.6,normal
1697496899.685,45.764,1800.0,7.9,10.4,normal
1697496900.187,47.712,1800.0,29.2,10.5,normal
1697496900.69,46.251,1800.0,21.5,10.7,normal
1697496901.193,45.764,1800.0,4.5,10.7,normal
1697496901.695,46.738,1800.0,3.5,10.7,normal
1697496902.198,45.277,1800.0,4.5,10.7,normal
1697496902.7,47.225,1800.0,3.5,10.7,normal
1697496903.203,46.251,1800.0,3.0,10.7,normal
1697496903.705,46.738,1800.0,4.5,10.7,normal
1697496904.208,45.764,1800.0,3.0,10.7,normal
1697496904.713,46.251,700.0,4.0,10.7,normal
1697496905.216,45.764,1100.0,5.4,10.7,normal
1697496905.721,45.764,900.0,4.5,10.7,normal
1697496906.223,46.251,1800.0,25.4,10.5,normal
1697496906.726,45.764,1800.0,30.2,10.7,normal
1697496907.229,46.251,1800.0,3.5,10.7,normal
1697496907.731,46.251,1800.0,3.5,10.7,normal
1697496908.234,46.251,1800.0,3.0,10.7,normal
1697496908.736,45.764,1800.0,4.5,10.7,normal
1697496909.239,46.251,1800.0,2.5,10.7,normal
1697496909.741,46.738,1800.0,3.0,10.7,normal
1697496910.244,46.738,1800.0,3.0,10.7,normal
1697496910.746,45.277,1800.0,3.0,10.7,normal
1697496911.251,46.738,800.0,3.5,10.7,normal
1697496911.755,45.764,800.0,4.4,10.7,normal
1697496912.258,46.738,1800.0,18.4,10.3,normal
1697496912.761,46.251,1800.0,36.2,10.6,normal
1697496913.263,46.738,1800.0,4.5,10.6,normal
1697496913.766,46.251,1800.0,4.0,10.6,normal
1697496914.269,45.764,1800.0,3.0,10.6,normal
1697496914.771,44.79,1800.0,3.5,10.6,normal
1697496915.274,46.251,1800.0,4.5,10.6,normal
1697496915.776,45.764,1800.0,4.0,10.6,normal
1697496916.279,44.79,1800.0,3.5,10.6,normal
1697496916.781,45.764,1800.0,3.0,10.6,normal
1697496917.285,46.251,1000.0,5.0,10.6,normal
1697496917.789,46.251,800.0,4.0,10.6,normal
1697496918.292,46.251,1800.0,21.6,10.3,normal
1697496918.795,46.738,1800.0,32.5,10.7,normal
1697496919.297,46.251,1800.0,4.0,10.7,normal
1697496919.8,46.251,1800.0,3.9,10.7,normal
1697496920.303,46.251,1800.0,3.5,10.7,normal
1697496920.805,45.764,1800.0,3.0,10.7,normal
1697496921.308,46.738,1800.0,4.0,10.7,normal
1697496921.81,46.251,1800.0,3.5,10.7,normal
1697496922.313,46.738,1800.0,3.5,10.7,normal
1697496922.815,46.738,1800.0,3.5,10.6,normal
1697496923.32,45.277,700.0,3.5,10.6,normal
1697496923.825,45.277,800.0,5.4,10.7,normal
1697496924.327,45.764,1800.0,16.0,10.3,normal
1697496924.83,47.225,1800.0,36.5,10.7,normal
1697496925.333,46.251,1800.0,5.0,10.7,normal
1697496925.835,46.251,1800.0,4.0,10.7,normal
1697496926.338,45.764,1800.0,3.5,10.7,normal
1697496926.84,47.225,1800.0,3.5,10.7,normal
1697496927.343,46.738,1800.0,4.0,10.7,normal
1697496927.846,45.277,1800.0,3.5,10.7,normal
1697496928.348,45.764,1800.0,3.5,10.7,normal
1697496928.851,45.277,1800.0,4.0,10.7,normal
1697496929.357,46.251,600.0,4.5,10.7,normal
1697496929.862,45.277,700.0,4.5,10.7,normal
1697496930.367,45.764,900.0,9.5,10.1,normal
1697496930.871,46.251,1800.0,28.2,10.5,normal
1697496931.373,46.738,1800.0,21.6,10.6,normal
1697496931.876,46.251,1800.0,3.5,10.6,normal
1697496932.378,45.277,1800.0,3.0,10.6,normal
1697496932.881,45.764,1800.0,4.4,10.6,normal
1697496933.384,46.251,1800.0,4.0,10.6,normal
1697496933.886,47.225,1800.0,4.0,10.6,normal
1697496934.389,46.738,1800.0,4.0,10.6,normal
1697496934.891,46.251,1800.0,3.0,10.6,normal
1697496935.396,46.738,700.0,4.0,10.6,normal
1697496935.901,46.251,700.0,5.9,10.6,normal
1697496936.403,45.764,1800.0,13.9,10.1,normal
1697496936.906,47.225,1800.0,36.3,10.6,normal
1697496937.409,46.251,1800.0,8.5,10.6,normal
1697496937.912,45.764,1800.0,2.5,10.6,normal
1697496938.415,45.277,1800.0,3.5,10.6,normal
1697496938.918,45.764,1800.0,4.0,10.6,normal
1697496939.42,45.277,1800.0,3.5,10.7,normal
1697496939.923,44.79,1800.0,2.5,10.7,normal
1697496940.426,45.764,1800.0,3.5,10.6,normal
1697496940.928,45.277,1800.0,3.0,10.7,normal
1697496941.434,45.764,600.0,4.0,10.7,normal
1697496941.939,45.764,600.0,4.9,10.7,normal
1697496942.442,45.764,1800.0,19.0,10.2,normal
1697496942.945,46.738,1800.0,37.6,10.6,normal
1697496943.448,46.738,1800.0,5.5,10.6,normal
1697496943.95,46.738,1800.0,3.5,10.6,normal
1697496944.453,45.764,1800.0,3.0,10.6,normal
1697496944.955,46.251,1800.0,3.5,10.6,normal
1697496945.458,45.277,1800.0,5.0,10.6,normal
1697496945.961,46.251,1800.0,3.0,10.6,normal
1697496946.463,44.79,1800.0,3.0,10.6,normal
1697496946.966,46.251,1800.0,2.5,10.6,normal
1697496947.471,45.277,600.0,1.5,10.6,normal
1697496947.976,45.277,700.0,5.4,10.6,normal
1697496948.48,45.277,1800.0,13.4,9.9,normal
1697496948.984,46.738,1800.0,34.3,10.5,normal
1697496949.487,46.251,1800.0,12.6,10.6,normal
1697496949.989,45.764,1800.0,1.5,10.6,normal
1697496950.492,45.764,1800.0,3.5,10.6,normal
1697496950.994,46.738,1800.0,2.5,10.6,normal
1697496951.497,46.251,1800.0,3.0,10.6,normal
1697496951.999,45.764,1800.0,3.9,10.6,normal
1697496952.502,46.251,1800.0,2.5,10.6,normal
1697496953.004,46.251,1800.0,3.0,10.6,normal
1697496953.509,45.277,700.0,4.5,10.6,normal
1697496954.015,46.738,600.0,5.4,10.6,normal
1697496954.518,44.79,1800.0,17.5,10.3,normal
1697496955.02,46.251,1800.0,36.8,10.6,normal
1697496955.523,46.738,1800.0,3.5,10.6,normal
1697496956.026,46.251,1800.0,3.0,10.6,normal
1697496956.528,45.277,1800.0,3.0,10.6,normal
1697496957.031,46.251,1800.0,3.0,10.7,normal
1697496957.533,45.764,1800.0,3.5,10.7,normal
1697496958.036,46.251,1800.0,4.0,10.7,normal
1697496958.538,45.764,1800.0,4.9,10.7,normal
1697496959.041,46.251,1800.0,2.5,10.7,normal
1697496959.546,45.764,600.0,3.5,10.7,normal
1697496960.052,45.764,600.0,5.4,10.7,normal
1697496960.558,46.251,1800.0,11.9,9.9,normal
1697496961.061,45.764,1800.0,33.5,10.5,normal
1697496961.564,45.764,1800.0,14.4,10.6,normal
1697496962.067,45.764,1800.0,2.5,10.6,normal
1697496962.57,45.764,1800.0,4.0,10.6,normal
1697496963.073,46.738,1800.0,2.0,10.6,normal
1697496963.575,47.712,1800.0,5.9,10.6,normal
1697496964.078,46.738,1800.0,3.0,10.6,normal
1697496964.58,45.764,1800.0,3.5,10.6,normal
1697496965.083,45.277,1800.0,2.5,10.6,normal
1697496965.587,45.764,900.0,6.9,10.6,normal
1697496966.093,46.251,600.0,2.5,10.6,normal
1697496966.596,46.251,1800.0,19.0,10.1,normal
1697496967.099,47.712,1800.0,38.1,10.6,normal
1697496967.602,47.225,1800.0,4.0,10.6,normal
1697496968.104,47.225,1800.0,4.0,10.6,normal
1697496968.607,45.764,1800.0,5.0,10.6,normal
1697496969.11,47.225,1800.0,4.5,10.6,normal
1697496969.612,46.251,1800.0,2.5,10.6,normal
1697496970.115,46.251,1800.0,3.5,10.6,normal
1697496970.617,45.764,1800.0,3.0,10.6,normal
1697496971.12,46.251,1800.0,4.9,10.6,normal
1697496971.625,46.738,600.0,4.5,10.6,normal
1697496972.131,45.764,600.0,5.9,10.6,normal
1697496972.634,46.738,1800.0,8.0,9.5,normal
1697496973.137,47.225,1800.0,30.8,10.4,normal
1697496973.639,46.251,1800.0,20.4,10.6,normal
1697496974.142,46.738,1800.0,3.5,10.6,normal
1697496974.644,45.764,1800.0,2.5,10.6,normal
1697496975.147,46.738,1800.0,4.5,10.6,normal
1697496975.649,46.738,1800.0,2.5,10.6,normal
1697496976.152,46.251,1800.0,3.5,10.6,normal
1697496976.655,45.764,1800.0,2.5,10.6,normal
1697496977.157,45.277,1800.0,4.0,10.6,normal
1697496977.662,45.277,700.0,3.9,10.6,normal
1697496978.167,45.764,800.0,4.0,10.6,normal
1697496978.672,45.764,700.0,5.0,10.6,normal
1697496979.175,46.251,1800.0,27.9,10.4,normal
1697496979.678,46.738,1800.0,26.5,10.6,normal
1697496980.18,46.251,1800.0,3.0,10.6,normal
1697496980.683,46.251,1800.0,3.0,10.6,normal
1697496981.186,45.764,1800.0,4.0,10.6,normal
1697496981.688,45.764,1800.0,3.0,10.6,normal
1697496982.191,46.251,1800.0,4.0,10.6,normal
1697496982.693,47.225,1800.0,3.5,10.6,normal
1697496983.196,46.251,1800.0,3.0,10.6,normal
1697496983.699,46.251,1800.0,4.0,10.6,normal
1697496984.203,46.251,800.0,4.0,10.6,normal
1697496984.708,45.277,800.0,5.4,10.6,normal
1697496985.21,47.225,1800.0,19.0,10.1,normal
1697496985.713,46.738,1800.0,36.0,10.6,normal
1697496986.216,46.251,1800.0,3.0,10.6,normal
1697496986.718,46.251,1800.0,3.5,10.6,normal
1697496987.221,45.764,1800.0,2.5,10.6,normal
1697496987.723,46.738,1800.0,3.5,10.6,normal
1697496988.226,45.764,1800.0,3.0,10.6,normal
1697496988.728,45.764,1800.0,4.0,10.6,normal
1697496989.231,46.251,1800.0,3.5,10.6,normal
1697496989.734,46.251,1800.0,4.0,10.6,normal
1697496990.239,44.79,600.0,3.9,10.6,normal
1697496990.744,45.277,800.0,4.0,10.6,normal
1697496991.247,45.277,1800.0,23.9,10.3,normal
1697496991.749,46.251,1800.0,30.5,10.6,normal
1697496992.252,46.251,1800.0,2.0,10.6,normal
1697496992.755,46.738,1800.0,2.0,10.6,normal
1697496993.257,45.764,1800.0,1.5,10.6,normal
1697496993.76,45.764,1800.0,4.0,10.6,normal
1697496994.262,45.277,1800.0,3.0,10.6,normal
1697496994.765,46.251,1800.0,3.5,10.6,normal
1697496995.267,45.277,1800.0,2.5,10.6,normal
1697496995.77,46.738,1800.0,4.0,10.7,normal
1697496996.274,46.251,1200.0,5.0,10.7,normal
1697496996.779,46.251,800.0,5.4,10.7,normal
1697496997.282,45.277,1800.0,17.5,10.2,normal
1697496997.784,46.738,1800.0,37.5,10.5,normal
1697496998.287,45.277,1800.0,5.4,10.6,normal
1697496998.789,45.764,1800.0,4.0,10.6,normal
1697496999.292,46.251,1800.0,3.5,10.6,normal
1697496999.795,46.738,1800.0,4.0,10.6,normal
1697497000.297,46.251,1800.0,3.5,10.6,normal
1697497000.8,46.738,1800.0,3.0,10.6,normal
1697497001.302,45.764,1800.0,3.0,10.6,normal
1697497001.805,45.764,1800.0,4.0,10.6,normal
1697497002.309,45.277,800.0,3.5,10.6,normal
1697497002.814,45.277,800.0,5.5,10.6,normal
1697497003.316,45.277,1800.0,10.9,9.5,normal
1697497003.819,47.712,1800.0,29.4,10.5,normal
1697497004.322,46.251,1800.0,18.4,10.6,normal
1697497004.824,46.738,1800.0,6.0,10.6,normal
1697497005.327,46.251,1800.0,4.5,10.6,normal
1697497005.83,46.251,1800.0,3.5,10.6,normal
1697497006.332,46.738,1800.0,2.5,10.6,normal
1697497006.835,45.277,1800.0,2.0,10.6,normal
1697497007.337,45.277,1800.0,3.0,10.6,normal
1697497007.84,44.79,1800.0,2.5,10.7,normal
1697497008.344,46.251,1800.0,4.0,10.7,normal
1697497008.849,46.251,600.0,9.5,10.6,normal
1697497009.353,46.251,1800.0,14.0,10.1,normal
1697497009.855,45.764,1800.0,39.1,10.6,normal
1697497010.358,46.251,1800.0,6.5,10.6,normal
1697497010.861,46.738,1800.0,4.0,10.6,normal
1697497011.363,46.738,1800.0,3.0,10.6,normal
1697497011.866,46.738,1800.0,4.9,10.6,normal
1697497012.368,45.764,1800.0,3.0,10.6,normal
1697497012.871,46.251,1800.0,4.4,10.6,normal
1697497013.374,46.251,1800.0,3.0,10.6,normal
1697497013.876,45.277,1800.0,3.5,10.6,normal
1697497014.381,45.764,800.0,4.4,10.6,normal
1697497014.886,46.251,700.0,3.5,10.6,normal
1697497015.388,45.277,1800.0,19.8,10.3,normal
1697497015.892,46.738,1800.0,37.3,10.6,normal
1697497016.394,46.251,1800.0,3.5,10.6,normal
1697497016.897,46.738,1800.0,2.5,10.6,normal
1697497017.399,46.251,1800.0,3.0,10.6,normal
1697497017.902,46.251,1800.0,3.5,10.6,normal
1697497018.404,46.738,1800.0,4.0,10.6,normal
1697497018.907,46.251,1800.0,3.0,10.6,normal
1697497019.41,46.738,1800.0,3.0,10.6,normal
1697497019.912,45.764,1800.0,4.5,10.6,normal
1697497020.418,45.764,600.0,4.0,10.6,normal
1697497020.923,44.79,600.0,5.4,10.6,normal
1697497021.427,46.738,1800.0,14.4,9.9,normal
1697497021.931,46.251,1800.0,32.8,10.5,normal
1697497022.433,46.251,1800.0,14.0,10.6,normal
1697497022.936,46.738,1800.0,3.5,10.6,normal
1697497023.438,46.738,1800.0,4.5,10.6,normal
1697497023.941,46.251,1800.0,4.5,10.6,normal
1697497024.444,45.764,1800.0,2.5,10.6,normal
1697497024.947,45.764,1800.0,3.5,10.6,normal
1697497025.449,45.277,1800.0,3.0,10.6,normal
1697497025.952,46.251,1800.0,4.5,10.6,normal
1697497026.457,46.251,700.0,4.0,10.6,normal
1697497026.962,45.277,600.0,3.9,10.6,normal
1697497027.465,46.738,1800.0,16.5,10.1,normal
1697497027.973,47.225,1800.0,37.9,10.6,normal
1697497028.475,45.764,1800.0,5.9,10.6,normal
1697497028.978,45.764,1800.0,2.5,10.6,normal
1697497029.48,47.225,1800.0,4.0,10.6,normal
1697497029.983,45.764,1800.0,3.5,10.6,normal
1697497030.486,45.764,1800.0,4.4,10.6,normal
1697497030.988,46.738,1800.0,3.5,10.6,normal
1697497031.491,45.277,1800.0,4.9,10.6,normal
1697497031.993,46.251,1800.0,3.5,10.6,normal
1697497032.499,45.764,600.0,4.0,10.6,normal
1697497033.008,47.225,600.0,4.9,10.6,normal
1697497033.511,48.199,1800.0,21.9,10.2,normal
1697497034.014,46.738,1800.0,33.0,10.6,normal
1697497034.516,45.764,1800.0,3.0,10.6,normal
1697497035.019,46.738,1800.0,2.5,10.6,normal
1697497035.521,45.764,1800.0,2.5,10.6,normal
1697497036.024,45.764,1800.0,2.5,10.6,normal
1697497036.526,45.764,1800.0,3.5,10.6,normal
1697497037.029,45.764,1800.0,2.5,10.6,normal
1697497037.531,45.277,1800.0,3.5,10.6,normal
1697497038.039,45.764,1800.0,3.4,10.6,normal
1697497038.543,46.251,700.0,5.4,10.6,normal
1697497039.049,45.764,600.0,4.0,10.6,normal
1697497039.552,46.738,1800.0,14.4,10.1,normal
1697497040.056,46.738,1800.0,36.7,10.5,normal
1697497040.558,45.277,1800.0,7.9,10.6,normal
1697497041.061,46.738,1800.0,4.0,10.6,normal
1697497041.564,46.251,1800.0,3.5,10.6,normal
1697497042.067,46.738,1800.0,2.5,10.6,normal
1697497042.569,46.251,1800.0,5.0,10.6,normal
1697497043.072,45.277,1800.0,2.0,10.6,normal
1697497043.574,47.225,1800.0,6.0,10.6,normal
1697497044.077,45.764,1800.0,2.5,10.6,normal
1697497044.581,46.251,800.0,4.5,10.6,normal
1697497045.087,46.251,600.0,5.4,10.6,normal
1697497045.593,45.764,600.0,8.4,10.6,normal
1697497046.096,46.738,1800.0,29.0,10.5,normal
1697497046.599,46.738,1800.0,22.5,10.6,normal
1697497047.101,46.251,1800.0,4.5,10.6,normal
1697497047.603,46.738,1800.0,2.5,10.6,normal
1697497048.106,47.225,1800.0,5.4,10.7,normal
1697497048.609,45.764,1800.0,4.5,10.7,normal
1697497049.111,47.225,1800.0,3.0,10.7,normal
1697497049.614,46.251,1800.0,3.5,10.7,normal
1697497050.116,46.251,1800.0,2.5,10.7,normal
1697497050.621,46.738,700.0,4.4,10.7,normal
1697497051.126,45.277,700.0,4.5,10.7,normal
1697497051.63,46.251,1800.0,12.9,9.9,normal
1697497052.134,46.251,1800.0,32.8,10.5,normal
1697497052.636,47.225,1800.0,14.5,10.6,normal
1697497053.139,46.251,1800.0,3.0,10.6,normal
1697497053.642,46.251,1800.0,4.5,10.6,normal
1697497054.144,46.738,1800.0,4.0,10.6,normal
1697497054.647,45.764,1800.0,3.5,10.6,normal
1697497055.149,46.251,1800.0,3.5,10.6,normal
1697497055.652,45.764,1800.0,3.5,10.6,normal
1697497056.154,45.277,1800.0,4.5,10.6,normal
1697497056.659,46.251,800.0,1.5,10.6,normal
1697497057.164,44.79,600.0,3.4,10.6,normal
1697497057.667,45.764,1800.0,18.2,10.2,normal
1697497058.17,47.225,1800.0,37.5,10.6,normal
1697497058.673,46.251,1800.0,5.0,10.6,normal
1697497059.175,45.764,1800.0,3.0,10.6,normal
1697497059.678,45.277,1800.0,3.0,10.6,normal
1697497060.18,46.738,1800.0,4.0,10.6,normal
1697497060.683,46.251,1800.0,3.5,10.6,normal
1697497061.186,45.764,1800.0,3.0,10.6,normal
1697497061.688,46.251,1800.0,3.5,10.6,normal
1697497062.191,45.764,1800.0,4.0,10.6,normal
1697497062.695,46.251,800.0,4.5,10.6,normal
1697497063.199,45.277,900.0,5.0,10.6,normal
1697497063.703,46.251,1100.0,11.9,9.5,normal
1697497064.206,46.738,1800.0,29.9,10.5,normal
1697497064.709,45.764,1800.0,21.6,10.6,normal
1697497065.212,46.738,1800.0,3.5,10.7,normal
1697497065.714,46.251,1800.0,3.5,10.7,normal
1697497066.217,47.225,1800.0,2.0,10.7,normal
1697497066.719,45.764,1800.0,3.0,10.7,normal
1697497067.222,47.225,1800.0,1.5,10.7,normal
1697497067.725,46.251,1800.0,3.0,10.7,normal
1697497068.227,46.251,1800.0,2.5,10.7,normal
1697497068.73,46.251,1800.0,7.4,10.7,normal
1697497069.234,45.277,900.0,2.5,10.7,normal
1697497069.738,44.79,800.0,3.4,10.7,normal
1697497070.241,46.251,1800.0,23.1,10.5,normal
1697497070.744,46.738,1800.0,29.5,10.7,normal
1697497071.246,46.251,1800.0,3.0,10.7,normal
1697497071.749,45.764,1800.0,3.5,10.7,normal
1697497072.251,46.251,1800.0,3.0,10.7,normal
1697497072.754,45.764,1800.0,4.0,10.7,normal
1697497073.256,45.764,1800.0,3.5,10.7,normal
1697497073.759,45.764,1800.0,4.5,10.7,normal
1697497074.262,46.251,1800.0,3.0,10.7,normal
1697497074.764,46.251,1800.0,3.0,10.7,normal
1697497075.267,46.738,1800.0,5.4,10.7,normal
1697497075.769,46.251,1800.0,2.0,10.7,normal
1697497076.272,46.251,1800.0,17.4,10.3,normal
1697497076.774,46.738,1800.0,33.5,10.6,normal
1697497077.277,45.277,1800.0,3.0,10.6,normal
1697497077.779,45.764,1800.0,3.5,10.6,normal
1697497078.282,45.277,1800.0,3.4,10.6,normal
1697497078.785,46.738,1800.0,4.5,10.6,normal
1697497079.287,46.251,1800.0,2.5,10.7,normal
1697497079.79,46.738,1800.0,3.5,10.7,normal
1697497080.294,46.251,800.0,3.0,10.7,normal
1697497080.797,45.764,1800.0,5.4,10.7,normal
1697497081.299,46.251,1800.0,4.5,10.7,normal
1697497081.802,44.79,1800.0,3.5,10.7,normal
1697497082.305,46.738,1800.0,24.9,10.4,normal
1697497082.808,47.225,1800.0,26.1,10.6,normal
1697497083.31,46.251,1800.0,3.0,10.6,normal
1697497083.813,46.738,1800.0,4.5,10.6,normal
1697497084.315,46.738,1800.0,3.5,10.6,normal
1697497084.818,45.277,1800.0,2.5,10.6,normal
1697497085.321,46.251,1800.0,2.5,10.6,normal
1697497085.825,45.764,800.0,4.5,10.6,normal
1697497086.33,45.764,800.0,3.9,10.6,normal
1697497086.835,45.277,700.0,5.0,10.6,normal
1697497087.34,44.79,800.0,5.0,10.6,normal
1697497087.845,45.277,900.0,9.4,9.5,normal
1697497088.348,45.764,1800.0,28.9,10.5,normal
1697497088.85,47.225,1800.0,23.9,10.6,normal
1697497089.353,46.251,1800.0,3.5,10.6,normal
1697497089.855,46.738,1800.0,3.5,10.6,normal
1697497090.358,46.251,1800.0,3.0,10.6,normal
1697497090.86,46.738,1800.0,4.0,10.6,normal
1697497091.363,45.764,1800.0,3.5,10.7,normal
1697497091.866,45.764,1800.0,3.5,10.7,normal
1697497092.368,45.764,1800.0,4.5,10.7,normal
1697497092.871,46.251,1800.0,3.5,10.7,normal
1697497093.375,46.251,800.0,5.0,10.7,normal
1697497093.879,45.277,1800.0,11.5,9.7,normal
1697497094.383,45.764,1800.0,30.2,10.5,normal
1697497094.885,46.251,1800.0,17.6,10.6,normal
1697497095.388,46.251,1800.0,3.9,10.6,normal
1697497095.891,46.251,1800.0,4.5,10.6,normal
1697497096.393,46.251,1800.0,4.5,10.6,normal
1697497096.896,46.251,1800.0,3.0,10.6,normal
1697497097.398,45.764,1800.0,3.5,10.6,normal
1697497097.901,46.251,1800.0,3.0,10.6,normal
1697497098.403,46.251,1800.0,5.4,10.7,normal
1697497098.908,45.277,700.0,3.5,10.7,normal
1697497099.413,45.277,800.0,4.9,10.6,normal
1697497099.917,44.79,800.0,3.5,10.6,normal
1697497100.42,45.764,1800.0,28.0,10.4,normal
1697497100.923,45.764,1800.0,25.9,10.6,normal
1697497101.425,46.738,1800.0,4.0,10.6,normal
1697497101.928,45.764,1800.0,3.5,10.6,normal
1697497102.431,46.738,1800.0,4.5,10.6,normal
1697497102.933,45.764,1800.0,3.5,10.6,normal
1697497103.436,46.251,1800.0,4.5,10.6,normal
1697497103.938,45.764,1800.0,3.0,10.6,normal
1697497104.441,46.251,1800.0,3.5,10.7,normal
1697497104.943,46.251,1800.0,4.0,10.7,normal
1697497105.449,45.764,600.0,4.5,10.7,normal
1697497105.954,45.277,600.0,4.5,10.7,normal
1697497106.457,46.738,1800.0,22.4,10.3,normal
1697497106.96,46.738,1800.0,33.5,10.6,normal
1697497107.463,46.251,1800.0,4.0,10.6,normal
1697497107.965,45.764,1800.0,3.5,10.6,normal
1697497108.468,46.251,1800.0,4.5,10.6,normal
1697497108.97,44.303,1800.0,3.5,10.6,normal
1697497109.473,46.738,1800.0,3.5,10.6,normal
1697497109.976,46.251,1800.0,4.0,10.6,normal
1697497110.478,46.251,1800.0,3.0,10.6,normal
1697497110.981,45.277,1800.0,2.0,10.6,normal
1697497111.487,46.251,600.0,3.9,10.6,normal
1697497111.993,45.764,600.0,4.0,10.6,normal
1697497112.503,46.251,1800.0,14.8,10.2,normal
1697497113.008,46.251,1800.0,38.3,10.6,normal
1697497113.51,45.277,1800.0,7.4,10.6,normal
1697497114.013,45.764,1800.0,2.5,10.6,normal
1697497114.516,45.764,1800.0,2.5,10.6,normal
1697497115.018,44.79,1800.0,3.5,10.6,normal
1697497115.521,45.764,1800.0,4.0,10.6,normal
1697497116.023,45.764,1800.0,3.5,10.6,normal
1697497116.526,46.251,1800.0,3.5,10.6,normal
1697497117.028,45.764,1800.0,2.5,10.6,normal
1697497117.534,45.764,600.0,3.0,10.6,normal
1697497118.04,46.251,600.0,4.4,10.6,normal
1697497118.545,45.764,800.0,9.0,9.6,normal
1697497119.048,46.738,1800.0,28.2,10.5,normal
1697497119.551,46.738,1800.0,21.9,10.6,normal
1697497120.054,47.225,1800.0,3.0,10.6,normal
1697497120.557,45.277,1800.0,3.0,10.6,normal
1697497121.059,45.764,1800.0,3.0,10.6,normal
1697497121.562,46.251,1800.0,3.0,10.6,normal
1697497122.064,45.764,1800.0,2.5,10.6,normal
1697497122.567,44.79,1800.0,3.4,10.6,normal
1697497123.07,46.738,1800.0,3.0,10.6,normal
1697497123.574,45.277,700.0,4.5,10.6,normal
1697497124.08,46.251,600.0,5.5,10.6,normal
1697497124.583,45.764,1800.0,12.9,10.1,normal
1697497125.087,46.738,1800.0,32.7,10.5,normal
1697497125.59,45.764,1800.0,13.5,10.6,normal
1697497126.092,45.277,1800.0,3.9,10.6,normal
1697497126.595,46.251,1800.0,3.0,10.6,normal
1697497127.097,46.251,1800.0,3.0,10.6,normal
1697497127.6,46.251,1800.0,2.0,10.6,normal
1697497128.102,46.251,1800.0,3.0,10.6,normal
1697497128.605,45.277,1800.0,6.0,10.6,normal
1697497129.107,46.251,1800.0,3.9,10.6,normal
1697497129.612,45.764,700.0,4.5,10.6,normal
1697497130.116,45.277,900.0,4.5,10.6,normal
1697497130.623,45.277,600.0,5.0,10.6,normal
1697497131.126,45.764,1800.0,29.2,10.5,normal
1697497131.629,46.738,1800.0,24.2,10.7,normal
1697497132.131,45.764,1800.0,3.5,10.7,normal
1697497132.634,45.764,1800.0,3.5,10.7,normal
1697497133.136,45.277,1800.0,3.0,10.7,normal
1697497133.639,47.225,1800.0,5.4,10.7,normal
1697497134.142,46.738,1800.0,3.0,10.7,normal
1697497134.644,45.764,1800.0,4.0,10.7,normal
1697497135.147,46.738,1800.0,3.9,10.7,normal
1697497135.649,46.738,1800.0,4.9,10.7,normal
1697497136.153,45.764,900.0,5.0,10.7,normal
1697497136.658,45.764,800.0,4.0,10.7,normal
1697497137.161,46.251,1800.0,20.0,10.3,normal
1697497137.663,47.225,1800.0,35.5,10.7,normal
1697497138.166,46.251,1800.0,3.0,10.7,normal
1697497138.669,44.79,1800.0,4.5,10.7,normal
1697497139.171,45.277,1800.0,3.5,10.7,normal
1697497139.674,46.251,1800.0,3.5,10.7,normal
1697497140.176,45.277,1800.0,3.0,10.7,normal
1697497140.679,45.277,1800.0,3.9,10.7,normal
1697497141.181,46.251,1800.0,4.0,10.7,normal
1697497141.684,45.764,1800.0,4.0,10.7,normal
1697497142.188,45.764,800.0,4.0,10.7,normal
1697497142.692,44.79,900.0,5.0,10.7,normal
1697497143.195,45.764,1800.0,13.4,10.0,normal
1697497143.699,47.225,1800.0,35.0,10.6,normal
1697497144.201,45.764,1800.0,11.3,10.6,normal
1697497144.704,45.277,1800.0,4.0,10.6,normal
1697497145.207,45.277,1800.0,3.0,10.6,normal
1697497145.709,46.251,1800.0,4.0,10.6,normal
1697497146.212,46.251,1800.0,3.0,10.6,normal
1697497146.714,45.764,1800.0,3.5,10.6,normal
1697497147.217,46.251,1800.0,3.5,10.6,normal
1697497147.719,45.277,1800.0,4.5,10.6,normal
1697497148.224,46.251,700.0,3.5,10.6,normal
1697497148.729,46.251,700.0,4.5,10.7,normal
1697497149.234,45.764,800.0,6.9,10.5,normal
1697497149.737,47.225,1800.0,29.0,10.4,normal
1697497150.24,45.764,1800.0,23.0,10.6,normal
1697497150.742,46.738,1800.0,3.5,10.6,normal
1697497151.245,45.764,1800.0,3.0,10.6,normal
1697497151.747,45.764,1800.0,4.5,10.6,normal
1697497152.25,46.251,1800.0,3.5,10.6,normal
1697497152.752,46.738,1800.0,3.5,10.6,normal
1697497153.255,45.764,1800.0,3.5,10.7,normal
1697497153.757,46.251,1800.0,4.5,10.7,normal
1697497154.262,46.251,700.0,3.9,10.7,normal
1697497154.768,46.738,700.0,4.4,10.7,normal
1697497155.273,44.79,600.0,5.0,10.7,normal
1697497155.777,45.764,1800.0,25.4,10.3,normal
1697497156.279,46.251,1800.0,30.0,10.6,normal
1697497156.782,45.277,1800.0,3.5,10.6,normal
1697497157.285,46.251,1800.0,3.0,10.6,normal
1697497157.787,45.764,1800.0,3.5,10.6,normal
1697497158.29,45.764,1800.0,3.5,10.6,normal
1697497158.792,45.764,1800.0,3.5,10.6,normal
1697497159.295,45.764,1800.0,2.0,10.6,normal
1697497159.797,46.251,1800.0,4.0,10.6,normal
1697497160.3,47.712,1800.0,3.0,10.6,normal
1697497160.805,45.764,600.0,3.0,10.7,normal
1697497161.313,45.277,600.0,3.9,10.6,normal
1697497161.817,45.277,1800.0,30.4,10.4,normal
1697497162.319,46.251,1800.0,25.4,10.6,normal
1697497162.822,45.764,1800.0,4.0,10.6,normal
1697497163.324,46.251,1800.0,3.5,10.6,normal
1697497163.827,45.277,1800.0,5.0,10.6,normal
1697497164.329,46.251,1800.0,4.0,10.7,normal
1697497164.832,46.738,1800.0,3.5,10.7,normal
1697497165.334,44.79,1800.0,3.0,10.7,normal
1697497165.837,45.277,1800.0,4.0,10.7,normal
1697497166.34,45.277,1800.0,3.5,10.7,normal
1697497166.844,46.738,800.0,4.0,10.7,normal
1697497167.349,45.764,800.0,9.0,9.5,normal
1697497167.852,46.251,1800.0,28.5,10.5,normal
1697497168.355,46.251,1800.0,21.9,10.6,normal
1697497168.857,46.738,1800.0,4.0,10.6,normal
1697497169.36,45.764,1800.0,4.0,10.6,normal
1697497169.863,45.764,1800.0,4.5,10.7,normal
1697497170.365,45.277,1800.0,3.5,10.7,normal
1697497170.867,45.764,1800.0,3.0,10.7,normal
1697497171.37,45.764,1800.0,3.0,10.7,normal
1697497171.873,45.764,1800.0,4.0,10.7,normal
1697497172.377,46.251,975.0,3.5,10.7,normal
1697497172.882,45.764,700.0,4.0,10.7,normal
1697497173.387,45.764,700.0,5.0,10.7,normal
1697497173.891,46.251,1800.0,27.9,10.4,normal
1697497174.394,46.251,1800.0,27.0,10.6,normal
1697497174.896,46.738,1800.0,3.0,10.6,normal
1697497175.399,45.764,1800.0,3.5,10.6,normal
1697497175.901,46.251,1800.0,4.5,10.6,normal
1697497176.404,45.764,1800.0,2.5,10.6,normal
1697497176.906,44.79,1800.0,3.5,10.6,normal
1697497177.409,46.251,1800.0,3.5,10.6,normal
1697497177.911,44.79,1800.0,4.0,10.6,normal
1697497178.414,46.251,1800.0,4.5,10.6,normal
1697497178.918,45.764,800.0,4.4,10.6,normal
1697497179.423,46.251,800.0,6.5,10.4,normal
1697497179.926,46.251,1800.0,28.9,10.4,normal
1697497180.429,46.251,1800.0,23.0,10.6,normal
1697497180.931,46.251,1800.0,2.5,10.6,normal
1697497181.434,45.764,1800.0,3.5,10.6,normal
1697497181.936,45.764,1800.0,4.0,10.6,normal
1697497182.439,47.225,1800.0,4.0,10.6,normal
1697497182.942,45.764,1800.0,4.0,10.6,normal
1697497183.444,46.738,1800.0,4.0,10.6,normal
1697497183.947,46.738,1800.0,4.9,10.6,normal
1697497184.449,44.303,1800.0,3.0,10.6,normal
1697497184.954,46.738,700.0,5.0,10.6,normal
1697497185.458,45.764,900.0,3.5,10.6,normal
1697497185.961,46.738,1800.0,24.4,10.4,normal
1697497186.463,46.251,1800.0,30.7,10.7,normal
1697497186.966,45.764,1800.0,3.0,10.7,normal
1697497187.469,45.764,1800.0,4.5,10.7,normal
1697497187.971,46.738,1800.0,5.0,10.7,normal
1697497188.474,46.251,1800.0,5.5,10.7,normal
1697497188.976,44.79,1800.0,2.5,10.7,normal
1697497189.479,45.764,1800.0,3.5,10.7,normal
1697497189.981,44.79,1800.0,3.5,10.6,normal
1697497190.484,45.764,1800.0,4.0,10.6,normal
1697497190.989,46.251,700.0,3.5,10.7,normal
1697497191.495,45.277,700.0,4.4,10.6,normal
1697497191.998,45.764,1800.0,17.8,10.1,normal
1697497192.5,46.738,1800.0,38.3,10.5,normal
1697497193.003,46.738,1800.0,5.5,10.6,normal
1697497193.506,45.764,1800.0,4.9,10.6,normal
1697497194.008,46.251,1800.0,3.5,10.6,normal
1697497194.511,46.738,1800.0,4.5,10.6,normal
1697497195.013,46.251,1800.0,3.0,10.6,normal
1697497195.516,46.738,1800.0,3.0,10.6,normal
1697497196.018,47.712,1800.0,4.4,10.6,normal
1697497196.521,46.251,1800.0,4.0,10.6,normal
1697497197.027,44.79,600.0,3.9,10.6,normal
1697497197.533,45.277,600.0,4.0,10.6,normal
1697497198.038,46.738,1000.0,7.9,10.5,normal
1697497198.542,46.251,1800.0,29.9,10.4,normal
1697497199.044,46.738,1800.0,25.1,10.6,normal
1697497199.547,45.764,1800.0,3.0,10.6,normal
1697497200.05,45.277,1800.0,2.0,10.6,normal
1697497200.552,45.764,1800.0,3.0,10.6,normal
1697497201.055,46.251,1800.0,3.0,10.6,normal
1697497201.558,44.79,1800.0,2.5,10.6,normal
1697497202.061,45.764,1800.0,2.5,10.6,normal
1697497202.563,45.764,1800.0,3.5,10.6,normal
1697497203.066,47.225,1800.0,2.5,10.6,normal
1697497203.572,45.764,600.0,4.5,10.6,normal
1697497204.076,46.251,1800.0,12.4,9.9,normal
1697497204.58,47.712,1800.0,31.5,10.5,normal
1697497205.083,46.738,1800.0,14.9,10.6,normal
1697497205.585,45.764,1800.0,3.5,10.6,normal
1697497206.088,45.277,1800.0,1.0,10.6,normal
1697497206.59,46.251,1800.0,4.5,10.6,normal
1697497207.093,46.251,1800.0,4.0,10.6,normal
1697497207.595,46.738,1800.0,4.0,10.6,normal
1697497208.098,46.738,1800.0,3.5,10.6,normal
1697497208.6,47.225,1800.0,4.0,10.6,normal
1697497209.106,45.277,700.0,4.0,10.6,normal
1697497209.611,45.277,600.0,3.0,10.6,normal
1697497210.114,46.738,1800.0,14.0,10.0,normal
1697497210.617,47.712,1800.0,37.2,10.5,normal
1697497211.12,46.738,1800.0,7.0,10.6,normal
1697497211.622,46.738,1800.0,3.5,10.6,normal
1697497212.125,46.738,1800.0,3.0,10.6,normal
1697497212.627,45.277,1800.0,4.9,10.6,normal
1697497213.13,46.251,1800.0,4.5,10.6,normal
1697497213.633,45.764,1800.0,4.5,10.6,normal
1697497214.135,46.251,1800.0,3.5,10.6,normal
1697497214.638,46.251,1800.0,3.5,10.6,normal
1697497215.142,45.764,800.0,3.9,10.6,normal
1697497215.648,45.764,600.0,4.5,10.6,normal
1697497216.152,46.251,1800.0,7.5,10.5,normal
1697497216.655,45.764,1800.0,28.2,10.5,normal
1697497217.158,46.251,1800.0,21.5,10.6,normal
1697497217.66,46.251,1800.0,5.0,10.6,normal
1697497218.163,45.764,1800.0,2.5,10.6,normal
1697497218.665,47.225,1800.0,4.5,10.6,normal
1697497219.168,45.764,1800.0,4.0,10.6,normal
1697497219.67,46.251,1800.0,3.5,10.6,normal
1697497220.173,46.251,1800.0,3.5,10.6,normal
1697497220.675,45.277,1800.0,2.5,10.6,normal
1697497221.18,45.277,800.0,4.0,10.6,normal
1697497221.684,45.764,800.0,5.9,10.6,normal
1697497222.188,45.764,900.0,5.5,10.6,normal
1697497222.692,46.251,1800.0,26.4,10.3,normal
1697497223.194,46.738,1800.0,29.4,10.6,normal
1697497223.697,45.764,1800.0,4.0,10.6,normal
1697497224.199,46.251,1800.0,3.5,10.6,normal
1697497224.702,46.251,1800.0,3.5,10.6,normal
1697497225.205,46.251,1800.0,3.0,10.6,normal
1697497225.707,45.277,1800.0,3.0,10.6,normal
1697497226.21,45.764,1800.0,4.0,10.6,normal
1697497226.712,46.251,1800.0,3.0,10.6,normal
1697497227.215,45.764,1800.0,3.5,10.6,normal
1697497227.72,45.764,600.0,3.0,10.6,normal
1697497228.225,45.764,800.0,7.8,10.6,normal
1697497228.728,46.251,1800.0,19.0,10.2,normal
1697497229.23,47.225,1800.0,35.5,10.6,normal
1697497229.733,46.251,1800.0,4.0,10.6,normal
1697497230.235,46.251,1800.0,5.0,10.6,normal
1697497230.738,45.764,1800.0,3.0,10.6,normal
1697497231.241,46.738,1800.0,3.5,10.6,normal
1697497231.743,45.277,1800.0,3.0,10.6,normal
1697497232.246,45.764,1800.0,3.5,10.6,normal
1697497232.748,45.764,1800.0,3.0,10.6,normal
1697497233.251,46.251,1800.0,3.5,10.6,normal
1697497233.756,45.764,800.0,4.5,10.6,normal
1697497234.261,45.764,900.0,5.4,10.6,normal
1697497234.764,46.251,1800.0,11.6,9.9,normal
1697497235.268,47.712,1800.0,35.3,10.5,normal
1697497235.77,45.764,1800.0,9.9,10.6,normal
1697497236.273,46.738,1800.0,3.0,10.6,normal
1697497236.775,46.738,1800.0,3.5,10.6,normal
1697497237.278,46.738,1800.0,3.5,10.6,normal
1697497237.78,46.251,1800.0,3.0,10.6,normal
1697497238.283,46.251,1800.0,4.0,10.6,normal
1697497238.786,44.79,1800.0,4.0,10.6,normal
1697497239.288,46.251,1800.0,3.5,10.6,normal
1697497239.793,44.79,700.0,2.5,10.6,normal
1697497240.299,45.764,600.0,5.9,10.6,normal
1697497240.804,45.764,700.0,6.4,10.5,normal
1697497241.307,46.738,1800.0,27.9,10.4,normal
1697497241.81,46.738,1800.0,21.1,10.6,normal
1697497242.313,46.738,1800.0,2.5,10.6,normal
1697497242.815,44.79,1800.0,2.5,10.6,normal
1697497243.318,45.764,1800.0,4.0,10.6,normal
1697497243.82,44.79,1800.0,4.0,10.6,normal
1697497244.323,46.251,1800.0,3.0,10.6,normal
1697497244.825,45.764,1800.0,3.0,10.6,normal
1697497245.328,46.251,1800.0,3.0,10.6,normal
1697497245.833,45.764,700.0,3.5,10.6,normal
1697497246.338,46.251,700.0,2.5,10.6,normal
1697497246.841,46.251,1800.0,11.4,10.0,normal
1697497247.344,47.225,1800.0,32.2,10.5,normal
1697497247.847,47.225,1800.0,9.4,10.6,normal
1697497248.35,45.764,1800.0,4.0,10.6,normal
1697497248.852,46.251,1800.0,7.4,10.6,normal
1697497249.355,45.277,1800.0,3.5,10.6,normal
1697497249.858,45.764,1800.0,3.5,10.6,normal
1697497250.36,46.738,1800.0,3.9,10.6,normal
1697497250.863,45.277,1800.0,3.5,10.7,normal
1697497251.365,46.738,1800.0,4.0,10.7,normal
1697497251.87,46.738,800.0,3.5,10.7,normal
1697497252.375,44.79,800.0,5.0,10.7,normal
1697497252.88,46.251,850.0,8.3,10.6,normal
1697497253.384,46.251,1800.0,29.7,10.3,normal
1697497253.886,45.764,1800.0,26.0,10.6,normal
1697497254.389,46.251,1800.0,3.0,10.6,normal
1697497254.891,46.251,1800.0,4.0,10.6,normal
1697497255.394,45.277,1800.0,3.0,10.6,normal
1697497255.896,45.764,1800.0,2.5,10.6,normal
1697497256.399,45.277,1800.0,3.5,10.6,normal
1697497256.901,45.764,1800.0,4.4,10.6,normal
1697497257.404,46.738,1800.0,3.5,10.6,normal
1697497257.907,46.251,1800.0,3.9,10.6,normal
1697497258.412,45.764,700.0,5.0,10.6,normal
1697497258.917,45.277,700.0,6.0,10.6,normal
1697497259.42,46.251,1800.0,21.5,10.3,normal
1697497259.922,47.225,1800.0,32.8,10.6,normal
1697497260.425,45.764,1800.0,3.0,10.6,normal
1697497260.927,45.764,1800.0,4.0,10.6,normal
1697497261.43,45.277,1800.0,3.5,10.6,normal
1697497261.933,45.764,1800.0,2.5,10.6,normal
1697497262.435,45.277,1800.0,4.0,10.6,normal
1697497262.938,45.277,1800.0,3.0,10.6,normal
1697497263.44,45.764,1800.0,4.0,10.6,normal
1697497263.943,46.738,1800.0,3.0,10.6,normal
1697497264.448,45.277,700.0,3.5,10.7,normal
1697497264.953,45.764,700.0,5.0,10.6,normal
1697497265.455,45.764,1800.0,15.9,10.2,normal
1697497265.958,45.764,1800.0,37.3,10.6,normal
1697497266.461,46.251,1800.0,5.0,10.7,normal
1697497266.963,46.738,1800.0,3.0,10.7,normal
1697497267.466,46.251,1800.0,3.5,10.7,normal
1697497267.969,45.764,1800.0,3.0,10.7,normal
1697497268.471,45.764,1800.0,3.5,10.7,normal
1697497268.974,45.764,1800.0,4.0,10.7,normal
1697497269.476,44.79,1800.0,3.5,10.7,normal
1697497269.979,45.764,1800.0,3.0,10.7,normal
1697497270.484,45.277,800.0,4.0,10.7,normal
1697497270.989,45.277,800.0,5.4,10.7,normal
1697497271.495,45.277,700.0,8.3,10.6,normal
1697497271.998,46.251,1800.0,29.0,10.4,normal
1697497272.5,46.251,1800.0,25.1,10.6,normal
1697497273.003,46.738,1800.0,2.5,10.6,normal
1697497273.505,46.738,1800.0,4.5,10.6,normal
1697497274.008,45.277,1800.0,4.0,10.6,normal
1697497274.51,45.277,1800.0,3.5,10.6,normal
1697497275.013,46.251,1800.0,3.0,10.6,normal
1697497275.515,46.251,1800.0,2.5,10.6,normal
1697497276.018,44.79,1800.0,4.0,10.6,normal
1697497276.521,45.277,1800.0,3.0,10.6,normal
1697497277.026,45.277,600.0,4.0,10.6,normal
1697497277.531,45.277,700.0,4.0,10.6,normal
1697497278.034,46.251,1800.0,23.4,10.2,normal
1697497278.537,45.764,1800.0,34.0,10.6,normal
1697497279.04,46.251,1800.0,3.0,10.6,normal
1697497279.542,45.764,1800.0,3.5,10.6,normal
1697497280.045,46.251,1800.0,4.0,10.6,normal
1697497280.547,46.251,1800.0,2.5,10.6,normal
1697497281.051,46.251,1800.0,3.9,10.6,normal
1697497281.554,46.738,1800.0,3.0,10.6,normal
1697497282.057,46.251,1800.0,3.0,10.6,normal
1697497282.559,45.764,1800.0,5.4,10.6,normal
1697497283.065,45.277,600.0,2.0,10.6,normal
1697497283.572,45.764,600.0,5.4,10.6,normal
1697497284.076,45.277,1100.0,15.0,10.1,normal
1697497284.58,46.251,1800.0,34.7,10.6,normal
1697497285.082,47.225,1800.0,10.0,10.7,normal
1697497285.585,46.738,1800.0,2.5,10.7,normal
1697497286.087,45.277,1800.0,3.0,10.7,normal
1697497286.59,46.251,1800.0,3.5,10.7,normal
1697497287.093,45.764,1800.0,3.0,10.7,normal
1697497287.596,45.764,1800.0,2.5,10.7,normal
1697497288.1,45.764,1800.0,5.0,10.7,normal
1697497288.602,45.764,1800.0,4.5,10.7,normal
1697497289.107,46.251,700.0,3.9,10.7,normal
1697497289.613,45.277,600.0,5.0,10.7,normal
1697497290.116,46.251,1800.0,16.5,10.2,normal
1697497290.618,46.251,1800.0,38.3,10.6,normal
1697497291.121,46.251,1800.0,3.0,10.6,normal
1697497291.623,45.764,1800.0,3.9,10.6,normal
1697497292.126,45.277,1800.0,3.5,10.6,normal
1697497292.628,45.764,1800.0,4.5,10.6,normal
1697497293.131,46.251,1800.0,3.5,10.6,normal
1697497293.634,46.251,1800.0,3.5,10.7,normal
1697497294.136,45.764,1800.0,3.5,10.7,normal
1697497294.639,45.764,1800.0,3.5,10.7,normal
1697497295.144,46.738,800.0,4.0,10.7,normal
1697497295.648,45.764,800.0,4.0,10.7,normal
1697497296.153,44.79,1800.0,10.9,9.6,normal
1697497296.656,46.251,1800.0,29.5,10.5,normal
1697497297.159,46.251,1800.0,18.5,10.6,normal
1697497297.661,46.251,1800.0,3.5,10.6,normal
1697497298.164,45.764,1800.0,3.5,10.6,normal
1697497298.667,46.738,1800.0,5.0,10.6,normal
1697497299.169,45.277,1800.0,3.5,10.6,normal
1697497299.672,44.79,1800.0,3.0,10.6,normal
1697497300.174,45.764,1800.0,3.0,10.6,normal
1697497300.677,45.764,1800.0,4.0,10.6,normal
1697497301.182,45.277,700.0,3.0,10.6,normal
1697497301.687,46.251,800.0,4.9,10.6,normal
1697497302.191,44.303,800.0,5.0,10.6,normal
1697497302.695,45.277,1800.0,25.7,10.3,normal
1697497303.198,46.738,1800.0,26.5,10.6,normal
1697497303.7,46.738,1800.0,3.9,10.6,normal
1697497304.203,46.251,1800.0,4.0,10.6,normal
1697497304.705,46.738,1800.0,2.5,10.6,normal
1697497305.207,47.225,1800.0,5.0,10.6,normal
1697497305.71,45.277,1800.0,3.0,10.6,normal
1697497306.212,46.251,1800.0,1.5,10.6,normal
1697497306.715,45.277,1800.0,2.5,10.6,normal
1697497307.217,45.764,1800.0,0.0,10.6,normal
1697497307.722,46.251,800.0,4.4,10.6,normal
1697497308.227,45.764,800.0,1.5,10.6,normal
1697497308.73,47.225,1800.0,28.2,10.2,normal
1697497309.233,46.251,1800.0,33.3,10.6,normal
1697497309.735,45.764,1800.0,4.5,10.6,normal
1697497310.238,46.251,1800.0,3.5,10.6,normal
1697497310.74,46.738,1800.0,2.5,10.6,normal
1697497311.243,46.251,1800.0,4.0,10.6,normal
1697497311.745,46.738,1800.0,4.5,10.6,normal
1697497312.248,46.738,1800.0,3.0,10.6,normal
1697497312.75,45.277,1800.0,4.0,10.6,normal
1697497313.253,45.764,1800.0,3.5,10.6,normal
1697497313.757,45.764,900.0,5.0,10.6,normal
1697497314.262,44.79,600.0,4.0,10.6,normal
1697497314.765,46.251,1800.0,26.4,10.4,normal
1697497315.268,46.738,1800.0,28.8,10.6,normal
1697497315.77,45.277,1800.0,4.0,10.6,normal
1697497316.273,45.764,1800.0,3.0,10.6,normal
1697497316.78,45.277,1800.0,3.4,10.6,normal
1697497317.282,46.251,1800.0,3.5,10.6,normal
1697497317.785,45.277,1800.0,2.5,10.6,normal
1697497318.287,45.764,1800.0,1.0,10.6,normal
1697497318.79,45.764,1800.0,4.0,10.7,normal
1697497319.292,45.277,1800.0,3.5,10.7,normal
1697497319.798,46.738,600.0,5.0,10.7,normal
1697497320.304,44.79,600.0,6.0,10.6,normal
1697497320.808,46.738,1800.0,29.1,10.4,normal
1697497321.31,46.738,1800.0,24.2,10.7,normal
1697497321.813,46.251,1800.0,4.0,10.7,normal
1697497322.315,45.764,1800.0,3.5,10.7,normal
1697497322.818,45.764,1800.0,3.5,10.7,normal
1697497323.32,46.251,1800.0,2.0,10.7,normal
1697497323.823,46.251,1800.0,4.0,10.7,normal
1697497324.326,45.277,1800.0,3.5,10.7,normal
1697497324.828,46.738,1800.0,3.0,10.7,normal
1697497325.331,45.764,1800.0,2.5,10.7,normal
1697497325.836,45.764,600.0,4.5,10.7,normal
1697497326.34,45.764,1800.0,10.5,10.0,normal
1697497326.848,46.738,1800.0,33.3,10.6,normal
1697497327.351,46.738,1800.0,11.4,10.6,normal
1697497327.853,45.764,1800.0,4.5,10.6,normal
1697497328.356,46.738,1800.0,3.0,10.6,normal
1697497328.858,45.764,1800.0,4.9,10.7,normal
1697497329.361,46.251,1800.0,3.5,10.6,normal
1697497329.863,45.764,1800.0,2.5,10.6,normal
1697497330.366,46.251,1800.0,3.0,10.7,normal
1697497330.868,45.764,1800.0,4.0,10.7,normal
1697497331.373,46.738,700.0,2.5,10.7,normal
1697497331.879,45.277,600.0,4.9,10.7,normal
1697497332.385,45.764,600.0,6.9,10.6,normal
1697497332.888,46.251,1800.0,28.7,10.5,normal
1697497333.391,46.251,1800.0,26.5,10.6,normal
1697497333.894,46.251,1800.0,4.0,10.6,normal
1697497334.396,47.712,1800.0,2.5,10.6,normal
1697497334.899,46.251,1800.0,3.9,10.6,normal
1697497335.401,45.277,1800.0,4.0,10.6,normal
1697497335.904,46.251,1800.0,3.5,10.6,normal
1697497336.406,44.79,1800.0,3.0,10.6,normal
1697497336.909,45.764,1800.0,2.5,10.6,normal
1697497337.411,46.251,1800.0,4.0,10.6,normal
1697497337.917,45.764,600.0,4.0,10.6,normal
1697497338.421,44.79,1800.0,10.9,9.7,normal
1697497338.924,46.738,1800.0,30.0,10.5,normal
1697497339.427,46.251,1800.0,18.4,10.6,normal
1697497339.93,45.764,1800.0,3.9,10.6,normal
1697497340.432,46.251,1800.0,2.5,10.6,normal
1697497340.935,46.251,1800.0,4.0,10.6,normal
1697497341.437,46.738,1800.0,4.0,10.6,normal
1697497341.94,45.764,1800.0,3.0,10.6,normal
1697497342.442,46.738,1800.0,4.5,10.6,normal
1697497342.945,46.251,1800.0,3.5,10.6,normal
1697497343.449,46.251,800.0,5.0,10.7,normal
1697497343.954,45.764,800.0,5.0,10.7,normal
1697497344.458,46.251,800.0,5.9,10.6,normal
1697497344.961,46.251,1800.0,29.1,10.4,normal
1697497345.464,45.277,1800.0,27.5,10.6,normal
1697497345.966,46.251,1800.0,3.0,10.6,normal
1697497346.469,46.738,1800.0,3.5,10.6,normal
1697497346.971,47.225,1800.0,2.5,10.6,normal
1697497347.474,46.738,1800.0,4.5,10.6,normal
1697497347.976,46.251,1800.0,3.5,10.6,normal
1697497348.479,45.277,1800.0,4.0,10.6,normal
1697497348.982,45.277,1800.0,3.5,10.6,normal
1697497349.484,46.251,1800.0,4.5,10.6,normal
1697497349.989,45.764,800.0,3.0,10.7,normal
1697497350.493,45.764,800.0,5.0,10.6,normal
1697497350.995,46.251,1800.0,21.1,10.3,normal
1697497351.498,45.764,1800.0,34.2,10.6,normal
1697497352.001,46.738,1800.0,4.0,10.6,normal
1697497352.503,46.738,1800.0,3.5,10.6,normal
1697497353.006,46.251,1800.0,4.0,10.6,normal
1697497353.508,46.251,1800.0,5.0,10.6,normal
1697497354.011,45.764,1800.0,3.0,10.6,normal
1697497354.513,46.251,1800.0,3.0,10.6,normal
1697497355.016,45.277,1800.0,3.0,10.6,normal
1697497355.519,45.764,1800.0,4.0,10.6,normal
1697497356.024,46.251,625.0,4.5,10.6,normal
1697497356.528,45.277,900.0,6.4,10.6,normal
1697497357.032,46.251,1800.0,25.1,10.3,normal
1697497357.534,46.738,1800.0,39.0,10.6,normal
1697497358.037,46.738,1800.0,3.5,10.6,normal
1697497358.539,46.251,1800.0,3.5,10.6,normal
1697497359.042,45.764,1800.0,3.0,10.6,normal
1697497359.545,46.738,1800.0,4.0,10.6,normal
1697497360.047,46.738,1800.0,3.0,10.6,normal
1697497360.55,46.251,1800.0,3.9,10.6,normal
1697497361.052,45.764,1800.0,3.5,10.6,normal
1697497361.555,45.764,1800.0,3.5,10.7,normal
1697497362.06,45.277,900.0,4.0,10.7,normal
1697497362.566,45.764,600.0,6.0,10.6,normal
1697497363.07,46.738,1800.0,28.7,10.5,normal
1697497363.572,46.251,1800.0,26.2,10.7,normal
1697497364.075,46.738,1800.0,2.5,10.7,normal
1697497364.577,46.251,1800.0,3.5,10.7,normal
1697497365.08,46.738,1800.0,1.5,10.7,normal
1697497365.582,46.738,1800.0,2.5,10.7,normal
1697497366.085,46.738,1800.0,5.0,10.7,normal
1697497366.588,46.738,1800.0,0.0,10.7,normal
1697497367.09,46.738,1800.0,0.0,10.7,normal
1697497367.593,44.79,1800.0,0.0,10.7,normal
1697497368.096,45.277,1800.0,7.5,10.7,normal
1697497368.598,45.764,1800.0,6.4,10.7,normal
1697497369.101,46.738,1800.0,24.0,10.5,normal
1697497369.604,46.738,1800.0,28.4,10.6,normal
1697497370.106,46.251,1800.0,3.5,10.6,normal
1697497370.609,46.251,1800.0,3.0,10.6,normal
1697497371.111,45.764,1800.0,3.5,10.6,normal
1697497371.614,46.738,1800.0,4.0,10.6,normal
1697497372.116,46.738,1800.0,2.5,10.6,normal
1697497372.619,46.251,1800.0,3.9,10.6,normal
1697497373.124,45.764,700.0,4.0,10.6,normal
1697497373.629,44.79,800.0,7.4,10.6,normal
1697497374.135,45.277,600.0,5.4,10.6,normal
1697497374.639,46.251,1800.0,7.9,10.5,normal
1697497375.142,46.738,1800.0,28.0,10.5,normal
1697497375.645,45.764,1800.0,22.9,10.6,normal
1697497376.148,46.251,1800.0,3.5,10.6,normal
1697497376.65,45.764,1800.0,2.5,10.6,normal
1697497377.153,45.277,1800.0,3.5,10.6,normal
1697497377.656,46.251,1800.0,3.5,10.6,normal
1697497378.158,46.251,1800.0,4.5,10.6,normal
1697497378.661,46.251,1800.0,4.0,10.6,normal
1697497379.163,46.251,1800.0,2.5,10.6,normal
1697497379.668,45.764,700.0,3.9,10.6,normal
1697497380.172,44.79,1000.0,4.5,10.6,normal
1697497380.676,44.79,1800.0,13.4,10.0,normal
1697497381.18,46.738,1800.0,32.5,10.6,normal
1697497381.683,46.738,1800.0,14.6,10.7,normal
1697497382.185,45.764,1800.0,4.5,10.7,normal
1697497382.688,46.251,1800.0,2.5,10.7,normal
1697497383.19,45.764,1800.0,4.0,10.6,normal
1697497383.693,46.738,1800.0,4.0,10.7,normal
1697497384.195,45.764,1800.0,4.0,10.7,normal
1697497384.698,45.277,1800.0,3.5,10.6,normal
1697497385.2,46.738,1800.0,3.9,10.7,normal
1697497385.705,45.277,700.0,3.5,10.7,normal
1697497386.209,46.251,1000.0,4.5,10.6,normal
1697497386.713,45.277,900.0,5.0,10.6,normal
1697497387.217,45.277,1800.0,28.7,10.5,normal
1697497387.719,45.764,1800.0,25.6,10.7,normal
1697497388.222,46.738,1800.0,3.5,10.7,normal
1697497388.724,45.764,1800.0,5.4,10.6,normal
1697497389.227,45.764,1800.0,3.5,10.6,normal
1697497389.73,45.277,1800.0,4.0,10.7,normal
1697497390.232,44.79,1800.0,3.5,10.6,normal
1697497390.735,45.764,1800.0,3.5,10.7,normal
1697497391.237,45.764,1800.0,3.0,10.6,normal
1697497391.739,44.79,1800.0,3.0,10.6,normal
1697497392.243,45.764,900.0,5.0,10.6,normal
1697497392.748,45.764,700.0,5.4,10.6,normal
1697497393.252,45.764,1800.0,21.5,10.3,normal
1697497393.754,46.251,1800.0,33.0,10.6,normal
1697497394.257,47.225,1800.0,3.0,10.6,normal
1697497394.759,45.764,1800.0,4.0,10.6,normal
1697497395.262,45.277,1800.0,3.0,10.6,normal
1697497395.764,45.764,1800.0,3.5,10.6,normal
1697497396.267,46.251,1800.0,3.9,10.6,normal
1697497396.77,45.764,1800.0,3.5,10.6,normal
1697497397.272,45.277,1800.0,3.0,10.6,normal
1697497397.775,45.277,1800.0,3.0,10.7,normal
1697497398.28,45.277,600.0,4.5,10.6,normal
1697497398.786,44.79,600.0,7.4,10.7,normal
1697497399.289,46.251,1800.0,14.9,10.1,normal
1697497399.791,46.738,1800.0,37.5,10.5,normal
1697497400.294,45.764,1800.0,5.5,10.6,normal
1697497400.797,46.738,1800.0,4.0,10.6,normal
1697497401.299,46.251,1800.0,2.5,10.6,normal
1697497401.802,45.764,1800.0,3.9,10.6,normal
1697497402.304,45.277,1800.0,3.0,10.6,normal
1697497402.807,44.79,1800.0,3.5,10.6,normal
1697497403.309,45.277,1800.0,3.5,10.6,normal
1697497403.812,45.764,1800.0,4.5,10.6,normal
1697497404.317,45.764,700.0,4.0,10.6,normal
1697497404.823,46.251,600.0,5.4,10.6,normal
1697497405.326,46.251,1800.0,19.5,10.3,normal
1697497405.828,46.738,1800.0,37.7,10.6,normal
1697497406.331,45.764,1800.0,3.0,10.7,normal
1697497406.834,45.764,1800.0,4.0,10.7,normal
1697497407.336,46.251,1800.0,3.0,10.7,normal
1697497407.839,45.764,1800.0,3.9,10.7,normal
1697497408.341,46.738,1800.0,2.0,10.7,normal
1697497408.844,45.277,1800.0,3.5,10.7,normal
1697497409.346,46.251,1800.0,2.5,10.7,normal
1697497409.849,45.764,1800.0,3.0,10.7,normal
1697497410.354,46.251,700.0,1.5,10.7,normal
1697497410.859,45.277,600.0,3.9,10.7,normal
1697497411.363,46.738,1800.0,22.0,10.3,normal
1697497411.865,46.251,1800.0,35.1,10.6,normal
1697497412.368,45.277,1800.0,3.0,10.6,normal
1697497412.87,46.251,1800.0,3.0,10.6,normal
1697497413.373,46.251,1800.0,2.5,10.6,normal
1697497413.875,45.764,1800.0,4.4,10.6,normal
1697497414.378,46.251,1800.0,3.5,10.6,normal
1697497414.88,45.277,1800.0,2.5,10.6,normal
1697497415.383,46.251,1800.0,4.0,10.6,normal
1697497415.886,46.251,1800.0,3.5,10.6,normal
1697497416.391,46.251,600.0,3.4,10.7,normal
1697497416.897,45.764,600.0,3.9,10.7,normal
1697497417.4,46.251,1800.0,24.0,10.4,normal
1697497417.903,46.251,1800.0,31.0,10.6,normal
1697497418.405,45.277,1800.0,3.0,10.6,normal
1697497418.908,45.277,1800.0,2.0,10.6,normal
1697497419.41,46.251,1800.0,2.0,10.6,normal
1697497419.913,47.225,1800.0,2.0,10.6,normal
1697497420.416,46.738,1800.0,4.5,10.6,normal
1697497420.918,46.738,1800.0,3.0,10.6,normal
1697497421.421,46.251,1800.0,3.0,10.6,normal
1697497421.923,46.251,1800.0,3.5,10.6,normal
1697497422.429,45.764,600.0,4.9,10.6,normal
1697497422.934,44.79,600.0,5.4,10.6,normal
1697497423.437,46.738,1800.0,18.9,10.3,normal
1697497423.94,47.225,1800.0,37.4,10.7,normal
1697497424.443,45.764,1800.0,4.0,10.7,normal
1697497424.945,46.251,1800.0,2.5,10.7,normal
1697497425.447,46.251,1800.0,3.0,10.7,normal
1697497425.95,46.251,1800.0,4.0,10.7,normal
1697497426.452,46.251,1800.0,3.5,10.7,normal
1697497426.955,45.764,1800.0,4.0,10.7,normal
1697497427.458,46.251,1800.0,3.4,10.7,normal
1697497427.96,45.277,1800.0,3.0,10.7,normal
1697497428.466,45.764,600.0,6.9,10.7,normal
1697497428.97,44.79,800.0,5.4,10.7,normal
1697497429.474,45.277,1800.0,23.4,10.4,normal
1697497429.976,46.251,1800.0,31.0,10.6,normal
1697497430.479,46.251,1800.0,3.0,10.6,normal
1697497430.982,45.277,1800.0,4.0,10.6,normal
1697497431.484,45.764,1800.0,3.0,10.6,normal
1697497431.987,45.764,1800.0,3.0,10.6,normal
1697497432.489,46.251,1800.0,3.0,10.6,normal
1697497432.992,45.764,1800.0,2.5,10.6,normal
1697497433.494,44.79,1800.0,2.5,10.6,normal
1697497433.997,45.277,1800.0,4.5,10.6,normal
1697497434.502,45.764,700.0,4.0,10.6,normal
1697497435.006,44.79,800.0,4.9,10.6,normal
1697497435.509,46.251,1800.0,16.5,10.2,normal
1697497436.012,46.738,1800.0,37.7,10.6,normal
1697497436.515,45.764,1800.0,4.5,10.7,normal
1697497437.017,46.251,1800.0,4.5,10.7,normal
1697497437.52,45.277,1800.0,2.5,10.7,normal
1697497438.022,45.277,1800.0,3.5,10.7,normal
1697497438.525,45.764,1800.0,3.5,10.6,normal
1697497439.027,46.251,1800.0,3.5,10.6,normal
1697497439.53,45.277,1800.0,3.4,10.6,normal
1697497440.033,46.738,1800.0,3.5,10.6,normal
1697497440.537,44.303,800.0,3.0,10.6,normal
1697497441.041,45.764,800.0,6.4,10.6,normal
1697497441.544,46.738,1800.0,21.1,10.2,normal
1697497442.047,47.225,1800.0,34.0,10.7,normal
1697497442.55,46.251,1800.0,4.0,10.7,normal
1697497443.052,46.251,1800.0,5.0,10.6,normal
1697497443.555,45.277,1800.0,4.5,10.6,normal
1697497444.058,45.277,1800.0,4.0,10.6,normal
1697497444.56,46.251,1800.0,3.0,10.6,normal
1697497445.063,46.738,1800.0,5.0,10.6,normal
1697497445.565,46.251,1800.0,3.0,10.6,normal
1697497446.068,45.764,1800.0,2.0,10.6,normal
1697497446.572,45.277,900.0,4.5,10.6,normal
1697497447.078,44.79,600.0,7.8,10.6,normal
1697497447.581,46.251,1800.0,13.5,10.1,normal
1697497448.085,47.712,1800.0,34.5,10.6,normal
1697497448.587,47.225,1800.0,11.9,10.7,normal
1697497449.09,46.251,1800.0,4.0,10.7,normal
1697497449.592,46.251,1800.0,2.5,10.6,normal
1697497450.095,45.764,1800.0,3.0,10.6,normal
1697497450.597,45.277,1800.0,3.5,10.6,normal
1697497451.1,46.738,1800.0,2.5,10.6,normal
1697497451.603,45.764,1800.0,3.0,10.6,normal
1697497452.105,46.738,1800.0,2.0,10.6,normal
1697497452.609,46.251,1000.0,5.0,10.6,normal
1697497453.113,44.79,1100.0,4.0,10.6,normal
1697497453.618,46.738,700.0,7.4,10.6,normal
1697497454.121,46.738,1800.0,28.9,10.4,normal
1697497454.624,47.225,1800.0,24.9,10.7,normal
1697497455.126,46.251,1800.0,4.4,10.7,normal
1697497455.629,47.225,1800.0,3.5,10.7,normal
1697497456.132,46.251,1800.0,3.5,10.7,normal
1697497456.634,46.738,1800.0,4.0,10.7,normal
1697497457.137,46.251,1800.0,3.5,10.7,normal
1697497457.639,46.738,1800.0,3.0,10.7,normal
1697497458.142,46.251,1800.0,3.0,10.7,normal
1697497458.644,46.251,1800.0,5.0,10.7,normal
1697497459.149,44.79,900.0,4.0,10.7,normal
1697497459.653,45.277,1800.0,9.0,9.6,normal
1697497460.155,46.738,1800.0,29.4,10.5,normal
1697497460.658,46.251,1800.0,21.1,10.6,normal
1697497461.161,45.764,1800.0,3.5,10.6,normal
1697497461.663,46.251,1800.0,2.5,10.6,normal
1697497462.166,46.251,1800.0,3.5,10.6,normal
1697497462.668,45.764,1800.0,4.0,10.6,normal
1697497463.171,45.764,1800.0,4.4,10.7,normal
1697497463.673,46.251,1800.0,4.0,10.7,normal
1697497464.176,46.251,1800.0,3.5,10.7,normal
1697497464.681,46.251,700.0,5.4,10.7,normal
1697497465.186,45.277,900.0,4.5,10.7,normal
1697497465.69,45.764,900.0,4.9,10.7,normal
1697497466.193,45.277,1800.0,26.9,10.4,normal
1697497466.696,47.225,1800.0,29.0,10.7,normal
1697497467.199,46.738,1800.0,3.5,10.7,normal
1697497467.701,45.764,1800.0,3.0,10.7,normal
1697497468.204,46.251,1800.0,3.5,10.7,normal
1697497468.707,45.764,1800.0,4.5,10.7,normal
1697497469.214,46.738,1800.0,3.9,10.7,normal
1697497469.716,45.277,1800.0,3.4,10.7,normal
1697497470.219,45.764,1800.0,3.0,10.7,normal
1697497470.721,45.764,1800.0,3.0,10.7,normal
1697497471.226,45.764,800.0,5.4,10.7,normal
1697497471.731,46.251,900.0,4.5,10.7,normal
1697497472.234,46.738,1800.0,19.9,10.3,normal
1697497472.736,47.225,1800.0,35.4,10.7,normal
1697497473.239,46.251,1800.0,4.0,10.7,normal
1697497473.741,45.277,1800.0,5.4,10.7,normal
1697497474.244,46.251,1800.0,3.0,10.7,normal
1697497474.746,45.764,1800.0,4.0,10.7,normal
1697497475.249,47.225,1800.0,2.5,10.7,normal
1697497475.752,46.251,1800.0,4.0,10.7,normal
1697497476.254,46.251,1800.0,3.5,10.7,normal
1697497476.757,46.251,1800.0,3.5,10.7,normal
1697497477.261,45.277,900.0,4.5,10.7,normal
1697497477.766,44.79,900.0,6.4,10.7,normal
1697497478.269,46.738,1800.0,22.6,10.3,normal
1697497478.771,46.251,1800.0,33.3,10.6,normal
1697497479.274,45.764,1800.0,3.0,10.6,normal
1697497479.777,46.251,1800.0,4.5,10.6,normal
1697497480.279,45.764,1800.0,2.5,10.6,normal
1697497480.782,45.764,1800.0,3.5,10.6,normal
1697497481.284,46.738,1800.0,3.5,10.6,normal
1697497481.787,45.277,1800.0,4.0,10.6,normal
1697497482.289,46.251,1800.0,3.9,10.6,normal
1697497482.792,46.251,1800.0,3.0,10.6,normal
1697497483.297,45.764,700.0,5.0,10.6,normal
1697497483.803,45.764,600.0,5.4,10.6,normal
1697497484.306,46.251,1800.0,27.0,10.4,normal
1697497484.81,46.251,1800.0,27.7,10.6,normal
1697497485.312,45.277,1800.0,2.0,10.6,normal
1697497485.815,46.738,1800.0,3.5,10.6,normal
1697497486.318,45.764,1800.0,2.0,10.6,normal
1697497486.82,46.251,1800.0,1.5,10.6,normal
1697497487.323,45.764,1800.0,5.0,10.6,normal
1697497487.826,46.738,1800.0,2.5,10.6,normal
1697497488.328,45.764,1800.0,1.5,10.6,normal
1697497488.831,44.303,1800.0,8.4,10.6,normal
1697497489.336,46.251,600.0,4.0,10.6,normal
1697497489.842,45.764,600.0,4.9,10.6,normal
1697497490.345,45.764,1800.0,20.9,10.3,normal
1697497490.847,46.251,1800.0,35.7,10.6,normal
1697497491.35,46.738,1800.0,2.5,10.6,normal
1697497491.852,45.277,1800.0,3.0,10.6,normal
1697497492.355,46.251,1800.0,3.0,10.6,normal
1697497492.858,46.251,1800.0,3.9,10.6,normal
1697497493.36,46.251,1800.0,2.0,10.6,normal
1697497493.863,46.251,1800.0,4.9,10.7,normal
1697497494.365,45.764,1800.0,2.5,10.6,normal
1697497494.868,45.764,1800.0,3.0,10.6,normal
1697497495.373,46.738,600.0,3.0,10.7,normal
1697497495.879,46.251,600.0,4.5,10.6,normal
1697497496.382,45.764,1800.0,14.4,10.1,normal
1697497496.885,47.225,1800.0,37.5,10.5,normal
1697497497.387,46.251,1800.0,6.0,10.6,normal
1697497497.89,45.764,1800.0,3.0,10.6,normal
1697497498.392,45.764,1800.0,3.0,10.6,normal
1697497498.895,45.764,1800.0,4.5,10.6,normal
1697497499.397,45.277,1800.0,3.5,10.6,normal
1697497499.9,45.764,1800.0,3.0,10.6,normal
1697497500.402,45.764,1800.0,4.0,10.6,normal
1697497500.905,46.738,1800.0,3.0,10.6,normal
1697497501.41,46.251,800.0,4.0,10.6,normal
1697497501.916,46.251,600.0,5.0,10.6,normal
1697497502.419,46.251,1800.0,20.6,10.2,normal
1697497502.922,45.764,1800.0,38.0,10.6,normal
1697497503.425,46.738,1800.0,4.5,10.6,normal
1697497503.927,46.251,1800.0,3.0,10.6,normal
1697497504.43,47.225,1800.0,4.4,10.6,normal
1697497504.932,44.79,1800.0,3.5,10.6,normal
1697497505.435,46.251,1800.0,4.5,10.6,normal
1697497505.937,45.764,1800.0,3.5,10.6,normal
1697497506.44,46.738,1800.0,4.4,10.6,normal
1697497506.942,45.764,1800.0,3.0,10.6,normal
1697497507.447,46.738,700.0,4.0,10.6,normal
1697497507.952,45.764,800.0,5.0,10.7,normal
1697497508.456,45.764,1200.0,11.9,9.7,normal
1697497508.96,45.764,1800.0,30.0,10.5,normal
1697497509.463,46.251,1800.0,17.5,10.6,normal
1697497509.965,46.738,1800.0,4.0,10.6,normal
1697497510.468,47.712,1800.0,3.5,10.6,normal
1697497510.971,45.277,1800.0,3.5,10.7,normal
1697497511.473,45.277,1800.0,2.5,10.7,normal
1697497511.976,45.277,1800.0,4.5,10.7,normal
1697497512.478,45.277,1800.0,3.5,10.7,normal
1697497512.981,46.251,1800.0,3.5,10.7,normal
1697497513.483,46.251,1800.0,4.0,10.7,normal
1697497513.989,45.277,600.0,5.0,10.7,normal
1697497514.492,46.251,1800.0,16.8,10.2,normal
1697497514.995,46.738,1800.0,37.9,10.6,normal
1697497515.497,46.251,1800.0,5.5,10.7,normal
1697497516.0,46.251,1800.0,4.0,10.7,normal
1697497516.502,46.251,1800.0,3.0,10.7,normal
1697497517.005,45.277,1800.0,3.0,10.7,normal
1697497517.507,45.764,1800.0,3.0,10.7,normal
1697497518.01,45.764,1800.0,2.5,10.7,normal
1697497518.513,47.225,1800.0,5.4,10.7,normal
1697497519.015,44.79,1800.0,3.0,10.7,normal
1697497519.52,46.251,800.0,3.5,10.7,normal
1697497520.024,45.277,900.0,4.5,10.6,normal
1697497520.528,46.251,1100.0,9.9,9.6,normal
1697497521.031,45.764,1800.0,28.4,10.5,normal
1697497521.533,46.738,1800.0,20.7,10.6,normal
1697497522.036,45.764,1800.0,3.9,10.6,normal
1697497522.539,46.738,1800.0,2.5,10.6,normal
1697497523.041,45.764,1800.0,3.0,10.6,normal
1697497523.544,45.764,1800.0,3.5,10.6,normal
1697497524.047,45.764,1800.0,4.4,10.6,normal
1697497524.549,45.764,1800.0,4.0,10.6,normal
1697497525.052,46.251,1800.0,3.9,10.6,normal
1697497525.555,45.277,1800.0,3.0,10.6,normal
1697497526.06,46.251,800.0,3.9,10.6,normal
1697497526.563,46.251,1800.0,11.6,10.1,normal
1697497527.066,47.712,1800.0,37.4,10.6,normal
1697497527.568,45.764,1800.0,10.0,10.7,normal
1697497528.071,45.277,1800.0,3.0,10.7,normal
1697497528.574,46.738,1800.0,4.5,10.7,normal
1697497529.076,45.764,1800.0,3.5,10.7,normal
1697497529.579,46.251,1800.0,3.5,10.7,normal
1697497530.082,45.764,1800.0,1.5,10.7,normal
1697497530.585,45.764,1800.0,5.0,10.7,normal
1697497531.087,45.764,1800.0,4.0,10.7,normal
1697497531.591,45.277,900.0,4.0,10.7,normal
1697497532.096,45.764,800.0,3.5,10.7,normal
1697497532.601,45.277,800.0,5.9,10.7,normal
1697497533.105,46.738,1800.0,26.5,10.5,normal
1697497533.607,46.738,1800.0,27.0,10.7,normal
1697497534.11,45.277,1800.0,2.0,10.7,normal
1697497534.612,47.225,1800.0,2.0,10.7,normal
1697497535.115,45.764,1800.0,3.5,10.7,normal
1697497535.617,46.251,1800.0,3.0,10.6,normal
1697497536.12,46.251,1800.0,2.5,10.6,normal
1697497536.623,45.764,1800.0,3.0,10.6,normal
1697497537.125,44.79,1800.0,3.5,10.6,normal
1697497537.628,46.251,1800.0,3.0,10.7,normal
1697497538.131,46.251,1100.0,5.0,10.6,normal
1697497538.636,45.277,700.0,5.4,10.6,normal
1697497539.139,46.251,1800.0,21.4,10.3,normal
1697497539.642,46.738,1800.0,33.8,10.7,normal
1697497540.144,46.738,1800.0,3.5,10.7,normal
1697497540.647,45.764,1800.0,3.5,10.7,normal
1697497541.149,46.738,1800.0,4.0,10.7,normal
1697497541.652,45.277,1800.0,3.5,10.7,normal
1697497542.155,45.277,1800.0,2.5,10.6,normal
1697497542.657,46.738,1800.0,2.5,10.6,normal
1697497543.16,45.764,1800.0,3.5,10.6,normal
1697497543.662,46.251,1800.0,3.5,10.6,normal
1697497544.167,45.277,900.0,5.9,10.6,normal
1697497544.672,46.738,800.0,4.9,10.6,normal
1697497545.177,46.251,1800.0,26.5,10.3,normal
1697497545.68,46.738,1800.0,28.0,10.6,normal
1697497546.182,46.251,1800.0,3.5,10.6,normal
1697497546.685,46.738,1800.0,2.5,10.6,normal
1697497547.187,46.738,1800.0,3.0,10.6,normal
1697497547.69,46.251,1800.0,2.0,10.6,normal
1697497548.193,46.251,1800.0,3.0,10.6,normal
1697497548.695,46.251,1800.0,7.8,10.6,normal
1697497549.198,46.251,1800.0,3.5,10.6,normal
1697497549.7,45.277,1800.0,3.5,10.6,normal
1697497550.204,45.764,900.0,3.5,10.6,normal
1697497550.708,45.277,900.0,4.5,10.6,normal
1697497551.211,46.738,1800.0,19.3,10.3,normal
1697497551.714,46.738,1800.0,35.5,10.6,normal
1697497552.217,46.251,1800.0,4.0,10.6,normal
1697497552.719,46.251,1800.0,2.5,10.6,normal
1697497553.222,46.251,1800.0,5.4,10.6,normal
1697497553.724,46.251,1800.0,4.0,10.6,normal
1697497554.227,46.251,1800.0,3.5,10.6,normal
1697497554.729,45.764,1800.0,3.0,10.6,normal
1697497555.232,46.738,1800.0,4.4,10.6,normal
1697497555.734,45.764,1800.0,3.5,10.6,normal
1697497556.238,45.764,900.0,3.0,10.6,normal
1697497556.743,45.277,900.0,5.4,10.6,normal
1697497557.246,46.251,1800.0,23.0,10.3,normal
1697497557.749,46.738,1800.0,31.3,10.6,normal
1697497558.251,47.225,1800.0,3.5,10.6,normal
1697497558.754,46.738,1800.0,4.5,10.6,normal
1697497559.256,45.764,1800.0,4.0,10.6,normal
1697497559.759,45.277,1800.0,3.5,10.6,normal
1697497560.261,47.225,1800.0,3.5,10.6,normal
1697497560.764,46.251,1800.0,3.5,10.6,normal
1697497561.267,45.764,1800.0,4.5,10.6,normal
1697497561.769,45.764,1800.0,4.0,10.6,normal
1697497562.275,46.738,600.0,4.5,10.6,normal
1697497562.78,45.277,600.0,4.5,10.6,normal
1697497563.283,45.277,1800.0,17.9,10.1,normal
1697497563.786,47.225,1800.0,36.5,10.6,normal
1697497564.289,45.277,1800.0,4.5,10.6,normal
1697497564.791,45.764,1800.0,3.0,10.6,normal
1697497565.294,45.764,1800.0,4.4,10.7,normal
1697497565.796,46.251,1800.0,3.0,10.7,normal
1697497566.299,47.712,1800.0,3.5,10.7,normal
1697497566.802,45.764,1800.0,2.5,10.7,normal
1697497567.304,45.764,1800.0,3.9,10.7,normal
1697497567.807,46.251,1800.0,4.0,10.7,normal
1697497568.312,46.251,800.0,3.5,10.7,normal
1697497568.817,45.764,600.0,4.5,10.7,normal
1697497569.32,45.277,1800.0,21.4,10.3,normal
1697497569.823,46.251,1800.0,34.0,10.7,normal
1697497570.325,46.251,1800.0,2.5,10.7,normal
1697497570.828,46.251,1800.0,4.0,10.7,normal
1697497571.33,46.251,1800.0,4.0,10.7,normal
1697497571.833,45.764,1800.0,2.5,10.7,normal
1697497572.336,46.251,1800.0,3.0,10.7,normal
1697497572.838,45.764,1800.0,3.5,10.7,normal
1697497573.341,44.79,1800.0,2.5,10.7,normal
1697497573.843,45.764,1800.0,5.4,10.7,normal
1697497574.349,45.764,600.0,3.4,10.7,normal
1697497574.854,44.79,600.0,3.5,10.7,normal
1697497575.357,45.277,1800.0,13.9,10.0,normal
1697497575.86,47.225,1800.0,37.5,10.5,normal
1697497576.363,45.764,1800.0,5.0,10.6,normal
1697497576.865,45.764,1800.0,2.5,10.6,normal
1697497577.368,45.764,1800.0,1.5,10.6,normal
1697497577.87,45.277,1800.0,3.5,10.6,normal
1697497578.373,45.764,1800.0,2.5,10.6,normal
1697497578.875,46.251,1800.0,4.5,10.6,normal
1697497579.378,45.764,1800.0,3.5,10.6,normal
1697497579.88,46.251,1800.0,4.0,10.6,normal
1697497580.386,45.764,600.0,3.5,10.6,normal
1697497580.891,46.251,600.0,4.5,10.6,normal
1697497581.399,45.277,600.0,7.9,10.5,normal
1697497581.902,45.277,1800.0,29.2,10.5,normal
1697497582.405,46.251,1800.0,21.1,10.6,normal
1697497582.907,46.251,1800.0,4.0,10.6,normal
1697497583.41,46.738,1800.0,2.5,10.6,normal
1697497583.913,45.277,1800.0,3.5,10.6,normal
1697497584.415,46.251,1800.0,4.9,10.6,normal
1697497584.918,46.738,1800.0,3.0,10.7,normal
1697497585.421,46.251,1800.0,3.5,10.7,normal
1697497585.923,46.251,1800.0,3.5,10.7,normal
1697497586.426,45.764,1800.0,4.0,10.7,normal
1697497586.932,45.764,600.0,4.5,10.7,normal
1697497587.438,45.764,600.0,5.4,10.6,normal
1697497587.941,46.251,1800.0,25.4,10.4,normal
1697497588.444,45.764,1800.0,31.0,10.6,normal
1697497588.946,46.738,1800.0,4.0,10.6,normal
1697497589.449,44.79,1800.0,3.5,10.6,normal
1697497589.951,46.738,1800.0,2.5,10.6,normal
1697497590.454,45.764,1800.0,3.0,10.6,normal
1697497590.957,46.251,1800.0,4.0,10.6,normal
1697497591.459,46.738,1800.0,3.9,10.6,normal
1697497591.962,44.79,1800.0,3.5,10.6,normal
1697497592.464,44.303,1800.0,2.5,10.6,normal
1697497592.97,45.277,600.0,5.4,10.6,normal
1697497593.475,45.764,800.0,6.4,10.7,normal
1697497593.977,45.764,1800.0,19.3,10.3,normal
1697497594.48,45.764,1800.0,37.0,10.6,normal
1697497594.983,45.277,1800.0,4.0,10.6,normal
1697497595.485,46.738,1800.0,2.5,10.6,normal
1697497595.988,46.738,1800.0,3.0,10.6,normal
1697497596.49,46.251,1800.0,3.5,10.6,normal
1697497596.993,46.251,1800.0,4.5,10.6,normal
1697497597.495,45.277,1800.0,2.5,10.6,normal
1697497597.998,46.251,1800.0,4.0,10.6,normal
1697497598.5,45.764,1800.0,4.9,10.7,normal
1697497599.005,45.764,800.0,3.0,10.6,normal
1697497599.509,45.764,800.0,4.5,10.6,normal
1697497600.013,46.251,1800.0,23.9,10.4,normal
1697497600.516,46.251,1800.0,30.8,10.7,normal
1697497601.018,46.251,1800.0,2.5,10.7,normal
1697497601.521,46.738,1800.0,4.0,10.7,normal
1697497602.023,47.225,1800.0,3.5,10.7,normal
1697497602.526,46.251,1800.0,2.5,10.7,normal
1697497603.028,45.764,1800.0,4.0,10.7,normal
1697497603.531,46.251,1800.0,5.4,10.7,normal
1697497604.033,45.764,1800.0,3.0,10.7,normal
1697497604.536,46.251,1800.0,3.0,10.7,normal
1697497605.04,45.277,900.0,4.5,10.7,normal
1697497605.545,45.277,600.0,5.9,10.7,normal
1697497606.049,46.738,1800.0,28.4,10.5,normal
1697497606.552,46.738,1800.0,25.9,10.7,normal
1697497607.055,45.764,1800.0,3.5,10.7,normal
1697497607.557,45.764,1800.0,3.4,10.7,normal
1697497608.059,47.225,1800.0,3.0,10.7,normal
1697497608.562,45.277,1800.0,5.4,10.7,normal
1697497609.064,45.764,1800.0,2.0,10.7,normal
1697497609.567,46.251,1800.0,1.0,10.7,normal
1697497610.07,47.225,1800.0,3.5,10.7,normal
1697497610.572,45.764,1800.0,2.0,10.7,normal
1697497611.077,45.764,700.0,7.4,10.7,normal
1697497611.581,45.764,800.0,4.0,10.7,normal
1697497612.084,47.225,1800.0,21.7,10.3,normal
1697497612.587,47.225,1800.0,35.5,10.7,normal
1697497613.09,46.251,1800.0,3.0,10.7,normal
1697497613.592,46.738,1800.0,5.4,10.7,normal
1697497614.095,47.225,1800.0,3.5,10.7,normal
1697497614.597,45.764,1800.0,3.0,10.7,normal
1697497615.1,45.764,1800.0,3.0,10.7,normal
1697497615.602,46.251,1800.0,3.5,10.7,normal
1697497616.105,46.251,1800.0,3.5,10.7,normal
1697497616.607,45.764,1800.0,3.0,10.7,normal
1697497617.112,45.764,700.0,3.0,10.7,normal
1697497617.617,46.251,700.0,3.5,10.7,normal
1697497618.121,47.225,1800.0,23.9,10.4,normal
1697497618.623,46.738,1800.0,29.6,10.7,normal
1697497619.126,47.225,1800.0,4.5,10.7,normal
1697497619.628,46.251,1800.0,2.5,10.7,normal
1697497620.131,45.764,1800.0,3.9,10.7,normal
1697497620.634,46.251,1800.0,3.0,10.7,normal
1697497621.136,47.225,1800.0,4.0,10.7,normal
1697497621.639,45.764,1800.0,3.5,10.7,normal
1697497622.141,46.251,1800.0,3.5,10.7,normal
1697497622.644,47.225,1800.0,3.5,10.7,normal
1697497623.148,45.764,1000.0,5.0,10.7,normal
1697497623.652,45.764,1000.0,5.5,10.6,normal
1697497624.155,46.738,1800.0,28.2,10.5,normal
1697497624.657,45.764,1800.0,25.1,10.7,normal
1697497625.16,46.738,1800.0,3.0,10.7,normal
1697497625.662,47.225,1800.0,4.0,10.7,normal
1697497626.165,46.251,1800.0,2.5,10.7,normal
1697497626.667,45.764,1800.0,4.5,10.7,normal
1697497627.17,46.251,1800.0,3.5,10.7,normal
1697497627.672,46.251,1800.0,2.5,10.7,normal
1697497628.175,45.764,1800.0,4.4,10.7,normal
1697497628.678,45.764,1800.0,5.0,10.7,normal
1697497629.182,45.277,900.0,4.0,10.7,normal
1697497629.686,44.79,1100.0,10.4,9.6,normal
1697497630.189,46.251,1800.0,28.5,10.6,normal
1697497630.691,45.764,1800.0,21.3,10.6,normal
1697497631.194,44.79,1800.0,3.5,10.6,normal
1697497631.697,45.277,1800.0,3.5,10.6,normal
1697497632.199,46.738,1800.0,3.5,10.6,normal
1697497632.702,46.738,1800.0,3.5,10.6,normal
1697497633.204,46.251,1800.0,4.0,10.6,normal
1697497633.707,45.764,1800.0,5.4,10.6,normal
1697497634.209,46.738,1800.0,3.0,10.6,normal
1697497634.714,45.764,800.0,3.9,10.6,normal
1697497635.218,44.79,900.0,5.9,10.6,normal
1697497635.723,45.277,700.0,4.5,10.6,normal
1697497636.226,46.738,1800.0,26.9,10.3,normal
1697497636.729,46.251,1800.0,27.6,10.6,normal
1697497637.232,45.277,1800.0,4.0,10.6,normal
1697497637.734,47.225,1800.0,3.5,10.6,normal
1697497638.237,45.764,1800.0,3.5,10.6,normal
1697497638.739,45.764,1800.0,4.5,10.6,normal
1697497639.242,46.251,1800.0,4.0,10.6,normal
1697497639.744,46.738,1800.0,3.5,10.6,normal
1697497640.247,45.764,1800.0,3.5,10.6,normal
1697497640.75,46.251,1800.0,2.5,10.6,normal
1697497641.255,45.764,600.0,4.5,10.6,normal
1697497641.76,46.738,900.0,7.9,10.5,normal
1697497642.263,46.251,1800.0,28.5,10.6,normal
1697497642.766,45.764,1800.0,23.8,10.7,normal
1697497643.268,46.251,1800.0,2.5,10.7,normal
1697497643.771,45.764,1800.0,2.5,10.7,normal
1697497644.274,46.251,1800.0,3.5,10.7,normal
1697497644.776,45.764,1800.0,3.5,10.7,normal
1697497645.279,47.225,1800.0,3.5,10.7,normal
1697497645.781,46.738,1800.0,4.0,10.7,normal
1697497646.284,44.303,1800.0,4.5,10.7,normal
1697497646.786,46.251,1800.0,3.0,10.7,normal
1697497647.291,45.764,800.0,5.4,10.7,normal
1697497647.797,46.251,600.0,5.4,10.7,normal
1697497648.299,44.79,1800.0,24.5,10.4,normal
1697497648.802,47.225,1800.0,30.7,10.6,normal
1697497649.305,46.738,1800.0,3.0,10.6,normal
1697497649.807,46.251,1800.0,4.0,10.6,normal
1697497650.31,46.738,1800.0,4.0,10.6,normal
1697497650.812,45.764,1800.0,2.5,10.6,normal
1697497651.315,46.251,1800.0,3.0,10.6,normal
1697497651.817,45.277,1800.0,3.9,10.7,normal
1697497652.32,46.738,1800.0,3.5,10.7,normal
1697497652.822,46.738,1800.0,3.9,10.7,normal
1697497653.328,45.277,600.0,4.0,10.7,normal
1697497653.834,45.764,600.0,6.4,10.6,normal
1697497654.337,46.251,1800.0,28.9,10.4,normal
1697497654.84,46.251,1800.0,25.7,10.6,normal
1697497655.343,45.277,1800.0,3.5,10.6,normal
1697497655.845,46.251,1800.0,3.0,10.6,normal
1697497656.348,46.251,1800.0,4.5,10.6,normal
1697497656.85,46.251,1800.0,3.5,10.7,normal
1697497657.353,45.277,1800.0,2.5,10.7,normal
1697497657.855,46.738,1800.0,2.5,10.7,normal
1697497658.358,45.764,1800.0,4.5,10.7,normal
1697497658.86,45.764,1800.0,3.5,10.7,normal
1697497659.366,44.79,600.0,3.5,10.7,normal
1697497659.872,45.277,600.0,4.4,10.7,normal
1697497660.375,46.251,1800.0,18.9,10.2,normal
1697497660.877,45.277,1800.0,34.8,10.6,normal
1697497661.38,45.764,1800.0,3.5,10.6,normal
1697497661.882,45.764,1800.0,2.5,10.6,normal
1697497662.385,45.764,1800.0,3.5,10.6,normal
1697497662.887,45.277,1800.0,3.0,10.6,normal
1697497663.39,45.764,1800.0,3.5,10.6,normal
1697497663.892,45.277,1800.0,4.5,10.6,normal
1697497664.395,46.251,1800.0,4.5,10.6,normal
1697497664.898,45.277,1800.0,3.5,10.7,normal
1697497665.402,46.251,800.0,4.5,10.7,normal
1697497665.908,45.277,600.0,4.0,10.7,normal
1697497666.412,45.277,1800.0,13.4,9.8,normal
1697497666.915,46.251,1800.0,30.3,10.5,normal
1697497667.418,46.738,1800.0,16.9,10.6,normal
1697497667.921,46.251,1800.0,2.5,10.6,normal
1697497668.423,45.764,1800.0,4.4,10.6,normal
1697497668.926,45.764,1800.0,2.0,10.6,normal
1697497669.428,44.79,1800.0,1.0,10.6,normal
1697497669.931,46.251,1800.0,4.5,10.7,normal
1697497670.433,45.764,1800.0,4.0,10.7,normal
1697497670.936,45.277,1800.0,3.0,10.7,normal
1697497671.441,45.277,700.0,3.4,10.7,normal
1697497671.947,44.79,600.0,4.9,10.7,normal
1697497672.452,45.764,600.0,4.5,10.7,normal
1697497672.956,45.764,1800.0,28.2,10.4,normal
1697497673.458,46.738,1800.0,27.3,10.7,normal
1697497673.961,45.764,1800.0,3.5,10.7,normal
1697497674.463,45.764,1800.0,4.0,10.7,normal
1697497674.966,45.764,1800.0,3.5,10.7,normal
1697497675.468,45.764,1800.0,3.0,10.7,normal
1697497675.971,45.764,1800.0,3.5,10.7,normal
1697497676.474,45.764,1800.0,4.5,10.7,normal
1697497676.976,46.251,1800.0,3.0,10.6,normal
1697497677.479,46.738,1800.0,4.0,10.6,normal
1697497677.984,44.79,600.0,4.0,10.6,normal
1697497678.489,45.764,800.0,7.8,10.6,normal
1697497678.992,45.764,1800.0,21.9,10.4,normal
1697497679.495,46.738,1800.0,32.3,10.7,normal
1697497679.997,46.251,1800.0,3.0,10.7,normal
1697497680.5,46.738,1800.0,4.0,10.7,normal
1697497681.003,45.764,1800.0,3.5,10.7,normal
1697497681.505,45.764,1800.0,3.0,10.6,normal
1697497682.008,45.764,1800.0,3.5,10.6,normal
1697497682.51,46.251,1800.0,4.0,10.6,normal
1697497683.013,45.764,1800.0,3.0,10.6,normal
1697497683.515,46.251,1800.0,4.0,10.6,normal
1697497684.02,45.277,700.0,3.5,10.7,normal
1697497684.524,45.277,900.0,6.4,10.6,normal
1697497685.027,45.764,1800.0,26.0,10.4,normal
1697497685.53,46.251,1800.0,29.5,10.6,normal
1697497686.033,45.764,1800.0,3.5,10.6,normal
1697497686.535,45.764,1800.0,4.4,10.6,normal
1697497687.038,46.251,1800.0,3.0,10.7,normal
1697497687.541,45.764,1800.0,3.5,10.7,normal
1697497688.044,46.251,1800.0,3.5,10.7,normal
1697497688.546,46.251,1800.0,4.0,10.7,normal
1697497689.049,45.277,1800.0,3.0,10.7,normal
1697497689.551,46.251,1800.0,5.0,10.7,normal
1697497690.057,45.277,700.0,4.5,10.7,normal
1697497690.561,46.251,800.0,3.5,10.7,normal
1697497691.064,46.738,1800.0,19.5,10.3,normal
1697497691.567,47.712,1800.0,35.8,10.6,normal
1697497692.069,46.738,1800.0,2.5,10.6,normal
1697497692.572,46.738,1800.0,4.0,10.6,normal
1697497693.075,47.225,1800.0,4.5,10.6,normal
1697497693.577,46.251,1800.0,3.5,10.6,normal
1697497694.08,46.738,1800.0,5.4,10.6,normal
1697497694.582,45.764,1800.0,2.5,10.6,normal
1697497695.085,45.277,1800.0,4.5,10.6,normal
1697497695.587,46.251,1800.0,2.0,10.6,normal
1697497696.093,45.277,600.0,5.0,10.6,normal
1697497696.597,45.764,900.0,4.0,10.6,normal
1697497697.1,45.764,1800.0,11.6,9.8,normal
1697497697.604,47.712,1800.0,31.5,10.6,normal
1697497698.107,46.251,1800.0,15.9,10.7,normal
1697497698.609,46.738,1800.0,3.5,10.7,normal
1697497699.112,45.764,1800.0,3.0,10.7,normal
1697497699.614,45.764,1800.0,3.9,10.7,normal
1697497700.117,45.764,1800.0,1.5,10.7,normal
1697497700.62,45.764,1800.0,2.0,10.7,normal
1697497701.122,45.277,1800.0,4.0,10.6,normal
1697497701.625,45.764,1800.0,2.5,10.7,normal
1697497702.13,45.764,700.0,1.0,10.7,normal
1697497702.634,45.277,1100.0,6.9,10.7,normal
1697497703.136,46.251,1800.0,15.9,10.1,normal
1697497703.639,47.712,1800.0,38.0,10.6,normal
1697497704.142,45.764,1800.0,6.4,10.6,normal
1697497704.644,46.251,1800.0,2.5,10.6,normal
1697497705.147,45.764,1800.0,3.5,10.6,normal
1697497705.65,47.225,1800.0,4.5,10.6,normal
1697497706.152,45.764,1800.0,3.0,10.6,normal
1697497706.655,45.764,1800.0,3.0,10.6,normal
1697497707.157,45.764,1800.0,3.5,10.6,normal
1697497707.66,45.764,1800.0,3.0,10.6,normal
1697497708.164,46.251,900.0,4.9,10.6,normal
1697497708.669,45.277,800.0,3.5,10.6,normal
1697497709.171,46.251,1800.0,20.9,10.3,normal
1697497709.674,46.738,1800.0,36.3,10.6,normal
1697497710.177,46.738,1800.0,3.5,10.6,normal
1697497710.679,46.251,1800.0,3.5,10.7,normal
1697497711.182,46.251,1800.0,2.5,10.7,normal
1697497711.684,46.738,1800.0,4.0,10.7,normal
1697497712.187,46.251,1800.0,3.0,10.7,normal
1697497712.69,46.251,1800.0,3.0,10.7,normal
1697497713.192,46.251,1800.0,3.9,10.7,normal
1697497713.695,45.277,1800.0,4.5,10.7,normal
1697497714.199,45.764,1000.0,4.0,10.7,normal
1697497714.703,45.764,900.0,4.0,10.7,normal
1697497715.207,45.764,1800.0,24.4,10.3,normal
1697497715.71,47.712,1800.0,30.8,10.6,normal
1697497716.212,46.251,1800.0,4.0,10.6,normal
1697497716.715,46.251,1800.0,3.5,10.6,normal
1697497717.217,46.251,1800.0,3.0,10.6,normal
1697497717.72,45.277,1800.0,3.0,10.6,normal
1697497718.222,45.764,1800.0,3.0,10.6,normal
1697497718.725,45.277,1800.0,4.5,10.6,normal
1697497719.228,46.251,1800.0,2.5,10.6,normal
1697497719.73,46.251,1800.0,3.0,10.6,normal
1697497720.234,45.277,1100.0,4.0,10.6,normal
1697497720.739,46.251,600.0,4.4,10.6,normal
1697497721.242,45.764,1800.0,17.1,10.2,normal
1697497721.745,46.738,1800.0,36.5,10.5,normal
1697497722.248,45.764,1800.0,4.5,10.6,normal
1697497722.75,45.764,1800.0,4.0,10.6,normal
1697497723.253,46.738,1800.0,3.0,10.6,normal
1697497723.755,46.251,1800.0,5.0,10.6,normal
1697497724.258,45.277,1800.0,4.4,10.6,normal
1697497724.76,45.764,1800.0,3.5,10.6,normal
1697497725.263,45.764,1800.0,3.4,10.6,normal
1697497725.765,46.251,1800.0,3.4,10.6,normal
1697497726.271,45.277,600.0,4.5,10.6,normal
1697497726.776,46.251,600.0,5.9,10.6,normal
1697497727.279,45.764,1800.0,19.6,10.4,normal
1697497727.782,46.251,1800.0,35.0,10.7,normal
1697497728.285,46.738,1800.0,4.0,10.7,normal
1697497728.787,45.277,1800.0,5.0,10.6,normal
1697497729.29,46.738,1800.0,3.0,10.6,normal
1697497729.792,45.764,1800.0,3.5,10.6,normal
1697497730.295,46.251,1800.0,3.5,10.6,normal
1697497730.797,46.738,1800.0,3.0,10.6,normal
1697497731.3,46.251,1800.0,3.0,10.6,normal
1697497731.802,46.251,1800.0,3.0,10.6,normal
1697497732.308,46.738,600.0,3.9,10.6,normal
1697497732.814,45.764,600.0,4.0,10.6,normal
1697497733.316,45.764,1800.0,14.5,10.1,normal
1697497733.82,47.225,1800.0,37.1,10.6,normal
1697497734.323,46.251,1800.0,9.5,10.6,normal
1697497734.826,45.764,1800.0,3.5,10.6,normal
1697497735.328,45.764,1800.0,4.0,10.6,normal
1697497735.831,45.764,1800.0,2.5,10.6,normal
1697497736.333,46.251,1800.0,3.0,10.6,normal
1697497736.836,45.764,1800.0,3.0,10.6,normal
1697497737.338,46.251,1800.0,4.0,10.6,normal
1697497737.841,45.764,1800.0,3.0,10.6,normal
1697497738.345,45.277,700.0,3.9,10.6,normal
1697497738.851,46.251,600.0,5.4,10.6,normal
1697497739.356,45.764,800.0,5.9,10.5,normal
1697497739.859,47.225,1800.0,29.0,10.5,normal
1697497740.362,45.764,1800.0,24.0,10.6,normal
1697497740.864,46.738,1800.0,3.0,10.6,normal
1697497741.367,45.764,1800.0,3.5,10.6,normal
1697497741.87,46.738,1800.0,2.5,10.6,normal
1697497742.372,45.764,1800.0,2.5,10.6,normal
1697497742.875,46.251,1800.0,3.0,10.6,normal
1697497743.377,46.251,1800.0,3.0,10.6,normal
1697497743.88,45.764,1800.0,3.5,10.6,normal
1697497744.382,45.764,1800.0,3.5,10.6,normal
1697497744.888,45.277,600.0,3.5,10.6,normal
1697497745.393,46.251,900.0,10.0,9.6,normal
1697497745.896,46.251,1800.0,28.9,10.4,normal
1697497746.399,46.251,1800.0,20.1,10.6,normal
1697497746.902,46.251,1800.0,4.0,10.6,normal
1697497747.404,46.251,1800.0,3.0,10.6,normal
1697497747.907,45.277,1800.0,2.5,10.6,normal
1697497748.409,45.764,1800.0,4.5,10.6,normal
1697497748.912,44.79,1800.0,4.5,10.6,normal
1697497749.415,45.764,1800.0,3.5,10.6,normal
1697497749.917,46.251,1800.0,4.0,10.6,normal
1697497750.42,46.251,1800.0,4.4,10.6,normal
1697497750.925,45.764,600.0,3.5,10.6,normal
1697497751.431,45.277,600.0,5.4,10.6,normal
1697497751.936,46.251,1800.0,25.9,10.5,normal
1697497752.438,46.251,1800.0,29.5,10.7,normal
1697497752.941,47.225,1800.0,3.0,10.7,normal
1697497753.443,46.738,1800.0,4.5,10.7,normal
1697497753.946,46.738,1800.0,2.5,10.7,normal
1697497754.449,45.764,1800.0,4.0,10.7,normal
1697497754.951,45.764,1800.0,3.5,10.7,normal
1697497755.454,46.251,1800.0,3.5,10.7,normal
1697497755.956,46.738,1800.0,2.5,10.7,normal
1697497756.459,46.251,1800.0,3.0,10.7,normal
1697497756.964,45.764,600.0,5.0,10.7,normal
1697497757.469,45.277,700.0,5.5,10.5,normal
1697497757.972,46.251,1800.0,28.6,10.4,normal
1697497758.475,45.764,1800.0,25.0,10.6,normal
1697497758.977,46.251,1800.0,3.0,10.6,normal
1697497759.48,46.251,1800.0,3.0,10.6,normal
1697497759.983,45.277,1800.0,3.5,10.6,normal
1697497760.485,45.277,1800.0,3.0,10.6,normal
1697497760.987,44.303,1800.0,3.5,10.6,normal
1697497761.49,45.277,1800.0,3.5,10.6,normal
1697497761.992,45.764,1800.0,3.5,10.6,normal
1697497762.495,46.251,1800.0,3.5,10.6,normal
1697497763.0,47.712,700.0,5.0,10.6,normal
1697497763.505,45.277,1100.0,12.4,9.7,normal
1697497764.008,45.277,1800.0,28.9,10.5,normal
1697497764.511,46.738,1800.0,17.0,10.6,normal
1697497765.014,45.764,1800.0,5.0,10.6,normal
1697497765.516,45.764,1800.0,4.5,10.6,normal
1697497766.019,45.764,1800.0,3.5,10.6,normal
1697497766.521,46.251,1800.0,3.5,10.6,normal
1697497767.024,44.79,1800.0,3.5,10.6,normal
1697497767.526,45.764,1800.0,4.0,10.7,normal
1697497768.029,45.764,1800.0,3.5,10.7,normal
1697497768.532,44.79,1800.0,4.4,10.7,normal
1697497769.037,46.251,700.0,4.5,10.7,normal
1697497769.541,44.79,800.0,6.4,10.7,normal
1697497770.045,46.738,1800.0,28.7,10.4,normal
1697497770.548,46.251,1800.0,26.8,10.6,normal
1697497771.05,47.712,1800.0,3.4,10.6,normal
1697497771.553,46.251,1800.0,3.5,10.6,normal
1697497772.055,46.251,1800.0,4.0,10.6,normal
1697497772.558,46.251,1800.0,3.0,10.6,normal
1697497773.061,45.277,1800.0,2.0,10.6,normal
1697497773.563,46.738,1800.0,5.9,10.6,normal
1697497774.066,45.277,1800.0,3.5,10.6,normal
1697497774.568,46.738,1800.0,2.5,10.6,normal
1697497775.073,46.251,800.0,4.0,10.6,normal
1697497775.577,45.277,900.0,5.4,10.6,normal
1697497776.08,45.764,1800.0,20.9,10.3,normal
1697497776.582,47.225,1800.0,32.7,10.6,normal
1697497777.085,45.764,1800.0,4.0,10.6,normal
1697497777.587,46.251,1800.0,4.0,10.6,normal
1697497778.09,45.764,1800.0,3.5,10.6,normal
1697497778.592,46.738,1800.0,4.0,10.6,normal
1697497779.095,45.764,1800.0,4.9,10.6,normal
1697497779.597,46.738,1800.0,2.5,10.6,normal
1697497780.1,44.79,1800.0,4.0,10.6,normal
1697497780.603,45.277,1800.0,3.5,10.6,normal
1697497781.108,45.764,700.0,5.9,10.7,normal
1697497781.61,45.764,1800.0,3.5,10.6,normal
1697497782.113,45.764,1800.0,13.9,10.1,normal
1697497782.616,46.738,1800.0,36.3,10.6,normal
1697497783.119,46.251,1800.0,4.5,10.6,normal
1697497783.621,46.251,1800.0,4.0,10.6,normal
1697497784.124,47.225,1800.0,3.0,10.6,normal
1697497784.626,46.738,1800.0,3.0,10.7,normal
1697497785.129,46.251,1800.0,2.5,10.7,normal
1697497785.631,46.738,1800.0,2.0,10.7,normal
1697497786.134,45.764,1800.0,2.0,10.6,normal
1697497786.639,45.277,700.0,5.9,10.7,normal
1697497787.143,44.79,800.0,1.5,10.7,normal
1697497787.648,46.251,700.0,4.4,10.7,normal
1697497788.151,44.79,1800.0,5.0,9.6,normal
1697497788.655,45.764,1800.0,29.0,10.5,normal
1697497789.157,46.738,1800.0,19.0,10.6,normal
1697497789.66,46.251,1800.0,6.9,10.7,normal
1697497790.163,45.764,1800.0,3.5,10.7,normal
1697497790.665,46.738,1800.0,2.5,10.7,normal
1697497791.168,46.251,1800.0,4.0,10.7,normal
1697497791.67,46.738,1800.0,4.5,10.7,normal
1697497792.173,47.225,1800.0,4.0,10.7,normal
1697497792.675,46.251,1800.0,3.0,10.7,normal
1697497793.18,45.764,700.0,3.0,10.7,normal
1697497793.684,46.251,900.0,7.9,10.7,normal
1697497794.189,46.738,900.0,3.5,10.7,normal
1697497794.691,47.225,1800.0,25.7,10.4,normal
1697497795.194,45.277,1800.0,28.6,10.6,normal
1697497795.696,46.251,1800.0,3.0,10.6,normal
1697497796.199,46.738,1800.0,2.5,10.6,normal
1697497796.702,45.277,1800.0,3.0,10.6,normal
1697497797.204,45.764,1800.0,3.0,10.6,normal
1697497797.707,45.764,1800.0,4.0,10.6,normal
1697497798.209,45.764,1800.0,3.0,10.6,normal
1697497798.712,45.277,1800.0,4.5,10.6,normal
1697497799.215,46.738,1800.0,3.9,10.6,normal
1697497799.718,44.79,1000.0,5.9,10.7,normal
1697497800.222,45.764,900.0,5.4,10.6,normal
1697497800.725,47.225,1800.0,19.0,10.2,normal
1697497801.228,47.712,1800.0,38.0,10.6,normal
1697497801.73,45.277,1800.0,4.0,10.6,normal
1697497802.233,45.764,1800.0,3.0,10.6,normal
1697497802.736,46.738,1800.0,2.5,10.6,normal
1697497803.238,46.738,1800.0,3.0,10.6,normal
1697497803.741,45.764,1800.0,4.5,10.6,normal
1697497804.243,45.764,1800.0,3.0,10.6,normal
1697497804.746,46.251,1800.0,3.5,10.6,normal
1697497805.248,45.764,1800.0,3.5,10.6,normal
1697497805.753,46.251,800.0,4.4,10.7,normal
1697497806.258,45.277,600.0,5.5,10.7,normal
1697497806.761,47.225,1800.0,22.4,10.3,normal
1697497807.264,46.251,1800.0,33.3,10.6,normal
1697497807.767,45.764,1800.0,4.5,10.6,normal
1697497808.269,45.764,1800.0,3.5,10.6,normal
1697497808.772,45.764,1800.0,5.4,10.6,normal
1697497809.275,46.738,1800.0,3.5,10.7,normal
1697497809.777,45.764,1800.0,3.5,10.7,normal
1697497810.28,46.251,1800.0,3.0,10.7,normal
1697497810.782,47.225,1800.0,3.0,10.7,normal
1697497811.285,46.251,1800.0,3.9,10.7,normal
1697497811.791,46.738,600.0,3.5,10.7,normal
1697497812.296,44.79,600.0,4.5,10.7,normal
1697497812.8,46.251,1800.0,26.6,10.3,normal
1697497813.302,46.251,1800.0,29.6,10.6,normal
1697497813.805,46.738,1800.0,4.0,10.6,normal
1697497814.308,45.764,1800.0,3.0,10.6,normal
1697497814.81,46.251,1800.0,3.5,10.7,normal
1697497815.313,45.764,1800.0,3.0,10.7,normal
1697497815.815,44.79,1800.0,3.5,10.7,normal
1697497816.318,45.764,1800.0,4.4,10.7,normal
1697497816.82,45.764,1800.0,3.0,10.7,normal
1697497817.323,44.303,1800.0,2.5,10.7,normal
1697497817.828,45.277,600.0,4.9,10.7,normal
1697497818.334,45.277,600.0,5.9,10.6,normal
1697497818.838,45.277,1800.0,29.7,10.5,normal
1697497819.341,45.764,1800.0,25.6,10.6,normal
1697497819.843,46.251,1800.0,3.0,10.6,normal
1697497820.346,45.764,1800.0,2.5,10.6,normal
1697497820.848,46.738,1800.0,3.5,10.6,normal
1697497821.351,45.764,1800.0,3.5,10.6,normal
1697497821.853,45.764,1800.0,2.5,10.6,normal
1697497822.356,45.277,1800.0,3.5,10.6,normal
1697497822.858,46.738,1800.0,4.5,10.6,normal
1697497823.361,45.764,1800.0,3.0,10.6,normal
1697497823.866,46.251,600.0,6.4,10.6,normal
1697497824.371,45.764,800.0,9.4,9.5,normal
1697497824.875,46.738,1800.0,28.2,10.4,normal
1697497825.377,46.251,1800.0,20.0,10.6,normal
1697497825.88,45.764,1800.0,3.0,10.6,normal
1697497826.382,44.79,1800.0,2.5,10.6,normal
1697497826.885,45.764,1800.0,3.0,10.6,normal
1697497827.388,45.764,1800.0,3.0,10.6,normal
1697497827.89,45.764,1800.0,3.5,10.6,normal
1697497828.393,46.251,1800.0,3.0,10.7,normal
1697497828.895,45.277,1800.0,4.5,10.7,normal
1697497829.4,45.764,700.0,3.4,10.6,normal
1697497829.906,45.764,600.0,4.0,10.6,normal
1697497830.409,45.764,1800.0,12.9,10.1,normal
1697497830.911,46.251,1800.0,38.1,10.5,normal
1697497831.414,47.225,1800.0,8.0,10.6,normal
1697497831.917,46.251,1800.0,3.0,10.6,normal
1697497832.419,45.764,1800.0,3.5,10.6,normal
1697497832.922,46.251,1800.0,3.5,10.6,normal
1697497833.424,46.251,1800.0,4.5,10.6,normal
1697497833.927,44.79,1800.0,4.5,10.6,normal
1697497834.429,46.738,1800.0,2.5,10.6,normal
1697497834.932,45.277,1800.0,3.5,10.6,normal
1697497835.437,45.277,700.0,4.4,10.6,normal
1697497835.943,45.764,600.0,4.0,10.6,normal
1697497836.45,45.764,600.0,8.8,10.5,normal
1697497836.954,46.738,1800.0,28.0,10.4,normal
1697497837.457,45.764,1800.0,22.1,10.6,normal
1697497837.959,46.738,1800.0,4.0,10.6,normal
1697497838.462,46.738,1800.0,4.5,10.6,normal
1697497838.964,46.251,1800.0,1.5,10.6,normal
1697497839.467,46.738,1800.0,3.9,10.6,normal
1697497839.969,46.251,1800.0,4.5,10.6,normal
1697497840.472,45.277,1800.0,3.0,10.6,normal
1697497840.974,45.764,1800.0,4.0,10.6,normal
1697497841.477,45.764,1800.0,2.5,10.6,normal
1697497841.982,45.764,600.0,4.5,10.6,normal
1697497842.488,45.277,600.0,4.5,10.6,normal
1697497842.991,44.79,1800.0,24.3,10.4,normal
1697497843.494,46.251,1800.0,31.0,10.6,normal
1697497843.997,45.764,1800.0,3.5,10.6,normal
1697497844.499,46.251,1800.0,4.4,10.6,normal
1697497845.002,45.764,1800.0,3.5,10.6,normal
1697497845.504,46.251,1800.0,3.5,10.6,normal
1697497846.007,45.277,1800.0,3.0,10.6,normal
1697497846.509,46.251,1800.0,2.0,10.6,normal
1697497847.012,46.251,1800.0,2.0,10.6,normal
1697497847.515,45.764,1800.0,2.5,10.6,normal
1697497848.02,45.277,600.0,3.4,10.7,normal
1697497848.524,45.277,900.0,9.5,10.6,normal
1697497849.027,46.251,1800.0,18.4,10.2,normal
1697497849.53,45.764,1800.0,36.5,10.6,normal
1697497850.032,45.764,1800.0,3.0,10.6,normal
1697497850.535,46.251,1800.0,4.5,10.7,normal
1697497851.038,45.764,1800.0,4.0,10.7,normal
1697497851.541,46.251,1800.0,2.5,10.7,normal
1697497852.043,45.764,1800.0,3.5,10.7,normal
1697497852.546,46.251,1800.0,5.4,10.7,normal
1697497853.048,45.277,1800.0,2.5,10.7,normal
1697497853.551,45.764,1800.0,5.0,10.7,normal
1697497854.056,45.277,700.0,3.5,10.7,normal
1697497854.561,45.764,700.0,5.5,10.7,normal
1697497855.064,45.277,1800.0,11.0,9.7,normal
1697497855.568,46.251,1800.0,30.5,10.5,normal
1697497856.071,46.251,1800.0,17.6,10.6,normal
1697497856.573,46.738,1800.0,4.0,10.6,normal
1697497857.076,47.712,1800.0,3.0,10.6,normal
1697497857.578,46.738,1800.0,3.0,10.6,normal
1697497858.081,46.251,1800.0,4.0,10.6,normal
1697497858.584,45.277,1800.0,4.0,10.6,normal
1697497859.086,46.251,1800.0,3.0,10.6,normal
1697497859.589,46.251,1800.0,4.5,10.6,normal
1697497860.093,45.764,800.0,4.5,10.6,normal
1697497860.597,45.764,1000.0,4.5,10.6,normal
1697497861.1,46.251,1100.0,5.5,10.6,normal
1697497861.603,46.251,1800.0,28.9,10.3,normal
1697497862.106,47.225,1800.0,25.1,10.6,normal
1697497862.608,46.251,1800.0,3.5,10.6,normal
1697497863.111,45.764,1800.0,3.5,10.6,normal
1697497863.613,45.764,1800.0,4.5,10.6,normal
1697497864.116,45.764,1800.0,3.5,10.6,normal
1697497864.618,46.738,1800.0,3.0,10.6,normal
1697497865.121,46.738,1800.0,3.0,10.6,normal
1697497865.623,46.251,1800.0,3.0,10.6,normal
1697497866.126,45.277,1800.0,1.5,10.6,normal
1697497866.63,46.251,1000.0,6.0,10.6,normal
1697497867.134,45.764,900.0,3.9,10.6,normal
1697497867.637,45.764,1800.0,21.5,10.2,normal
1697497868.14,46.738,1800.0,29.0,10.6,normal
1697497868.643,46.251,1800.0,7.4,10.6,normal
1697497869.145,47.225,1800.0,3.5,10.6,normal
1697497869.648,46.738,1800.0,3.5,10.6,normal
1697497870.15,45.764,1800.0,3.5,10.6,normal
1697497870.653,46.251,1800.0,4.0,10.6,normal
1697497871.155,45.764,1800.0,3.9,10.6,normal
1697497871.658,45.277,1800.0,3.5,10.6,normal
1697497872.16,46.251,1800.0,3.5,10.6,normal
1697497872.664,46.738,1000.0,5.0,10.6,normal
1697497873.168,45.277,900.0,5.0,10.6,normal
1697497873.671,46.738,1800.0,29.4,10.4,normal
1697497874.174,45.764,1800.0,25.4,10.6,normal
1697497874.677,45.764,1800.0,5.0,10.6,normal
1697497875.179,45.277,1800.0,3.0,10.6,normal
1697497875.682,46.738,1800.0,3.5,10.6,normal
1697497876.184,44.79,1800.0,3.5,10.6,normal
1697497876.687,45.764,1800.0,4.5,10.6,normal
1697497877.189,46.738,1800.0,2.5,10.6,normal
1697497877.692,46.251,1800.0,12.5,10.6,normal
1697497878.195,45.764,1800.0,4.0,10.6,normal
1697497878.699,46.251,800.0,6.0,10.6,normal
1697497879.204,45.764,700.0,4.5,10.6,normal
1697497879.707,45.764,1800.0,21.5,10.2,normal
1697497880.21,45.764,1800.0,32.5,10.6,normal
1697497880.712,45.277,1800.0,3.0,10.6,normal
1697497881.215,45.277,1800.0,3.9,10.6,normal
1697497881.717,45.764,1800.0,2.5,10.6,normal
1697497882.22,46.251,1800.0,3.5,10.6,normal
1697497882.723,45.764,1800.0,4.5,10.6,normal
1697497883.225,45.277,1800.0,2.5,10.6,normal
1697497883.728,45.764,1800.0,4.5,10.6,normal
1697497884.231,45.277,1800.0,4.9,10.6,normal
1697497884.735,45.277,800.0,5.9,10.6,normal
1697497885.239,46.738,900.0,4.5,10.6,normal
1697497885.743,45.764,1200.0,15.4,10.1,normal
1697497886.247,47.225,1800.0,35.5,10.6,normal
1697497886.749,45.277,1800.0,10.5,10.7,normal
1697497887.252,45.764,1800.0,3.5,10.7,normal
1697497887.754,45.764,1800.0,3.0,10.7,normal
1697497888.257,45.764,1800.0,3.5,10.7,normal
1697497888.759,46.251,1800.0,4.5,10.7,normal
1697497889.262,45.764,1800.0,4.5,10.7,normal
1697497889.765,45.764,1800.0,3.0,10.7,normal
1697497890.267,46.251,1800.0,3.9,10.7,normal
1697497890.772,46.251,700.0,4.0,10.7,normal
1697497891.278,44.79,600.0,5.9,10.7,normal
1697497891.781,45.764,1800.0,21.5,10.3,normal
1697497892.283,47.225,1800.0,35.0,10.7,normal
1697497892.786,46.251,1800.0,3.0,10.7,normal
1697497893.288,46.251,1800.0,4.5,10.7,normal
1697497893.791,45.764,1800.0,5.5,10.7,normal
1697497894.294,46.251,1800.0,3.5,10.7,normal
1697497894.796,46.251,1800.0,4.5,10.7,normal
1697497895.299,46.738,1800.0,3.5,10.7,normal
1697497895.801,46.251,1800.0,3.5,10.7,normal
1697497896.304,46.251,1800.0,3.5,10.7,normal
1697497896.809,44.79,600.0,5.0,10.7,normal
1697497897.315,46.251,600.0,5.0,10.7,normal
1697497897.818,45.277,1800.0,13.4,10.1,normal
1697497898.321,46.251,1800.0,37.5,10.6,normal
1697497898.823,46.251,1800.0,9.5,10.7,normal
1697497899.326,46.251,1800.0,3.5,10.6,normal
1697497899.828,46.251,1800.0,3.5,10.6,normal
1697497900.331,46.738,1800.0,3.0,10.6,normal
1697497900.833,45.764,1800.0,3.0,10.6,normal
1697497901.336,45.764,1800.0,3.0,10.6,normal
1697497901.839,46.251,1800.0,4.0,10.6,normal
1697497902.341,46.738,1800.0,2.5,10.6,normal
1697497902.847,44.79,600.0,3.4,10.6,normal
1697497903.352,45.277,600.0,4.5,10.6,normal
1697497903.858,45.764,600.0,8.8,10.4,normal
1697497904.362,46.251,1800.0,28.4,10.4,normal
1697497904.864,46.738,1800.0,22.1,10.6,normal
1697497905.367,46.738,1800.0,3.0,10.6,normal
1697497905.869,46.738,1800.0,3.0,10.6,normal
1697497906.372,46.251,1800.0,1.5,10.6,normal
1697497906.875,45.764,1800.0,2.5,10.6,normal
1697497907.377,46.738,1800.0,3.0,10.6,normal
1697497907.88,45.764,1800.0,3.0,10.6,normal
1697497908.382,46.251,1800.0,2.5,10.6,normal
1697497908.885,45.764,1800.0,4.0,10.7,normal
1697497909.39,45.277,600.0,3.4,10.7,normal
1697497909.894,46.251,900.0,5.0,10.7,normal
1697497910.398,45.764,1800.0,26.9,10.4,normal
1697497910.901,46.738,1800.0,28.6,10.7,normal
1697497911.403,45.764,1800.0,3.0,10.7,normal
1697497911.906,45.277,1800.0,4.0,10.7,normal
1697497912.408,45.764,1800.0,3.5,10.7,normal
1697497912.911,46.251,1800.0,3.5,10.7,normal
1697497913.413,45.277,1800.0,4.4,10.7,normal
1697497913.916,45.764,1800.0,5.0,10.7,normal
1697497914.419,45.764,1800.0,4.0,10.7,normal
1697497914.921,45.764,1800.0,3.5,10.7,normal
1697497915.427,45.764,600.0,3.0,10.7,normal
1697497915.932,45.764,600.0,4.4,10.7,normal
1697497916.435,46.251,1800.0,18.9,10.3,normal
1697497916.938,46.738,1800.0,36.0,10.7,normal
1697497917.44,46.738,1800.0,3.0,10.7,normal
1697497917.943,44.79,1800.0,4.5,10.7,normal
1697497918.446,46.251,1800.0,4.0,10.7,normal
1697497918.948,45.764,1800.0,3.5,10.6,normal
1697497919.451,45.277,1800.0,3.5,10.6,normal
1697497919.953,46.251,1800.0,3.5,10.6,normal
1697497920.456,45.764,1800.0,4.0,10.6,normal
1697497920.958,45.764,1800.0,4.4,10.6,normal
1697497921.464,46.251,600.0,4.0,10.6,normal
1697497921.97,45.277,600.0,5.0,10.6,normal
1697497922.472,45.764,1800.0,12.5,10.0,normal
1697497922.976,46.251,1800.0,35.1,10.6,normal
1697497923.479,46.738,1800.0,13.0,10.7,normal
1697497923.981,46.251,1800.0,3.0,10.7,normal
1697497924.484,46.251,1800.0,3.5,10.7,normal
1697497924.986,46.251,1800.0,4.5,10.7,normal
1697497925.489,46.251,1800.0,3.0,10.7,normal
1697497925.991,46.251,1800.0,3.0,10.7,normal
1697497926.494,45.764,1800.0,4.0,10.7,normal
1697497926.996,46.251,1800.0,3.5,10.7,normal
1697497927.501,45.764,700.0,4.5,10.7,normal
1697497928.007,45.764,600.0,5.0,10.7,normal
1697497928.51,46.251,1800.0,20.7,10.3,normal
1697497929.013,47.225,1800.0,37.1,10.6,normal
1697497929.515,45.277,1800.0,5.0,10.6,normal
1697497930.018,46.251,1800.0,3.0,10.6,normal
1697497930.52,45.277,1800.0,3.5,10.6,normal
1697497931.023,45.764,1800.0,3.0,10.6,normal
1697497931.526,45.277,1800.0,4.9,10.6,normal
1697497932.028,45.764,1800.0,3.5,10.7,normal
1697497932.531,46.738,1800.0,3.5,10.6,normal
1697497933.033,46.251,1800.0,3.0,10.7,normal
1697497933.538,45.764,800.0,5.4,10.7,normal
1697497934.044,45.764,600.0,5.0,10.7,normal
1697497934.548,45.764,1800.0,12.0,9.9,normal
1697497935.052,46.738,1800.0,31.8,10.6,normal
1697497935.554,45.764,1800.0,15.0,10.7,normal
1697497936.057,46.251,1800.0,4.9,10.7,normal
1697497936.559,46.251,1800.0,3.0,10.7,normal
1697497937.062,46.251,1800.0,3.5,10.7,normal
1697497937.565,46.251,1800.0,3.0,10.7,normal
1697497938.067,45.764,1800.0,4.5,10.7,normal
1697497938.57,45.764,1800.0,4.0,10.7,normal
1697497939.072,45.764,1800.0,3.5,10.7,normal
1697497939.577,45.764,700.0,4.0,10.7,normal
1697497940.082,46.738,800.0,5.4,10.7,normal
1697497940.587,45.764,700.0,5.0,10.7,normal
1697497941.09,46.251,1800.0,27.4,10.4,normal
1697497941.593,46.251,1800.0,26.9,10.6,normal
1697497942.095,46.251,1800.0,3.0,10.6,normal
1697497942.598,46.251,1800.0,3.5,10.7,normal
1697497943.1,46.251,1800.0,2.5,10.7,normal
1697497943.603,46.251,1800.0,4.5,10.7,normal
1697497944.106,46.251,1800.0,4.0,10.7,normal
1697497944.608,45.764,1800.0,4.0,10.7,normal
1697497945.111,45.764,1800.0,3.0,10.7,normal
1697497945.613,46.251,1800.0,4.0,10.7,normal
1697497946.118,46.251,800.0,5.5,10.7,normal
1697497946.621,45.764,1100.0,4.5,10.7,normal
1697497947.124,46.738,1800.0,21.4,10.2,normal
1697497947.627,45.764,1800.0,33.5,10.6,normal
1697497948.129,46.251,1800.0,4.0,10.6,normal
1697497948.632,47.225,1800.0,4.5,10.6,normal
1697497949.134,47.225,1800.0,4.0,10.6,normal
1697497949.637,45.764,1800.0,2.0,10.6,normal
1697497950.139,46.251,1800.0,3.5,10.6,normal
1697497950.642,45.764,1800.0,2.0,10.6,normal
1697497951.145,45.764,1800.0,2.5,10.6,normal
1697497951.647,45.764,1800.0,2.5,10.6,normal
1697497952.151,45.764,1100.0,4.5,10.7,normal
1697497952.655,45.764,900.0,4.5,10.7,normal
1697497953.158,45.277,1800.0,13.5,10.1,normal
1697497953.661,47.225,1800.0,37.2,10.6,normal
1697497954.164,46.251,1800.0,7.9,10.6,normal
1697497954.666,45.277,1800.0,4.5,10.6,normal
1697497955.169,46.738,1800.0,3.0,10.6,normal
1697497955.671,45.764,1800.0,2.5,10.6,normal
1697497956.174,46.738,1800.0,4.9,10.6,normal
1697497956.677,45.277,1800.0,4.0,10.7,normal
1697497957.179,46.251,1800.0,3.9,10.7,normal
1697497957.682,45.764,1800.0,3.0,10.7,normal
1697497958.185,44.79,1000.0,4.5,10.7,normal
1697497958.69,44.79,800.0,6.9,10.7,normal
1697497959.193,46.738,1800.0,18.5,10.1,normal
1697497959.696,46.738,1800.0,37.3,10.6,normal
1697497960.198,46.251,1800.0,5.0,10.6,normal
1697497960.701,46.738,1800.0,3.5,10.6,normal
1697497961.203,45.764,1800.0,3.0,10.6,normal
1697497961.706,46.251,1800.0,3.5,10.6,normal
1697497962.209,45.764,1800.0,3.0,10.7,normal
1697497962.711,46.251,1800.0,5.0,10.7,normal
1697497963.214,45.764,1800.0,3.5,10.7,normal
1697497963.716,45.764,1800.0,4.0,10.7,normal
1697497964.221,46.251,700.0,4.0,10.7,normal
1697497964.727,45.277,600.0,5.5,10.7,normal
1697497965.23,46.251,1800.0,21.8,10.3,normal
1697497965.733,46.251,1800.0,32.5,10.6,normal
1697497966.235,45.277,1800.0,3.0,10.6,normal
1697497966.738,45.764,1800.0,2.5,10.6,normal
1697497967.24,45.764,1800.0,3.0,10.6,normal
1697497967.743,45.764,1800.0,3.0,10.7,normal
1697497968.245,45.277,1800.0,2.0,10.7,normal
1697497968.748,46.738,1800.0,4.4,10.7,normal
1697497969.251,45.764,1800.0,3.0,10.7,normal
1697497969.753,46.738,1800.0,3.0,10.7,normal
1697497970.259,46.251,600.0,5.4,10.7,normal
1697497970.765,45.277,700.0,4.0,10.7,normal
1697497971.268,45.764,1800.0,13.5,10.2,normal
1697497971.771,47.225,1800.0,37.3,10.6,normal
1697497972.274,46.251,1800.0,7.5,10.7,normal
1697497972.776,46.738,1800.0,3.5,10.7,normal
1697497973.279,46.251,1800.0,4.0,10.7,normal
1697497973.781,45.764,1800.0,4.0,10.7,normal
1697497974.284,46.251,1800.0,4.9,10.7,normal
1697497974.787,46.251,1800.0,2.5,10.7,normal
1697497975.289,46.251,1800.0,4.4,10.7,normal
1697497975.792,46.251,1800.0,3.5,10.7,normal
1697497976.297,45.764,700.0,3.0,10.7,normal
1697497976.803,45.764,600.0,4.5,10.7,normal
1697497977.306,46.251,1800.0,19.9,10.2,normal
1697497977.808,46.738,1800.0,35.9,10.6,normal
1697497978.311,45.764,1800.0,3.5,10.6,normal
1697497978.813,46.251,1800.0,4.5,10.6,normal
1697497979.316,45.277,1800.0,3.5,10.6,normal
1697497979.818,45.764,1800.0,3.5,10.6,normal
1697497980.321,45.764,1800.0,3.5,10.7,normal
1697497980.823,45.277,1800.0,3.0,10.7,normal
1697497981.326,46.251,1800.0,4.0,10.6,normal
1697497981.828,45.764,1800.0,4.5,10.7,normal
1697497982.334,45.764,600.0,3.0,10.7,normal
1697497982.84,45.277,600.0,3.5,10.6,normal
1697497983.342,46.251,1800.0,12.9,10.1,normal
1697497983.846,47.712,1800.0,36.8,10.6,normal
1697497984.349,46.251,1800.0,9.0,10.7,normal
1697497984.851,46.251,1800.0,2.5,10.7,normal
1697497985.354,44.79,1800.0,3.5,10.7,normal
1697497985.856,45.764,1800.0,4.0,10.6,normal
1697497986.359,46.251,1800.0,3.5,10.6,normal
1697497986.861,45.764,1800.0,2.5,10.6,normal
1697497987.364,46.251,1800.0,3.5,10.6,normal
1697497987.867,45.764,1800.0,4.0,10.6,normal
1697497988.371,44.79,700.0,4.4,10.7,normal
1697497988.877,46.738,600.0,5.9,10.6,normal
1697497989.38,46.251,1800.0,18.0,10.2,normal
1697497989.882,46.738,1800.0,38.5,10.7,normal
1697497990.385,46.738,1800.0,2.5,10.7,normal
1697497990.887,45.277,1800.0,3.9,10.7,normal
1697497991.39,46.251,1800.0,3.5,10.7,normal
1697497991.893,45.764,1800.0,3.5,10.7,normal
1697497992.395,46.251,1800.0,3.0,10.7,normal
1697497992.898,46.251,1800.0,2.0,10.7,normal
1697497993.4,46.251,1800.0,1.0,10.7,normal
1697497993.903,45.764,1800.0,5.0,10.7,normal
1697497994.408,45.764,600.0,3.5,10.6,normal
1697497994.914,45.277,600.0,3.5,10.6,normal
1697497995.418,45.764,1200.0,10.9,9.8,normal
1697497995.921,47.225,1800.0,28.4,10.5,normal
1697497996.424,45.277,1800.0,20.0,10.6,normal
1697497996.926,45.764,1800.0,4.5,10.6,normal
1697497997.429,45.277,1800.0,3.0,10.6,normal
1697497997.931,45.764,1800.0,4.0,10.6,normal
1697497998.434,45.277,1800.0,4.0,10.6,normal
1697497998.936,46.251,1800.0,4.0,10.6,normal
1697497999.439,46.251,1800.0,3.0,10.6,normal
1697497999.941,44.79,1800.0,4.0,10.6,normal
1697498000.444,45.277,1800.0,3.5,10.6,normal
1697498000.95,44.79,600.0,4.9,10.6,normal
1697498001.456,44.79,600.0,5.4,10.6,normal
1697498001.959,46.738,1800.0,27.9,10.4,normal
1697498002.462,46.251,1800.0,27.6,10.6,normal
1697498002.964,45.764,1800.0,3.0,10.6,normal
1697498003.467,45.277,1800.0,5.0,10.6,normal
1697498003.969,45.764,1800.0,5.0,10.6,normal
1697498004.472,46.251,1800.0,3.5,10.6,normal
1697498004.975,45.764,1800.0,3.5,10.6,normal
1697498005.477,46.251,1800.0,3.0,10.6,normal
1697498005.98,45.764,1800.0,4.5,10.6,normal
1697498006.482,46.251,1800.0,3.5,10.7,normal
1697498006.988,45.277,600.0,3.5,10.7,normal
1697498007.493,45.277,600.0,4.0,10.7,normal
1697498007.996,46.251,1800.0,20.0,10.3,normal
1697498008.499,46.251,1800.0,37.6,10.7,normal
1697498009.002,46.251,1800.0,3.5,10.7,normal
1697498009.504,46.251,1800.0,4.0,10.7,normal
1697498010.007,46.738,1800.0,4.0,10.7,normal
1697498010.509,44.79,1800.0,3.5,10.7,normal
1697498011.012,45.277,1800.0,4.0,10.7,normal
1697498011.515,46.251,1800.0,3.9,10.7,normal
1697498012.017,45.277,1800.0,3.0,10.7,normal
1697498012.52,45.277,1800.0,4.0,10.7,normal
1697498013.025,45.277,600.0,4.0,10.7,normal
1697498013.531,45.277,600.0,5.9,10.6,normal
1697498014.037,45.764,1800.0,12.9,9.9,normal
1697498014.541,46.251,1800.0,32.7,10.5,normal
1697498015.043,46.251,1800.0,16.7,10.6,normal
1697498015.546,47.225,1800.0,3.5,10.6,normal
1697498016.049,46.251,1800.0,1.5,10.6,normal
1697498016.551,45.764,1800.0,4.5,10.6,normal
1697498017.054,46.251,1800.0,5.0,10.6,normal
1697498017.556,46.251,1800.0,3.5,10.6,normal
1697498018.059,46.251,1800.0,3.0,10.6,normal
1697498018.562,45.277,1800.0,4.0,10.7,normal
1697498019.067,45.277,700.0,6.4,10.7,normal
1697498019.572,46.251,700.0,4.5,10.7,normal
1697498020.074,45.277,1800.0,16.4,10.2,normal
1697498020.577,46.251,1800.0,37.2,10.6,normal
1697498021.08,46.251,1800.0,6.4,10.7,normal
1697498021.582,46.738,1800.0,3.5,10.7,normal
1697498022.085,46.738,1800.0,3.0,10.7,normal
1697498022.587,47.225,1800.0,4.0,10.7,normal
1697498023.09,45.277,1800.0,3.5,10.7,normal
1697498023.592,45.764,1800.0,4.0,10.7,normal
1697498024.095,46.251,1800.0,3.0,10.7,normal
1697498024.598,45.764,1800.0,4.0,10.7,normal
1697498025.103,46.251,600.0,4.0,10.7,normal
1697498025.608,45.277,700.0,4.4,10.7,normal
1697498026.112,46.251,1800.0,8.5,9.6,normal
1697498026.616,47.225,1800.0,26.4,10.5,normal
1697498027.118,46.251,1800.0,20.9,10.6,normal
1697498027.621,46.251,1800.0,1.5,10.6,normal
1697498028.123,45.764,1800.0,3.5,10.6,normal
1697498028.626,46.738,1800.0,7.9,10.6,normal
1697498029.129,45.764,1800.0,3.0,10.6,normal
1697498029.631,45.764,1800.0,4.5,10.6,normal
1697498030.134,45.764,1800.0,3.0,10.7,normal
1697498030.636,45.764,1800.0,3.5,10.7,normal
1697498031.141,46.251,700.0,3.0,10.7,normal
1697498031.645,44.79,900.0,5.9,10.7,normal
1697498032.148,46.251,1800.0,14.4,10.1,normal
1697498032.652,46.251,1800.0,33.8,10.5,normal
1697498033.155,46.738,1800.0,10.5,10.6,normal
1697498033.657,46.251,1800.0,4.5,10.6,normal
1697498034.16,45.764,1800.0,3.5,10.6,normal
1697498034.662,46.738,1800.0,2.5,10.6,normal
1697498035.165,45.764,1800.0,2.0,10.6,normal
1697498035.668,46.251,1800.0,3.0,10.7,normal
1697498036.17,46.738,1800.0,3.5,10.7,normal
1697498036.673,46.251,1800.0,3.0,10.7,normal
1697498037.177,45.764,900.0,4.0,10.7,normal
1697498037.682,45.277,700.0,4.0,10.7,normal
1697498038.186,46.251,900.0,5.4,10.6,normal
1697498038.69,45.764,1800.0,29.0,10.5,normal
1697498039.192,45.277,1800.0,25.1,10.7,normal
1697498039.695,46.251,1800.0,4.5,10.7,normal
1697498040.197,46.251,1800.0,3.0,10.7,normal
1697498040.7,45.764,1800.0,3.5,10.7,normal
1697498041.203,45.277,1800.0,4.0,10.7,normal
1697498041.705,46.251,1800.0,3.5,10.7,normal
1697498042.208,46.738,1800.0,4.0,10.7,normal
1697498042.71,46.251,1800.0,3.5,10.7,normal
1697498043.213,45.764,1800.0,3.5,10.7,normal
1697498043.717,44.79,900.0,4.0,10.7,normal
1697498044.219,45.277,1800.0,10.4,9.8,normal
1697498044.723,45.764,1800.0,31.3,10.6,normal
1697498045.226,45.277,1800.0,16.9,10.7,normal
1697498045.728,45.764,1800.0,3.5,10.7,normal
1697498046.231,44.79,1800.0,3.5,10.7,normal
1697498046.733,45.764,1800.0,3.0,10.7,normal
1697498047.236,46.738,1800.0,4.0,10.7,normal
1697498047.739,45.764,1800.0,3.5,10.7,normal
1697498048.241,46.251,1800.0,3.5,10.7,normal
1697498048.744,46.738,1800.0,4.0,10.7,normal
1697498049.248,45.764,800.0,4.0,10.7,normal
1697498049.753,45.764,700.0,5.4,10.7,normal
1697498050.259,45.277,600.0,4.5,10.6,normal
1697498050.762,46.738,1800.0,28.9,10.4,normal
1697498051.264,45.764,1800.0,26.4,10.6,normal
1697498051.767,46.251,1800.0,3.0,10.6,normal
1697498052.27,45.764,1800.0,3.5,10.6,normal
1697498052.772,46.251,1800.0,3.5,10.6,normal
1697498053.275,45.764,1800.0,3.5,10.6,normal
1697498053.777,45.764,1800.0,3.5,10.6,normal
1697498054.28,45.277,1800.0,3.5,10.6,normal
1697498054.783,45.277,1800.0,3.5,10.6,normal
1697498055.286,46.251,1800.0,3.0,10.6,normal
1697498055.791,45.277,600.0,4.9,10.7,normal
1697498056.297,44.79,800.0,4.0,10.6,normal
1697498056.8,45.764,1800.0,22.5,10.3,normal
1697498057.303,46.251,1800.0,31.5,10.6,normal
1697498057.805,46.251,1800.0,3.0,10.6,normal
1697498058.308,46.738,1800.0,3.5,10.6,normal
1697498058.81,46.251,1800.0,5.0,10.6,normal
1697498059.313,45.764,1800.0,3.5,10.6,normal
1697498059.816,45.764,1800.0,2.5,10.6,normal
1697498060.318,46.251,1800.0,3.9,10.6,normal
1697498060.821,46.251,1800.0,3.5,10.6,normal
1697498061.323,46.251,1800.0,3.5,10.6,normal
1697498061.829,45.764,600.0,3.5,10.6,normal
1697498062.335,45.764,600.0,4.5,10.6,normal
1697498062.839,47.225,1800.0,27.4,10.4,normal
1697498063.342,46.251,1800.0,27.5,10.6,normal
1697498063.845,45.764,1800.0,3.5,10.6,normal
1697498064.347,45.277,1800.0,4.4,10.6,normal
1697498064.85,46.738,1800.0,4.0,10.6,normal
1697498065.352,46.251,1800.0,3.5,10.6,normal
1697498065.855,47.225,1800.0,3.0,10.6,normal
1697498066.357,45.764,1800.0,3.0,10.6,normal
1697498066.86,46.251,1800.0,4.0,10.6,normal
1697498067.362,44.79,1800.0,4.9,10.6,normal
1697498067.868,45.764,600.0,3.5,10.6,normal
1697498068.374,45.277,600.0,5.9,10.6,normal
1697498068.877,44.79,1800.0,19.0,10.2,normal
1697498069.379,46.251,1800.0,37.6,10.6,normal
1697498069.882,45.277,1800.0,3.5,10.6,normal
1697498070.384,46.251,1800.0,2.5,10.6,normal
1697498070.887,45.764,1800.0,3.5,10.6,normal
1697498071.389,46.251,1800.0,3.5,10.6,normal
1697498071.892,45.764,1800.0,3.0,10.6,normal
1697498072.395,46.251,1800.0,3.0,10.6,normal
1697498072.897,45.764,1800.0,4.5,10.6,normal
1697498073.4,45.277,1800.0,3.0,10.6,normal
1697498073.905,45.764,600.0,4.5,10.6,normal
1697498074.411,45.277,600.0,4.5,10.6,normal
1697498074.914,46.251,1800.0,11.5,9.8,normal
1697498075.417,46.251,1800.0,31.2,10.5,normal
1697498075.92,45.764,1800.0,14.4,10.6,normal
1697498076.423,45.764,1800.0,1.5,10.6,normal
1697498076.925,45.277,1800.0,4.0,10.6,normal
1697498077.428,45.764,1800.0,2.5,10.6,normal
1697498077.93,45.277,1800.0,3.5,10.6,normal
1697498078.433,46.251,1800.0,2.5,10.6,normal
1697498078.935,45.764,1800.0,4.5,10.6,normal
1697498079.438,45.764,1800.0,3.5,10.6,normal
1697498079.943,46.738,700.0,3.5,10.6,normal
1697498080.448,44.79,600.0,5.0,10.6,normal
1697498080.954,45.764,600.0,5.0,10.6,normal
1697498081.457,46.251,1800.0,29.9,10.4,normal
1697498081.959,46.251,1800.0,25.6,10.7,normal
1697498082.462,45.764,1800.0,4.0,10.7,normal
1697498082.964,45.764,1800.0,4.4,10.7,normal
1697498083.467,45.277,1800.0,4.0,10.7,normal
1697498083.97,46.738,1800.0,3.0,10.7,normal
1697498084.472,45.764,1800.0,3.5,10.7,normal
1697498084.975,45.764,1800.0,4.9,10.7,normal
1697498085.477,46.251,1800.0,3.5,10.7,normal
1697498085.98,46.738,1800.0,3.0,10.7,normal
1697498086.485,45.764,600.0,3.9,10.7,normal
1697498086.991,45.277,600.0,4.0,10.7,normal
1697498087.494,46.251,1800.0,20.9,10.2,normal
1697498087.997,46.251,1800.0,35.8,10.6,normal
1697498088.499,46.251,1800.0,3.0,10.6,normal
1697498089.002,45.764,1800.0,2.0,10.6,normal
1697498089.504,45.764,1800.0,2.5,10.6,normal
1697498090.007,45.277,1800.0,2.5,10.6,normal
1697498090.51,45.764,1800.0,3.0,10.6,normal
1697498091.012,45.764,1800.0,3.5,10.6,normal
1697498091.515,45.764,1800.0,4.4,10.6,normal
1697498092.017,45.764,1800.0,3.0,10.6,normal
1697498092.523,45.764,600.0,4.9,10.6,normal
1697498093.029,45.764,600.0,5.4,10.6,normal
1697498093.532,46.738,1800.0,27.6,10.3,normal
1697498094.035,46.251,1800.0,32.7,10.6,normal
1697498094.538,46.251,1800.0,3.5,10.6,normal
1697498095.04,47.225,1800.0,3.0,10.6,normal
1697498095.543,46.251,1800.0,4.9,10.6,normal
1697498096.045,45.764,1800.0,3.5,10.6,normal
1697498096.548,45.764,1800.0,3.0,10.6,normal
1697498097.05,44.79,1800.0,3.5,10.6,normal
1697498097.553,46.738,1800.0,2.5,10.6,normal
1697498098.056,46.738,1800.0,4.5,10.6,normal
1697498098.561,45.277,800.0,5.4,10.6,normal
1697498099.066,45.764,700.0,3.0,10.6,normal
1697498099.57,46.251,1800.0,28.4,10.4,normal
1697498100.073,45.764,1800.0,27.6,10.7,normal
1697498100.576,46.251,1800.0,2.5,10.7,normal
1697498101.078,46.251,1800.0,5.4,10.7,normal
1697498101.581,46.251,1800.0,3.5,10.7,normal
1697498102.086,46.251,1800.0,4.4,10.7,normal
1697498102.588,46.251,1800.0,3.0,10.7,normal
1697498103.091,45.764,1800.0,3.5,10.7,normal
1697498103.594,46.738,1800.0,5.4,10.7,normal
1697498104.096,46.251,1800.0,3.0,10.7,normal
1697498104.6,45.764,900.0,4.5,10.7,normal
1697498105.104,45.277,1200.0,7.4,10.1,normal
1697498105.607,45.764,1800.0,28.2,10.5,normal
1697498106.11,46.251,1800.0,21.6,10.6,normal
1697498106.613,46.251,1800.0,3.0,10.6,normal
1697498107.115,45.277,1800.0,3.5,10.6,normal
1697498107.618,46.738,1800.0,3.5,10.6,normal
1697498108.12,45.764,1800.0,4.9,10.6,normal
1697498108.623,45.764,1800.0,2.0,10.6,normal
1697498109.126,45.764,1800.0,2.0,10.6,normal
1697498109.628,45.764,1800.0,5.5,10.6,normal
1697498110.131,45.277,1800.0,4.5,10.6,normal
1697498110.635,44.79,800.0,4.5,10.6,normal
1697498111.138,45.764,1800.0,11.5,10.1,normal
1697498111.644,46.738,1800.0,33.8,10.6,normal
1697498112.147,45.764,1800.0,12.4,10.7,normal
1697498112.65,46.251,1800.0,3.0,10.7,normal
1697498113.152,46.738,1800.0,3.5,10.7,normal
1697498113.655,45.764,1800.0,3.5,10.7,normal
1697498114.157,45.764,1800.0,3.5,10.7,normal
1697498114.66,46.738,1800.0,3.5,10.7,normal
1697498115.162,46.251,1800.0,3.5,10.7,normal
1697498115.665,45.277,1800.0,3.5,10.7,normal
1697498116.17,45.764,700.0,2.0,10.7,normal
1697498116.674,44.79,1000.0,4.5,10.7,normal
1697498117.176,45.764,1800.0,16.4,10.1,normal
1697498117.679,47.225,1800.0,36.3,10.6,normal
1697498118.182,46.251,1800.0,3.5,10.7,normal
1697498118.684,45.277,1800.0,4.5,10.7,normal
1697498119.187,46.251,1800.0,3.0,10.7,normal
1697498119.69,46.738,1800.0,4.0,10.7,normal
1697498120.192,46.738,1800.0,3.0,10.7,normal
1697498120.695,45.764,1800.0,3.0,10.7,normal
1697498121.197,45.764,1800.0,3.5,10.7,normal
1697498121.7,45.764,1800.0,3.5,10.6,normal
1697498122.203,44.79,1000.0,4.0,10.6,normal
1697498122.708,45.764,800.0,4.0,10.6,normal
1697498123.211,45.764,1800.0,20.9,10.3,normal
1697498123.713,46.738,1800.0,35.5,10.7,normal
1697498124.216,45.764,1800.0,4.5,10.7,normal
1697498124.718,46.738,1800.0,4.0,10.7,normal
1697498125.221,46.251,1800.0,3.5,10.7,normal
1697498125.723,45.277,1800.0,3.0,10.7,normal
1697498126.226,45.764,1800.0,3.5,10.7,normal
1697498126.728,46.251,1800.0,3.0,10.7,normal
1697498127.231,46.738,1800.0,4.0,10.7,normal
1697498127.733,45.764,1800.0,3.0,10.7,normal
1697498128.238,45.277,800.0,4.5,10.7,normal
1697498128.743,46.251,700.0,6.4,10.7,normal
1697498129.246,46.251,1800.0,13.5,10.0,normal
1697498129.749,47.225,1800.0,34.3,10.5,normal
1697498130.252,45.277,1800.0,12.4,10.6,normal
1697498130.755,45.764,1800.0,3.5,10.6,normal
1697498131.257,45.764,1800.0,3.0,10.6,normal
1697498131.76,46.251,1800.0,4.0,10.7,normal
1697498132.262,46.251,1800.0,3.5,10.7,normal
1697498132.765,46.251,1800.0,2.5,10.7,normal
1697498133.267,47.225,1800.0,3.0,10.7,normal
1697498133.77,46.251,1800.0,5.4,10.7,normal
1697498134.275,45.764,700.0,4.0,10.7,normal
1697498134.781,45.764,600.0,4.4,10.7,normal
1697498135.285,45.764,800.0,5.5,10.5,normal
1697498135.788,45.764,1800.0,29.4,10.5,normal
1697498136.291,46.251,1800.0,26.0,10.6,normal
1697498136.794,47.225,1800.0,3.5,10.6,normal
1697498137.296,46.738,1800.0,3.0,10.6,normal
1697498137.799,45.764,1800.0,3.5,10.7,normal
1697498138.301,47.225,1800.0,3.5,10.7,normal
1697498138.804,46.251,1800.0,4.5,10.6,normal
1697498139.306,45.764,1800.0,2.5,10.7,normal
1697498139.809,44.79,1800.0,4.0,10.7,normal
1697498140.311,47.225,1800.0,3.5,10.6,normal
1697498140.817,45.277,600.0,4.0,10.6,normal
1697498141.324,44.79,600.0,5.4,10.6,normal
1697498141.828,45.764,1800.0,22.4,10.3,normal
1697498142.331,46.251,1800.0,33.3,10.6,normal
1697498142.835,46.251,1800.0,3.0,10.6,normal
1697498143.338,46.251,1800.0,4.0,10.6,normal
1697498143.84,45.277,1800.0,4.5,10.6,normal
1697498144.343,45.764,1800.0,4.9,10.6,normal
1697498144.845,45.277,1800.0,3.0,10.6,normal
1697498145.348,45.764,1800.0,3.5,10.6,normal
1697498145.851,46.251,1800.0,3.0,10.6,normal
1697498146.353,45.764,1800.0,3.5,10.6,normal
1697498146.859,45.764,600.0,1.0,10.6,normal
1697498147.365,44.79,600.0,3.0,10.6,normal
1697498147.867,46.251,1800.0,18.4,10.1,normal
1697498148.37,46.738,1800.0,35.3,10.6,normal
1697498148.873,45.277,1800.0,7.0,10.6,normal
1697498149.376,45.764,1800.0,2.5,10.6,normal
1697498149.878,46.251,1800.0,2.0,10.6,normal
1697498150.381,45.764,1800.0,4.5,10.6,normal
1697498150.883,46.251,1800.0,4.9,10.6,normal
1697498151.386,45.277,1800.0,3.0,10.6,normal
1697498151.888,45.277,1800.0,3.0,10.6,normal
1697498152.391,45.277,1800.0,3.0,10.6,normal
1697498152.896,45.764,600.0,4.4,10.6,normal
1697498153.402,45.764,600.0,4.5,10.6,normal
1697498153.912,44.79,600.0,10.3,10.4,normal
1697498154.415,45.764,1800.0,29.4,10.5,normal
1697498154.918,46.251,1800.0,22.6,10.6,normal
1697498155.42,46.251,1800.0,3.5,10.6,normal
1697498155.923,46.738,1800.0,2.5,10.6,normal
1697498156.426,46.251,1800.0,3.5,10.6,normal
1697498156.928,46.251,1800.0,3.0,10.6,normal
1697498157.431,45.277,1800.0,3.5,10.6,normal
1697498157.933,46.251,1800.0,2.5,10.7,normal
1697498158.436,44.79,1800.0,3.0,10.7,normal
1697498158.945,45.764,700.0,3.4,10.7,normal
1697498159.451,45.764,600.0,4.5,10.7,normal
1697498159.954,45.764,1800.0,11.9,10.1,normal
1697498160.457,46.738,1800.0,33.0,10.6,normal
1697498160.96,45.277,1800.0,10.5,10.7,normal
1697498161.463,45.764,1800.0,4.5,10.7,normal
1697498161.965,45.764,1800.0,2.5,10.7,normal
1697498162.468,46.251,1800.0,3.5,10.7,normal
1697498162.97,45.277,1800.0,3.0,10.7,normal
1697498163.473,46.738,1800.0,4.5,10.7,normal
1697498163.975,45.764,1800.0,3.0,10.7,normal
1697498164.478,46.251,1800.0,3.5,10.7,normal
1697498164.983,45.277,700.0,3.5,10.7,normal
1697498165.489,45.277,600.0,5.0,10.7,normal
1697498165.994,45.277,600.0,5.9,10.7,normal
1697498166.498,45.764,1800.0,26.0,10.4,normal
1697498167.0,45.764,1800.0,27.7,10.7,normal
1697498167.503,45.277,1800.0,3.5,10.7,normal
1697498168.006,45.764,1800.0,3.5,10.7,normal
1697498168.508,46.738,1800.0,4.0,10.7,normal
1697498169.011,45.277,1800.0,3.0,10.7,normal
1697498169.513,45.277,1800.0,4.5,10.7,normal
1697498170.016,45.277,1800.0,3.9,10.7,normal
1697498170.518,46.251,1800.0,3.0,10.7,normal
1697498171.021,46.251,1800.0,3.5,10.7,normal
1697498171.527,46.251,600.0,4.5,10.7,normal
1697498172.034,45.277,600.0,5.4,10.7,normal
1697498172.538,46.251,1800.0,23.3,10.3,normal
1697498173.04,47.225,1800.0,33.8,10.6,normal
1697498173.543,47.225,1800.0,5.4,10.6,normal
1697498174.046,46.738,1800.0,4.0,10.7,normal
1697498174.548,45.764,1800.0,3.0,10.7,normal
1697498175.051,45.764,1800.0,4.0,10.7,normal
1697498175.554,46.251,1800.0,5.0,10.7,normal
1697498176.056,45.764,1800.0,3.5,10.7,normal
1697498176.559,46.251,1800.0,2.5,10.7,normal
1697498177.061,47.225,1800.0,3.5,10.7,normal
1697498177.566,45.277,800.0,5.0,10.7,normal
1697498178.07,45.277,900.0,4.5,10.7,normal
1697498178.573,45.277,1800.0,15.3,10.2,normal
1697498179.076,46.738,1800.0,37.7,10.6,normal
1697498179.578,46.738,1800.0,6.0,10.7,normal
1697498180.081,46.251,1800.0,3.9,10.6,normal
1697498180.583,46.738,1800.0,2.5,10.6,normal
1697498181.086,46.738,1800.0,4.5,10.6,normal
1697498181.589,45.764,1800.0,3.0,10.6,normal
1697498182.091,46.251,1800.0,3.0,10.6,normal
1697498182.594,46.251,1800.0,5.0,10.6,normal
1697498183.096,46.738,1800.0,4.0,10.6,normal
1697498183.6,45.277,900.0,5.9,10.6,normal
1697498184.106,45.764,600.0,5.0,10.6,normal
1697498184.61,45.764,1000.0,9.5,9.6,normal
1697498185.114,46.738,1800.0,28.9,10.5,normal
1697498185.616,45.764,1800.0,22.0,10.6,normal
1697498186.119,45.764,1800.0,3.5,10.6,normal
1697498186.621,46.251,1800.0,2.5,10.6,normal
1697498187.124,45.764,1800.0,4.5,10.7,normal
1697498187.626,45.764,1800.0,2.5,10.7,normal
1697498188.129,45.764,1800.0,3.5,10.7,normal
1697498188.632,46.251,1800.0,4.5,10.7,normal
1697498189.134,46.738,1800.0,4.0,10.7,normal
1697498189.637,45.764,1800.0,4.0,10.7,normal
1697498190.141,44.79,900.0,4.5,10.7,normal
1697498190.645,45.277,900.0,5.4,10.7,normal
1697498191.148,46.738,1800.0,26.4,10.4,normal
1697498191.651,46.251,1800.0,28.6,10.7,normal
1697498192.153,46.251,1800.0,2.5,10.7,normal
1697498192.656,45.764,1800.0,3.5,10.7,normal
1697498193.159,45.764,1800.0,4.0,10.7,normal
1697498193.661,45.277,1800.0,4.0,10.7,normal
1697498194.164,45.764,1800.0,4.0,10.7,normal
1697498194.666,46.738,1800.0,4.0,10.7,normal
1697498195.169,45.764,1800.0,3.0,10.7,normal
1697498195.671,45.277,1800.0,3.5,10.7,normal
1697498196.176,44.79,900.0,4.5,10.7,normal
1697498196.68,45.277,900.0,4.0,10.7,normal
1697498197.183,45.277,1800.0,18.9,10.3,normal
1697498197.685,46.738,1800.0,37.0,10.7,normal
1697498198.188,45.764,1800.0,2.5,10.7,normal
1697498198.69,47.225,1800.0,4.5,10.7,normal
1697498199.193,46.738,1800.0,4.5,10.7,normal
1697498199.696,46.251,1800.0,3.5,10.7,normal
1697498200.198,45.764,1800.0,3.0,10.7,normal
1697498200.701,45.764,1800.0,2.5,10.7,normal
1697498201.203,46.251,1800.0,2.5,10.7,normal
1697498201.706,45.277,1800.0,4.0,10.7,normal
1697498202.21,45.764,1000.0,4.0,10.7,normal
1697498202.714,45.277,900.0,4.0,10.7,normal
1697498203.217,45.764,1800.0,10.4,9.9,normal
1697498203.723,46.251,1800.0,33.7,10.5,normal
1697498204.225,45.764,1800.0,13.5,10.6,normal
1697498204.728,46.251,1800.0,3.0,10.6,normal
1697498205.231,45.277,1800.0,3.0,10.6,normal
1697498205.733,45.764,1800.0,3.5,10.6,normal
1697498206.236,46.738,1800.0,3.0,10.6,normal
1697498206.738,44.303,1800.0,3.4,10.6,normal
1697498207.241,46.251,1800.0,2.5,10.6,normal
1697498207.743,45.764,1800.0,2.5,10.6,normal
1697498208.248,45.277,700.0,3.0,10.6,normal
1697498208.753,45.764,700.0,7.9,10.6,normal
1697498209.258,44.79,800.0,3.0,10.6,normal
1697498209.761,45.277,1800.0,26.7,10.4,normal
1697498210.264,45.764,1800.0,22.9,10.6,normal
1697498210.766,47.225,1800.0,5.0,10.6,normal
1697498211.269,45.277,1800.0,3.5,10.6,normal
1697498211.771,45.277,1800.0,3.0,10.6,normal
1697498212.274,46.251,1800.0,2.5,10.6,normal
1697498212.776,46.251,1800.0,4.0,10.6,normal
1697498213.279,46.251,1800.0,3.9,10.6,normal
1697498213.781,45.277,1800.0,3.5,10.6,normal
1697498214.284,45.277,1800.0,4.4,10.6,normal
1697498214.788,45.764,900.0,5.0,10.6,normal
1697498215.293,45.764,1000.0,10.0,9.6,normal
1697498215.796,46.251,1800.0,29.9,10.5,normal
1697498216.299,46.251,1800.0,17.1,10.6,normal
1697498216.802,45.764,1800.0,4.5,10.6,normal
1697498217.304,45.764,1800.0,3.5,10.6,normal
1697498217.807,46.251,1800.0,3.0,10.6,normal
1697498218.309,46.251,1800.0,3.0,10.6,normal
1697498218.812,46.251,1800.0,4.5,10.6,normal
1697498219.314,45.277,1800.0,3.5,10.6,normal
1697498219.817,45.764,1800.0,3.9,10.6,normal
1697498220.322,45.764,700.0,3.5,10.7,normal
1697498220.828,45.277,600.0,4.5,10.7,normal
1697498221.333,45.277,600.0,9.0,10.7,normal
1697498221.837,45.764,1800.0,28.4,10.5,normal
1697498222.34,45.764,1800.0,27.7,10.7,normal
1697498222.843,45.764,1800.0,3.0,10.7,normal
1697498223.345,46.251,1800.0,4.0,10.7,normal
1697498223.848,46.738,1800.0,4.9,10.7,normal
1697498224.351,46.251,1800.0,3.0,10.7,normal
1697498224.853,46.738,1800.0,3.5,10.7,normal
1697498225.356,45.764,1800.0,3.5,10.7,normal
1697498225.858,45.277,1800.0,3.0,10.7,normal
1697498226.361,45.764,1800.0,3.9,10.7,normal
1697498226.866,45.277,600.0,3.5,10.7,normal
1697498227.372,46.251,800.0,5.5,10.5,normal
1697498227.875,46.738,1800.0,27.0,10.4,normal
1697498228.378,46.251,1800.0,25.5,10.6,normal
1697498228.88,46.738,1800.0,4.0,10.6,normal
1697498229.383,46.251,1800.0,3.5,10.6,normal
1697498229.885,46.251,1800.0,4.5,10.6,normal
1697498230.387,46.251,1800.0,3.0,10.6,normal
1697498230.89,46.251,1800.0,4.0,10.6,normal
1697498231.393,45.277,1800.0,2.5,10.6,normal
1697498231.895,45.764,1800.0,3.5,10.6,normal
1697498232.398,46.251,1800.0,4.5,10.6,normal
1697498232.903,46.251,600.0,4.9,10.6,normal
1697498233.409,45.277,600.0,5.0,10.6,normal
1697498233.912,46.251,1800.0,25.4,10.3,normal
1697498234.415,46.251,1800.0,31.5,10.6,normal
1697498234.917,45.277,1800.0,3.5,10.6,normal
1697498235.42,45.277,1800.0,3.5,10.6,normal
1697498235.922,45.764,1800.0,3.5,10.6,normal
1697498236.425,45.764,1800.0,3.5,10.6,normal
1697498236.927,45.764,1800.0,3.5,10.6,normal
1697498237.43,46.251,1800.0,3.0,10.6,normal
1697498237.932,45.764,1800.0,3.0,10.6,normal
1697498238.435,45.764,1800.0,5.0,10.6,normal
1697498238.94,46.251,600.0,3.9,10.6,normal
1697498239.446,44.79,600.0,4.5,10.6,normal
1697498239.949,46.251,1800.0,16.9,10.1,normal
1697498240.452,47.712,1800.0,38.5,10.5,normal
1697498240.954,45.277,1800.0,3.5,10.6,normal
1697498241.457,46.738,1800.0,3.5,10.6,normal
1697498241.959,45.277,1800.0,3.9,10.6,normal
1697498242.462,45.764,1800.0,2.5,10.6,normal
1697498242.965,45.764,1800.0,2.0,10.6,normal
1697498243.467,45.277,1800.0,3.5,10.6,normal
1697498243.97,45.764,1800.0,2.0,10.6,normal
1697498244.472,44.79,1800.0,3.5,10.6,normal
1697498244.977,45.277,700.0,4.0,10.6,normal
1697498245.483,46.251,600.0,4.5,10.6,normal
1697498245.986,46.251,1800.0,20.9,10.3,normal
1697498246.488,46.738,1800.0,34.3,10.6,normal
1697498246.991,46.738,1800.0,4.0,10.6,normal
1697498247.493,45.764,1800.0,3.0,10.6,normal
1697498247.996,46.738,1800.0,4.0,10.6,normal
1697498248.498,46.251,1800.0,4.0,10.6,normal
1697498249.001,45.277,1800.0,4.4,10.6,normal
1697498249.504,45.764,1800.0,3.5,10.6,normal
1697498250.006,46.251,1800.0,4.0,10.6,normal
1697498250.509,46.251,1800.0,4.0,10.6,normal
1697498251.014,45.277,700.0,3.5,10.7,normal
1697498251.519,45.277,600.0,4.4,10.7,normal
1697498252.023,45.277,1800.0,25.4,10.3,normal
1697498252.525,45.277,1800.0,28.3,10.6,normal
1697498253.029,46.251,1800.0,4.9,10.6,normal
1697498253.532,46.251,1800.0,4.5,10.6,normal
1697498254.034,45.764,1800.0,3.5,10.6,normal
1697498254.537,46.251,1800.0,3.0,10.6,normal
1697498255.039,45.764,1800.0,3.5,10.6,normal
1697498255.542,46.251,1800.0,4.5,10.7,normal
1697498256.044,46.251,1800.0,3.0,10.6,normal
1697498256.547,45.764,1800.0,3.0,10.6,normal
1697498257.055,46.738,600.0,4.4,10.6,normal
1697498257.56,45.277,600.0,7.9,10.7,normal
1697498258.063,45.277,1800.0,16.6,10.3,normal
1697498258.566,46.251,1800.0,38.8,10.7,normal
1697498259.069,46.738,1800.0,4.5,10.7,normal
1697498259.571,46.738,1800.0,4.9,10.7,normal
1697498260.074,46.738,1800.0,3.0,10.7,normal
1697498260.576,45.277,1800.0,3.0,10.7,normal
1697498261.079,47.712,1800.0,3.5,10.7,normal
1697498261.582,46.251,1800.0,3.9,10.7,normal
1697498262.084,46.738,1800.0,3.5,10.7,normal
1697498262.587,46.251,1800.0,3.0,10.7,normal
1697498263.092,46.251,700.0,5.4,10.7,normal
1697498263.595,45.277,1000.0,5.9,10.7,normal
1697498264.099,45.277,1800.0,23.3,10.3,normal
1697498264.601,46.738,1800.0,32.2,10.6,normal
1697498265.104,46.738,1800.0,3.0,10.6,normal
1697498265.607,45.764,1800.0,5.0,10.6,normal
1697498266.109,46.251,1800.0,3.0,10.6,normal
1697498266.612,46.738,1800.0,2.0,10.7,normal
1697498267.114,46.251,1800.0,1.5,10.6,normal
1697498267.617,46.251,1800.0,3.0,10.7,normal
1697498268.119,46.251,1800.0,2.0,10.7,normal
1697498268.622,46.738,1800.0,6.9,10.7,normal
1697498269.127,45.277,600.0,2.0,10.7,normal
1697498269.633,45.277,600.0,2.5,10.7,normal
1697498270.137,44.303,1800.0,24.5,10.5,normal
1697498270.639,45.277,1800.0,30.8,10.7,normal
1697498271.142,46.738,1800.0,3.0,10.7,normal
1697498271.644,45.764,1800.0,4.0,10.7,normal
1697498272.147,45.277,1800.0,3.5,10.7,normal
1697498272.649,47.225,1800.0,2.5,10.7,normal
1697498273.152,46.251,1800.0,3.0,10.7,normal
1697498273.655,45.764,1800.0,5.0,10.7,normal
1697498274.157,45.764,1800.0,3.0,10.7,normal
1697498274.66,46.251,1800.0,4.0,10.7,normal
1697498275.164,46.738,800.0,4.0,10.7,normal
1697498275.669,44.79,1000.0,8.9,10.1,normal
1697498276.172,45.764,1800.0,28.5,10.5,normal
1697498276.674,45.764,1800.0,22.9,10.6,normal
1697498277.177,45.277,1800.0,3.0,10.6,normal
1697498277.68,46.738,1800.0,4.5,10.6,normal
1697498278.182,45.764,1800.0,3.5,10.6,normal
1697498278.685,45.277,1800.0,3.5,10.6,normal
1697498279.187,45.764,1800.0,3.5,10.6,normal
1697498279.69,45.764,1800.0,4.0,10.6,normal
1697498280.192,45.277,1800.0,4.0,10.6,normal
1697498280.695,45.764,1800.0,3.0,10.6,normal
1697498281.199,45.764,1000.0,6.4,10.6,normal
1697498281.701,45.764,1800.0,6.0,10.6,normal
1697498282.205,46.738,1800.0,25.2,10.5,normal
1697498282.708,46.738,1800.0,26.5,10.7,normal
1697498283.211,45.764,1800.0,2.5,10.7,normal
1697498283.713,46.251,1800.0,4.0,10.7,normal
1697498284.216,47.225,1800.0,3.0,10.7,normal
1697498284.718,45.277,1800.0,2.0,10.7,normal
1697498285.221,46.251,1800.0,2.5,10.7,normal
1697498285.723,45.764,1800.0,4.0,10.7,normal
1697498286.226,46.251,1800.0,2.0,10.7,normal
1697498286.731,45.764,700.0,3.0,10.7,normal
1697498287.235,45.764,800.0,4.9,10.7,normal
1697498287.739,45.277,900.0,4.9,10.7,normal
1697498288.242,46.251,1800.0,19.4,10.3,normal
1697498288.745,46.251,1800.0,37.7,10.6,normal
1697498289.247,45.764,1800.0,4.0,10.6,normal
1697498289.75,46.251,1800.0,4.0,10.6,normal
1697498290.252,45.764,1800.0,4.5,10.7,normal
1697498290.755,46.251,1800.0,2.5,10.7,normal
1697498291.257,46.738,1800.0,3.0,10.7,normal
1697498291.76,44.79,1800.0,3.9,10.7,normal
1697498292.262,45.277,1800.0,4.0,10.7,normal
1697498292.765,45.277,1800.0,2.5,10.7,normal
1697498293.269,45.277,800.0,3.9,10.7,normal
1697498293.774,45.277,700.0,6.4,10.7,normal
1697498294.278,45.764,1800.0,10.4,9.8,normal
1697498294.782,46.738,1800.0,30.7,10.6,normal
1697498295.284,46.251,1800.0,17.9,10.7,normal
1697498295.787,45.764,1800.0,3.5,10.7,normal
1697498296.29,45.764,1800.0,4.0,10.7,normal
1697498296.792,45.277,1800.0,3.5,10.7,normal
1697498297.295,45.764,1800.0,3.5,10.7,normal
1697498297.797,45.764,1800.0,3.5,10.7,normal
1697498298.3,46.251,1800.0,3.5,10.6,normal
1697498298.802,46.251,1800.0,4.4,10.7,normal
1697498299.307,45.764,700.0,3.5,10.6,normal
1697498299.812,45.764,700.0,5.4,10.6,normal
1697498300.317,44.79,700.0,4.5,10.7,normal
1697498300.82,45.764,1800.0,27.4,10.5,normal
1697498301.323,45.277,1800.0,27.4,10.7,normal
1697498301.825,47.225,1800.0,3.5,10.7,normal
1697498302.328,46.251,1800.0,3.5,10.7,normal
1697498302.831,45.764,1800.0,4.0,10.7,normal
1697498303.333,46.251,1800.0,3.0,10.7,normal
1697498303.836,46.738,1800.0,4.5,10.7,normal
1697498304.338,46.251,1800.0,4.0,10.7,normal
1697498304.841,46.738,1800.0,3.5,10.7,normal
1697498305.343,45.277,1800.0,3.5,10.7,normal
1697498305.849,45.277,600.0,5.4,10.7,normal
1697498306.355,45.277,600.0,5.4,10.7,normal
1697498306.858,47.225,1800.0,21.0,10.3,normal
1697498307.36,47.225,1800.0,32.8,10.6,normal
1697498307.863,45.764,1800.0,4.0,10.6,normal
1697498308.365,46.251,1800.0,4.0,10.6,normal
1697498308.868,45.764,1800.0,4.9,10.6,normal
1697498309.37,46.738,1800.0,3.0,10.6,normal
1697498309.873,45.764,1800.0,4.0,10.6,normal
1697498310.375,45.764,1800.0,2.5,10.6,normal
1697498310.879,45.277,1800.0,4.9,10.6,normal
1697498311.382,44.79,1800.0,4.0,10.6,normal
1697498311.887,45.764,600.0,3.5,10.6,normal
1697498312.393,46.251,600.0,5.4,10.6,normal
1697498312.896,45.277,1800.0,15.0,10.1,normal
1697498313.399,47.712,1800.0,38.0,10.6,normal
1697498313.901,45.277,1800.0,7.0,10.7,normal
1697498314.404,46.738,1800.0,3.5,10.7,normal
1697498314.906,46.738,1800.0,3.5,10.7,normal
1697498315.409,44.79,1800.0,3.0,10.7,normal
1697498315.911,45.764,1800.0,3.5,10.7,normal
1697498316.414,46.251,1800.0,3.0,10.7,normal
1697498316.917,46.251,1800.0,4.0,10.7,normal
1697498317.42,45.277,1800.0,3.0,10.7,normal
1697498317.923,46.251,1800.0,3.9,10.7,normal
1697498318.429,45.277,600.0,3.5,10.7,normal
1697498318.935,45.277,600.0,7.9,10.5,normal
1697498319.438,45.764,1800.0,29.0,10.5,normal
1697498319.94,46.251,1800.0,23.6,10.6,normal
1697498320.443,46.738,1800.0,4.0,10.6,normal
1697498320.946,45.277,1800.0,3.0,10.6,normal
1697498321.448,44.303,1800.0,4.5,10.6,normal
1697498321.951,45.764,1800.0,3.0,10.6,normal
1697498322.453,45.764,1800.0,2.5,10.7,normal
1697498322.956,46.251,1800.0,3.9,10.7,normal
1697498323.458,46.251,1800.0,3.5,10.7,normal
1697498323.961,46.251,1800.0,3.5,10.7,normal
1697498324.467,46.251,600.0,5.0,10.7,normal
1697498324.972,45.277,625.0,4.9,10.7,normal
1697498325.476,47.225,1800.0,22.3,10.4,normal
1697498325.978,46.251,1800.0,31.7,10.6,normal
1697498326.481,46.738,1800.0,2.0,10.6,normal
1697498326.983,46.251,1800.0,2.0,10.6,normal
1697498327.486,46.251,1800.0,2.0,10.6,normal
1697498327.988,45.764,1800.0,2.5,10.7,normal
1697498328.491,46.251,1800.0,4.0,10.7,normal
1697498328.994,45.764,1800.0,3.0,10.7,normal
1697498329.496,46.251,1800.0,2.0,10.7,normal
1697498329.999,46.251,1800.0,1.5,10.7,normal
1697498330.504,45.764,600.0,1.5,10.7,normal
1697498331.007,46.251,1800.0,8.0,10.7,normal
1697498331.51,46.251,1800.0,27.5,10.4,normal
1697498332.013,46.738,1800.0,23.6,10.6,normal
1697498332.515,46.738,1800.0,4.5,10.6,normal
1697498333.018,46.251,1800.0,3.5,10.6,normal
1697498333.52,46.738,1800.0,4.5,10.6,normal
1697498334.023,46.251,1800.0,3.5,10.6,normal
1697498334.526,45.277,1800.0,4.0,10.6,normal
1697498335.029,45.277,1800.0,3.5,10.6,normal
1697498335.532,45.277,1800.0,3.5,10.7,normal
1697498336.037,46.251,600.0,3.9,10.7,normal
1697498336.543,45.764,600.0,6.4,10.6,normal
1697498337.049,45.764,600.0,4.5,10.6,normal
1697498337.553,46.251,1800.0,22.9,10.4,normal
1697498338.055,47.225,1800.0,32.7,10.7,normal
1697498338.558,46.738,1800.0,5.0,10.7,normal
1697498339.06,47.225,1800.0,2.5,10.7,normal
1697498339.563,45.764,1800.0,2.5,10.7,normal
1697498340.066,45.764,1800.0,2.5,10.7,normal
1697498340.568,47.225,1800.0,4.0,10.7,normal
1697498341.071,45.764,1800.0,4.0,10.7,normal
1697498341.574,46.738,1800.0,3.5,10.7,normal
1697498342.076,46.738,1800.0,4.5,10.7,normal
1697498342.581,45.277,700.0,4.0,10.7,normal
1697498343.086,45.764,800.0,4.5,10.7,normal
1697498343.589,46.251,1800.0,14.0,10.1,normal
1697498344.091,47.225,1800.0,37.5,10.5,normal
1697498344.594,46.738,1800.0,6.5,10.6,normal
1697498345.096,46.251,1800.0,4.0,10.6,normal
1697498345.599,46.251,1800.0,3.5,10.6,normal
1697498346.102,46.738,1800.0,3.0,10.6,normal
1697498346.604,46.251,1800.0,5.5,10.6,normal
1697498347.107,46.251,1800.0,3.0,10.6,normal
1697498347.609,45.764,1800.0,2.5,10.6,normal
1697498348.112,45.277,1800.0,3.5,10.6,normal
1697498348.616,46.251,900.0,5.9,10.7,normal
1697498349.122,46.251,600.0,5.0,10.7,normal
1697498349.63,44.79,800.0,8.4,10.1,normal
1697498350.133,45.764,1800.0,27.9,10.4,normal
1697498350.636,46.738,1800.0,22.9,10.6,normal
1697498351.138,45.764,1800.0,3.5,10.6,normal
1697498351.641,46.738,1800.0,3.0,10.6,normal
1697498352.143,45.764,1800.0,3.5,10.6,normal
1697498352.646,45.764,1800.0,4.0,10.6,normal
1697498353.148,45.277,1800.0,4.0,10.6,normal
1697498353.651,45.277,1800.0,4.5,10.6,normal
1697498354.154,45.764,1800.0,3.0,10.6,normal
1697498354.659,45.277,700.0,3.9,10.7,normal
1697498355.162,45.764,1200.0,5.0,10.6,normal
1697498355.666,45.764,900.0,4.5,10.6,normal
1697498356.169,45.277,1800.0,25.9,10.3,normal
1697498356.672,46.251,1800.0,29.1,10.6,normal
1697498357.175,45.277,1800.0,3.5,10.6,normal
1697498357.677,45.277,1800.0,3.5,10.6,normal
1697498358.18,46.251,1800.0,2.5,10.6,normal
1697498358.682,46.738,1800.0,4.5,10.6,normal
1697498359.185,46.251,1800.0,4.0,10.6,normal
1697498359.687,45.764,1800.0,3.0,10.6,normal
1697498360.19,45.277,1800.0,3.5,10.6,normal
1697498360.692,46.251,1800.0,3.0,10.6,normal
1697498361.197,45.277,800.0,5.0,10.7,normal
1697498361.702,45.277,700.0,5.9,10.7,normal
1697498362.205,46.251,1800.0,17.9,10.3,normal
1697498362.707,48.199,1800.0,36.5,10.7,normal
1697498363.21,44.79,1800.0,4.5,10.7,normal
1697498363.712,47.225,1800.0,4.0,10.7,normal
1697498364.215,46.251,1800.0,3.9,10.7,normal
1697498364.717,44.79,1800.0,3.5,10.7,normal
1697498365.22,46.251,1800.0,4.0,10.7,normal
1697498365.722,46.251,1800.0,3.0,10.7,normal
1697498366.225,45.764,1800.0,3.0,10.7,normal
1697498366.727,46.251,1800.0,2.0,10.7,normal
1697498367.231,44.79,1000.0,4.0,10.7,normal
1697498367.736,45.764,800.0,4.0,10.7,normal
1697498368.239,47.225,1800.0,20.5,10.3,normal
1697498368.742,46.738,1800.0,32.5,10.6,normal
1697498369.244,46.251,1800.0,3.5,10.6,normal
1697498369.747,46.738,1800.0,3.5,10.7,normal
1697498370.25,46.251,1800.0,3.0,10.7,normal
1697498370.752,45.764,1800.0,3.0,10.7,normal
1697498371.255,45.764,1800.0,4.0,10.7,normal
1697498371.757,46.738,1800.0,3.5,10.7,normal
1697498372.26,46.738,1800.0,3.0,10.7,normal
1697498372.763,46.251,1800.0,3.5,10.7,normal
1697498373.266,45.277,1200.0,5.9,10.7,normal
1697498373.771,45.764,700.0,5.4,10.7,normal
1697498374.274,45.277,1800.0,16.0,10.2,normal
1697498374.777,47.225,1800.0,46.8,10.6,normal
1697498375.279,45.764,1800.0,7.0,10.6,normal
1697498375.782,45.764,1800.0,3.5,10.6,normal
1697498376.284,45.277,1800.0,3.5,10.6,normal
1697498376.787,45.764,1800.0,3.5,10.6,normal
1697498377.289,46.251,1800.0,3.0,10.6,normal
1697498377.792,45.764,1800.0,3.5,10.6,normal
1697498378.294,46.738,1800.0,4.0,10.6,normal
1697498378.797,46.251,1800.0,4.0,10.6,normal
1697498379.301,45.277,800.0,5.4,10.6,normal
1697498379.806,45.764,800.0,5.4,10.6,normal
1697498380.309,46.251,1800.0,20.4,10.2,normal
1697498380.811,46.738,1800.0,36.3,10.6,normal
1697498381.314,46.738,1800.0,4.5,10.6,normal
1697498381.816,45.277,1800.0,3.0,10.6,normal
1697498382.319,45.277,1800.0,3.0,10.6,normal
1697498382.822,46.251,1800.0,3.0,10.6,normal
1697498383.324,47.225,1800.0,4.0,10.6,normal
1697498383.827,46.738,1800.0,4.5,10.6,normal
1697498384.329,45.764,1800.0,2.0,10.6,normal
1697498384.832,46.251,1800.0,3.5,10.6,normal
1697498385.336,45.764,800.0,4.5,10.6,normal
1697498385.842,44.79,600.0,5.4,10.6,normal
1697498386.345,45.277,1800.0,22.0,10.3,normal
1697498386.848,46.738,1800.0,30.8,10.6,normal
1697498387.35,45.764,1800.0,3.5,10.6,normal
1697498387.853,45.277,1800.0,3.5,10.6,normal
1697498388.356,45.764,1800.0,2.5,10.6,normal
1697498388.858,46.251,1800.0,5.0,10.6,normal
1697498389.361,45.764,1800.0,5.0,10.7,normal
1697498389.863,45.764,1800.0,4.0,10.7,normal
1697498390.366,45.764,1800.0,3.5,10.7,normal
1697498390.868,46.251,1800.0,5.0,10.7,normal
1697498391.374,46.251,600.0,4.0,10.7,normal
1697498391.88,45.277,600.0,5.0,10.6,normal
1697498392.383,45.764,1800.0,26.9,10.5,normal
1697498392.886,46.251,1800.0,26.4,10.7,normal
1697498393.388,46.738,1800.0,3.5,10.7,normal
1697498393.891,46.738,1800.0,5.0,10.7,normal
1697498394.393,46.738,1800.0,3.5,10.7,normal
1697498394.896,46.738,1800.0,4.0,10.7,normal
1697498395.399,46.251,1800.0,3.5,10.7,normal
1697498395.901,46.251,1800.0,4.0,10.7,normal
1697498396.404,46.738,1800.0,3.5,10.7,normal
1697498396.906,44.79,1800.0,3.5,10.7,normal
1697498397.412,45.764,600.0,4.4,10.7,normal
1697498397.918,45.277,600.0,6.5,10.5,normal
1697498398.421,46.251,1800.0,29.9,10.5,normal
1697498398.923,45.764,1800.0,24.9,10.6,normal
1697498399.426,45.277,1800.0,3.5,10.6,normal
1697498399.929,46.738,1800.0,2.5,10.6,normal
1697498400.431,46.738,1800.0,4.4,10.6,normal
1697498400.934,46.251,1800.0,3.0,10.6,normal
1697498401.436,45.764,1800.0,3.0,10.6,normal
1697498401.939,46.251,1800.0,4.0,10.6,normal
1697498402.442,46.251,1800.0,4.9,10.6,normal
1697498402.944,46.251,1800.0,4.0,10.6,normal
1697498403.45,45.277,600.0,4.5,10.6,normal
1697498403.953,46.738,1800.0,11.4,9.6,normal
1697498404.456,46.251,1800.0,28.1,10.4,normal
1697498404.958,46.738,1800.0,19.7,10.6,normal
1697498405.461,46.251,1800.0,3.5,10.6,normal
1697498405.963,45.764,1800.0,2.5,10.6,normal
1697498406.466,45.764,1800.0,3.9,10.6,normal
1697498406.969,46.251,1800.0,3.0,10.6,normal
1697498407.471,45.764,1800.0,2.5,10.6,normal
1697498407.974,45.277,1800.0,3.0,10.6,normal
1697498408.476,45.764,1800.0,3.0,10.6,normal
1697498408.981,46.251,700.0,3.5,10.6,normal
1697498409.487,45.277,600.0,4.4,10.6,normal
1697498409.993,45.764,600.0,3.5,10.6,normal
1697498410.497,47.225,1800.0,27.4,10.4,normal
1697498410.999,46.738,1800.0,28.4,10.6,normal
1697498411.502,46.738,1800.0,3.0,10.6,normal
1697498412.004,46.251,1800.0,3.0,10.6,normal
1697498412.507,45.277,1800.0,3.5,10.6,normal
1697498413.01,46.251,1800.0,3.0,10.6,normal
1697498413.512,46.251,1800.0,4.0,10.6,normal
1697498414.015,44.303,1800.0,3.9,10.6,normal
1697498414.517,44.79,1800.0,2.5,10.6,normal
1697498415.021,46.251,1800.0,4.0,10.6,normal
1697498415.527,45.277,600.0,5.0,10.6,normal
1697498416.035,44.79,700.0,7.4,10.5,normal
1697498416.538,45.277,1800.0,29.2,10.5,normal
1697498417.041,46.251,1800.0,25.2,10.6,normal
1697498417.543,46.251,1800.0,4.5,10.6,normal
1697498418.046,46.251,1800.0,3.0,10.6,normal
1697498418.548,46.251,1800.0,3.5,10.6,normal
1697498419.051,45.764,1800.0,3.0,10.7,normal
1697498419.554,45.764,1800.0,4.5,10.7,normal
1697498420.056,45.764,1800.0,3.0,10.7,normal
1697498420.559,45.764,1800.0,3.0,10.7,normal
1697498421.061,45.764,1800.0,2.0,10.7,normal
1697498421.567,46.251,600.0,5.9,10.7,normal
1697498422.072,45.277,1000.0,8.9,9.7,normal
1697498422.575,46.738,1800.0,30.8,10.6,normal
1697498423.078,46.738,1800.0,20.5,10.7,normal
1697498423.58,47.225,1800.0,3.5,10.7,normal
1697498424.083,45.764,1800.0,3.5,10.7,normal
1697498424.586,46.251,1800.0,4.0,10.7,normal
1697498425.088,45.277,1800.0,3.5,10.7,normal
1697498425.591,45.764,1800.0,4.0,10.7,normal
1697498426.093,45.277,1800.0,3.0,10.7,normal
1697498426.596,46.251,1800.0,3.5,10.7,normal
1697498427.101,46.251,700.0,3.9,10.7,normal
1697498427.605,45.277,800.0,5.9,10.7,normal
1697498428.108,45.764,1800.0,14.4,10.1,normal
1697498428.611,47.225,1800.0,37.5,10.6,normal
1697498429.113,45.764,1800.0,5.0,10.6,normal
1697498429.616,46.251,1800.0,4.0,10.6,normal
1697498430.118,45.764,1800.0,2.5,10.7,normal
1697498430.621,45.277,1800.0,3.0,10.7,normal
1697498431.124,45.764,1800.0,3.5,10.7,normal
1697498431.626,44.79,1800.0,3.5,10.7,normal
1697498432.129,45.764,1800.0,3.0,10.7,normal
1697498432.631,45.764,1800.0,3.5,10.7,normal
1697498433.135,45.277,900.0,3.9,10.7,normal
1697498433.639,45.277,900.0,5.4,10.7,normal
1697498434.142,44.303,1800.0,11.4,9.7,normal
1697498434.646,45.764,1800.0,29.4,10.6,normal
1697498435.148,46.251,1800.0,21.3,10.7,normal
1697498435.651,45.764,1800.0,4.0,10.7,normal
1697498436.153,47.225,1800.0,4.5,10.7,normal
1697498436.656,45.277,1800.0,3.0,10.7,normal
1697498437.158,45.277,1800.0,3.0,10.7,normal
1697498437.661,45.764,1800.0,2.5,10.7,normal
1697498438.164,45.764,1800.0,4.5,10.7,normal
1697498438.666,45.764,1800.0,4.9,10.7,normal
1697498439.171,45.764,700.0,3.5,10.7,normal
1697498439.675,44.303,900.0,5.4,10.7,normal
1697498440.179,45.277,900.0,5.9,10.7,normal
1697498440.683,45.764,1800.0,26.2,10.4,normal
1697498441.186,46.251,1800.0,29.0,10.6,normal
1697498441.688,45.764,1800.0,4.0,10.6,normal
1697498442.191,45.764,1800.0,4.0,10.6,normal
1697498442.693,45.277,1800.0,4.0,10.6,normal
1697498443.196,45.764,1800.0,4.0,10.7,normal
1697498443.698,45.277,1800.0,4.0,10.7,normal
1697498444.201,45.764,1800.0,3.5,10.7,normal
1697498444.703,46.251,1800.0,3.5,10.7,normal
1697498445.206,45.764,1800.0,2.5,10.7,normal
1697498445.711,46.251,600.0,3.5,10.7,normal
1697498446.216,46.251,900.0,3.5,10.7,normal
1697498446.719,44.79,1800.0,20.4,10.3,normal
1697498447.221,46.251,1800.0,34.3,10.7,normal
1697498447.723,45.277,1800.0,2.0,10.7,normal
1697498448.226,46.251,1800.0,2.0,10.7,normal
1697498448.728,45.764,1800.0,3.0,10.7,normal
1697498449.231,46.251,1800.0,1.5,10.7,normal
1697498449.733,45.764,1800.0,2.0,10.7,normal
1697498450.236,46.251,1800.0,4.0,10.7,normal
1697498450.739,45.764,1800.0,4.9,10.7,normal
1697498451.241,45.764,1800.0,3.0,10.7,normal
1697498451.745,45.764,900.0,3.5,10.7,normal
1697498452.251,45.277,600.0,4.9,10.7,normal
1697498452.754,46.738,1800.0,12.9,10.1,normal
1697498453.257,46.738,1800.0,36.2,10.6,normal
1697498453.76,45.764,1800.0,8.5,10.6,normal
1697498454.262,46.251,1800.0,3.0,10.6,normal
1697498454.765,46.251,1800.0,3.5,10.6,normal
1697498455.267,45.764,1800.0,3.5,10.7,normal
1697498455.77,45.764,1800.0,3.5,10.7,normal
1697498456.272,45.764,1800.0,3.0,10.7,normal
1697498456.775,45.277,1800.0,3.5,10.7,normal
1697498457.278,45.764,1800.0,4.5,10.7,normal
1697498457.783,45.764,800.0,3.9,10.7,normal
1697498458.287,45.764,800.0,4.0,10.7,normal
1697498458.793,45.764,800.0,8.9,10.5,normal
1697498459.297,47.225,1800.0,29.2,10.5,normal
1697498459.799,46.251,1800.0,22.5,10.7,normal
1697498460.302,45.764,1800.0,4.0,10.7,normal
1697498460.804,45.277,1800.0,3.5,10.7,normal
1697498461.307,45.764,1800.0,4.4,10.7,normal
1697498461.809,45.277,1800.0,4.5,10.7,normal
1697498462.312,45.277,1800.0,3.5,10.7,normal
1697498462.815,45.277,1800.0,3.0,10.7,normal
1697498463.317,46.251,1800.0,3.5,10.7,normal
1697498463.82,44.79,1800.0,4.5,10.7,normal
1697498464.325,46.251,700.0,4.5,10.7,normal
1697498464.83,45.277,700.0,4.0,10.7,normal
1697498465.333,46.251,1800.0,24.4,10.4,normal
1697498465.835,46.251,1800.0,31.0,10.7,normal
1697498466.338,46.738,1800.0,3.0,10.7,normal
1697498466.841,45.277,1800.0,4.0,10.7,normal
1697498467.343,47.225,1800.0,3.0,10.7,normal
1697498467.846,45.764,1800.0,4.5,10.7,normal
1697498468.348,45.764,1800.0,3.5,10.7,normal
1697498468.851,45.277,1800.0,4.5,10.7,normal
1697498469.353,45.764,1800.0,3.5,10.7,normal
1697498469.856,46.251,1800.0,5.0,10.7,normal
1697498470.36,46.251,800.0,4.9,10.7,normal
1697498470.865,44.303,800.0,5.4,10.6,normal
1697498471.367,45.764,1800.0,27.5,10.4,normal
1697498471.87,46.251,1800.0,26.0,10.6,normal
1697498472.372,45.764,1800.0,3.5,10.6,normal
1697498472.875,45.277,1800.0,3.5,10.6,normal
1697498473.378,45.277,1800.0,3.0,10.6,normal
1697498473.88,46.251,1800.0,5.4,10.6,normal
1697498474.383,45.764,1800.0,3.5,10.6,normal
1697498474.885,46.251,1800.0,3.0,10.6,normal
1697498475.388,44.79,1800.0,3.0,10.6,normal
1697498475.89,46.738,1800.0,3.5,10.6,normal
1697498476.395,45.277,800.0,5.4,10.6,normal
1697498476.9,45.764,600.0,4.4,10.7,normal
1697498477.403,47.225,1800.0,21.5,10.4,normal
1697498477.906,46.738,1800.0,35.1,10.7,normal
1697498478.409,46.251,1800.0,3.5,10.7,normal
1697498478.911,47.712,1800.0,4.5,10.7,normal
1697498479.414,46.738,1800.0,2.5,10.7,normal
1697498479.916,45.764,1800.0,4.0,10.7,normal
1697498480.419,45.764,1800.0,3.5,10.7,normal
1697498480.921,45.764,1800.0,3.0,10.7,normal
1697498481.424,46.738,1800.0,3.5,10.7,normal
1697498481.926,46.251,1800.0,4.5,10.7,normal
1697498482.432,45.277,600.0,4.0,10.7,normal
1697498482.937,46.251,800.0,5.0,10.7,normal
1697498483.44,46.738,1200.0,15.4,10.1,normal
1697498483.943,46.251,1800.0,38.0,10.5,normal
1697498484.446,46.738,1800.0,5.5,10.6,normal
1697498484.949,45.277,1800.0,4.5,10.6,normal
1697498485.452,45.764,1800.0,2.5,10.6,normal
1697498485.954,46.251,1800.0,4.5,10.6,normal
1697498486.457,45.764,1800.0,4.0,10.6,normal
1697498486.959,45.277,1800.0,3.5,10.6,normal
1697498487.462,46.251,1800.0,3.9,10.6,normal
1697498487.965,45.764,1800.0,2.5,10.6,normal
1697498488.469,45.277,800.0,3.5,10.6,normal
1697498488.975,45.764,600.0,4.5,10.7,normal
1697498489.482,46.251,600.0,7.4,10.5,normal
1697498489.985,46.738,1800.0,29.9,10.5,normal
1697498490.487,45.277,1800.0,24.4,10.7,normal
1697498490.99,45.277,1800.0,3.0,10.7,normal
1697498491.493,46.251,1800.0,2.5,10.7,normal
1697498491.995,46.738,1800.0,3.0,10.7,normal
1697498492.498,46.738,1800.0,2.0,10.7,normal
1697498493.0,45.764,1800.0,3.0,10.7,normal
1697498493.503,46.251,1800.0,4.5,10.7,normal
1697498494.005,46.251,1800.0,2.0,10.7,normal
1697498494.508,45.277,1800.0,3.0,10.7,normal
1697498495.014,45.277,600.0,3.5,10.7,normal
1697498495.519,44.79,800.0,7.9,10.3,normal
1697498496.022,45.764,1800.0,29.5,10.5,normal
1697498496.524,46.251,1800.0,23.0,10.7,normal
1697498497.027,45.764,1800.0,4.0,10.7,normal
1697498497.53,46.251,1800.0,2.5,10.7,normal
1697498498.032,46.251,1800.0,4.5,10.7,normal
1697498498.535,45.764,1800.0,5.4,10.7,normal
1697498499.037,46.738,1800.0,3.5,10.7,normal
1697498499.54,45.764,1800.0,3.5,10.7,normal
1697498500.043,47.225,1800.0,3.9,10.7,normal
1697498500.546,46.251,1800.0,5.0,10.7,normal
1697498501.05,45.764,800.0,4.0,10.7,normal
1697498501.556,45.277,800.0,3.4,10.7,normal
1697498502.059,45.277,1800.0,24.4,10.3,normal
1697498502.562,47.712,1800.0,32.0,10.6,normal
1697498503.065,46.251,1800.0,3.5,10.7,normal
1697498503.567,47.225,1800.0,4.0,10.7,normal
1697498504.07,46.251,1800.0,5.0,10.7,normal
1697498504.572,45.277,1800.0,2.5,10.7,normal
1697498505.075,45.277,1800.0,3.5,10.7,normal
1697498505.577,46.738,1800.0,2.0,10.7,normal
1697498506.08,46.251,1800.0,5.0,10.7,normal
1697498506.583,46.251,1800.0,2.5,10.7,normal
1697498507.088,44.79,600.0,3.0,10.7,normal
1697498507.594,45.277,600.0,4.9,10.7,normal
1697498508.097,46.251,1800.0,17.6,10.3,normal
1697498508.6,46.738,1800.0,39.3,10.5,normal
1697498509.102,46.251,1800.0,5.5,10.6,normal
1697498509.605,45.764,1800.0,4.0,10.6,normal
1697498510.107,46.738,1800.0,3.5,10.6,normal
1697498510.61,46.251,1800.0,3.5,10.6,normal
1697498511.113,45.764,1800.0,4.0,10.6,normal
1697498511.615,46.251,1800.0,3.0,10.7,normal
1697498512.118,46.251,1800.0,3.0,10.7,normal
1697498512.62,46.251,1800.0,3.5,10.6,normal
1697498513.124,46.251,900.0,4.9,10.7,normal
1697498513.628,45.764,1000.0,5.4,10.7,normal
1697498514.131,46.251,1800.0,21.1,10.3,normal
1697498514.65,46.738,1800.0,33.3,10.6,normal
1697498515.153,45.764,1800.0,4.5,10.6,normal
1697498515.655,47.225,1800.0,3.9,10.6,normal
1697498516.158,45.277,1800.0,3.5,10.6,normal
1697498516.66,45.764,1800.0,2.0,10.6,normal
1697498517.163,46.251,1800.0,4.9,10.6,normal
1697498517.665,45.764,1800.0,3.5,10.7,normal
1697498518.168,45.764,1800.0,3.0,10.7,normal
1697498518.67,45.764,1800.0,4.5,10.7,normal
1697498519.175,44.79,900.0,4.9,10.7,normal
1697498519.679,46.251,900.0,5.0,10.7,normal
1697498520.182,45.277,1800.0,13.4,10.1,normal
1697498520.686,47.712,1800.0,35.6,10.6,normal
1697498521.189,46.251,1800.0,10.5,10.6,normal
1697498521.692,46.738,1800.0,3.5,10.7,normal
1697498522.194,45.764,1800.0,3.9,10.7,normal
1697498522.697,46.251,1800.0,2.5,10.7,normal
1697498523.199,45.764,1800.0,4.0,10.7,normal
1697498523.702,45.764,1800.0,4.5,10.7,normal
1697498524.204,46.251,1800.0,3.5,10.7,normal
1697498524.707,45.764,1800.0,3.0,10.7,normal
1697498525.212,44.79,700.0,3.0,10.7,normal
1697498525.716,45.277,900.0,5.9,10.7,normal
1697498526.221,45.764,900.0,6.4,10.6,normal
1697498526.724,46.738,1800.0,28.0,10.5,normal
1697498527.227,46.738,1800.0,24.6,10.7,normal
1697498527.729,46.251,1800.0,4.5,10.7,normal
1697498528.232,46.738,1800.0,3.5,10.7,normal
1697498528.734,45.764,1800.0,4.0,10.7,normal
1697498529.237,45.764,1800.0,3.5,10.7,normal
1697498529.739,46.251,1800.0,4.0,10.7,normal
1697498530.242,45.764,1800.0,3.5,10.7,normal
1697498530.744,46.251,1800.0,3.0,10.7,normal
1697498531.247,44.79,1800.0,3.5,10.7,normal
1697498531.752,45.764,600.0,3.5,10.7,normal
1697498532.258,44.79,600.0,5.4,10.7,normal
1697498532.762,46.251,1800.0,21.6,10.4,normal
1697498533.264,46.251,1800.0,30.0,10.7,normal
1697498533.767,46.251,1800.0,4.0,10.7,normal
1697498534.269,46.738,1800.0,3.5,10.7,normal
1697498534.772,45.764,1800.0,3.0,10.7,normal
1697498535.275,45.277,1800.0,2.5,10.7,normal
1697498535.777,44.79,1800.0,3.0,10.7,normal
1697498536.28,45.764,1800.0,2.5,10.7,normal
1697498536.782,46.251,1800.0,3.5,10.7,normal
1697498537.285,45.277,1800.0,3.0,10.7,normal
1697498537.79,46.251,600.0,3.5,10.7,normal
1697498538.296,44.79,600.0,4.9,10.7,normal
1697498538.799,44.79,1800.0,19.0,10.2,normal
1697498539.302,46.251,1800.0,37.2,10.6,normal
1697498539.804,46.738,1800.0,4.5,10.7,normal
1697498540.307,46.251,1800.0,3.0,10.6,normal
1697498540.81,45.764,1800.0,3.5,10.6,normal
1697498541.312,46.251,1800.0,3.5,10.7,normal
1697498541.815,45.764,1800.0,2.5,10.7,normal
1697498542.317,45.764,1800.0,2.5,10.7,normal
1697498542.82,45.277,1800.0,4.4,10.7,normal
1697498543.322,46.251,1800.0,3.0,10.7,normal
1697498543.827,45.277,700.0,4.0,10.7,normal
1697498544.332,45.764,800.0,4.5,10.7,normal
1697498544.836,44.79,1800.0,10.9,9.9,normal
1697498545.34,46.251,1800.0,31.7,10.6,normal
1697498545.842,44.79,1800.0,15.8,10.7,normal
1697498546.345,47.225,1800.0,3.0,10.7,normal
1697498546.847,46.251,1800.0,3.5,10.7,normal
1697498547.35,46.738,1800.0,3.5,10.7,normal
1697498547.852,45.277,1800.0,3.0,10.7,normal
1697498548.355,45.764,1800.0,3.5,10.7,normal
1697498548.858,46.251,1800.0,4.0,10.7,normal
1697498549.36,46.251,1800.0,3.5,10.7,normal
1697498549.865,45.764,700.0,3.5,10.7,normal
1697498550.369,44.79,800.0,5.0,10.7,normal
1697498550.872,45.764,1800.0,15.9,10.3,normal
1697498551.375,47.225,1800.0,38.8,10.7,normal
1697498551.878,46.251,1800.0,5.0,10.7,normal
1697498552.38,45.764,1800.0,3.5,10.7,normal
1697498552.883,46.251,1800.0,3.5,10.7,normal
1697498553.386,46.251,1800.0,4.0,10.7,normal
1697498553.888,46.251,1800.0,3.5,10.7,normal
1697498554.391,47.225,1800.0,3.0,10.7,normal
1697498554.893,46.738,1800.0,3.5,10.7,normal
1697498555.396,45.764,1800.0,4.0,10.7,normal
1697498555.901,45.764,700.0,3.5,10.7,normal
1697498556.405,45.764,900.0,5.0,10.7,normal
1697498556.91,45.277,800.0,8.4,10.1,normal
1697498557.413,45.277,1800.0,28.9,10.5,normal
1697498557.916,46.251,1800.0,22.1,10.6,normal
1697498558.419,46.738,1800.0,4.0,10.6,normal
1697498558.921,46.251,1800.0,3.5,10.6,normal
1697498559.424,45.764,1800.0,3.0,10.7,normal
1697498559.926,44.79,1800.0,4.4,10.7,normal
1697498560.429,46.251,1800.0,4.4,10.7,normal
1697498560.931,46.251,1800.0,3.0,10.7,normal
1697498561.434,45.764,1800.0,3.5,10.7,normal
1697498561.937,45.764,1800.0,4.0,10.7,normal
1697498562.443,46.251,600.0,4.5,10.7,normal
1697498562.947,45.764,1800.0,13.8,10.0,normal
1697498563.45,47.712,1800.0,33.5,10.6,normal
1697498563.953,45.277,1800.0,14.5,10.7,normal
1697498564.456,46.251,1800.0,2.5,10.7,normal
1697498564.958,45.277,1800.0,3.5,10.7,normal
1697498565.461,46.251,1800.0,2.5,10.7,normal
1697498565.963,47.225,1800.0,3.0,10.7,normal
1697498566.466,45.764,1800.0,2.5,10.7,normal
1697498566.968,46.738,1800.0,1.0,10.7,normal
1697498567.471,45.764,1800.0,2.0,10.7,normal
1697498567.976,46.251,700.0,2.0,10.7,normal
1697498568.478,45.277,1800.0,10.4,10.7,normal
1697498568.981,47.225,1800.0,16.4,10.4,normal
1697498569.484,46.738,1800.0,33.7,10.7,normal
1697498569.986,46.251,1800.0,2.0,10.7,normal
1697498570.489,45.277,1800.0,5.5,10.7,normal
1697498570.991,46.251,1800.0,4.0,10.7,normal
1697498571.494,45.764,1800.0,3.5,10.7,normal
1697498571.996,45.764,1800.0,2.5,10.7,normal
1697498572.499,45.764,1800.0,2.0,10.7,normal
1697498573.002,45.764,1800.0,4.0,10.7,normal
1697498573.507,45.277,700.0,3.9,10.7,normal
1697498574.013,46.251,600.0,5.0,10.7,normal
1697498574.519,46.738,600.0,5.9,10.7,normal
1697498575.024,45.277,1800.0,24.3,10.3,normal
1697498575.527,47.225,1800.0,31.0,10.6,normal
1697498576.03,45.277,1800.0,3.0,10.6,normal
1697498576.533,45.764,1800.0,1.5,10.6,normal
1697498577.036,46.251,1800.0,4.0,10.6,normal
1697498577.538,46.251,1800.0,2.5,10.6,normal
1697498578.041,46.738,1800.0,4.0,10.6,normal
1697498578.544,45.764,1800.0,4.0,10.6,normal
1697498579.046,45.277,1800.0,4.5,10.6,normal
1697498579.549,44.79,1800.0,3.5,10.6,normal
1697498580.054,46.251,600.0,4.9,10.6,normal
1697498580.561,44.79,600.0,4.0,10.6,normal
1697498581.064,46.738,1800.0,30.0,10.4,normal
1697498581.567,47.225,1800.0,26.4,10.6,normal
1697498582.069,46.251,1800.0,3.0,10.6,normal
1697498582.572,45.277,1800.0,3.5,10.6,normal
1697498583.074,46.251,1800.0,2.5,10.6,normal
1697498583.577,46.251,1800.0,4.0,10.6,normal
1697498584.079,46.251,1800.0,4.5,10.6,normal
1697498584.582,45.764,1800.0,3.0,10.6,normal
1697498585.085,45.277,1800.0,3.5,10.6,normal
1697498585.587,45.764,1800.0,3.9,10.6,normal
1697498586.093,46.738,600.0,2.5,10.6,normal
1697498586.598,45.764,1100.0,9.0,10.0,normal
1697498587.1,46.738,1800.0,29.2,10.4,normal
1697498587.603,45.764,1800.0,21.6,10.6,normal
1697498588.105,46.251,1800.0,3.5,10.6,normal
1697498588.608,45.764,1800.0,5.0,10.6,normal
1697498589.111,45.764,1800.0,3.5,10.6,normal
1697498589.613,46.251,1800.0,3.5,10.6,normal
1697498590.116,45.764,1800.0,4.0,10.6,normal
1697498590.618,46.738,1800.0,3.5,10.6,normal
1697498591.121,45.764,1800.0,4.5,10.6,normal
1697498591.623,45.764,1800.0,3.5,10.6,normal
1697498592.128,46.251,700.0,5.4,10.6,normal
1697498592.631,46.738,1800.0,13.4,10.1,normal
1697498593.134,47.712,1800.0,34.3,10.6,normal
1697498593.637,47.225,1800.0,13.0,10.6,normal
1697498594.14,45.764,1800.0,3.9,10.6,normal
1697498594.642,46.251,1800.0,2.5,10.6,normal
1697498595.145,46.251,1800.0,3.5,10.7,normal
1697498595.647,45.277,1800.0,3.5,10.7,normal
1697498596.15,45.764,1800.0,3.0,10.7,normal
1697498596.653,45.764,1800.0,3.0,10.7,normal
1697498597.155,46.251,1800.0,4.0,10.7,normal
1697498597.659,45.277,900.0,5.0,10.7,normal
1697498598.163,46.738,900.0,4.5,10.7,normal
1697498598.668,44.79,1000.0,7.9,10.6,normal
1697498599.171,45.764,1800.0,28.4,10.4,normal
1697498599.674,46.251,1800.0,23.7,10.6,normal
1697498600.177,46.251,1800.0,3.5,10.6,normal
1697498600.679,45.764,1800.0,3.5,10.6,normal
1697498601.182,44.79,1800.0,3.5,10.6,normal
1697498601.684,46.251,1800.0,4.5,10.6,normal
1697498602.187,45.764,1800.0,3.5,10.7,normal
1697498602.689,45.764,1800.0,3.0,10.6,normal
1697498603.192,46.251,1800.0,2.0,10.7,normal
1697498603.695,45.764,1800.0,6.9,10.7,normal
1697498604.199,45.277,800.0,5.4,10.7,normal
1697498604.703,44.79,900.0,4.5,10.7,normal
1697498605.207,46.251,1800.0,24.6,10.3,normal
1697498605.709,46.251,1800.0,32.5,10.6,normal
1697498606.212,46.251,1800.0,3.5,10.6,normal
1697498606.714,45.764,1800.0,3.5,10.6,normal
1697498607.217,45.764,1800.0,3.0,10.6,normal
1697498607.719,45.764,1800.0,4.0,10.6,normal
1697498608.222,46.738,1800.0,3.5,10.6,normal
1697498608.725,45.764,1800.0,4.5,10.6,normal
1697498609.227,46.251,1800.0,4.0,10.6,normal
1697498609.73,45.277,1800.0,4.5,10.6,normal
1697498610.234,45.277,800.0,3.9,10.6,normal
1697498610.74,43.816,600.0,5.9,10.6,normal
1697498611.243,45.764,1800.0,14.4,10.2,normal
1697498611.746,47.225,1800.0,39.3,10.6,normal
1697498612.249,46.251,1800.0,5.5,10.6,normal
1697498612.752,46.251,1800.0,3.0,10.6,normal
1697498613.254,45.277,1800.0,3.5,10.6,normal
1697498613.757,45.764,1800.0,2.0,10.6,normal
1697498614.259,46.251,1800.0,5.4,10.7,normal
1697498614.762,45.764,1800.0,3.5,10.7,normal
1697498615.264,45.277,1800.0,3.0,10.7,normal
1697498615.767,45.764,1800.0,3.0,10.7,normal
1697498616.272,45.277,600.0,3.5,10.7,normal
1697498616.778,44.79,600.0,4.0,10.6,normal
1697498617.282,45.277,1000.0,7.5,9.5,normal
1697498617.786,46.738,1800.0,28.2,10.5,normal
1697498618.288,46.738,1800.0,21.0,10.6,normal
1697498618.791,45.764,1800.0,4.9,10.6,normal
1697498619.294,46.251,1800.0,3.0,10.6,normal
1697498619.796,46.251,1800.0,3.0,10.6,normal
1697498620.299,45.764,1800.0,5.0,10.6,normal
1697498620.801,44.79,1800.0,3.0,10.6,normal
1697498621.304,45.764,1800.0,3.5,10.6,normal
1697498621.806,45.764,1800.0,4.4,10.6,normal
1697498622.309,45.277,1800.0,4.0,10.6,normal
1697498622.814,45.277,600.0,4.9,10.6,normal
1697498623.32,46.251,600.0,5.0,10.6,normal
1697498623.823,44.79,1800.0,27.2,10.4,normal
1697498624.326,46.251,1800.0,30.2,10.6,normal
1697498624.829,45.764,1800.0,3.5,10.6,normal
1697498625.331,45.764,1800.0,3.4,10.6,normal
1697498625.834,45.764,1800.0,3.0,10.6,normal
1697498626.336,45.764,1800.0,3.0,10.6,normal
1697498626.839,45.764,1800.0,3.0,10.6,normal
1697498627.342,45.764,1800.0,1.0,10.6,normal
1697498627.844,45.764,1800.0,4.0,10.6,normal
1697498628.347,45.764,1800.0,4.0,10.6,normal
1697498628.852,45.764,600.0,5.9,10.6,normal
1697498629.358,45.277,600.0,2.5,10.6,normal
1697498629.861,45.764,1800.0,18.9,10.1,normal
1697498630.363,45.764,1800.0,36.0,10.6,normal
1697498630.866,46.251,1800.0,5.4,10.6,normal
1697498631.368,45.277,1800.0,3.0,10.6,normal
1697498631.871,45.764,1800.0,4.0,10.6,normal
1697498632.374,46.251,1800.0,3.0,10.7,normal
1697498632.876,46.251,1800.0,4.0,10.7,normal
1697498633.379,46.251,1800.0,3.0,10.7,normal
1697498633.881,46.251,1800.0,5.0,10.7,normal
1697498634.384,45.277,1800.0,4.0,10.7,normal
1697498634.888,46.251,700.0,4.4,10.7,normal
1697498635.394,45.277,600.0,3.0,10.7,normal
1697498635.898,45.764,1800.0,12.9,10.0,normal
1697498636.401,45.277,1800.0,33.0,10.6,normal
1697498636.904,46.251,1800.0,14.4,10.7,normal
1697498637.407,45.764,1800.0,3.9,10.7,normal
1697498637.909,46.251,1800.0,2.5,10.7,normal
1697498638.412,46.251,1800.0,4.0,10.7,normal
1697498638.914,45.764,1800.0,4.5,10.7,normal
1697498639.417,45.277,1800.0,3.0,10.7,normal
1697498639.919,46.251,1800.0,3.0,10.7,normal
1697498640.422,45.277,1800.0,4.0,10.7,normal
1697498640.927,45.764,700.0,4.4,10.7,normal
1697498641.431,45.277,800.0,5.9,10.7,normal
1697498641.936,45.277,700.0,4.5,10.6,normal
1697498642.44,46.251,1800.0,29.9,10.5,normal
1697498642.942,45.764,1800.0,27.1,10.7,normal
1697498643.445,46.251,1800.0,3.5,10.7,normal
1697498643.947,44.79,1800.0,4.5,10.7,normal
1697498644.45,45.764,1800.0,3.5,10.7,normal
1697498644.952,45.277,1800.0,3.0,10.7,normal
1697498645.455,46.251,1800.0,3.0,10.7,normal
1697498645.957,45.764,1800.0,3.0,10.7,normal
1697498646.46,45.764,1800.0,4.0,10.7,normal
1697498646.963,45.764,1800.0,3.0,10.7,normal
1697498647.468,44.79,600.0,4.5,10.7,normal
1697498647.975,45.277,700.0,8.3,10.5,normal
1697498648.479,45.277,1800.0,28.5,10.5,normal
1697498648.982,47.225,1800.0,24.0,10.7,normal
1697498649.485,46.251,1800.0,4.5,10.7,normal
1697498649.987,46.738,1800.0,4.0,10.7,normal
1697498650.49,45.764,1800.0,3.4,10.7,normal
1697498650.992,45.764,1800.0,3.0,10.7,normal
1697498651.495,46.251,1800.0,4.5,10.7,normal
1697498651.997,45.764,1800.0,3.0,10.7,normal
1697498652.5,46.738,1800.0,3.5,10.7,normal
1697498653.003,45.764,1800.0,3.0,10.7,normal
1697498653.508,46.251,600.0,7.4,10.7,normal
1697498654.011,45.277,1800.0,4.5,10.7,normal
1697498654.515,45.764,1800.0,24.4,10.4,normal
1697498655.018,47.225,1800.0,28.0,10.6,normal
1697498655.521,46.251,1800.0,3.5,10.6,normal
1697498656.023,47.225,1800.0,4.0,10.6,normal
1697498656.526,44.79,1800.0,4.9,10.6,normal
1697498657.028,46.251,1800.0,2.5,10.6,normal
1697498657.531,45.764,1800.0,3.5,10.6,normal
1697498658.034,45.277,1800.0,4.5,10.7,normal
1697498658.536,46.251,1800.0,3.0,10.7,normal
1697498659.042,45.764,600.0,4.4,10.7,normal
1697498659.548,45.277,700.0,4.5,10.7,normal
1697498660.052,45.764,1200.0,7.5,10.6,normal
1697498660.555,47.225,1800.0,29.5,10.5,normal
1697498661.057,45.764,1800.0,22.7,10.6,normal
1697498661.559,45.764,1800.0,3.4,10.6,normal
1697498662.062,46.251,1800.0,0.5,10.6,normal
1697498662.564,46.251,1800.0,5.9,10.6,normal
1697498663.067,46.251,1800.0,3.0,10.6,normal
1697498663.57,45.277,1800.0,4.5,10.6,normal
1697498664.072,45.764,1800.0,4.0,10.6,normal
1697498664.575,45.764,1800.0,2.5,10.6,normal
1697498665.077,45.764,1800.0,3.9,10.6,normal
1697498665.583,46.251,600.0,5.9,10.7,normal
1697498666.087,44.79,1800.0,11.4,9.9,normal
1697498666.591,46.738,1800.0,32.7,10.6,normal
1697498667.094,46.251,1800.0,14.1,10.6,normal
1697498667.596,45.764,1800.0,3.0,10.6,normal
1697498668.099,46.251,1800.0,3.5,10.6,normal
1697498668.601,45.277,1800.0,4.5,10.6,normal
1697498669.104,45.277,1800.0,4.5,10.6,normal
1697498669.606,46.251,1800.0,3.5,10.6,normal
1697498670.109,45.764,1800.0,3.5,10.6,normal
1697498670.611,46.738,1800.0,3.5,10.6,normal
1697498671.115,45.764,900.0,4.5,10.6,normal
1697498671.619,46.251,900.0,4.0,10.6,normal
1697498672.122,45.277,1800.0,15.9,10.1,normal
1697498672.625,47.225,1800.0,36.2,10.6,normal
1697498673.128,46.738,1800.0,5.0,10.6,normal
1697498673.63,45.764,1800.0,5.0,10.7,normal
1697498674.133,46.251,1800.0,3.0,10.7,normal
1697498674.635,44.79,1800.0,3.0,10.7,normal
1697498675.138,46.251,1800.0,3.5,10.7,normal
1697498675.64,46.251,1800.0,3.5,10.7,normal
1697498676.143,45.764,1800.0,4.5,10.7,normal
1697498676.646,46.251,1800.0,3.5,10.7,normal
1697498677.15,45.764,900.0,4.0,10.7,normal
1697498677.654,44.303,900.0,5.4,10.7,normal
1697498678.156,46.738,1800.0,20.9,10.3,normal
1697498678.659,46.738,1800.0,34.5,10.7,normal
1697498679.162,44.79,1800.0,5.0,10.7,normal
1697498679.664,46.251,1800.0,3.5,10.7,normal
1697498680.167,45.764,1800.0,4.5,10.7,normal
1697498680.669,46.251,1800.0,3.5,10.7,normal
1697498681.172,46.251,1800.0,3.4,10.7,normal
1697498681.679,45.764,1800.0,3.4,10.7,normal
1697498682.182,46.738,1800.0,4.0,10.7,normal
1697498682.684,45.277,1800.0,3.0,10.7,normal
1697498683.188,46.251,900.0,3.5,10.7,normal
1697498683.692,44.79,900.0,6.4,10.7,normal
1697498684.196,46.251,1800.0,25.4,10.3,normal
1697498684.699,47.225,1800.0,30.5,10.7,normal
1697498685.201,46.251,1800.0,4.0,10.7,normal
1697498685.704,45.277,1800.0,2.0,10.7,normal
1697498686.207,45.764,1800.0,4.0,10.7,normal
1697498686.709,46.738,1800.0,1.0,10.7,normal
1697498687.212,45.764,1800.0,2.0,10.7,normal
1697498687.714,45.764,1800.0,3.5,10.7,normal
1697498688.217,45.764,1800.0,1.5,10.7,normal
1697498688.719,45.764,1800.0,4.0,10.7,normal
1697498689.224,45.764,800.0,3.0,10.7,normal
1697498689.73,45.277,600.0,8.0,10.6,normal
1697498690.233,47.225,1800.0,28.2,10.5,normal
1697498690.735,46.738,1800.0,25.0,10.6,normal
1697498691.238,45.764,1800.0,3.5,10.6,normal
1697498691.744,46.251,1800.0,3.0,10.6,normal
1697498692.247,46.251,1800.0,3.0,10.7,normal
1697498692.75,46.251,1800.0,4.5,10.7,normal
1697498693.252,45.764,1800.0,3.5,10.7,normal
1697498693.755,44.79,1800.0,4.0,10.7,normal
1697498694.257,46.738,1800.0,3.5,10.7,normal
1697498694.76,44.79,1800.0,4.5,10.7,normal
1697498695.264,45.764,1000.0,5.0,10.7,normal
1697498695.77,45.764,600.0,4.5,10.7,normal
1697498696.273,46.738,1800.0,23.8,10.4,normal
1697498696.776,45.764,1800.0,31.5,10.7,normal
1697498697.279,44.79,1800.0,3.0,10.7,normal
1697498697.781,45.277,1800.0,3.5,10.7,normal
1697498698.284,45.764,1800.0,3.0,10.6,normal
1697498698.786,45.764,1800.0,4.5,10.6,normal
1697498699.289,45.764,1800.0,3.0,10.7,normal
1697498699.791,46.251,1800.0,3.0,10.7,normal
1697498700.294,45.764,1800.0,2.5,10.7,normal
1697498700.796,46.251,1800.0,3.0,10.7,normal
1697498701.302,45.277,600.0,4.4,10.7,normal
1697498701.808,45.764,600.0,4.9,10.6,normal
1697498702.311,45.764,1800.0,28.2,10.4,normal
1697498702.814,45.277,1800.0,26.0,10.6,normal
1697498703.316,44.79,1800.0,3.5,10.6,normal
1697498703.819,46.251,1800.0,5.0,10.6,normal
1697498704.321,46.251,1800.0,4.0,10.6,normal
1697498704.824,46.738,1800.0,3.5,10.6,normal
1697498705.327,44.79,1800.0,4.0,10.7,normal
1697498705.829,45.277,1800.0,2.5,10.7,normal
1697498706.332,45.277,1800.0,2.0,10.7,normal
1697498706.834,46.251,1800.0,4.4,10.7,normal
1697498707.34,45.277,600.0,4.0,10.7,normal
1697498707.845,45.764,600.0,4.5,10.7,normal
1697498708.348,45.764,1800.0,22.5,10.3,normal
1697498708.851,46.738,1800.0,35.5,10.6,normal
1697498709.354,46.251,1800.0,3.5,10.6,normal
1697498709.856,45.764,1800.0,3.5,10.6,normal
1697498710.359,44.79,1800.0,4.5,10.6,normal
1697498710.861,44.79,1800.0,3.0,10.6,normal
1697498711.364,46.738,1800.0,4.0,10.6,normal
1697498711.867,45.764,1800.0,4.0,10.6,normal
1697498712.369,46.251,1800.0,3.5,10.6,normal
1697498712.871,45.277,1800.0,3.0,10.6,normal
1697498713.377,46.738,600.0,4.5,10.7,normal
1697498713.882,45.277,700.0,5.5,10.7,normal
1697498714.386,46.738,1800.0,26.7,10.4,normal
1697498714.889,47.225,1800.0,28.5,10.6,normal
1697498715.391,46.251,1800.0,3.5,10.6,normal
1697498715.894,45.764,1800.0,3.5,10.6,normal
1697498716.396,46.251,1800.0,2.5,10.6,normal
1697498716.899,45.277,1800.0,3.5,10.6,normal
1697498717.401,45.764,1800.0,3.5,10.6,normal
1697498717.904,44.79,1800.0,2.5,10.6,normal
1697498718.407,45.277,1800.0,3.0,10.7,normal
1697498718.909,45.277,1800.0,4.0,10.7,normal
1697498719.414,46.251,700.0,4.5,10.7,normal
1697498719.919,45.764,800.0,5.0,10.7,normal
1697498720.421,46.738,1800.0,20.4,10.4,normal
1697498720.924,45.764,1800.0,36.2,10.7,normal
1697498721.427,46.251,1800.0,4.0,10.7,normal
1697498721.929,45.764,1800.0,4.5,10.7,normal
1697498722.432,45.764,1800.0,4.0,10.7,normal
1697498722.934,45.277,1800.0,3.5,10.7,normal
1697498723.437,45.764,1800.0,3.5,10.7,normal
1697498723.939,45.764,1800.0,5.0,10.7,normal
1697498724.442,45.764,1800.0,3.0,10.7,normal
1697498724.944,45.277,1800.0,4.0,10.7,normal
1697498725.448,46.738,900.0,4.0,10.7,normal
1697498725.953,45.277,800.0,5.0,10.7,normal
1697498726.455,46.738,1800.0,13.0,10.0,normal
1697498726.959,45.764,1800.0,35.1,10.6,normal
1697498727.462,45.764,1800.0,9.1,10.6,normal
1697498727.965,46.251,1800.0,3.5,10.7,normal
1697498728.467,45.764,1800.0,4.0,10.7,normal
1697498728.97,45.277,1800.0,4.5,10.7,normal
1697498729.472,45.277,1800.0,4.4,10.7,normal
1697498729.975,46.251,1800.0,3.5,10.7,normal
1697498730.477,45.764,1800.0,2.5,10.7,normal
1697498730.98,46.251,1800.0,4.0,10.7,normal
1697498731.485,45.764,700.0,4.0,10.7,normal
1697498731.989,45.277,800.0,4.0,10.7,normal
1697498732.494,44.79,800.0,5.5,10.6,normal
1697498732.997,45.277,1800.0,30.3,10.5,normal
1697498733.499,45.764,1800.0,25.1,10.7,normal
1697498734.002,45.277,1800.0,3.0,10.7,normal
1697498734.504,45.277,1800.0,3.9,10.7,normal
1697498735.007,45.764,1800.0,4.5,10.7,normal
1697498735.51,45.277,1800.0,3.0,10.7,normal
1697498736.012,45.764,1800.0,3.5,10.7,normal
1697498736.515,46.251,1800.0,4.0,10.7,normal
1697498737.018,45.764,1800.0,4.5,10.7,normal
1697498737.52,45.277,1800.0,4.0,10.7,normal
1697498738.025,45.764,800.0,3.5,10.7,normal
1697498738.529,46.251,1000.0,5.5,10.7,normal
1697498739.032,46.251,1800.0,24.9,10.4,normal
1697498739.534,46.738,1800.0,30.8,10.6,normal
1697498740.037,46.251,1800.0,2.5,10.6,normal
1697498740.539,45.764,1800.0,4.4,10.6,normal
1697498741.042,45.277,1800.0,4.5,10.6,normal
1697498741.544,46.251,1800.0,2.0,10.6,normal
1697498742.047,45.764,1800.0,2.0,10.6,normal
1697498742.55,46.251,1800.0,2.0,10.6,normal
1697498743.052,45.277,1800.0,4.0,10.6,normal
1697498743.555,45.764,1800.0,4.0,10.6,normal
1697498744.059,45.764,900.0,2.5,10.6,normal
1697498744.564,45.277,800.0,2.5,10.7,normal
1697498745.067,46.738,1800.0,16.4,10.2,normal
1697498745.569,46.251,1800.0,35.7,10.7,normal
1697498746.072,46.251,1800.0,1.5,10.7,normal
1697498746.575,46.251,1800.0,3.5,10.7,normal
1697498747.077,44.79,1800.0,3.0,10.7,normal
1697498747.58,45.277,1800.0,3.0,10.7,normal
1697498748.082,46.251,1800.0,2.5,10.7,normal
1697498748.585,46.251,1800.0,5.0,10.7,normal
1697498749.087,45.764,1800.0,2.0,10.7,normal
1697498749.59,45.764,1800.0,4.4,10.7,normal
1697498750.095,45.764,600.0,4.9,10.7,normal
1697498750.601,44.303,600.0,4.4,10.7,normal
1697498751.106,45.277,1200.0,10.4,9.7,normal
1697498751.61,45.277,1800.0,31.5,10.5,normal
1697498752.118,45.764,1800.0,16.4,10.6,normal
1697498752.62,45.764,1800.0,3.5,10.6,normal
1697498753.127,45.764,1800.0,3.5,10.6,normal
1697498753.63,45.277,1800.0,4.9,10.6,normal
1697498754.132,45.277,1800.0,3.5,10.7,normal
1697498754.635,45.764,1800.0,3.5,10.6,normal
1697498755.137,46.251,1800.0,3.0,10.7,normal
1697498755.64,45.764,1800.0,4.9,10.7,normal
1697498756.145,45.277,700.0,3.5,10.7,normal
1697498756.649,44.79,900.0,4.0,10.7,normal
1697498757.154,45.277,800.0,4.5,10.6,normal
1697498757.657,47.225,1800.0,29.7,10.4,normal
1697498758.163,45.277,1800.0,25.1,10.6,normal
1697498758.666,45.764,1800.0,4.5,10.6,normal
1697498759.168,46.738,1800.0,3.5,10.6,normal
1697498759.671,46.738,1800.0,4.5,10.6,normal
1697498760.173,45.764,1800.0,3.5,10.6,normal
1697498760.676,45.277,1800.0,3.0,10.6,normal
1697498761.178,45.764,1800.0,4.0,10.6,normal
1697498761.681,46.251,1800.0,3.5,10.6,normal
1697498762.183,45.764,1800.0,4.5,10.6,normal
1697498762.689,45.277,600.0,5.0,10.6,normal
1697498763.201,45.277,1000.0,7.4,9.5,normal
1697498763.709,46.738,1800.0,29.1,10.4,normal
1697498764.211,46.251,1800.0,22.5,10.6,normal
1697498764.714,46.251,1800.0,4.0,10.6,normal
1697498765.216,45.764,1800.0,3.5,10.6,normal
1697498765.719,45.764,1800.0,3.0,10.6,normal
1697498766.221,46.738,1800.0,3.5,10.6,normal
1697498766.724,46.738,1800.0,4.0,10.6,normal
1697498767.227,46.738,1800.0,3.0,10.6,normal
1697498767.729,45.764,1800.0,3.0,10.6,normal
1697498768.232,45.764,1800.0,4.5,10.6,normal
1697498768.737,45.277,600.0,5.0,10.6,normal
1697498769.24,45.764,1800.0,13.3,10.0,normal
1697498769.747,46.738,1800.0,34.7,10.5,normal
1697498770.249,46.251,1800.0,11.9,10.6,normal
1697498770.752,45.277,1800.0,3.0,10.6,normal
1697498771.254,45.277,1800.0,1.5,10.6,normal
1697498771.757,45.764,1800.0,5.4,10.6,normal
1697498772.26,46.251,1800.0,3.0,10.6,normal
1697498772.762,45.764,1800.0,4.5,10.6,normal
1697498773.265,45.764,1800.0,3.5,10.7,normal
1697498773.767,45.277,1800.0,5.0,10.7,normal
1697498774.272,46.738,700.0,3.5,10.7,normal
1697498774.778,44.79,600.0,5.9,10.7,normal
1697498775.283,45.277,700.0,6.0,10.6,normal
1697498775.787,46.738,1800.0,28.2,10.4,normal
1697498776.289,45.764,1800.0,24.7,10.6,normal
1697498776.792,45.764,1800.0,4.4,10.6,normal
1697498777.294,45.277,1800.0,2.5,10.6,normal
1697498777.797,45.764,1800.0,3.5,10.6,normal
1697498778.299,45.764,1800.0,3.0,10.6,normal
1697498778.802,46.738,1800.0,5.0,10.6,normal
1697498779.305,45.764,1800.0,3.5,10.6,normal
1697498779.807,44.79,1800.0,4.0,10.6,normal
1697498780.31,45.764,1800.0,4.0,10.6,normal
1697498780.812,45.277,1800.0,5.0,10.6,normal
1697498781.315,46.251,1800.0,3.9,10.6,normal
1697498781.818,45.764,1800.0,20.9,10.3,normal
1697498782.321,46.251,1800.0,30.2,10.6,normal
1697498782.824,45.764,1800.0,4.9,10.6,normal
1697498783.326,46.251,1800.0,2.5,10.6,normal
1697498783.829,45.764,1800.0,4.0,10.6,normal
1697498784.331,45.764,1800.0,2.0,10.6,normal
1697498784.834,46.251,1800.0,4.0,10.6,normal
1697498785.336,45.764,1800.0,3.0,10.6,normal
1697498785.842,45.277,600.0,3.5,10.6,normal
1697498786.347,45.764,600.0,4.5,10.6,normal
1697498786.853,44.79,600.0,4.5,10.6,normal
1697498787.359,44.79,600.0,4.4,10.6,normal
1697498787.862,45.277,1800.0,17.3,10.1,normal
1697498788.364,46.251,1800.0,36.8,10.6,normal
1697498788.867,45.277,1800.0,5.0,10.6,normal
1697498789.37,46.738,1800.0,3.0,10.6,normal
1697498789.872,45.764,1800.0,3.5,10.6,normal
1697498790.375,46.251,1800.0,3.0,10.6,normal
1697498790.877,45.764,1800.0,5.0,10.6,normal
1697498791.38,45.764,1800.0,3.5,10.6,normal
1697498791.882,45.764,1800.0,4.0,10.6,normal
1697498792.385,46.738,1800.0,2.5,10.6,normal
1697498792.89,44.303,600.0,4.0,10.6,normal
1697498793.396,45.277,600.0,5.4,10.6,normal
1697498793.899,46.251,1800.0,12.9,10.1,normal
1697498794.403,46.738,1800.0,33.8,10.6,normal
1697498794.905,46.251,1800.0,11.6,10.7,normal
1697498795.408,45.277,1800.0,4.0,10.7,normal
1697498795.911,45.764,1800.0,2.5,10.7,normal
1697498796.413,45.764,1800.0,3.5,10.7,normal
1697498796.916,45.764,1800.0,4.5,10.7,normal
1697498797.418,45.277,1800.0,3.0,10.7,normal
1697498797.921,45.764,1800.0,3.0,10.7,normal
1697498798.423,46.251,1800.0,2.5,10.7,normal
1697498798.928,45.277,700.0,5.0,10.7,normal
1697498799.434,45.764,700.0,4.9,10.7,normal
1697498799.939,45.277,600.0,4.0,10.6,normal
1697498800.443,45.277,1800.0,29.2,10.4,normal
1697498800.946,46.251,1800.0,26.5,10.6,normal
1697498801.448,45.764,1800.0,3.0,10.6,normal
1697498801.951,46.251,1800.0,3.5,10.6,normal
1697498802.453,46.251,1800.0,3.0,10.6,normal
1697498802.956,46.251,1800.0,4.0,10.6,normal
1697498803.458,45.764,1800.0,3.5,10.6,normal
1697498803.961,45.277,1800.0,4.5,10.6,normal
1697498804.463,45.277,1800.0,2.0,10.6,normal
1697498804.966,45.764,1800.0,3.5,10.6,normal
1697498805.47,45.764,900.0,4.0,10.6,normal
1697498805.975,45.764,700.0,3.0,10.6,normal
1697498806.478,45.764,1800.0,21.6,10.2,normal
1697498806.98,46.251,1800.0,32.0,10.6,normal
1697498807.483,46.251,1800.0,3.5,10.6,normal
1697498807.985,45.764,1800.0,3.0,10.6,normal
1697498808.488,45.764,1800.0,3.0,10.6,normal
1697498808.991,46.738,1800.0,5.9,10.6,normal
1697498809.494,45.277,1800.0,3.5,10.6,normal
1697498809.996,46.251,1800.0,4.0,10.6,normal
1697498810.499,45.277,1800.0,3.9,10.6,normal
1697498811.001,45.277,1800.0,3.0,10.6,normal
1697498811.507,45.764,600.0,4.5,10.6,normal
1697498812.012,45.764,800.0,5.9,10.6,normal
1697498812.515,45.764,1800.0,25.7,10.3,normal
1697498813.018,46.251,1800.0,29.5,10.6,normal
1697498813.52,46.251,1800.0,5.5,10.6,normal
1697498814.023,46.251,1800.0,3.5,10.6,normal
1697498814.526,44.79,1800.0,3.5,10.6,normal
1697498815.028,45.277,1800.0,2.5,10.6,normal
1697498815.531,44.79,1800.0,5.5,10.6,normal
1697498816.033,45.764,1800.0,3.5,10.6,normal
1697498816.536,45.764,1800.0,4.0,10.6,normal
1697498817.038,45.277,1800.0,2.5,10.6,normal
1697498817.543,45.277,800.0,5.9,10.6,normal
1697498818.047,44.79,1000.0,7.9,10.5,normal
1697498818.55,47.712,1800.0,29.7,10.5,normal
1697498819.053,46.738,1800.0,23.6,10.6,normal
1697498819.555,46.251,1800.0,4.0,10.7,normal
1697498820.058,45.764,1800.0,3.5,10.6,normal
1697498820.56,46.251,1800.0,3.0,10.6,normal
1697498821.063,46.738,1800.0,3.5,10.6,normal
1697498821.565,44.79,1800.0,3.0,10.6,normal
1697498822.068,46.738,1800.0,3.5,10.6,normal
1697498822.571,45.764,1800.0,4.0,10.6,normal
1697498823.073,45.764,1800.0,3.5,10.6,normal
1697498823.577,46.251,900.0,5.4,10.6,normal
1697498824.081,45.764,1800.0,10.9,9.6,normal
1697498824.583,46.251,1800.0,28.7,10.5,normal
1697498825.086,47.225,1800.0,20.0,10.7,normal
1697498825.589,45.764,1800.0,2.5,10.6,normal
1697498826.091,46.251,1800.0,1.5,10.7,normal
1697498826.594,46.251,1800.0,4.0,10.7,normal
1697498827.097,45.764,1800.0,3.0,10.6,normal
1697498827.599,46.251,1800.0,3.0,10.6,normal
1697498828.102,46.738,1800.0,3.5,10.6,normal
1697498828.604,45.764,1800.0,4.0,10.6,normal
1697498829.109,45.277,700.0,4.0,10.6,normal
1697498829.613,44.79,900.0,4.0,10.6,normal
1697498830.117,45.764,800.0,5.0,10.6,normal
1697498830.621,46.251,1800.0,26.4,10.4,normal
1697498831.123,46.251,1800.0,29.6,10.6,normal
1697498831.626,46.251,1800.0,3.5,10.6,normal
1697498832.128,46.738,1800.0,4.4,10.6,normal
1697498832.631,46.251,1800.0,3.0,10.6,normal
1697498833.134,46.251,1800.0,3.5,10.6,normal
1697498833.636,45.277,1800.0,3.5,10.6,normal
1697498834.139,46.251,1800.0,4.0,10.6,normal
1697498834.641,46.251,1800.0,3.5,10.6,normal
1697498835.143,46.251,1800.0,4.0,10.6,normal
1697498835.647,46.251,900.0,4.0,10.6,normal
1697498836.152,45.277,800.0,5.0,10.6,normal
1697498836.655,45.277,1800.0,18.9,10.2,normal
1697498837.157,46.738,1800.0,36.2,10.6,normal
1697498837.659,46.251,1800.0,3.9,10.6,normal
1697498838.162,46.738,1800.0,2.5,10.6,normal
1697498838.665,46.251,1800.0,5.0,10.6,normal
1697498839.167,44.79,1800.0,2.5,10.6,normal
1697498839.67,45.764,1800.0,3.5,10.6,normal
1697498840.172,46.251,1800.0,3.0,10.6,normal
1697498840.675,45.277,1800.0,3.5,10.6,normal
1697498841.177,45.764,1800.0,2.5,10.6,normal
1697498841.682,44.79,800.0,4.0,10.6,normal
1697498842.186,45.764,900.0,5.0,10.6,normal
1697498842.689,45.277,1800.0,22.5,10.3,normal
1697498843.192,46.251,1800.0,32.5,10.7,normal
1697498843.694,46.738,1800.0,5.0,10.7,normal
1697498844.197,46.738,1800.0,2.5,10.7,normal
1697498844.699,45.764,1800.0,3.5,10.6,normal
1697498845.202,46.251,1800.0,4.0,10.6,normal
1697498845.705,45.764,1800.0,3.9,10.6,normal
1697498846.207,46.251,1800.0,4.0,10.6,normal
1697498846.71,45.764,1800.0,3.0,10.6,normal
1697498847.212,45.764,1800.0,3.5,10.6,normal
1697498847.717,45.764,800.0,5.0,10.6,normal
1697498848.222,46.251,600.0,4.0,10.6,normal
1697498848.727,45.277,1800.0,28.2,10.4,normal
1697498849.233,46.738,1800.0,28.5,10.7,normal
1697498849.735,46.738,1800.0,2.5,10.7,normal
1697498850.238,45.277,1800.0,3.0,10.7,normal
1697498850.74,44.79,1800.0,2.5,10.7,normal
1697498851.243,45.277,1800.0,4.0,10.7,normal
1697498851.746,45.764,1800.0,4.5,10.7,normal
1697498852.248,45.764,1800.0,4.0,10.7,normal
1697498852.751,46.251,1800.0,3.5,10.7,normal
1697498853.253,46.251,1800.0,2.0,10.7,normal
1697498853.757,45.277,800.0,5.0,10.7,normal
1697498854.266,44.79,600.0,5.3,10.7,normal
1697498854.77,45.764,1800.0,20.9,10.2,normal
1697498855.272,46.251,1800.0,34.8,10.6,normal
1697498855.775,45.764,1800.0,3.0,10.6,normal
1697498856.277,45.764,1800.0,4.0,10.6,normal
1697498856.78,45.277,1800.0,3.5,10.6,normal
1697498857.282,46.251,1800.0,3.5,10.6,normal
1697498857.785,45.277,1800.0,4.5,10.6,normal
1697498858.287,45.764,1800.0,3.5,10.6,normal
1697498858.79,45.764,1800.0,3.5,10.7,normal
1697498859.297,45.764,1800.0,3.4,10.7,normal
1697498859.802,45.277,600.0,3.5,10.6,normal
1697498860.308,45.277,600.0,5.0,10.7,normal
1697498860.811,46.738,1800.0,13.4,9.9,normal
1697498861.315,47.712,1800.0,33.5,10.5,normal
1697498861.817,46.251,1800.0,11.9,10.6,normal
1697498862.32,47.225,1800.0,4.0,10.6,normal
1697498862.822,44.79,1800.0,3.5,10.6,normal
1697498863.325,45.764,1800.0,2.5,10.6,normal
1697498863.827,45.764,1800.0,4.4,10.6,normal
1697498864.334,45.764,1800.0,4.4,10.6,normal
1697498864.837,46.251,1800.0,2.5,10.6,normal
1697498865.339,45.277,1800.0,3.5,10.6,normal
1697498865.844,45.277,700.0,3.5,10.6,normal
1697498866.349,44.79,800.0,5.0,10.6,normal
1697498866.854,45.277,600.0,4.4,10.6,normal
1697498867.358,46.251,1800.0,25.9,10.4,normal
1697498867.86,46.738,1800.0,25.5,10.6,normal
1697498868.363,45.277,1800.0,3.0,10.6,normal
1697498868.866,46.251,1800.0,6.0,10.7,normal
1697498869.373,45.764,1800.0,3.0,10.7,normal
1697498869.876,45.764,1800.0,3.5,10.6,normal
1697498870.378,45.764,1800.0,3.5,10.7,normal
1697498870.881,46.251,1800.0,3.0,10.7,normal
1697498871.383,46.251,1800.0,3.5,10.7,normal
1697498871.886,45.277,1800.0,3.5,10.7,normal
1697498872.391,45.764,600.0,4.5,10.7,normal
1697498872.896,45.277,1500.0,8.9,10.5,normal
1697498873.399,47.225,1800.0,28.7,10.5,normal
1697498873.902,45.764,1800.0,22.2,10.6,normal
1697498874.404,46.251,1800.0,3.0,10.6,normal
1697498874.907,45.764,1800.0,3.5,10.6,normal
1697498875.409,45.277,1800.0,3.5,10.6,normal
1697498875.912,45.277,1800.0,4.5,10.6,normal
1697498876.414,46.738,1800.0,3.0,10.6,normal
1697498876.917,45.277,1800.0,3.0,10.7,normal
1697498877.42,45.277,1800.0,4.4,10.7,normal
1697498877.924,46.251,700.0,12.5,10.7,normal
1697498878.43,45.764,600.0,4.5,10.7,normal
1697498878.936,45.764,600.0,5.4,10.7,normal
1697498879.44,46.251,1800.0,27.4,10.4,normal
1697498879.943,45.764,1800.0,28.0,10.6,normal
1697498880.445,46.251,1800.0,3.5,10.6,normal
1697498880.948,46.738,1800.0,3.0,10.6,normal
1697498881.45,45.277,1800.0,5.4,10.6,normal
1697498881.953,45.277,1800.0,3.0,10.7,normal
1697498882.456,45.277,1800.0,3.0,10.7,normal
1697498882.958,45.764,1800.0,2.5,10.7,normal
1697498883.461,45.277,1800.0,4.5,10.7,normal
1697498883.963,45.277,1800.0,4.0,10.7,normal
1697498884.469,45.764,600.0,4.4,10.7,normal
1697498884.974,44.79,600.0,4.5,10.7,normal
1697498885.478,46.738,1800.0,20.4,10.3,normal
1697498885.98,46.738,1800.0,34.8,10.7,normal
1697498886.483,45.764,1800.0,3.9,10.7,normal
1697498886.985,45.277,1800.0,2.5,10.7,normal
1697498887.488,45.277,1800.0,4.0,10.7,normal
1697498887.99,46.251,1800.0,3.5,10.7,normal
1697498888.493,45.764,1800.0,3.5,10.7,normal
1697498888.996,45.764,1800.0,3.0,10.7,normal
1697498889.498,45.764,1800.0,4.5,10.7,normal
1697498890.001,45.764,1800.0,4.4,10.7,normal
1697498890.507,44.79,600.0,3.0,10.7,normal
1697498891.014,45.764,600.0,6.4,10.7,normal
1697498891.524,45.764,1800.0,14.2,10.1,normal
1697498892.028,47.225,1800.0,33.0,10.6,normal
1697498892.531,46.738,1800.0,13.4,10.7,normal
1697498893.035,46.251,1800.0,3.0,10.7,normal
1697498893.538,45.277,1800.0,3.0,10.7,normal
1697498894.04,46.251,1800.0,5.5,10.7,normal
1697498894.543,45.764,1800.0,3.0,10.6,normal
1697498895.045,45.277,1800.0,4.0,10.6,normal
1697498895.548,45.764,1800.0,4.5,10.6,normal
1697498896.05,45.764,1800.0,4.0,10.6,normal
1697498896.555,46.251,700.0,3.5,10.6,normal
1697498897.06,45.764,700.0,5.0,10.6,normal
1697498897.563,45.764,1800.0,16.4,10.3,normal
1697498898.066,45.764,1800.0,38.0,10.7,normal
1697498898.569,46.738,1800.0,5.0,10.7,normal
1697498899.071,45.764,1800.0,4.5,10.7,normal
1697498899.574,46.251,1800.0,3.5,10.7,normal
1697498900.076,45.764,1800.0,5.4,10.7,normal
1697498900.579,46.738,1800.0,3.0,10.7,normal
1697498901.081,46.251,1800.0,4.0,10.7,normal
1697498901.584,46.251,1800.0,4.0,10.7,normal
1697498902.087,44.79,1800.0,2.5,10.7,normal
1697498902.59,46.251,1100.0,5.4,10.7,normal
1697498903.095,46.251,800.0,5.4,10.7,normal
1697498903.597,45.764,1800.0,10.0,9.6,normal
1697498904.1,45.764,1800.0,28.4,10.5,normal
1697498904.603,46.251,1800.0,21.0,10.6,normal
1697498905.106,46.251,1800.0,4.4,10.6,normal
1697498905.608,45.277,1800.0,3.5,10.6,normal
1697498906.111,46.251,1800.0,3.5,10.6,normal
1697498906.613,46.251,1800.0,3.5,10.6,normal
1697498907.116,45.764,1800.0,3.5,10.6,normal
1697498907.619,46.251,1800.0,3.5,10.6,normal
1697498908.121,45.764,1800.0,3.4,10.7,normal
1697498908.626,45.764,700.0,3.5,10.7,normal
1697498909.13,46.738,1100.0,4.5,10.7,normal
1697498909.632,46.738,1800.0,13.0,10.1,normal
1697498910.136,45.764,1800.0,36.3,10.5,normal
1697498910.639,45.277,1800.0,8.9,10.6,normal
1697498911.141,46.251,1800.0,3.5,10.6,normal
1697498911.644,45.277,1800.0,3.5,10.6,normal
1697498912.147,46.738,1800.0,2.5,10.6,normal
1697498912.649,45.764,1800.0,4.0,10.6,normal
1697498913.152,45.764,1800.0,3.5,10.6,normal
1697498913.654,45.277,1800.0,4.9,10.6,normal
1697498914.157,47.225,1800.0,3.5,10.6,normal
1697498914.662,44.79,800.0,2.0,10.6,normal
1697498915.165,46.251,1200.0,7.9,10.6,normal
1697498915.669,45.764,900.0,6.9,10.5,normal
1697498916.173,46.251,1800.0,28.9,10.4,normal
1697498916.675,46.738,1800.0,22.5,10.6,normal
1697498917.178,45.764,1800.0,4.0,10.6,normal
1697498917.68,45.764,1800.0,4.0,10.6,normal
1697498918.183,45.764,1800.0,3.0,10.6,normal
1697498918.685,45.277,1800.0,4.0,10.6,normal
1697498919.188,46.251,1800.0,4.0,10.6,normal
1697498919.691,46.251,1800.0,4.5,10.6,normal
1697498920.193,45.764,1800.0,2.5,10.6,normal
1697498920.698,45.277,700.0,3.9,10.6,normal
1697498921.203,45.277,900.0,4.0,10.7,normal
1697498921.707,45.277,1000.0,7.4,10.7,normal
1697498922.21,46.738,1800.0,24.5,10.3,normal
1697498922.713,46.251,1800.0,28.5,10.6,normal
1697498923.215,45.764,1800.0,4.0,10.6,normal
1697498923.718,46.251,1800.0,4.5,10.6,normal
1697498924.22,45.764,1800.0,4.0,10.6,normal
1697498924.723,46.738,1800.0,3.5,10.6,normal
1697498925.226,45.277,1800.0,4.0,10.6,normal
1697498925.728,45.764,1800.0,1.5,10.6,normal
1697498926.231,46.738,1800.0,3.0,10.6,normal
1697498926.733,46.251,1800.0,1.0,10.6,normal
1697498927.237,44.79,1000.0,5.9,10.7,normal
1697498927.741,45.277,1000.0,4.5,10.7,normal
1697498928.243,45.277,1800.0,15.9,10.3,normal
1697498928.748,46.738,1800.0,40.1,10.6,normal
1697498929.251,45.764,1800.0,3.5,10.7,normal
1697498929.753,46.251,1800.0,3.0,10.7,normal
1697498930.256,45.764,1800.0,1.5,10.7,normal
1697498930.758,46.251,1800.0,5.4,10.7,normal
1697498931.261,47.225,1800.0,3.0,10.7,normal
1697498931.763,45.277,1800.0,2.5,10.7,normal
1697498932.266,45.764,1800.0,3.0,10.7,normal
1697498932.768,45.277,1800.0,3.5,10.7,normal
1697498933.274,46.251,600.0,3.5,10.7,normal
1697498933.778,44.79,1000.0,6.4,10.7,normal
1697498934.283,45.764,1200.0,11.4,9.8,normal
1697498934.786,46.251,1800.0,32.2,10.6,normal
1697498935.289,45.764,1800.0,16.1,10.7,normal
1697498935.791,45.764,1800.0,3.5,10.7,normal
1697498936.294,45.764,1800.0,3.0,10.7,normal
1697498936.796,46.738,1800.0,4.0,10.7,normal
1697498937.299,46.251,1800.0,3.5,10.7,normal
1697498937.801,45.764,1800.0,3.0,10.7,normal
1697498938.304,45.764,1800.0,3.5,10.7,normal
1697498938.807,46.251,1800.0,4.5,10.7,normal
1697498939.311,45.764,700.0,3.9,10.7,normal
1697498939.817,45.764,600.0,4.0,10.7,normal
1697498940.32,46.251,1800.0,16.4,10.1,normal
1697498940.823,47.225,1800.0,37.2,10.5,normal
1697498941.326,46.738,1800.0,5.5,10.6,normal
1697498941.828,45.764,1800.0,3.5,10.6,normal
1697498942.331,45.277,1800.0,3.0,10.6,normal
1697498942.833,45.764,1800.0,3.0,10.6,normal
1697498943.335,44.79,1800.0,4.5,10.6,normal
1697498943.838,46.251,1800.0,4.5,10.6,normal
1697498944.34,45.764,1800.0,3.5,10.6,normal
1697498944.843,45.277,1800.0,4.5,10.6,normal
1697498945.348,45.277,600.0,4.0,10.6,normal
1697498945.854,45.764,600.0,4.9,10.6,normal
1697498946.357,46.738,1800.0,21.9,10.4,normal
1697498946.86,46.251,1800.0,33.2,10.7,normal
1697498947.362,46.738,1800.0,4.0,10.7,normal
1697498947.865,46.251,1800.0,3.9,10.7,normal
1697498948.367,45.277,1800.0,3.0,10.7,normal
1697498948.87,45.764,1800.0,2.5,10.7,normal
1697498949.373,46.251,1800.0,3.0,10.7,normal
1697498949.875,45.277,1800.0,3.5,10.7,normal
1697498950.378,46.738,1800.0,3.0,10.7,normal
1697498950.88,45.764,1800.0,3.0,10.7,normal
1697498951.386,45.277,600.0,1.5,10.7,normal
1697498951.891,46.251,600.0,5.4,10.7,normal
1697498952.394,45.764,1800.0,14.5,10.3,normal
1697498952.897,47.225,1800.0,37.0,10.6,normal
1697498953.4,46.251,1800.0,4.5,10.7,normal
1697498953.902,45.764,1800.0,4.0,10.7,normal
1697498954.405,45.764,1800.0,2.5,10.7,normal
1697498954.907,46.251,1800.0,3.9,10.7,normal
1697498955.41,46.738,1800.0,3.5,10.7,normal
1697498955.912,45.764,1800.0,4.0,10.7,normal
1697498956.415,46.251,1800.0,3.0,10.7,normal
1697498956.917,45.764,1800.0,3.5,10.7,normal
1697498957.423,46.251,600.0,3.9,10.7,normal
1697498957.929,45.277,600.0,3.5,10.7,normal
1697498958.431,46.251,1800.0,10.8,9.6,normal
1697498958.934,45.764,1800.0,28.9,10.5,normal
1697498959.437,45.764,1800.0,19.5,10.6,normal
1697498959.939,46.251,1800.0,4.4,10.7,normal
1697498960.442,45.764,1800.0,5.0,10.7,normal
1697498960.945,46.251,1800.0,3.0,10.7,normal
1697498961.447,45.764,1800.0,3.0,10.7,normal
1697498961.95,46.738,1800.0,3.0,10.7,normal
1697498962.452,45.764,1800.0,3.5,10.6,normal
1697498962.955,45.764,1800.0,3.5,10.6,normal
1697498963.46,46.738,700.0,4.0,10.7,normal
1697498963.965,45.764,600.0,4.9,10.6,normal
1697498964.472,45.277,600.0,6.4,10.7,normal
1697498964.975,45.764,1800.0,26.9,10.5,normal
1697498965.478,45.277,1800.0,27.1,10.7,normal
1697498965.981,45.764,1800.0,3.5,10.7,normal
1697498966.483,46.251,1800.0,4.0,10.7,normal
1697498966.986,45.764,1800.0,4.5,10.7,normal
1697498967.488,45.277,1800.0,3.0,10.7,normal
1697498967.991,45.764,1800.0,3.5,10.7,normal
1697498968.493,45.764,1800.0,2.5,10.7,normal
1697498968.996,45.764,1800.0,4.0,10.7,normal
1697498969.498,45.764,1800.0,3.9,10.7,normal
1697498970.004,45.764,600.0,3.0,10.7,normal
1697498970.509,45.764,800.0,8.5,9.6,normal
1697498971.016,46.251,1800.0,30.2,10.6,normal
1697498971.518,47.712,1800.0,22.9,10.7,normal
1697498972.021,46.738,1800.0,3.5,10.7,normal
1697498972.523,46.251,1800.0,2.5,10.7,normal
1697498973.026,45.764,1800.0,4.0,10.7,normal
1697498973.528,46.251,1800.0,4.4,10.7,normal
1697498974.031,47.712,1800.0,4.0,10.7,normal
1697498974.534,46.251,1800.0,2.5,10.7,normal
1697498975.036,45.764,1800.0,3.5,10.7,normal
1697498975.539,46.251,1800.0,5.0,10.7,normal
1697498976.044,45.764,700.0,4.9,10.7,normal
1697498976.548,44.79,800.0,4.5,10.7,normal
1697498977.051,45.764,1800.0,25.0,10.4,normal
1697498977.554,46.738,1800.0,30.3,10.6,normal
1697498978.057,46.738,1800.0,3.0,10.6,normal
1697498978.559,45.764,1800.0,4.9,10.6,normal
1697498979.062,46.738,1800.0,3.5,10.6,normal
1697498979.564,45.277,1800.0,3.0,10.6,normal
1697498980.067,46.251,1800.0,3.5,10.6,normal
1697498980.57,45.277,1800.0,2.5,10.6,normal
1697498981.072,47.225,1800.0,4.0,10.6,normal
1697498981.575,45.277,1800.0,3.9,10.6,normal
1697498982.079,46.251,800.0,3.5,10.6,normal
1697498982.585,46.251,600.0,3.4,10.6,normal
1697498983.088,45.764,1800.0,19.0,10.1,normal
1697498983.591,46.251,1800.0,37.0,10.6,normal
1697498984.093,46.251,1800.0,5.0,10.6,normal
1697498984.596,45.764,1800.0,3.5,10.6,normal
1697498985.098,46.738,1800.0,2.0,10.6,normal
1697498985.601,46.251,1800.0,4.0,10.6,normal
1697498986.103,45.764,1800.0,3.0,10.6,normal
1697498986.606,45.764,1800.0,2.0,10.6,normal
1697498987.108,45.277,1800.0,1.0,10.6,normal
1697498987.611,45.764,1800.0,3.4,10.6,normal
1697498988.116,45.764,600.0,2.5,10.7,normal
1697498988.62,44.79,1000.0,9.0,10.6,normal
1697498989.124,45.764,1800.0,10.0,9.6,normal
1697498989.628,47.225,1800.0,29.4,10.5,normal
1697498990.13,46.251,1800.0,18.6,10.6,normal
1697498990.633,46.251,1800.0,2.0,10.6,normal
1697498991.135,46.251,1800.0,3.5,10.7,normal
1697498991.638,45.764,1800.0,3.5,10.6,normal
1697498992.14,45.764,1800.0,2.0,10.6,normal
1697498992.643,45.277,1800.0,2.5,10.6,normal
1697498993.145,46.251,1800.0,3.5,10.6,normal
1697498993.648,45.277,1800.0,3.9,10.6,normal
1697498994.153,45.764,700.0,2.5,10.6,normal
1697498994.657,45.764,900.0,4.0,10.6,normal
1697498995.161,45.277,900.0,4.5,10.6,normal
1697498995.663,46.251,1800.0,27.4,10.4,normal
1697498996.166,46.738,1800.0,27.2,10.6,normal
1697498996.669,46.251,1800.0,3.0,10.6,normal
1697498997.171,46.251,1800.0,5.4,10.6,normal
1697498997.674,46.251,1800.0,3.0,10.6,normal
1697498998.176,46.251,1800.0,3.0,10.6,normal
1697498998.679,45.764,1800.0,4.9,10.6,normal
1697498999.181,46.251,1800.0,5.0,10.6,normal
1697498999.684,45.764,1800.0,3.0,10.6,normal
1697499000.186,45.277,1800.0,4.4,10.6,normal
1697499000.69,45.764,900.0,4.0,10.6,normal
1697499001.194,45.764,1200.0,7.5,10.6,normal
1697499001.696,47.225,1800.0,20.0,10.3,normal
1697499002.199,47.225,1800.0,35.0,10.6,normal
1697499002.702,46.251,1800.0,3.5,10.6,normal
1697499003.204,45.764,1800.0,4.0,10.7,normal
1697499003.707,46.738,1800.0,4.0,10.7,normal
1697499004.209,46.251,1800.0,4.0,10.7,normal
1697499004.712,45.764,1800.0,4.0,10.7,normal
1697499005.214,46.251,1800.0,3.5,10.7,normal
1697499005.717,45.277,1800.0,1.0,10.7,normal
1697499006.219,46.251,1800.0,1.0,10.7,normal
1697499006.725,45.277,600.0,4.5,10.7,normal
1697499007.23,45.764,600.0,2.9,10.7,normal
1697499007.735,45.764,1800.0,10.0,9.8,normal
1697499008.239,46.738,1800.0,33.2,10.5,normal
1697499008.742,46.738,1800.0,16.5,10.6,normal
1697499009.244,46.738,1800.0,2.5,10.6,normal
1697499009.747,45.764,1800.0,4.0,10.6,normal
1697499010.249,45.764,1800.0,3.5,10.6,normal
1697499010.752,46.251,1800.0,3.5,10.6,normal
1697499011.254,45.764,1800.0,3.0,10.6,normal
1697499011.757,45.277,1800.0,4.5,10.6,normal
1697499012.259,45.764,1800.0,2.5,10.6,normal
1697499012.766,45.277,700.0,4.4,10.6,normal
1697499013.272,45.277,600.0,3.5,10.6,normal
1697499013.775,46.738,1800.0,16.8,10.1,normal
1697499014.277,45.764,1800.0,36.4,10.6,normal
1697499014.78,45.764,1800.0,6.5,10.6,normal
1697499015.283,45.277,1800.0,3.9,10.6,normal
1697499015.786,46.738,1800.0,4.0,10.6,normal
1697499016.288,45.764,1800.0,3.5,10.7,normal
1697499016.795,46.251,1800.0,3.0,10.7,normal
1697499017.298,45.764,1800.0,3.0,10.7,normal
1697499017.8,45.764,1800.0,4.0,10.7,normal
1697499018.303,46.738,1800.0,4.0,10.7,normal
1697499018.806,45.764,1800.0,4.0,10.7,normal
1697499019.312,45.277,700.0,3.9,10.7,normal
1697499019.818,45.764,600.0,8.5,10.3,normal
1697499020.321,46.251,1800.0,29.6,10.5,normal
1697499020.824,47.225,1800.0,20.7,10.6,normal
1697499021.327,45.277,1800.0,3.9,10.6,normal
1697499021.834,46.738,1800.0,3.5,10.6,normal
1697499022.336,45.277,1800.0,3.5,10.6,normal
1697499022.839,46.251,1800.0,3.5,10.6,normal
1697499023.341,47.225,1800.0,4.4,10.6,normal
1697499023.844,45.277,1800.0,4.5,10.6,normal
1697499024.347,44.79,1800.0,4.0,10.6,normal
1697499024.851,45.764,700.0,3.0,10.6,normal
1697499025.357,44.79,600.0,4.5,10.7,normal
1697499025.86,45.764,1800.0,13.0,10.1,normal
1697499026.364,47.225,1800.0,36.6,10.6,normal
1697499026.873,46.251,1800.0,10.9,10.6,normal
1697499027.376,46.251,1800.0,4.0,10.7,normal
1697499027.878,45.764,1800.0,3.5,10.7,normal
1697499028.381,45.277,1800.0,3.0,10.7,normal
1697499028.883,46.738,1800.0,3.5,10.7,normal
1697499029.386,45.764,1800.0,3.0,10.7,normal
1697499029.888,46.251,1800.0,4.0,10.7,normal
1697499030.391,45.764,1800.0,3.5,10.7,normal
1697499030.896,46.251,700.0,4.0,10.7,normal
1697499031.402,45.764,600.0,4.4,10.7,normal
1697499031.913,44.303,600.0,5.4,10.6,normal
1697499032.417,45.764,1800.0,28.5,10.4,normal
1697499032.919,46.251,1800.0,26.0,10.6,normal
1697499033.422,46.251,1800.0,3.0,10.6,normal
1697499033.924,45.277,1800.0,2.0,10.6,normal
1697499034.427,45.277,1800.0,2.5,10.6,normal
1697499034.929,45.764,1800.0,2.5,10.6,normal
1697499035.432,46.251,1800.0,3.5,10.6,normal
1697499035.934,46.738,1800.0,3.0,10.6,normal
1697499036.437,46.251,1800.0,3.5,10.6,normal
1697499036.939,45.764,1800.0,2.5,10.6,normal
1697499037.445,45.764,600.0,5.4,10.6,normal
1697499037.95,45.277,600.0,4.0,10.6,normal
1697499038.456,46.251,1800.0,21.3,10.3,normal
1697499038.959,46.738,1800.0,32.7,10.6,normal
1697499039.462,46.251,1800.0,3.0,10.6,normal
1697499039.964,46.251,1800.0,3.0,10.6,normal
1697499040.467,45.764,1800.0,3.5,10.6,normal
1697499040.969,46.251,1800.0,4.0,10.6,normal
1697499041.472,45.764,1800.0,5.0,10.6,normal
1697499041.974,44.79,1800.0,3.5,10.6,normal
1697499042.477,45.764,1800.0,3.0,10.6,normal
1697499042.979,45.277,1800.0,2.5,10.6,normal
1697499043.485,44.79,600.0,4.0,10.6,normal
1697499043.99,45.277,600.0,5.0,10.6,normal
1697499044.494,46.251,1800.0,14.6,10.1,normal
1697499044.996,46.251,1800.0,37.8,10.5,normal
1697499045.499,46.738,1800.0,5.0,10.6,normal
1697499046.001,46.738,1800.0,2.5,10.6,normal
1697499046.504,45.277,1800.0,2.5,10.6,normal
1697499047.007,45.277,1800.0,4.0,10.6,normal
1697499047.509,46.251,1800.0,2.5,10.6,normal
1697499048.012,45.277,1800.0,2.0,10.6,normal
1697499048.515,45.764,1800.0,4.5,10.6,normal
1697499049.017,46.738,1800.0,5.0,10.6,normal
1697499049.524,45.764,600.0,3.4,10.6,normal
1697499050.029,45.764,700.0,6.4,10.6,normal
1697499050.532,46.251,1800.0,21.2,10.1,normal
1697499051.035,46.251,1800.0,34.8,10.6,normal
1697499051.537,46.738,1800.0,2.5,10.6,normal
1697499052.039,46.738,1800.0,5.0,10.6,normal
1697499052.542,46.738,1800.0,3.5,10.6,normal
1697499053.044,46.738,1800.0,3.5,10.6,normal
1697499053.547,46.251,1800.0,4.0,10.6,normal
1697499054.05,46.738,1800.0,3.5,10.6,normal
1697499054.552,47.712,1800.0,3.0,10.6,normal
1697499055.055,45.277,1800.0,3.9,10.6,normal
1697499055.56,46.738,700.0,2.0,10.6,normal
1697499056.066,46.251,600.0,5.4,10.6,normal
1697499056.569,45.764,1800.0,14.9,10.1,normal
1697499057.072,47.225,1800.0,35.0,10.6,normal
1697499057.575,45.277,1800.0,10.0,10.7,normal
1697499058.077,46.251,1800.0,3.0,10.7,normal
1697499058.58,46.251,1800.0,3.5,10.7,normal
1697499059.082,45.764,1800.0,3.5,10.7,normal
1697499059.585,45.277,1800.0,3.0,10.7,normal
1697499060.088,45.277,1800.0,4.0,10.7,normal
1697499060.59,46.251,1800.0,4.9,10.7,normal
1697499061.093,46.251,1800.0,4.0,10.7,normal
1697499061.597,45.764,700.0,3.9,10.7,normal
1697499062.102,46.251,800.0,6.4,10.7,normal
1697499062.605,44.79,1800.0,17.1,10.2,normal
1697499063.108,46.251,1800.0,36.8,10.5,normal
1697499063.61,46.251,1800.0,4.5,10.6,normal
1697499064.113,45.277,1800.0,3.5,10.6,normal
1697499064.615,45.764,1800.0,3.5,10.6,normal
1697499065.118,46.251,1800.0,3.5,10.6,normal
1697499065.62,45.764,1800.0,3.5,10.6,normal
1697499066.123,45.277,1800.0,2.5,10.6,normal
1697499066.626,46.251,1800.0,4.5,10.6,normal
1697499067.128,45.277,1800.0,3.0,10.6,normal
1697499067.632,44.79,900.0,4.4,10.6,normal
1697499068.137,46.251,800.0,4.9,10.6,normal
1697499068.639,46.251,1800.0,10.5,9.6,normal
1697499069.142,46.251,1800.0,28.4,10.4,normal
1697499069.645,46.251,1800.0,19.6,10.6,normal
1697499070.147,46.251,1800.0,3.5,10.6,normal
1697499070.65,45.764,1800.0,4.0,10.6,normal
1697499071.153,46.251,1800.0,3.0,10.6,normal
1697499071.655,46.738,1800.0,3.5,10.6,normal
1697499072.158,46.251,1800.0,2.5,10.6,normal
1697499072.66,46.251,1800.0,3.5,10.6,normal
1697499073.163,45.277,1800.0,4.5,10.6,normal
1697499073.667,45.277,800.0,3.5,10.6,normal
1697499074.172,45.277,800.0,5.0,10.6,normal
1697499074.677,45.764,1000.0,3.5,10.6,normal
1697499075.179,46.251,1800.0,27.2,10.3,normal
1697499075.682,45.277,1800.0,26.1,10.6,normal
1697499076.185,45.277,1800.0,2.5,10.6,normal
1697499076.687,46.251,1800.0,2.5,10.6,normal
1697499077.19,45.277,1800.0,3.0,10.6,normal
1697499077.692,45.764,1800.0,3.0,10.6,normal
1697499078.195,45.277,1800.0,3.0,10.6,normal
1697499078.697,45.764,1800.0,4.0,10.6,normal
1697499079.2,46.251,1800.0,3.5,10.6,normal
1697499079.702,47.225,1800.0,3.0,10.6,normal
1697499080.206,45.277,900.0,4.9,10.6,normal
1697499080.711,46.738,800.0,4.5,10.6,normal
1697499081.214,45.764,1800.0,21.0,10.3,normal
1697499081.716,46.738,1800.0,35.3,10.6,normal
1697499082.219,46.251,1800.0,3.0,10.6,normal
1697499082.722,45.277,1800.0,3.5,10.6,normal
1697499083.224,46.251,1800.0,4.5,10.6,normal
1697499083.727,46.738,1800.0,3.5,10.6,normal
1697499084.229,48.199,1800.0,3.5,10.6,normal
1697499084.732,45.764,1800.0,2.5,10.6,normal
1697499085.234,44.79,1800.0,4.0,10.6,normal
1697499085.737,45.764,1800.0,3.5,10.7,normal
1697499086.241,44.79,800.0,3.5,10.7,normal
1697499086.746,45.277,700.0,3.0,10.7,normal
1697499087.25,46.738,1800.0,23.0,10.2,normal
1697499087.752,46.738,1800.0,33.2,10.6,normal
1697499088.255,46.738,1800.0,3.0,10.6,normal
1697499088.757,46.738,1800.0,4.5,10.6,normal
1697499089.26,45.764,1800.0,4.5,10.6,normal
1697499089.763,45.277,1800.0,3.5,10.6,normal
1697499090.266,45.764,1800.0,2.5,10.6,normal
1697499090.768,46.251,1800.0,3.5,10.6,normal
1697499091.271,45.277,1800.0,4.5,10.6,normal
1697499091.773,45.764,1800.0,3.0,10.6,normal
1697499092.278,46.251,700.0,4.4,10.6,normal
1697499092.784,45.277,600.0,5.0,10.6,normal
1697499093.287,46.738,1800.0,29.1,10.4,normal
1697499093.79,45.764,1800.0,27.0,10.6,normal
1697499094.292,45.277,1800.0,4.0,10.6,normal
1697499094.795,47.225,1800.0,3.5,10.6,normal
1697499095.297,46.251,1800.0,4.0,10.6,normal
1697499095.8,46.738,1800.0,2.5,10.6,normal
1697499096.303,47.225,1800.0,3.5,10.6,normal
1697499096.805,46.251,1800.0,3.5,10.6,normal
1697499097.308,45.764,1800.0,4.5,10.6,normal
1697499097.81,46.738,1800.0,3.0,10.6,normal
1697499098.316,45.277,600.0,4.5,10.6,normal
1697499098.821,46.251,1200.0,9.4,10.5,normal
1697499099.325,47.225,1800.0,28.9,10.4,normal
1697499099.827,46.738,1800.0,23.0,10.6,normal
1697499100.33,46.738,1800.0,3.0,10.6,normal
1697499100.832,46.251,1800.0,3.0,10.6,normal
1697499101.335,47.225,1800.0,4.4,10.6,normal
1697499101.837,46.738,1800.0,3.5,10.6,normal
1697499102.34,46.738,1800.0,3.0,10.6,normal
1697499102.843,45.764,1800.0,3.0,10.6,normal
1697499103.346,45.764,1800.0,4.5,10.6,normal
1697499103.848,46.251,1800.0,4.5,10.6,normal
1697499104.355,45.764,600.0,5.4,10.6,normal
1697499104.861,46.251,600.0,4.9,10.6,normal
1697499105.364,45.764,1800.0,23.0,10.4,normal
1697499105.867,47.225,1800.0,29.6,10.7,normal
1697499106.369,46.738,1800.0,3.5,10.7,normal
1697499106.872,46.738,1800.0,1.5,10.7,normal
1697499107.374,46.251,1800.0,2.5,10.7,normal
1697499107.877,45.764,1800.0,2.5,10.7,normal
1697499108.379,44.79,1800.0,3.0,10.7,normal
1697499108.882,45.277,1800.0,4.5,10.7,normal
1697499109.384,45.764,1800.0,3.0,10.7,normal
1697499109.887,45.764,1800.0,4.5,10.7,normal
1697499110.392,46.251,600.0,4.9,10.7,normal
1697499110.898,44.79,600.0,3.5,10.7,normal
1697499111.401,45.764,1800.0,18.9,10.3,normal
1697499111.904,46.738,1800.0,36.8,10.7,normal
1697499112.407,45.764,1800.0,3.0,10.7,normal
1697499112.909,46.251,1800.0,3.5,10.7,normal
1697499113.412,44.79,1800.0,4.0,10.7,normal
1697499113.914,46.738,1800.0,4.5,10.7,normal
1697499114.417,45.764,1800.0,4.0,10.7,normal
1697499114.919,46.251,1800.0,3.0,10.7,normal
1697499115.422,46.251,1800.0,2.5,10.7,normal
1697499115.925,45.764,1800.0,4.0,10.7,normal
1697499116.43,45.764,600.0,2.5,10.7,normal
1697499116.936,45.277,600.0,4.5,10.7,normal
1697499117.44,46.251,1800.0,24.1,10.4,normal
1697499117.942,45.764,1800.0,29.3,10.7,normal
1697499118.445,46.251,1800.0,2.0,10.7,normal
1697499118.947,45.764,1800.0,4.0,10.7,normal
1697499119.45,47.225,1800.0,2.5,10.7,normal
1697499119.952,45.764,1800.0,3.5,10.6,normal
1697499120.455,46.251,1800.0,4.0,10.6,normal
1697499120.957,45.764,1800.0,2.5,10.6,normal
1697499121.46,45.764,1800.0,4.5,10.6,normal
1697499121.963,45.764,1800.0,3.0,10.6,normal
1697499122.468,45.277,600.0,3.9,10.6,normal
1697499122.977,44.303,600.0,5.4,10.6,normal
1697499123.479,47.225,1800.0,29.4,10.4,normal
1697499123.982,46.251,1800.0,27.4,10.6,normal
1697499124.485,45.764,1800.0,4.0,10.6,normal
1697499124.987,45.764,1800.0,3.0,10.6,normal
1697499125.49,46.251,1800.0,3.5,10.6,normal
1697499125.992,45.764,1800.0,3.5,10.6,normal
1697499126.495,46.251,1800.0,4.0,10.6,normal
1697499126.997,44.303,1800.0,2.5,10.6,normal
1697499127.5,46.251,1800.0,3.0,10.6,normal
1697499128.003,46.251,1800.0,3.5,10.6,normal
1697499128.509,45.277,600.0,3.5,10.6,normal
1697499129.015,45.277,600.0,5.9,10.6,normal
1697499129.518,46.251,1800.0,22.4,10.3,normal
1697499130.022,45.764,1800.0,32.5,10.7,normal
1697499130.524,47.225,1800.0,3.0,10.7,normal
1697499131.027,46.738,1800.0,5.4,10.7,normal
1697499131.53,46.738,1800.0,3.0,10.7,normal
1697499132.032,46.251,1800.0,4.0,10.7,normal
1697499132.535,45.764,1800.0,1.5,10.6,normal
1697499133.038,46.251,1800.0,4.5,10.7,normal
1697499133.54,46.738,1800.0,3.5,10.6,normal
1697499134.043,46.251,1800.0,3.5,10.7,normal
1697499134.549,45.764,600.0,2.5,10.7,normal
1697499135.055,45.277,600.0,5.4,10.7,normal
1697499135.559,46.738,1800.0,27.0,10.4,normal
1697499136.061,46.251,1800.0,28.1,10.6,normal
1697499136.564,46.738,1800.0,4.4,10.6,normal
1697499137.067,47.225,1800.0,4.0,10.6,normal
1697499137.569,45.764,1800.0,2.5,10.6,normal
1697499138.072,46.738,1800.0,3.5,10.6,normal
1697499138.574,46.251,1800.0,5.4,10.6,normal
1697499139.077,46.251,1800.0,4.0,10.6,normal
1697499139.579,45.764,1800.0,2.5,10.6,normal
1697499140.082,45.764,1800.0,3.5,10.6,normal
1697499140.586,45.764,900.0,3.5,10.7,normal
1697499141.092,45.764,600.0,5.4,10.7,normal
1697499141.594,44.79,1800.0,17.4,10.2,normal
1697499142.097,46.251,1800.0,35.5,10.6,normal
1697499142.599,45.764,1800.0,4.0,10.6,normal
1697499143.102,45.277,1800.0,4.0,10.6,normal
1697499143.604,46.738,1800.0,4.0,10.6,normal
1697499144.107,45.277,1800.0,3.0,10.6,normal
1697499144.61,45.277,1800.0,3.5,10.6,normal
1697499145.112,46.251,1800.0,3.5,10.6,normal
1697499145.615,45.764,1800.0,4.5,10.7,normal
1697499146.117,46.251,1800.0,3.0,10.7,normal
1697499146.621,45.277,900.0,4.0,10.7,normal
1697499147.125,45.764,900.0,5.4,10.7,normal
1697499147.629,46.738,1800.0,12.4,10.1,normal
1697499148.132,47.225,1800.0,32.8,10.6,normal
1697499148.635,45.764,1800.0,13.0,10.7,normal
1697499149.137,46.251,1800.0,3.5,10.7,normal
1697499149.64,46.251,1800.0,4.5,10.7,normal
1697499150.142,46.251,1800.0,3.0,10.7,normal
1697499150.645,45.764,1800.0,3.5,10.7,normal
1697499151.147,46.251,1800.0,2.5,10.7,normal
1697499151.65,46.738,1800.0,4.5,10.7,normal
1697499152.152,46.251,1800.0,3.5,10.7,normal
1697499152.658,45.764,700.0,3.5,10.7,normal
1697499153.162,45.277,900.0,4.9,10.7,normal
1697499153.665,45.764,1800.0,18.8,10.3,normal
1697499154.168,47.225,1800.0,38.0,10.6,normal
1697499154.67,45.277,1800.0,4.0,10.7,normal
1697499155.173,46.251,1800.0,4.0,10.7,normal
1697499155.675,46.738,1800.0,3.5,10.7,normal
1697499156.178,46.738,1800.0,5.0,10.7,normal
1697499156.68,46.738,1800.0,2.5,10.7,normal
1697499157.183,45.764,1800.0,3.0,10.7,normal
1697499157.685,45.277,1800.0,3.4,10.7,normal
1697499158.188,44.79,1800.0,3.0,10.7,normal
1697499158.691,46.738,1100.0,5.0,10.7,normal
1697499159.197,44.303,600.0,4.0,10.7,normal
1697499159.701,45.277,1000.0,7.5,9.6,normal
1697499160.203,46.251,1800.0,28.7,10.5,normal
1697499160.706,46.251,1800.0,19.5,10.6,normal
1697499161.209,46.251,1800.0,1.5,10.6,normal
1697499161.711,45.764,1800.0,3.5,10.6,normal
1697499162.214,45.277,1800.0,4.0,10.6,normal
1697499162.716,46.251,1800.0,2.0,10.6,normal
1697499163.219,45.764,1800.0,3.5,10.6,normal
1697499163.721,45.277,1800.0,3.5,10.6,normal
1697499164.224,45.764,1800.0,3.5,10.6,normal
1697499164.728,45.764,800.0,5.0,10.7,normal
1697499165.233,45.764,900.0,3.0,10.7,normal
1697499165.738,46.251,800.0,4.5,10.7,normal
1697499166.242,45.277,1800.0,25.4,10.4,normal
1697499166.745,45.764,1800.0,26.1,10.6,normal
1697499167.247,46.251,1800.0,0.0,10.6,normal
1697499167.75,45.764,1800.0,0.0,10.6,normal
1697499168.252,46.251,1800.0,3.5,10.6,normal
1697499168.755,45.764,1800.0,6.0,10.6,normal
1697499169.258,46.251,1800.0,5.0,10.6,normal
1697499169.76,45.277,1800.0,3.5,10.6,normal
1697499170.263,45.764,1800.0,3.5,10.6,normal
1697499170.765,44.79,1800.0,3.0,10.6,normal
1697499171.269,45.764,900.0,5.0,10.6,normal
1697499171.774,46.251,700.0,5.4,10.6,normal
1697499172.277,46.251,1800.0,19.7,10.3,normal
1697499172.779,46.738,1800.0,35.0,10.7,normal
1697499173.282,46.251,1800.0,4.5,10.7,normal
1697499173.784,45.764,1800.0,3.5,10.7,normal
1697499174.287,44.79,1800.0,3.0,10.7,normal
1697499174.79,45.764,1800.0,3.0,10.7,normal
1697499175.292,46.738,1800.0,4.0,10.7,normal
1697499175.795,45.277,1800.0,3.0,10.7,normal
1697499176.297,45.277,1800.0,3.0,10.7,normal
1697499176.8,46.251,1800.0,2.5,10.7,normal
1697499177.304,45.277,800.0,5.5,10.7,normal
1697499177.81,45.277,600.0,5.0,10.7,normal
1697499178.313,46.251,1800.0,13.0,10.2,normal
1697499178.816,45.764,1800.0,38.3,10.6,normal
1697499179.319,45.764,1800.0,8.5,10.6,normal
1697499179.821,46.251,1800.0,4.0,10.6,normal
1697499180.324,45.764,1800.0,3.5,10.6,normal
1697499180.827,46.251,1800.0,3.5,10.6,normal
1697499181.329,46.251,1800.0,4.5,10.6,normal
1697499181.832,45.764,1800.0,3.5,10.6,normal
1697499182.334,44.79,1800.0,3.9,10.6,normal
1697499182.837,45.764,1800.0,3.5,10.6,normal
1697499183.342,44.79,700.0,3.5,10.6,normal
1697499183.844,45.764,1800.0,5.5,10.6,normal
1697499184.347,46.251,1800.0,18.4,10.2,normal
1697499184.85,46.738,1800.0,33.7,10.6,normal
1697499185.352,45.277,1800.0,4.0,10.6,normal
1697499185.855,46.251,1800.0,4.5,10.6,normal
1697499186.357,45.764,1800.0,4.0,10.6,normal
1697499186.86,45.764,1800.0,3.5,10.6,normal
1697499187.363,45.764,1800.0,2.5,10.6,normal
1697499187.865,46.251,1800.0,2.5,10.6,normal
1697499188.368,45.277,1800.0,4.0,10.6,normal
1697499188.873,46.251,700.0,4.9,10.6,normal
1697499189.378,44.79,600.0,3.5,10.6,normal
1697499189.884,45.764,600.0,5.4,10.6,normal
1697499190.388,47.225,1800.0,25.9,10.4,normal
1697499190.891,45.764,1800.0,28.9,10.6,normal
1697499191.394,45.277,1800.0,2.5,10.6,normal
1697499191.896,45.764,1800.0,3.5,10.6,normal
1697499192.399,46.251,1800.0,3.5,10.6,normal
1697499192.902,46.251,1800.0,2.5,10.6,normal
1697499193.404,45.764,1800.0,4.0,10.7,normal
1697499193.907,46.251,1800.0,4.0,10.7,normal
1697499194.409,45.277,1800.0,3.5,10.6,normal
1697499194.912,46.251,1800.0,3.0,10.7,normal
1697499195.422,45.764,600.0,3.9,10.7,normal
1697499195.928,45.277,600.0,3.5,10.6,normal
1697499196.436,45.764,1800.0,21.6,10.2,normal
1697499196.939,45.277,1800.0,33.7,10.6,normal
1697499197.442,46.738,1800.0,3.5,10.6,normal
1697499197.944,45.764,1800.0,2.5,10.6,normal
1697499198.447,47.225,1800.0,2.5,10.6,normal
1697499198.949,45.764,1800.0,4.5,10.6,normal
1697499199.452,46.251,1800.0,3.0,10.6,normal
1697499199.954,45.764,1800.0,3.0,10.6,normal
1697499200.457,44.79,1800.0,3.5,10.6,normal
1697499200.959,45.277,1800.0,3.0,10.6,normal
1697499201.465,44.303,600.0,2.5,10.7,normal
1697499201.971,45.277,600.0,4.4,10.6,normal
1697499202.474,46.251,1800.0,25.5,10.4,normal
1697499202.976,45.277,1800.0,28.6,10.6,normal
1697499203.479,45.764,1800.0,2.5,10.6,normal
1697499203.981,45.764,1800.0,4.0,10.6,normal
1697499204.484,45.277,1800.0,3.0,10.6,normal
1697499204.986,45.277,1800.0,3.0,10.6,normal
1697499205.489,45.764,1800.0,3.5,10.6,normal
1697499205.991,46.251,1800.0,3.5,10.6,normal
1697499206.494,45.764,1800.0,2.5,10.6,normal
1697499206.997,45.277,1800.0,3.5,10.6,normal
1697499207.503,45.277,600.0,4.9,10.6,normal
1697499208.01,45.277,600.0,6.4,10.5,normal
1697499208.514,45.277,1800.0,29.4,10.4,normal
1697499209.016,46.251,1800.0,26.9,10.6,normal
1697499209.519,46.251,1800.0,4.0,10.6,normal
1697499210.022,46.251,1800.0,3.0,10.6,normal
1697499210.524,45.277,1800.0,2.5,10.6,normal
1697499211.027,45.277,1800.0,5.0,10.6,normal
1697499211.529,45.277,1800.0,3.5,10.6,normal
1697499212.032,45.764,1800.0,2.5,10.6,normal
1697499212.534,45.764,1800.0,3.0,10.6,normal
1697499213.037,44.79,1800.0,5.0,10.6,normal
1697499213.542,45.764,600.0,4.5,10.6,normal
1697499214.048,45.277,700.0,10.4,9.5,normal
1697499214.552,46.251,1800.0,29.2,10.4,normal
1697499215.054,45.764,1800.0,20.9,10.6,normal
1697499215.557,46.738,1800.0,4.5,10.6,normal
1697499216.059,44.79,1800.0,1.0,10.6,normal
1697499216.562,46.251,1800.0,5.5,10.6,normal
1697499217.064,45.277,1800.0,4.0,10.6,normal
1697499217.567,45.277,1800.0,3.5,10.6,normal
1697499218.07,46.251,1800.0,3.9,10.7,normal
1697499218.572,46.251,1800.0,4.5,10.7,normal
1697499219.075,45.764,1800.0,3.0,10.7,normal
1697499219.58,44.79,700.0,5.4,10.7,normal
1697499220.083,46.251,1800.0,13.5,10.1,normal
1697499220.59,47.225,1800.0,37.4,10.6,normal
1697499221.093,46.251,1800.0,6.0,10.7,normal
1697499221.595,46.251,1800.0,3.5,10.7,normal
1697499222.098,46.738,1800.0,3.5,10.7,normal
1697499222.6,45.764,1800.0,3.5,10.7,normal
1697499223.103,46.738,1800.0,3.5,10.7,normal
1697499223.605,46.251,1800.0,3.5,10.7,normal
1697499224.108,45.764,1800.0,3.5,10.7,normal
1697499224.61,46.251,1800.0,4.0,10.7,normal
1697499225.116,45.764,600.0,3.0,10.7,normal
1697499225.627,44.79,600.0,3.4,10.7,normal
1697499226.13,46.738,1800.0,20.8,10.3,normal
1697499226.632,46.738,1800.0,31.7,10.7,normal
1697499227.135,46.251,1800.0,2.5,10.7,normal
1697499227.637,46.251,1800.0,2.0,10.7,normal
1697499228.14,45.764,1800.0,4.5,10.7,normal
1697499228.642,46.251,1800.0,5.0,10.7,normal
1697499229.145,46.251,1800.0,5.0,10.7,normal
1697499229.647,45.764,1800.0,3.0,10.7,normal
1697499230.15,46.251,1800.0,3.9,10.7,normal
1697499230.657,45.764,1800.0,2.5,10.7,normal
1697499231.16,46.251,1100.0,5.4,10.7,normal
1697499231.664,45.764,1000.0,5.0,10.7,normal
1697499232.167,45.277,1800.0,14.9,10.2,normal
1697499232.67,46.251,1800.0,36.8,10.6,normal
1697499233.172,47.225,1800.0,5.5,10.6,normal
1697499233.675,46.251,1800.0,4.5,10.6,normal
1697499234.178,45.764,1800.0,3.5,10.6,normal
1697499234.68,45.277,1800.0,3.5,10.6,normal
1697499235.183,45.277,1800.0,3.5,10.6,normal
1697499235.688,45.277,1800.0,3.5,10.6,normal
1697499236.191,46.738,1800.0,3.0,10.6,normal
1697499236.693,45.764,1800.0,3.5,10.7,normal
1697499237.197,46.251,1000.0,5.4,10.7,normal
1697499237.703,45.277,600.0,4.5,10.7,normal
1697499238.206,45.764,1800.0,16.1,10.2,normal
1697499238.709,46.251,1800.0,38.8,10.6,normal
1697499239.211,45.764,1800.0,5.0,10.7,normal
1697499239.714,46.738,1800.0,3.0,10.7,normal
1697499240.216,45.764,1800.0,3.5,10.7,normal
1697499240.719,46.251,1800.0,3.0,10.7,normal
1697499241.221,45.277,1800.0,3.5,10.7,normal
1697499241.724,45.277,1800.0,3.5,10.7,normal
1697499242.226,45.277,1800.0,3.0,10.7,normal
1697499242.729,46.251,1800.0,2.5,10.7,normal
1697499243.235,45.764,600.0,3.0,10.7,normal
1697499243.74,44.79,600.0,5.9,10.7,normal
1697499244.243,46.738,1800.0,20.1,10.4,normal
1697499244.746,46.251,1800.0,33.2,10.7,normal
1697499245.248,46.251,1800.0,3.5,10.7,normal
1697499245.751,45.764,1800.0,3.5,10.6,normal
1697499246.253,45.764,1800.0,3.0,10.6,normal
1697499246.756,46.251,1800.0,4.5,10.7,normal
1697499247.259,46.251,1800.0,3.5,10.6,normal
1697499247.761,45.764,1800.0,3.5,10.6,normal
1697499248.264,46.251,1800.0,2.5,10.7,normal
1697499248.766,45.277,1800.0,4.9,10.6,normal
1697499249.27,44.79,800.0,3.0,10.6,normal
1697499249.775,44.303,800.0,5.9,10.7,normal
1697499250.278,45.764,1800.0,24.9,10.4,normal
1697499250.781,46.251,1800.0,30.8,10.7,normal
1697499251.284,45.764,1800.0,3.5,10.7,normal
1697499251.786,45.764,1800.0,3.5,10.7,normal
1697499252.289,45.277,1800.0,5.0,10.7,normal
1697499252.791,45.764,1800.0,3.5,10.7,normal
1697499253.294,44.79,1800.0,3.5,10.7,normal
1697499253.796,45.764,1800.0,4.0,10.7,normal
1697499254.299,46.251,1800.0,4.5,10.7,normal
1697499254.801,46.251,1800.0,3.5,10.7,normal
1697499255.306,45.277,700.0,4.5,10.7,normal
1697499255.811,45.764,800.0,5.9,10.7,normal
1697499256.314,46.251,1800.0,29.2,10.5,normal
1697499256.817,45.764,1800.0,23.9,10.7,normal
1697499257.32,46.738,1800.0,3.0,10.7,normal
1697499257.822,44.79,1800.0,3.5,10.7,normal
1697499258.325,45.277,1800.0,3.0,10.7,normal
1697499258.827,45.764,1800.0,4.0,10.7,normal
1697499259.33,45.764,1800.0,3.5,10.7,normal
1697499259.833,45.764,1800.0,3.0,10.7,normal
1697499260.335,44.79,1800.0,4.0,10.7,normal
1697499260.838,45.764,1800.0,4.5,10.7,normal
1697499261.342,45.277,900.0,4.5,10.7,normal
1697499261.846,45.277,1800.0,10.9,9.6,normal
1697499262.349,46.738,1800.0,29.2,10.5,normal
1697499262.851,46.738,1800.0,19.9,10.7,normal
1697499263.354,46.738,1800.0,3.5,10.7,normal
1697499263.856,46.251,1800.0,4.5,10.7,normal
1697499264.359,45.764,1800.0,3.5,10.7,normal
1697499264.862,46.738,1800.0,4.0,10.7,normal
1697499265.364,46.251,1800.0,3.0,10.7,normal
1697499265.867,45.764,1800.0,3.4,10.7,normal
1697499266.369,45.764,1800.0,3.5,10.7,normal
1697499266.874,45.764,700.0,4.0,10.7,normal
1697499267.379,45.277,800.0,6.4,10.7,normal
1697499267.884,45.277,600.0,4.0,10.7,normal
1697499268.388,46.738,1800.0,26.2,10.5,normal
1697499268.891,46.251,1800.0,28.1,10.7,normal
1697499269.394,45.764,1800.0,4.0,10.7,normal
1697499269.896,46.251,1800.0,4.0,10.6,normal
1697499270.399,46.251,1800.0,3.0,10.7,normal
1697499270.901,46.251,1800.0,3.0,10.7,normal
1697499271.404,47.225,1800.0,4.5,10.7,normal
1697499271.906,45.277,1800.0,3.5,10.7,normal
1697499272.409,45.764,1800.0,2.5,10.6,normal
1697499272.911,45.277,1800.0,3.5,10.7,normal
1697499273.417,45.764,600.0,3.5,10.7,normal
1697499273.922,45.277,600.0,3.9,10.7,normal
1697499274.425,45.764,1800.0,21.6,10.4,normal
1697499274.928,46.738,1800.0,32.2,10.7,normal
1697499275.431,46.738,1800.0,4.0,10.7,normal
1697499275.933,45.277,1800.0,4.0,10.7,normal
1697499276.436,46.251,1800.0,3.0,10.7,normal
1697499276.938,45.764,1800.0,3.9,10.7,normal
1697499277.441,46.738,1800.0,3.0,10.6,normal
1697499277.943,46.738,1800.0,4.0,10.6,normal
1697499278.446,46.251,1800.0,3.5,10.6,normal
1697499278.948,46.738,1800.0,4.9,10.6,normal
1697499279.454,45.764,600.0,3.5,10.6,normal
1697499279.96,45.764,600.0,5.9,10.6,normal
1697499280.463,46.251,1800.0,14.9,10.1,normal
1697499280.965,47.712,1800.0,36.7,10.6,normal
1697499281.468,47.225,1800.0,6.9,10.7,normal
1697499281.971,45.764,1800.0,3.5,10.7,normal
1697499282.473,46.251,1800.0,2.0,10.7,normal
1697499282.975,45.764,1800.0,3.5,10.7,normal
1697499283.478,45.764,1800.0,3.5,10.7,normal
1697499283.981,45.764,1800.0,4.5,10.7,normal
1697499284.483,44.79,1800.0,3.0,10.7,normal
1697499284.986,47.225,1800.0,3.0,10.6,normal
1697499285.49,45.277,900.0,5.0,10.7,normal
1697499285.996,46.251,600.0,2.0,10.7,normal
1697499286.502,45.277,600.0,3.0,10.5,normal
1697499287.005,46.251,1800.0,25.4,10.5,normal
1697499287.508,45.277,1800.0,21.5,10.6,normal
1697499288.01,46.251,1800.0,3.5,10.6,normal
1697499288.513,46.251,1800.0,4.0,10.6,normal
1697499289.016,46.738,1800.0,4.5,10.6,normal
1697499289.518,45.277,1800.0,3.5,10.6,normal
1697499290.021,45.277,1800.0,3.0,10.6,normal
1697499290.523,45.764,1800.0,2.5,10.6,normal
1697499291.026,46.251,1800.0,5.0,10.6,normal
1697499291.53,46.251,800.0,4.0,10.6,normal
1697499292.036,44.79,600.0,5.0,10.7,normal
1697499292.542,44.79,600.0,5.4,10.7,normal
1697499293.045,45.764,1800.0,24.0,10.2,normal
1697499293.548,46.738,1800.0,32.2,10.6,normal
1697499294.051,45.764,1800.0,5.0,10.6,normal
1697499294.553,46.738,1800.0,3.5,10.6,normal
1697499295.056,46.738,1800.0,3.0,10.6,normal
1697499295.559,45.764,1800.0,4.0,10.6,normal
1697499296.061,45.764,1800.0,2.0,10.6,normal
1697499296.564,45.764,1800.0,4.0,10.6,normal
1697499297.066,45.277,1800.0,3.0,10.6,normal
1697499297.569,45.764,1800.0,3.5,10.6,normal
1697499298.075,45.764,600.0,4.5,10.6,normal
1697499298.579,46.251,800.0,5.5,10.6,normal
1697499299.083,45.764,1800.0,27.2,10.3,normal
1697499299.585,45.277,1800.0,27.6,10.6,normal
1697499300.088,47.225,1800.0,3.5,10.6,normal
1697499300.591,45.277,1800.0,4.5,10.7,normal
1697499301.093,46.251,1800.0,4.4,10.6,normal
1697499301.596,45.277,1800.0,3.0,10.6,normal
1697499302.098,46.251,1800.0,3.0,10.6,normal
1697499302.601,45.764,1800.0,4.0,10.6,normal
1697499303.103,46.251,1800.0,3.0,10.6,normal
1697499303.606,45.764,1800.0,4.0,10.6,normal
1697499304.11,45.764,900.0,3.5,10.6,normal
1697499304.614,45.277,1000.0,5.5,10.6,normal
1697499305.116,46.251,1800.0,18.8,10.2,normal
1697499305.619,46.738,1800.0,36.3,10.6,normal
1697499306.122,45.764,1800.0,3.5,10.6,normal
1697499306.624,45.277,1800.0,4.0,10.6,normal
1697499307.127,46.738,1800.0,4.0,10.6,normal
1697499307.629,46.251,1800.0,3.9,10.6,normal
1697499308.132,45.764,1800.0,3.0,10.6,normal
1697499308.634,46.251,1800.0,5.9,10.6,normal
1697499309.137,45.277,1800.0,3.0,10.6,normal
1697499309.639,45.277,1800.0,3.0,10.6,normal
1697499310.144,44.79,800.0,3.9,10.7,normal
1697499310.648,45.764,1000.0,5.0,10.7,normal
1697499311.152,45.277,1800.0,11.0,9.6,normal
1697499311.655,46.251,1800.0,29.7,10.5,normal
1697499312.158,47.225,1800.0,18.0,10.6,normal
1697499312.661,46.251,1800.0,5.0,10.6,normal
1697499313.163,45.764,1800.0,3.4,10.6,normal
1697499313.666,45.277,1800.0,4.5,10.6,normal
1697499314.168,45.277,1800.0,3.0,10.6,normal
1697499314.671,45.764,1800.0,4.0,10.6,normal
1697499315.173,45.764,1800.0,3.5,10.6,normal
1697499315.676,46.251,1800.0,3.0,10.6,normal
1697499316.181,44.79,700.0,3.4,10.7,normal
1697499316.685,45.764,1000.0,4.0,10.7,normal
1697499317.189,46.251,900.0,4.5,10.6,normal
1697499317.692,46.251,1800.0,26.4,10.4,normal
1697499318.195,46.251,1800.0,28.1,10.7,normal
1697499318.698,45.764,1800.0,4.5,10.7,normal
1697499319.2,45.764,1800.0,3.9,10.7,normal
1697499319.703,45.764,1800.0,3.0,10.7,normal
1697499320.205,45.764,1800.0,3.0,10.7,normal
1697499320.708,46.251,1800.0,4.5,10.7,normal
1697499321.21,45.764,1800.0,3.5,10.7,normal
1697499321.713,45.764,1800.0,3.0,10.7,normal
1697499322.215,45.277,1800.0,3.5,10.7,normal
1697499322.721,45.764,600.0,4.5,10.7,normal
1697499323.226,45.277,700.0,5.9,10.7,normal
1697499323.729,46.738,1800.0,19.9,10.3,normal
1697499324.231,46.738,1800.0,35.7,10.6,normal
1697499324.734,46.251,1800.0,4.0,10.6,normal
1697499325.236,45.764,1800.0,2.5,10.6,normal
1697499325.739,45.764,1800.0,4.0,10.6,normal
1697499326.242,45.277,1800.0,3.0,10.6,normal
1697499326.744,46.738,1800.0,3.5,10.6,normal
1697499327.247,45.764,1800.0,2.5,10.6,normal
1697499327.749,45.764,1800.0,3.5,10.6,normal
1697499328.252,45.277,1800.0,2.0,10.6,normal
1697499328.754,45.277,1800.0,6.4,10.6,normal
1697499329.257,45.764,1800.0,3.0,10.6,normal
1697499329.759,47.225,1800.0,20.9,10.3,normal
1697499330.262,45.764,1800.0,30.5,10.6,normal
1697499330.765,45.764,1800.0,2.5,10.6,normal
1697499331.267,45.277,1800.0,3.0,10.6,normal
1697499331.77,45.277,1800.0,3.0,10.6,normal
1697499332.272,45.277,1800.0,3.5,10.6,normal
1697499332.775,45.277,1800.0,3.0,10.6,normal
1697499333.277,46.251,1800.0,4.0,10.6,normal
1697499333.783,45.277,600.0,4.5,10.6,normal
1697499334.288,45.277,800.0,4.5,10.6,normal
1697499334.793,45.277,700.0,4.5,10.7,normal
1697499335.299,45.277,600.0,5.0,10.6,normal
1697499335.802,46.738,1800.0,29.2,10.4,normal
1697499336.304,45.764,1800.0,25.0,10.6,normal
1697499336.807,46.738,1800.0,3.5,10.6,normal
1697499337.309,45.764,1800.0,3.0,10.6,normal
1697499337.812,46.251,1800.0,3.5,10.6,normal
1697499338.315,45.277,1800.0,3.9,10.6,normal
1697499338.817,45.764,1800.0,4.0,10.6,normal
1697499339.32,46.251,1800.0,3.0,10.6,normal
1697499339.822,45.277,1800.0,3.5,10.6,normal
1697499340.325,44.79,1800.0,4.5,10.6,normal
1697499340.829,45.764,700.0,4.0,10.6,normal
1697499341.333,44.79,1800.0,10.0,9.5,normal
1697499341.837,46.251,1800.0,30.7,10.5,normal
1697499342.34,46.738,1800.0,17.0,10.6,normal
1697499342.843,45.764,1800.0,4.0,10.6,normal
1697499343.345,46.251,1800.0,3.4,10.6,normal
1697499343.848,46.251,1800.0,4.0,10.6,normal
1697499344.35,47.225,1800.0,3.0,10.6,normal
1697499344.853,45.764,1800.0,4.4,10.6,normal
1697499345.355,45.764,1800.0,1.5,10.6,normal
1697499345.858,45.277,1800.0,3.9,10.7,normal
1697499346.363,45.277,700.0,2.5,10.6,normal
1697499346.868,44.79,600.0,5.4,10.6,normal
1697499347.374,45.277,600.0,4.9,10.6,normal
1697499347.877,47.225,1800.0,28.7,10.5,normal
1697499348.38,45.277,1800.0,23.6,10.7,normal
1697499348.883,45.764,1800.0,4.0,10.7,normal
1697499349.385,45.764,1800.0,3.0,10.7,normal
1697499349.888,45.764,1800.0,4.5,10.7,normal
1697499350.39,46.251,1800.0,3.5,10.7,normal
1697499350.893,45.277,1800.0,3.0,10.7,normal
1697499351.396,45.764,1800.0,3.5,10.7,normal
1697499351.898,46.251,1800.0,3.0,10.7,normal
1697499352.401,45.764,1800.0,4.5,10.7,normal
1697499352.905,44.79,800.0,5.4,10.7,normal
1697499353.409,45.277,800.0,4.0,10.7,normal
1697499353.912,46.738,1800.0,22.4,10.4,normal
1697499354.415,45.764,1800.0,34.5,10.7,normal
1697499354.917,46.251,1800.0,2.5,10.7,normal
1697499355.42,46.738,1800.0,3.5,10.7,normal
1697499355.923,45.764,1800.0,3.5,10.7,normal
1697499356.425,45.277,1800.0,4.0,10.7,normal
1697499356.928,46.251,1800.0,3.0,10.7,normal
1697499357.43,46.251,1800.0,4.0,10.7,normal
1697499357.933,46.251,1800.0,2.5,10.7,normal
1697499358.435,45.277,1800.0,3.5,10.7,normal
1697499358.94,46.251,800.0,5.0,10.7,normal
1697499359.445,45.764,600.0,4.0,10.7,normal
1697499359.949,46.251,1800.0,26.0,10.4,normal
1697499360.451,46.251,1800.0,28.0,10.6,normal
1697499360.954,46.251,1800.0,4.0,10.6,normal
1697499361.456,45.277,1800.0,4.0,10.6,normal
1697499361.959,46.251,1800.0,3.0,10.6,normal
1697499362.462,45.277,1800.0,3.9,10.6,normal
1697499362.964,45.764,1800.0,4.0,10.6,normal
1697499363.467,45.764,1800.0,3.0,10.6,normal
1697499363.969,47.225,1800.0,4.0,10.6,normal
1697499364.472,46.251,1800.0,2.5,10.6,normal
1697499364.977,45.764,600.0,4.9,10.6,normal
1697499365.483,44.303,600.0,4.5,10.6,normal
1697499365.986,46.251,1800.0,19.9,10.2,normal
1697499366.489,46.738,1800.0,34.5,10.7,normal
1697499366.992,45.277,1800.0,2.0,10.7,normal
1697499367.494,45.277,1800.0,4.0,10.7,normal
1697499367.997,46.738,1800.0,2.5,10.7,normal
1697499368.5,45.277,1800.0,3.0,10.6,normal
1697499369.002,46.738,1800.0,4.0,10.7,normal
1697499369.505,46.251,1800.0,3.0,10.7,normal
1697499370.007,46.738,1800.0,3.5,10.7,normal
1697499370.51,45.764,1800.0,2.5,10.7,normal
1697499371.015,45.277,700.0,3.0,10.7,normal
1697499371.521,44.79,600.0,4.5,10.7,normal
1697499372.024,46.251,1800.0,25.9,10.4,normal
1697499372.527,45.277,1800.0,28.5,10.7,normal
1697499373.03,45.764,1800.0,4.0,10.7,normal
1697499373.533,46.251,1800.0,2.5,10.7,normal
1697499374.035,44.79,1800.0,3.5,10.7,normal
1697499374.538,45.277,1800.0,2.0,10.7,normal
1697499375.04,46.251,1800.0,3.5,10.7,normal
1697499375.543,46.738,1800.0,2.5,10.7,normal
1697499376.046,45.277,1800.0,3.0,10.7,normal
1697499376.548,45.277,1800.0,2.5,10.7,normal
1697499377.054,45.764,600.0,4.0,10.7,normal
1697499377.56,45.277,600.0,7.9,10.6,normal
1697499378.063,45.277,1800.0,28.4,10.5,normal
1697499378.566,47.225,1800.0,23.9,10.6,normal
1697499379.068,47.225,1800.0,3.5,10.6,normal
1697499379.571,46.251,1800.0,3.0,10.7,normal
1697499380.074,46.251,1800.0,4.0,10.7,normal
1697499380.576,45.764,1800.0,3.0,10.7,normal
1697499381.079,45.277,1800.0,3.0,10.7,normal
1697499381.581,46.251,1800.0,4.0,10.7,normal
1697499382.084,44.79,1800.0,3.0,10.7,normal
1697499382.586,45.764,1800.0,4.0,10.7,normal
1697499383.091,44.79,700.0,4.5,10.7,normal
1697499383.595,46.251,1800.0,14.4,9.7,normal
1697499384.098,46.738,1800.0,38.5,10.5,normal
1697499384.601,46.251,1800.0,19.2,10.6,normal
1697499385.104,46.738,1800.0,4.0,10.6,normal
1697499385.606,45.764,1800.0,3.0,10.6,normal
1697499386.109,45.764,1800.0,2.5,10.6,normal
1697499386.611,46.738,1800.0,3.5,10.6,normal
1697499387.114,45.764,1800.0,3.5,10.6,normal
1697499387.616,45.764,1800.0,2.5,10.6,normal
1697499388.119,47.225,1800.0,5.4,10.6,normal
1697499388.623,45.277,800.0,4.5,10.7,normal
1697499389.128,46.251,900.0,4.5,10.7,normal
1697499389.632,46.251,900.0,4.5,10.7,normal
1697499390.135,46.738,1800.0,28.4,10.4,normal
1697499390.638,46.251,1800.0,26.6,10.6,normal
1697499391.14,45.277,1800.0,4.0,10.6,normal
1697499391.643,45.764,1800.0,3.0,10.6,normal
1697499392.146,45.764,1800.0,4.0,10.6,normal
1697499392.648,45.764,1800.0,3.5,10.7,normal
1697499393.151,45.764,1800.0,3.9,10.7,normal
1697499393.653,45.277,1800.0,5.4,10.7,normal
1697499394.156,45.277,1800.0,2.5,10.7,normal
1697499394.658,46.251,1800.0,4.4,10.7,normal
1697499395.162,45.277,900.0,5.4,10.7,normal
1697499395.666,46.738,1200.0,7.5,10.2,normal
1697499396.169,46.738,1800.0,28.9,10.5,normal
1697499396.672,46.738,1800.0,23.4,10.7,normal
1697499397.174,46.738,1800.0,3.5,10.7,normal
1697499397.677,46.251,1800.0,3.5,10.7,normal
1697499398.18,45.277,1800.0,3.5,10.7,normal
1697499398.682,45.764,1800.0,4.5,10.7,normal
1697499399.185,45.764,1800.0,3.5,10.7,normal
1697499399.687,45.764,1800.0,4.0,10.7,normal
1697499400.19,46.251,1800.0,3.5,10.7,normal
1697499400.692,45.277,1800.0,4.0,10.7,normal
1697499401.196,45.764,900.0,5.0,10.7,normal
1697499401.701,45.764,900.0,5.0,10.7,normal
1697499402.204,45.764,1800.0,24.9,10.3,normal
1697499402.707,46.738,1800.0,31.8,10.6,normal
1697499403.209,46.251,1800.0,2.5,10.6,normal
1697499403.712,46.251,1800.0,4.0,10.6,normal
1697499404.214,45.764,1800.0,3.9,10.6,normal
1697499404.717,45.764,1800.0,2.5,10.6,normal
1697499405.219,46.738,1800.0,2.5,10.6,normal
1697499405.722,46.251,1800.0,3.0,10.6,normal
1697499406.224,45.277,1800.0,3.5,10.7,normal
1697499406.727,45.764,1800.0,3.5,10.6,normal
1697499407.231,45.764,800.0,2.5,10.6,normal
1697499407.736,45.277,700.0,3.9,10.7,normal
1697499408.239,46.251,1800.0,19.3,10.2,normal
1697499408.742,47.225,1800.0,37.9,10.6,normal
1697499409.244,45.764,1800.0,1.0,10.6,normal
1697499409.747,45.764,1800.0,2.0,10.6,normal
1697499410.25,45.764,1800.0,2.0,10.6,normal
1697499410.752,46.251,1800.0,1.5,10.6,normal
1697499411.255,45.277,1800.0,6.0,10.6,normal
1697499411.757,45.764,1800.0,3.0,10.6,normal
1697499412.26,46.251,1800.0,2.5,10.6,normal
1697499412.763,46.251,1800.0,2.5,10.6,normal
1697499413.268,45.764,600.0,2.5,10.6,normal
1697499413.774,45.764,600.0,4.9,10.6,normal
1697499414.277,46.251,1800.0,22.4,10.3,normal
1697499414.78,45.764,1800.0,31.7,10.7,normal
1697499415.282,46.251,1800.0,3.9,10.7,normal
1697499415.785,44.79,1800.0,3.5,10.7,normal
1697499416.287,45.277,1800.0,3.4,10.7,normal
1697499416.79,47.225,1800.0,2.5,10.6,normal
1697499417.292,46.251,1800.0,4.0,10.7,normal
1697499417.795,46.738,1800.0,4.0,10.7,normal
1697499418.297,45.764,1800.0,2.0,10.7,normal
1697499418.8,45.764,1800.0,3.9,10.7,normal
1697499419.305,46.251,600.0,6.5,10.7,normal
1697499419.811,44.79,600.0,4.9,10.7,normal
1697499420.314,46.251,1800.0,15.8,10.1,normal
1697499420.817,46.738,1800.0,36.7,10.6,normal
1697499421.32,46.738,1800.0,5.5,10.6,normal
1697499421.822,46.251,1800.0,3.0,10.6,normal
1697499422.325,46.251,1800.0,3.0,10.6,normal
1697499422.827,45.277,1800.0,2.5,10.6,normal
1697499423.33,45.764,1800.0,3.0,10.6,normal
1697499423.832,46.738,1800.0,4.5,10.6,normal
1697499424.335,46.251,1800.0,3.0,10.7,normal
1697499424.838,45.764,1800.0,3.0,10.7,normal
1697499425.343,45.764,600.0,5.4,10.7,normal
1697499425.848,45.764,800.0,4.5,10.7,normal
1697499426.353,45.277,1100.0,7.4,9.6,normal
1697499426.855,45.764,1800.0,30.2,10.5,normal
1697499427.358,45.764,1800.0,22.5,10.6,normal
1697499427.861,45.764,1800.0,3.0,10.6,normal
1697499428.363,46.251,1800.0,3.5,10.6,normal
1697499428.866,45.764,1800.0,4.5,10.7,normal
1697499429.368,44.79,1800.0,5.0,10.7,normal
1697499429.871,45.277,1800.0,3.5,10.7,normal
1697499430.373,45.277,1800.0,3.0,10.7,normal
1697499430.876,46.251,1800.0,3.0,10.7,normal
1697499431.378,45.277,1800.0,4.0,10.7,normal
1697499431.882,46.251,900.0,5.5,10.7,normal
1697499432.386,45.277,1200.0,12.9,9.8,normal
1697499432.892,47.225,1800.0,30.3,10.5,normal
1697499433.395,46.251,1800.0,18.3,10.6,normal
1697499433.897,45.277,1800.0,4.0,10.6,normal
1697499434.4,47.225,1800.0,4.0,10.6,normal
1697499434.902,46.738,1800.0,3.0,10.6,normal
1697499435.405,46.738,1800.0,4.5,10.6,normal
1697499435.907,47.225,1800.0,3.5,10.6,normal
1697499436.41,45.277,1800.0,3.9,10.6,normal
1697499436.912,45.277,1800.0,3.0,10.6,normal
1697499437.415,46.251,1800.0,4.5,10.6,normal
1697499437.919,45.277,800.0,4.5,10.6,normal
1697499438.424,45.277,800.0,4.9,10.6,normal
1697499438.927,47.225,1800.0,29.5,10.4,normal
1697499439.429,45.764,1800.0,25.0,10.6,normal
1697499439.932,46.738,1800.0,4.5,10.6,normal
1697499440.434,45.764,1800.0,3.5,10.6,normal
1697499440.937,46.251,1800.0,3.5,10.6,normal
1697499441.44,45.764,1800.0,3.5,10.6,normal
1697499441.942,45.277,1800.0,4.5,10.6,normal
1697499442.445,46.251,1800.0,3.0,10.6,normal
1697499442.947,45.764,1800.0,4.0,10.7,normal
1697499443.45,46.738,1800.0,2.5,10.6,normal
1697499443.955,45.764,600.0,5.9,10.7,normal
1697499444.46,45.764,800.0,4.0,10.7,normal
1697499444.963,45.764,1800.0,21.9,10.2,normal
1697499445.466,45.764,1800.0,34.2,10.6,normal
1697499445.968,46.251,1800.0,4.5,10.6,normal
1697499446.471,46.251,1800.0,3.5,10.6,normal
1697499446.973,45.277,1800.0,2.5,10.6,normal
1697499447.476,45.764,1800.0,3.0,10.6,normal
1697499447.978,46.251,1800.0,3.5,10.6,normal
1697499448.481,45.277,1800.0,3.0,10.6,normal
1697499448.983,44.79,1800.0,3.5,10.6,normal
1697499449.486,45.277,1800.0,3.0,10.7,normal
1697499449.991,45.764,700.0,2.0,10.7,normal
1697499450.497,44.79,600.0,5.4,10.7,normal
1697499451.0,47.225,1800.0,13.6,10.1,normal
1697499451.517,46.738,1800.0,37.9,10.6,normal
1697499452.019,46.738,1800.0,7.9,10.7,normal
1697499452.522,45.764,1800.0,1.5,10.7,normal
1697499453.024,45.764,1800.0,4.5,10.7,normal
1697499453.527,46.251,1800.0,2.5,10.7,normal
1697499454.03,46.251,1800.0,4.5,10.7,normal
1697499454.532,46.251,1800.0,1.5,10.7,normal
1697499455.035,45.764,1800.0,3.0,10.7,normal
1697499455.537,46.251,1800.0,2.5,10.7,normal
1697499456.041,45.764,900.0,2.5,10.7,normal
1697499456.548,45.277,600.0,3.4,10.7,normal
1697499457.051,46.251,1800.0,17.0,10.3,normal
1697499457.554,47.225,1800.0,39.5,10.6,normal
1697499458.056,46.738,1800.0,3.0,10.6,normal
1697499458.559,45.764,1800.0,4.0,10.6,normal
1697499459.062,45.764,1800.0,5.0,10.6,normal
1697499459.564,46.251,1800.0,2.5,10.6,normal
1697499460.067,46.251,1800.0,2.0,10.6,normal
1697499460.57,45.764,1800.0,3.5,10.6,normal
1697499461.072,45.764,1800.0,2.5,10.6,normal
1697499461.575,45.277,1800.0,3.5,10.6,normal
1697499462.08,45.764,600.0,4.0,10.6,normal
1697499462.591,46.251,700.0,4.4,10.6,normal
1697499463.096,45.764,1800.0,12.4,10.0,normal
1697499463.599,46.251,1800.0,33.8,10.6,normal
1697499464.102,46.251,1800.0,13.5,10.7,normal
1697499464.605,46.251,1800.0,3.5,10.7,normal
1697499465.107,45.764,1800.0,3.0,10.7,normal
1697499465.61,45.764,1800.0,2.0,10.6,normal
1697499466.112,45.277,1800.0,2.5,10.6,normal
1697499466.615,45.277,1800.0,3.0,10.6,normal
1697499467.118,46.251,1800.0,3.5,10.6,normal
1697499467.62,46.251,1800.0,2.0,10.6,normal
1697499468.125,44.79,700.0,2.0,10.6,normal
1697499468.629,45.764,1000.0,8.5,10.7,normal
1697499469.133,45.277,900.0,5.0,10.6,normal
1697499469.635,45.764,1800.0,27.9,10.4,normal
1697499470.138,46.251,1800.0,27.0,10.6,normal
1697499470.641,46.251,1800.0,3.5,10.6,normal
1697499471.143,45.277,1800.0,3.0,10.6,normal
1697499471.646,45.277,1800.0,4.4,10.6,normal
1697499472.148,45.277,1800.0,3.0,10.7,normal
1697499472.651,46.251,1800.0,3.0,10.7,normal
1697499473.156,46.251,1800.0,3.4,10.7,normal
1697499473.659,45.277,1800.0,5.9,10.6,normal
1697499474.161,45.277,1800.0,2.5,10.7,normal
1697499474.666,45.764,800.0,5.0,10.7,normal
1697499475.173,44.79,900.0,7.9,9.7,normal
1697499475.676,47.225,1800.0,29.5,10.6,normal
1697499476.179,45.764,1800.0,21.8,10.7,normal
1697499476.682,45.277,1800.0,3.5,10.7,normal
1697499477.184,46.251,1800.0,3.5,10.8,normal
1697499477.687,46.251,1800.0,3.5,10.8,normal
1697499478.189,45.277,1800.0,3.0,10.8,normal
1697499478.692,45.764,1800.0,4.5,10.8,normal
1697499479.194,46.738,1800.0,3.0,10.8,normal
1697499479.697,45.277,1800.0,2.5,10.8,normal
1697499480.2,45.277,1800.0,3.5,10.8,normal
1697499480.704,46.251,1000.0,5.9,10.8,normal
1697499481.209,46.251,700.0,4.5,10.8,normal
1697499481.712,45.764,1800.0,26.2,10.4,normal
1697499482.215,45.277,1800.0,29.4,10.7,normal
1697499482.718,46.251,1800.0,3.0,10.7,normal
1697499483.22,46.251,1800.0,3.5,10.7,normal
1697499483.723,45.764,1800.0,4.5,10.7,normal
1697499484.225,46.251,1800.0,3.5,10.7,normal
1697499484.728,45.764,1800.0,3.5,10.7,normal
1697499485.23,45.764,1800.0,4.0,10.7,normal
1697499485.733,46.251,1800.0,3.0,10.7,normal
1697499486.235,45.277,1800.0,2.0,10.7,normal
1697499486.741,46.251,600.0,6.4,10.7,normal
1697499487.246,45.764,600.0,4.0,10.7,normal
1697499487.749,45.764,1800.0,18.4,10.3,normal
1697499488.252,46.251,1800.0,35.9,10.6,normal
1697499488.755,46.251,1800.0,4.5,10.6,normal
1697499489.257,46.251,1800.0,2.0,10.6,normal
1697499489.76,46.738,1800.0,3.5,10.6,normal
1697499490.262,45.277,1800.0,3.0,10.6,normal
1697499490.765,46.738,1800.0,4.0,10.6,normal
1697499491.267,46.251,1800.0,3.5,10.7,normal
1697499491.77,45.277,1800.0,3.5,10.7,normal
1697499492.272,45.764,1800.0,3.0,10.7,normal
1697499492.778,45.277,600.0,3.5,10.7,normal
1697499493.283,45.277,600.0,4.4,10.7,normal
1697499493.787,46.738,1800.0,23.9,10.4,normal
1697499494.289,45.764,1800.0,31.0,10.6,normal
1697499494.792,47.225,1800.0,3.5,10.6,normal
1697499495.295,45.764,1800.0,3.0,10.6,normal
1697499495.797,46.251,1800.0,2.5,10.6,normal
1697499496.3,45.764,1800.0,2.0,10.6,normal
1697499496.802,45.764,1800.0,4.0,10.6,normal
1697499497.305,45.764,1800.0,1.5,10.6,normal
1697499497.807,46.251,1800.0,3.0,10.6,normal
1697499498.31,45.764,1800.0,1.5,10.6,normal
1697499498.812,45.277,1800.0,4.0,10.6,normal
1697499499.315,44.79,1800.0,2.0,10.6,normal
1697499499.818,46.738,1800.0,25.4,10.5,normal
1697499500.321,45.764,1800.0,25.3,10.7,normal
1697499500.823,45.277,1800.0,3.5,10.7,normal
1697499501.326,45.764,1800.0,3.5,10.7,normal
1697499501.828,45.277,1800.0,1.5,10.7,normal
1697499502.331,45.277,1800.0,3.0,10.7,normal
1697499502.833,46.738,1800.0,3.0,10.7,normal
1697499503.336,46.738,1800.0,4.4,10.7,normal
1697499503.841,45.277,600.0,4.0,10.7,normal
1697499504.347,45.764,600.0,4.5,10.7,normal
1697499504.853,45.277,600.0,4.5,10.7,normal
1697499505.359,45.277,600.0,5.9,10.7,normal
1697499505.862,45.764,1800.0,22.5,10.3,normal
1697499506.364,46.251,1800.0,31.8,10.7,normal
1697499506.867,45.277,1800.0,3.9,10.7,normal
1697499507.37,44.79,1800.0,3.5,10.6,normal
1697499507.872,46.251,1800.0,3.0,10.7,normal
1697499508.375,45.764,1800.0,4.9,10.7,normal
1697499508.877,45.764,1800.0,3.0,10.7,normal
1697499509.38,45.277,1800.0,3.0,10.7,normal
1697499509.882,46.251,1800.0,3.0,10.7,normal
1697499510.385,45.764,1800.0,2.5,10.7,normal
1697499510.89,45.764,600.0,4.0,10.7,normal
1697499511.396,45.764,600.0,4.4,10.7,normal
1697499511.899,46.738,1800.0,15.9,10.3,normal
1697499512.402,46.251,1800.0,36.7,10.6,normal
1697499512.905,45.764,1800.0,4.0,10.7,normal
1697499513.407,46.251,1800.0,3.5,10.7,normal
1697499513.91,45.277,1800.0,5.4,10.7,normal
1697499514.412,45.764,1800.0,2.5,10.7,normal
1697499514.915,45.277,1800.0,4.5,10.7,normal
1697499515.417,44.79,1800.0,3.0,10.7,normal
1697499515.92,45.764,1800.0,3.0,10.7,normal
1697499516.423,46.251,1800.0,2.5,10.7,normal
1697499516.928,44.79,600.0,3.4,10.7,normal
1697499517.433,45.764,800.0,4.5,10.7,normal
1697499517.936,46.251,1800.0,21.8,10.2,normal
1697499518.438,47.225,1800.0,33.0,10.6,normal
1697499518.941,44.79,1800.0,4.5,10.6,normal
1697499519.443,46.738,1800.0,3.5,10.6,normal
1697499519.946,46.251,1800.0,4.0,10.6,normal
1697499520.448,46.738,1800.0,3.5,10.6,normal
1697499520.951,46.251,1800.0,3.5,10.7,normal
1697499521.453,45.277,1800.0,3.5,10.7,normal
1697499521.956,45.277,1800.0,4.0,10.7,normal
1697499522.459,46.251,1800.0,3.5,10.7,normal
1697499522.963,45.277,800.0,4.4,10.7,normal
1697499523.467,44.79,900.0,5.0,10.7,normal
1697499523.97,46.251,1800.0,15.9,10.2,normal
1697499524.473,46.251,1800.0,36.9,10.6,normal
1697499524.976,45.764,1800.0,6.0,10.6,normal
1697499525.478,45.764,1800.0,1.0,10.6,normal
1697499525.981,46.251,1800.0,3.5,10.6,normal
1697499526.483,44.303,1800.0,3.9,10.6,normal
1697499526.986,45.764,1800.0,1.0,10.6,normal
1697499527.488,46.251,1800.0,3.0,10.6,normal
1697499527.991,45.764,1800.0,2.5,10.6,normal
1697499528.493,46.738,1800.0,3.5,10.7,normal
1697499528.998,46.251,700.0,5.4,10.6,normal
1697499529.503,45.764,800.0,4.0,10.6,normal
1697499530.008,45.277,800.0,7.0,10.5,normal
1697499530.511,45.764,1800.0,29.5,10.5,normal
1697499531.013,46.251,1800.0,22.9,10.6,normal
1697499531.516,46.738,1800.0,4.0,10.6,normal
1697499532.019,45.764,1800.0,3.0,10.6,normal
1697499532.521,45.764,1800.0,4.0,10.6,normal
1697499533.024,46.251,1800.0,3.5,10.6,normal
1697499533.527,45.764,1800.0,2.0,10.6,normal
1697499534.03,45.277,1800.0,5.0,10.7,normal
1697499534.532,45.764,1800.0,4.9,10.6,normal
1697499535.037,45.764,700.0,3.0,10.6,normal
1697499535.542,44.79,800.0,3.5,10.7,normal
1697499536.045,45.764,1800.0,10.5,9.6,normal
1697499536.547,46.251,1800.0,28.9,10.5,normal
1697499537.05,46.738,1800.0,20.0,10.6,normal
1697499537.552,45.277,1800.0,3.0,10.6,normal
1697499538.055,45.277,1800.0,4.0,10.6,normal
1697499538.557,46.738,1800.0,2.0,10.6,normal
1697499539.06,46.738,1800.0,5.4,10.6,normal
1697499539.563,46.738,1800.0,2.5,10.6,normal
1697499540.065,46.738,1800.0,2.5,10.6,normal
1697499540.568,45.764,1800.0,2.0,10.6,normal
1697499541.073,46.251,700.0,5.4,10.6,normal
1697499541.578,45.277,700.0,4.4,10.6,normal
1697499542.081,45.277,1800.0,12.0,10.1,normal
1697499542.584,46.738,1800.0,35.5,10.6,normal
1697499543.087,46.251,1800.0,6.9,10.6,normal
1697499543.59,46.251,1800.0,3.5,10.6,normal
1697499544.092,46.251,1800.0,4.5,10.6,normal
1697499544.595,45.277,1800.0,3.0,10.6,normal
1697499545.097,46.738,1800.0,3.9,10.6,normal
1697499545.6,46.251,1800.0,3.5,10.6,normal
1697499546.102,45.764,1800.0,3.0,10.7,normal
1697499546.605,45.764,1800.0,5.4,10.7,normal
1697499547.109,44.79,900.0,3.0,10.7,normal
1697499547.613,44.303,900.0,3.5,10.7,normal
1697499548.116,45.764,1800.0,7.5,10.6,normal
1697499548.619,46.251,1800.0,29.2,10.4,normal
1697499549.122,45.277,1800.0,22.1,10.6,normal
1697499549.624,46.251,1800.0,3.0,10.6,normal
1697499550.127,46.738,1800.0,4.0,10.7,normal
1697499550.629,46.251,1800.0,1.5,10.7,normal
1697499551.132,45.764,1800.0,2.5,10.7,normal
1697499551.635,45.764,1800.0,3.9,10.7,normal
1697499552.137,45.277,1800.0,3.0,10.7,normal
1697499552.64,45.764,1800.0,3.5,10.7,normal
1697499553.145,45.277,700.0,3.4,10.7,normal
1697499553.649,46.251,1000.0,5.0,10.7,normal
1697499554.158,45.764,900.0,4.4,10.7,normal
1697499554.661,46.738,1800.0,26.5,10.4,normal
1697499555.163,46.251,1800.0,29.2,10.7,normal
1697499555.666,45.764,1800.0,3.0,10.6,normal
1697499556.168,46.738,1800.0,3.0,10.6,normal
1697499556.671,45.764,1800.0,2.5,10.7,normal
1697499557.173,46.251,1800.0,3.0,10.7,normal
1697499557.676,46.738,1800.0,3.9,10.7,normal
1697499558.178,46.251,1800.0,3.0,10.7,normal
1697499558.681,46.251,1800.0,4.0,10.7,normal
1697499559.188,45.277,1800.0,3.0,10.7,normal
1697499559.692,46.251,800.0,4.5,10.7,normal
1697499560.198,45.764,600.0,4.0,10.7,normal
1697499560.701,44.79,1800.0,20.3,10.3,normal
1697499561.203,46.251,1800.0,35.3,10.6,normal
1697499561.706,46.738,1800.0,1.5,10.6,normal
1697499562.208,45.277,1800.0,2.0,10.6,normal
1697499562.711,45.764,1800.0,4.5,10.6,normal
1697499563.213,45.764,1800.0,3.5,10.6,normal
1697499563.716,45.277,1800.0,3.5,10.6,normal
1697499564.219,46.738,1800.0,3.0,10.7,normal
1697499564.721,45.277,1800.0,3.5,10.6,normal
1697499565.224,46.251,1800.0,2.5,10.6,normal
1697499565.729,45.277,600.0,4.0,10.6,normal
1697499566.235,45.764,600.0,4.4,10.6,normal
1697499566.738,45.764,1800.0,11.9,10.1,normal
1697499567.242,46.251,1800.0,37.3,10.6,normal
1697499567.744,46.738,1800.0,8.9,10.6,normal
1697499568.247,46.738,1800.0,3.0,10.6,normal
1697499568.749,45.277,1800.0,4.5,10.6,normal
1697499569.252,45.764,1800.0,5.0,10.6,normal
1697499569.755,46.251,1800.0,3.5,10.6,normal
1697499570.257,45.277,1800.0,3.5,10.6,normal
1697499570.76,45.277,1800.0,2.5,10.6,normal
1697499571.262,44.79,1800.0,3.5,10.6,normal
1697499571.767,45.764,700.0,4.5,10.6,normal
1697499572.273,45.277,600.0,4.5,10.6,normal
1697499572.779,45.277,600.0,7.9,10.5,normal
1697499573.282,46.738,1800.0,27.4,10.5,normal
1697499573.784,46.251,1800.0,21.7,10.7,normal
1697499574.287,45.277,1800.0,2.5,10.7,normal
1697499574.789,46.738,1800.0,3.5,10.7,normal
1697499575.292,46.251,1800.0,3.0,10.7,normal
1697499575.795,45.277,1800.0,3.0,10.7,normal
1697499576.297,45.277,1800.0,3.5,10.7,normal
1697499576.8,46.251,1800.0,3.5,10.7,normal
1697499577.302,45.277,1800.0,3.0,10.7,normal
1697499577.807,45.277,975.0,2.5,10.7,normal
1697499578.312,45.764,600.0,4.9,10.7,normal
1697499578.818,45.764,600.0,5.4,10.7,normal
1697499579.321,45.277,1800.0,24.4,10.4,normal
1697499579.824,46.251,1800.0,31.2,10.6,normal
1697499580.326,46.251,1800.0,3.0,10.6,normal
1697499580.829,45.764,1800.0,3.0,10.6,normal
1697499581.331,46.251,1800.0,3.5,10.6,normal
1697499581.834,45.764,1800.0,2.0,10.7,normal
1697499582.336,45.277,1800.0,2.0,10.7,normal
1697499582.839,45.764,1800.0,2.5,10.7,normal
1697499583.341,45.764,1800.0,2.0,10.7,normal
1697499583.844,45.277,1800.0,3.5,10.7,normal
1697499584.349,45.277,700.0,5.4,10.7,normal
1697499584.854,45.764,600.0,3.0,10.7,normal
1697499585.357,45.277,1800.0,14.9,10.1,normal
1697499585.86,46.738,1800.0,38.0,10.6,normal
1697499586.363,45.764,1800.0,5.9,10.6,normal
1697499586.865,45.764,1800.0,2.0,10.6,normal
1697499587.368,44.79,1800.0,2.5,10.7,normal
1697499587.87,45.764,1800.0,3.5,10.7,normal
1697499588.373,46.738,1800.0,3.5,10.7,normal
1697499588.875,46.251,1800.0,4.0,10.7,normal
1697499589.378,44.79,1800.0,3.5,10.7,normal
1697499589.88,45.277,1800.0,3.0,10.7,normal
1697499590.386,45.277,600.0,4.4,10.7,normal
1697499590.892,44.79,600.0,4.5,10.7,normal
1697499591.401,45.277,600.0,7.9,10.3,normal
1697499591.905,47.225,1800.0,28.7,10.5,normal
1697499592.408,46.251,1800.0,21.1,10.7,normal
1697499592.91,46.251,1800.0,3.0,10.7,normal
1697499593.413,45.277,1800.0,3.5,10.7,normal
1697499593.915,46.251,1800.0,3.5,10.6,normal
1697499594.418,45.277,1800.0,3.5,10.6,normal
1697499594.92,46.251,1800.0,2.5,10.7,normal
1697499595.423,45.764,1800.0,3.5,10.6,normal
1697499595.926,45.277,1800.0,4.0,10.6,normal
1697499596.431,45.277,700.0,3.0,10.7,normal
1697499596.936,45.764,600.0,4.0,10.6,normal
1697499597.442,45.764,600.0,4.9,10.6,normal
1697499597.945,45.277,1800.0,26.5,10.4,normal
1697499598.448,45.764,1800.0,28.1,10.6,normal
1697499598.95,45.764,1800.0,4.0,10.6,normal
1697499599.453,45.277,1800.0,3.0,10.6,normal
1697499599.955,45.764,1800.0,2.0,10.6,normal
1697499600.458,46.251,1800.0,3.9,10.6,normal
1697499600.96,46.251,1800.0,2.0,10.6,normal
1697499601.463,45.764,1800.0,3.5,10.6,normal
1697499601.966,46.251,1800.0,3.5,10.6,normal
1697499602.468,45.764,1800.0,3.5,10.6,normal
1697499602.974,46.251,600.0,3.5,10.6,normal
1697499603.478,46.251,800.0,4.9,10.6,normal
1697499603.981,46.251,1800.0,19.0,10.2,normal
1697499604.483,46.251,1800.0,36.7,10.6,normal
1697499604.986,46.738,1800.0,3.5,10.6,normal
1697499605.489,45.277,1800.0,3.0,10.6,normal
1697499605.991,46.738,1800.0,3.5,10.6,normal
1697499606.494,46.251,1800.0,4.0,10.6,normal
1697499606.996,45.277,1800.0,3.5,10.6,normal
1697499607.499,45.764,1800.0,3.0,10.6,normal
1697499608.002,45.764,1800.0,3.9,10.6,normal
1697499608.504,45.764,1800.0,3.0,10.6,normal
1697499609.009,45.764,700.0,4.5,10.6,normal
1697499609.514,45.277,800.0,4.5,10.6,normal
1697499610.018,45.277,1000.0,10.4,9.6,normal
1697499610.521,46.738,1800.0,28.5,10.5,normal
1697499611.025,45.277,1800.0,21.4,10.6,normal
1697499611.528,45.764,1800.0,4.0,10.6,normal
1697499612.031,46.738,1800.0,4.0,10.6,normal
1697499612.533,46.738,1800.0,4.5,10.6,normal
1697499613.036,46.251,1800.0,3.0,10.6,normal
1697499613.538,45.764,1800.0,3.5,10.6,normal
1697499614.041,45.764,1800.0,3.0,10.6,normal
1697499614.544,46.738,1800.0,4.0,10.6,normal
1697499615.048,45.764,800.0,3.9,10.7,normal
1697499615.552,45.277,900.0,4.0,10.7,normal
1697499616.057,46.738,1100.0,14.0,10.1,normal
1697499616.563,47.712,1800.0,33.3,10.6,normal
1697499617.066,46.738,1800.0,14.5,10.7,normal
1697499617.568,45.764,1800.0,2.5,10.7,normal
1697499618.071,46.251,1800.0,3.0,10.7,normal
1697499618.573,46.738,1800.0,3.5,10.7,normal
1697499619.076,46.738,1800.0,4.5,10.7,normal
1697499619.579,45.764,1800.0,4.0,10.7,normal
1697499620.081,45.764,1800.0,3.0,10.7,normal
1697499620.584,46.251,1800.0,3.0,10.7,normal
1697499621.086,45.764,1800.0,4.5,10.7,normal
1697499621.59,44.303,1000.0,4.5,10.7,normal
1697499622.095,44.79,700.0,3.5,10.6,normal
1697499622.599,46.738,1800.0,27.9,10.4,normal
1697499623.102,46.251,1800.0,26.8,10.6,normal
1697499623.604,46.738,1800.0,5.4,10.6,normal
1697499624.107,46.251,1800.0,2.0,10.6,normal
1697499624.609,45.764,1800.0,2.5,10.6,normal
1697499625.112,46.251,1800.0,2.0,10.6,normal
1697499625.615,45.764,1800.0,3.0,10.6,normal
1697499626.117,46.251,1800.0,2.0,10.6,normal
1697499626.62,45.764,1800.0,2.5,10.7,normal
1697499627.122,45.764,1800.0,2.0,10.7,normal
1697499627.627,45.764,800.0,3.4,10.7,normal
1697499628.13,44.79,1100.0,3.0,10.7,normal
1697499628.633,46.251,1800.0,20.5,10.2,normal
1697499629.135,47.225,1800.0,34.7,10.6,normal
1697499629.638,45.277,1800.0,3.5,10.6,normal
1697499630.14,45.764,1800.0,3.0,10.6,normal
1697499630.643,46.251,1800.0,3.5,10.6,normal
1697499631.146,45.764,1800.0,3.5,10.6,normal
1697499631.648,47.225,1800.0,2.5,10.6,normal
1697499632.151,45.277,1800.0,3.0,10.6,normal
1697499632.653,46.251,1800.0,3.0,10.6,normal
1697499633.156,46.251,1800.0,4.0,10.6,normal
1697499633.66,44.79,900.0,4.5,10.6,normal
1697499634.164,45.764,900.0,5.0,10.6,normal
1697499634.667,46.251,1800.0,23.9,10.4,normal
1697499635.17,46.251,1800.0,29.1,10.6,normal
1697499635.672,46.738,1800.0,2.5,10.6,normal
1697499636.175,46.251,1800.0,5.4,10.6,normal
1697499636.678,47.225,1800.0,3.0,10.6,normal
1697499637.181,45.764,1800.0,3.4,10.6,normal
1697499637.684,45.277,1800.0,4.0,10.6,normal
1697499638.187,45.764,1800.0,3.0,10.6,normal
1697499638.689,45.764,1800.0,5.5,10.6,normal
1697499639.191,45.277,1800.0,3.0,10.6,normal
1697499639.695,46.251,1000.0,6.4,10.6,normal
1697499640.2,46.251,900.0,5.5,10.6,normal
1697499640.703,46.738,1800.0,28.4,10.4,normal
1697499641.205,45.277,1800.0,24.0,10.6,normal
1697499641.709,46.251,1800.0,2.5,10.6,normal
1697499642.212,46.251,1800.0,2.5,10.6,normal
1697499642.715,45.277,1800.0,3.5,10.6,normal
1697499643.217,45.277,1800.0,4.0,10.7,normal
1697499643.72,44.79,1800.0,3.0,10.7,normal
1697499644.222,46.251,1800.0,4.5,10.7,normal
1697499644.725,46.251,1800.0,2.5,10.7,normal
1697499645.227,45.764,1800.0,2.0,10.7,normal
1697499645.748,45.764,1000.0,3.8,10.7,normal
1697499646.252,46.738,1000.0,11.9,9.8,normal
1697499646.756,46.738,1800.0,29.4,10.6,normal
1697499647.259,46.251,1800.0,17.6,10.7,normal
1697499647.761,45.277,1800.0,2.0,10.7,normal
1697499648.264,46.251,1800.0,2.0,10.7,normal
1697499648.766,45.764,1800.0,5.9,10.7,normal
1697499649.269,45.764,1800.0,4.5,10.7,normal
1697499649.771,45.764,1800.0,3.0,10.7,normal
1697499650.274,46.251,1800.0,4.4,10.7,normal
1697499650.776,45.277,1800.0,2.5,10.7,normal
1697499651.281,47.225,700.0,4.5,10.7,normal
1697499651.787,45.277,600.0,5.0,10.7,normal
1697499652.292,44.79,600.0,6.4,10.7,normal
1697499652.796,45.764,1800.0,27.9,10.4,normal
1697499653.299,46.738,1800.0,28.4,10.6,normal
1697499653.802,45.277,1800.0,4.5,10.6,normal
1697499654.304,45.277,1800.0,3.0,10.7,normal
1697499654.807,46.738,1800.0,4.0,10.6,normal
1697499655.309,45.764,1800.0,4.0,10.7,normal
1697499655.812,45.277,1800.0,3.0,10.7,normal
1697499656.315,45.764,1800.0,3.5,10.7,normal
1697499656.817,46.251,1800.0,3.5,10.7,normal
1697499657.32,46.251,1800.0,3.9,10.7,normal
1697499657.825,45.764,700.0,4.5,10.7,normal
1697499658.33,45.764,600.0,3.5,10.7,normal
1697499658.833,45.764,1800.0,20.9,10.3,normal
1697499659.336,45.764,1800.0,35.0,10.6,normal
1697499659.839,45.764,1800.0,3.0,10.6,normal
1697499660.341,45.277,1800.0,3.0,10.7,normal
1697499660.844,45.764,1800.0,3.0,10.7,normal
1697499661.346,45.277,1800.0,4.5,10.7,normal
1697499661.849,46.251,1800.0,3.5,10.7,normal
1697499662.351,45.764,1800.0,3.5,10.7,normal
1697499662.854,45.277,1800.0,3.0,10.7,normal
1697499663.356,44.79,1800.0,4.0,10.7,normal
1697499663.861,45.277,700.0,4.5,10.7,normal
1697499664.367,45.277,600.0,4.0,10.7,normal
1697499664.87,45.764,1800.0,13.9,10.1,normal
1697499665.374,46.738,1800.0,36.3,10.6,normal
1697499665.877,46.738,1800.0,8.5,10.7,normal
1697499666.379,46.251,1800.0,3.5,10.7,normal
1697499666.882,45.764,1800.0,4.0,10.7,normal
1697499667.384,46.251,1800.0,4.0,10.7,normal
1697499667.887,45.764,1800.0,2.5,10.7,normal
1697499668.389,46.251,1800.0,2.5,10.7,normal
1697499668.892,46.738,1800.0,3.5,10.7,normal
1697499669.395,45.277,1800.0,2.5,10.7,normal
1697499669.899,45.764,700.0,2.5,10.7,normal
1697499670.405,44.79,600.0,3.5,10.7,normal
1697499670.911,45.764,700.0,5.4,10.7,normal
1697499671.414,45.764,1800.0,27.4,10.5,normal
1697499671.917,46.738,1800.0,24.6,10.6,normal
1697499672.419,46.251,1800.0,2.0,10.6,normal
1697499672.922,45.277,1800.0,3.0,10.6,normal
1697499673.424,45.764,1800.0,3.0,10.6,normal
1697499673.927,45.277,1800.0,4.0,10.6,normal
1697499674.43,46.251,1800.0,2.0,10.7,normal
1697499674.932,45.277,1800.0,3.0,10.7,normal
1697499675.435,46.738,1800.0,4.0,10.7,normal
1697499675.937,45.277,1800.0,2.5,10.7,normal
1697499676.443,45.764,600.0,4.0,10.7,normal
1697499676.947,45.764,1800.0,10.4,9.8,normal
1697499677.45,46.738,1800.0,31.2,10.6,normal
1697499677.953,46.251,1800.0,16.2,10.7,normal
1697499678.455,46.251,1800.0,3.5,10.7,normal
1697499678.958,45.764,1800.0,5.0,10.7,normal
1697499679.46,45.764,1800.0,3.5,10.7,normal
1697499679.963,45.764,1800.0,3.5,10.7,normal
1697499680.466,46.251,1800.0,4.0,10.7,normal
1697499680.968,45.764,1800.0,3.0,10.7,normal
1697499681.471,46.251,1800.0,3.5,10.7,normal
1697499681.975,45.764,700.0,3.5,10.7,normal
1697499682.481,45.764,600.0,4.5,10.7,normal
1697499682.987,45.277,600.0,5.0,10.6,normal
1697499683.491,46.251,1800.0,28.4,10.5,normal
1697499683.994,47.712,1800.0,28.7,10.6,normal
1697499684.496,45.764,1800.0,2.5,10.6,normal
1697499684.999,45.764,1800.0,3.9,10.6,normal
1697499685.502,46.251,1800.0,4.0,10.6,normal
1697499686.004,45.764,1800.0,2.5,10.6,normal
1697499686.507,44.303,1800.0,4.0,10.6,normal
1697499687.01,46.251,1800.0,5.0,10.6,normal
1697499687.512,45.764,1800.0,3.0,10.6,normal
1697499688.015,45.764,1800.0,3.5,10.6,normal
1697499688.52,45.277,600.0,2.0,10.6,normal
1697499689.027,45.277,600.0,7.9,10.6,normal
1697499689.532,45.277,1800.0,20.3,10.3,normal
1697499690.035,45.764,1800.0,35.3,10.7,normal
1697499690.537,45.277,1800.0,4.0,10.7,normal
1697499691.04,45.764,1800.0,4.0,10.6,normal
1697499691.543,46.251,1800.0,2.0,10.6,normal
1697499692.045,47.225,1800.0,4.5,10.6,normal
1697499692.548,45.764,1800.0,2.5,10.6,normal
1697499693.05,45.764,1800.0,4.4,10.6,normal
1697499693.553,45.277,1800.0,3.0,10.6,normal
1697499694.055,44.79,1800.0,4.5,10.6,normal
1697499694.56,45.764,800.0,4.0,10.6,normal
1697499695.065,45.764,600.0,3.9,10.6,normal
1697499695.568,46.738,1800.0,11.1,9.8,normal
1697499696.072,47.225,1800.0,31.5,10.5,normal
1697499696.575,46.738,1800.0,17.0,10.6,normal
1697499697.077,46.251,1800.0,3.0,10.6,normal
1697499697.58,46.251,1800.0,3.5,10.6,normal
1697499698.082,45.277,1800.0,3.5,10.6,normal
1697499698.585,46.251,1800.0,3.0,10.6,normal
1697499699.087,46.251,1800.0,3.0,10.6,normal
1697499699.59,45.277,1800.0,3.5,10.7,normal
1697499700.093,46.251,1800.0,3.0,10.7,normal
1697499700.597,45.764,700.0,3.5,10.7,normal
1697499701.102,45.764,900.0,5.0,10.7,normal
1697499701.605,46.738,1800.0,15.4,10.2,normal
1697499702.108,47.712,1800.0,37.8,10.6,normal
1697499702.61,46.251,1800.0,6.0,10.7,normal
1697499703.113,46.251,1800.0,3.5,10.7,normal
1697499703.615,45.277,1800.0,5.0,10.7,normal
1697499704.118,45.277,1800.0,2.5,10.7,normal
1697499704.62,45.764,1800.0,3.0,10.7,normal
1697499705.123,45.764,1800.0,2.5,10.7,normal
1697499705.626,46.251,1800.0,0.5,10.7,normal
1697499706.128,46.251,1800.0,3.0,10.7,normal
1697499706.632,45.764,900.0,5.0,10.7,normal
1697499707.138,45.277,600.0,3.9,10.7,normal
1697499707.641,45.277,1800.0,17.8,10.3,normal
1697499708.143,45.764,1800.0,35.9,10.7,normal
1697499708.646,46.738,1800.0,5.0,10.7,normal
1697499709.148,46.251,1800.0,2.5,10.7,normal
1697499709.651,46.251,1800.0,2.0,10.7,normal
1697499710.154,46.251,1800.0,1.5,10.7,normal
1697499710.656,46.251,1800.0,3.5,10.7,normal
1697499711.159,45.277,1800.0,3.5,10.7,normal
1697499711.661,45.764,1800.0,2.5,10.7,normal
1697499712.164,45.764,1800.0,2.0,10.7,normal
1697499712.668,46.251,900.0,3.0,10.7,normal
1697499713.172,45.277,900.0,4.5,10.6,normal
1697499713.675,45.277,1800.0,21.9,10.3,normal
1697499714.178,45.764,1800.0,31.0,10.6,normal
1697499714.68,45.277,1800.0,2.0,10.6,normal
1697499715.183,46.251,1800.0,2.5,10.6,normal
1697499715.685,46.251,1800.0,3.0,10.6,normal
1697499716.188,46.251,1800.0,2.0,10.6,normal
1697499716.691,45.764,1800.0,4.0,10.6,normal
1697499717.193,44.79,1800.0,3.0,10.6,normal
1697499717.696,46.251,1800.0,3.0,10.6,normal
1697499718.198,45.764,1800.0,3.0,10.6,normal
1697499718.704,45.277,600.0,6.8,10.6,normal
1697499719.208,45.277,800.0,4.0,10.6,normal
1697499719.711,45.764,1800.0,27.9,10.5,normal
1697499720.214,46.251,1800.0,24.0,10.7,normal
1697499720.716,46.251,1800.0,5.4,10.7,normal
1697499721.219,46.738,1800.0,3.5,10.7,normal
1697499721.722,44.79,1800.0,3.5,10.7,normal
1697499722.224,46.738,1800.0,3.9,10.7,normal
1697499722.727,46.251,1800.0,3.5,10.7,normal
1697499723.229,46.251,1800.0,3.5,10.7,normal
1697499723.732,45.764,1800.0,4.0,10.7,normal
1697499724.234,44.79,1800.0,3.0,10.7,normal
1697499724.739,45.764,700.0,4.4,10.7,normal
1697499725.242,46.738,1800.0,9.5,9.7,normal
1697499725.745,45.764,1800.0,27.9,10.5,normal
1697499726.248,47.225,1800.0,20.1,10.6,normal
1697499726.751,46.251,1800.0,3.0,10.6,normal
1697499727.253,45.764,1800.0,4.0,10.6,normal
1697499727.756,46.251,1800.0,3.0,10.6,normal
1697499728.258,45.764,1800.0,3.5,10.6,normal
1697499728.761,45.277,1800.0,4.5,10.6,normal
1697499729.263,45.764,1800.0,3.5,10.6,normal
1697499729.766,46.251,1800.0,3.5,10.6,normal
1697499730.271,45.764,700.0,4.4,10.6,normal
1697499730.778,45.277,700.0,4.9,10.6,normal
1697499731.283,45.764,600.0,4.0,10.7,normal
1697499731.788,46.251,1800.0,26.7,10.5,normal
1697499732.29,47.225,1800.0,27.1,10.7,normal
1697499732.793,45.764,1800.0,3.0,10.7,normal
1697499733.295,46.251,1800.0,2.5,10.7,normal
1697499733.798,45.764,1800.0,4.5,10.7,normal
1697499734.3,45.277,1800.0,3.0,10.7,normal
1697499734.803,45.764,1800.0,3.9,10.7,normal
1697499735.306,45.277,1800.0,2.5,10.7,normal
1697499735.808,45.764,1800.0,2.5,10.7,normal
1697499736.311,45.764,1800.0,3.0,10.7,normal
1697499736.815,45.277,800.0,3.0,10.7,normal
1697499737.321,45.764,600.0,5.5,10.6,normal
1697499737.824,46.251,1800.0,27.2,10.6,normal
1697499738.327,46.251,1800.0,25.4,10.7,normal
1697499738.83,46.738,1800.0,5.0,10.7,normal
1697499739.332,45.764,1800.0,2.5,10.7,normal
1697499739.835,44.303,1800.0,4.4,10.7,normal
1697499740.337,46.738,1800.0,2.0,10.7,normal
1697499740.84,45.764,1800.0,3.0,10.7,normal
1697499741.343,46.251,1800.0,3.5,10.7,normal
1697499741.845,45.764,1800.0,4.0,10.7,normal
1697499742.348,45.277,1800.0,3.5,10.7,normal
1697499742.853,44.79,600.0,4.5,10.7,normal
1697499743.359,45.277,600.0,4.9,10.7,normal
1697499743.863,46.251,1800.0,26.2,10.5,normal
1697499744.365,45.764,1800.0,29.1,10.7,normal
1697499744.868,46.738,1800.0,3.9,10.7,normal
1697499745.37,45.277,1800.0,3.0,10.7,normal
1697499745.873,46.251,1800.0,3.5,10.7,normal
1697499746.375,45.277,1800.0,3.5,10.7,normal
1697499746.878,46.251,1800.0,3.5,10.7,normal
1697499747.381,46.251,1800.0,3.5,10.7,normal
1697499747.883,45.277,1800.0,3.5,10.7,normal
1697499748.386,45.764,1800.0,2.5,10.7,normal
1697499748.891,45.277,600.0,5.9,10.7,normal
1697499749.397,44.79,600.0,5.5,10.6,normal
1697499749.901,46.738,1800.0,28.4,10.5,normal
1697499750.403,46.251,1800.0,25.6,10.7,normal
1697499750.906,46.738,1800.0,3.0,10.7,normal
1697499751.408,46.251,1800.0,3.5,10.7,normal
1697499751.911,46.738,1800.0,3.5,10.7,normal
1697499752.414,45.764,1800.0,3.5,10.7,normal
1697499752.916,45.277,1800.0,3.0,10.7,normal
1697499753.419,45.277,1800.0,3.5,10.7,normal
1697499753.921,45.277,1800.0,4.0,10.7,normal
1697499754.424,45.277,1800.0,3.0,10.7,normal
1697499754.929,46.738,600.0,3.9,10.7,normal
1697499755.435,45.764,600.0,6.4,10.6,normal
1697499755.938,46.251,1800.0,28.0,10.6,normal
1697499756.441,45.277,1800.0,23.6,10.7,normal
1697499756.943,45.764,1800.0,2.5,10.7,normal
1697499757.446,46.251,1800.0,3.4,10.7,normal
1697499757.948,45.277,1800.0,1.5,10.7,normal
1697499758.451,45.277,1800.0,3.0,10.7,normal
1697499758.954,45.764,1800.0,4.5,10.7,normal
1697499759.456,45.277,1800.0,2.5,10.7,normal
1697499759.959,45.764,1800.0,3.0,10.7,normal
1697499760.461,46.251,1800.0,3.5,10.7,normal
1697499760.967,45.764,600.0,3.5,10.7,normal
1697499761.473,44.79,600.0,5.0,10.7,normal
1697499761.976,45.277,1800.0,25.6,10.4,normal
1697499762.479,46.738,1800.0,29.8,10.6,normal
1697499762.982,45.277,1800.0,3.5,10.6,normal
1697499763.484,46.251,1800.0,4.5,10.6,normal
1697499763.987,46.738,1800.0,4.0,10.7,normal
1697499764.489,46.251,1800.0,3.0,10.7,normal
1697499764.992,45.277,1800.0,3.0,10.7,normal
1697499765.495,45.764,1800.0,4.0,10.7,normal
1697499765.997,45.764,1800.0,3.5,10.7,normal
1697499766.5,46.251,1800.0,0.5,10.7,normal
1697499767.003,45.764,1000.0,5.0,10.6,normal
1697499767.513,45.277,700.0,4.4,10.6,normal
1697499768.016,46.251,1800.0,28.4,10.4,normal
1697499768.519,45.764,1800.0,25.8,10.6,normal
1697499769.022,45.277,1800.0,5.0,10.6,normal
1697499769.524,45.764,1800.0,1.5,10.6,normal
1697499770.027,44.79,1800.0,2.5,10.6,normal
1697499770.529,45.764,1800.0,3.0,10.6,normal
1697499771.032,45.277,1800.0,3.0,10.6,normal
1697499771.534,44.79,1800.0,3.0,10.6,normal
1697499772.037,45.764,1800.0,4.0,10.6,normal
1697499772.539,46.251,1800.0,2.0,10.6,normal
1697499773.045,45.764,600.0,6.4,10.7,normal
1697499773.551,45.764,600.0,4.5,10.7,normal
1697499774.054,45.277,1800.0,23.9,10.3,normal
1697499774.557,46.738,1800.0,31.7,10.6,normal
1697499775.059,45.764,1800.0,3.5,10.6,normal
1697499775.562,46.251,1800.0,3.5,10.6,normal
1697499776.064,44.79,1800.0,3.0,10.7,normal
1697499776.567,45.764,1800.0,3.0,10.7,normal
1697499777.069,45.764,1800.0,2.5,10.7,normal
1697499777.572,45.277,1800.0,3.9,10.7,normal
1697499778.075,46.251,1800.0,4.5,10.7,normal
1697499778.577,45.764,1800.0,3.0,10.7,normal
1697499779.083,45.764,600.0,5.4,10.7,normal
1697499779.589,45.277,600.0,5.9,10.7,normal
1697499780.092,45.764,1800.0,15.1,10.2,normal
1697499780.594,47.712,1800.0,36.8,10.6,normal
1697499781.097,46.251,1800.0,4.5,10.7,normal
1697499781.599,47.225,1800.0,5.0,10.7,normal
1697499782.102,45.764,1800.0,3.0,10.7,normal
1697499782.605,45.764,1800.0,3.0,10.7,normal
1697499783.107,45.277,1800.0,3.5,10.7,normal
1697499783.61,46.738,1800.0,4.0,10.7,normal
1697499784.112,45.277,1800.0,2.5,10.7,normal
1697499784.615,44.79,1800.0,4.5,10.7,normal
1697499785.12,45.277,600.0,5.4,10.7,normal
1697499785.625,45.764,800.0,3.5,10.7,normal
1697499786.127,45.764,1800.0,9.4,9.5,normal
1697499786.631,46.251,1800.0,28.9,10.4,normal
1697499787.134,45.277,1800.0,21.1,10.6,normal
1697499787.636,45.277,1800.0,4.0,10.6,normal
1697499788.139,45.764,1800.0,3.5,10.6,normal
1697499788.642,45.277,1800.0,4.0,10.6,normal
1697499789.144,45.764,1800.0,3.0,10.6,normal
1697499789.647,46.251,1800.0,3.5,10.6,normal
1697499790.149,45.277,1800.0,3.0,10.7,normal
1697499790.651,45.277,1800.0,3.0,10.7,normal
1697499791.156,44.79,700.0,3.4,10.7,normal
1697499791.661,45.277,900.0,5.0,10.7,normal
1697499792.165,44.79,1000.0,4.0,10.7,normal
1697499792.669,45.764,1800.0,26.2,10.4,normal
1697499793.171,46.251,1800.0,28.9,10.6,normal
1697499793.674,45.764,1800.0,4.5,10.6,normal
1697499794.176,46.251,1800.0,2.5,10.6,normal
1697499794.679,46.251,1800.0,4.4,10.6,normal
1697499795.181,45.764,1800.0,3.0,10.6,normal
1697499795.684,45.277,1800.0,3.0,10.7,normal
1697499796.187,45.764,1800.0,2.5,10.7,normal
1697499796.689,46.251,1800.0,2.0,10.7,normal
1697499797.191,45.277,1800.0,3.5,10.7,normal
1697499797.695,45.764,900.0,4.5,10.7,normal
1697499798.199,44.79,1100.0,4.5,10.7,normal
1697499798.702,45.277,1800.0,18.9,10.3,normal
1697499799.204,46.738,1800.0,35.0,10.6,normal
1697499799.707,45.764,1800.0,2.5,10.6,normal
1697499800.209,45.764,1800.0,2.0,10.6,normal
1697499800.712,46.251,1800.0,2.0,10.6,normal
1697499801.215,45.764,1800.0,3.0,10.6,normal
1697499801.717,46.251,1800.0,3.0,10.6,normal
1697499802.22,45.277,1800.0,2.5,10.6,normal
1697499802.722,45.764,1800.0,4.0,10.6,normal
1697499803.225,45.764,1800.0,3.0,10.6,normal
1697499803.729,45.277,900.0,4.4,10.6,normal
1697499804.232,43.816,1100.0,4.0,10.6,normal
1697499804.735,46.738,1800.0,11.5,10.1,normal
1697499805.239,45.764,1800.0,35.5,10.6,normal
1697499805.741,45.277,1800.0,12.0,10.7,normal
1697499806.244,46.251,1800.0,3.5,10.7,normal
1697499806.746,45.764,1800.0,3.5,10.7,normal
1697499807.249,45.764,1800.0,2.5,10.7,normal
1697499807.751,45.277,1800.0,3.5,10.7,normal
1697499808.254,46.251,1800.0,3.5,10.7,normal
1697499808.756,45.277,1800.0,4.5,10.7,normal
1697499809.259,45.764,1800.0,3.5,10.7,normal
1697499809.764,44.79,700.0,4.0,10.7,normal
1697499810.268,45.277,800.0,4.0,10.7,normal
1697499810.771,46.251,1800.0,17.1,10.3,normal
1697499811.274,46.251,1800.0,36.5,10.6,normal
1697499811.777,46.251,1800.0,5.5,10.7,normal
1697499812.279,46.738,1800.0,4.0,10.7,normal
1697499812.782,46.251,1800.0,4.0,10.7,normal
1697499813.284,46.251,1800.0,3.0,10.7,normal
1697499813.787,45.277,1800.0,4.5,10.7,normal
1697499814.289,46.251,1800.0,4.0,10.7,normal
1697499814.792,46.738,1800.0,4.0,10.7,normal
1697499815.294,44.79,1800.0,3.0,10.7,normal
1697499815.799,45.277,800.0,4.0,10.7,normal
1697499816.304,44.303,600.0,5.4,10.7,normal
1697499816.807,46.251,1800.0,21.4,10.4,normal
1697499817.31,47.225,1800.0,34.8,10.7,normal
1697499817.813,46.251,1800.0,3.5,10.7,normal
1697499818.315,45.764,1800.0,3.0,10.7,normal
1697499818.818,46.251,1800.0,4.5,10.7,normal
1697499819.32,45.764,1800.0,3.5,10.7,normal
1697499819.823,45.764,1800.0,4.0,10.7,normal
1697499820.325,46.738,1800.0,2.5,10.7,normal
1697499820.828,46.251,1800.0,3.0,10.7,normal
1697499821.33,44.79,1800.0,3.0,10.7,normal
1697499821.836,45.764,600.0,4.5,10.7,normal
1697499822.34,45.764,800.0,4.5,10.7,normal
1697499822.843,46.251,1800.0,14.5,10.1,normal
1697499823.346,47.225,1800.0,36.5,10.6,normal
1697499823.849,46.251,1800.0,8.0,10.6,normal
1697499824.351,45.764,1800.0,3.5,10.6,normal
1697499824.854,46.251,1800.0,4.0,10.6,normal
1697499825.356,45.764,1800.0,2.5,10.6,normal
1697499825.859,47.712,1800.0,2.5,10.6,normal
1697499826.361,45.277,1800.0,3.0,10.6,normal
1697499826.864,46.251,1800.0,1.5,10.6,normal
1697499827.367,45.277,1800.0,3.0,10.6,normal
1697499827.871,45.764,700.0,2.5,10.6,normal
1697499828.377,44.303,600.0,3.9,10.6,normal
1697499828.886,45.277,700.0,11.3,10.5,normal
1697499829.389,46.251,1800.0,29.0,10.5,normal
1697499829.892,46.738,1800.0,23.0,10.7,normal
1697499830.395,46.251,1800.0,4.0,10.7,normal
1697499830.897,45.764,1800.0,3.5,10.7,normal
1697499831.399,46.251,1800.0,4.0,10.7,normal
1697499831.902,46.251,1800.0,3.5,10.7,normal
1697499832.405,46.251,1800.0,3.5,10.7,normal
1697499832.907,45.764,1800.0,3.4,10.7,normal
1697499833.41,45.764,1800.0,3.0,10.7,normal
1697499833.913,46.738,1800.0,3.5,10.7,normal
1697499834.418,44.303,600.0,3.9,10.7,normal
1697499834.924,45.764,600.0,5.4,10.7,normal
1697499835.427,45.764,1800.0,22.4,10.3,normal
1697499835.93,46.251,1800.0,31.7,10.7,normal
1697499836.432,46.251,1800.0,2.5,10.7,normal
1697499836.935,45.764,1800.0,4.0,10.7,normal
1697499837.438,45.277,1800.0,3.0,10.7,normal
1697499837.94,45.277,1800.0,4.0,10.7,normal
1697499838.443,45.277,1800.0,4.0,10.7,normal
1697499838.945,45.277,1800.0,3.5,10.7,normal
1697499839.448,46.251,1800.0,2.0,10.7,normal
1697499839.95,46.738,1800.0,3.0,10.7,normal
1697499840.456,45.277,600.0,4.9,10.7,normal
1697499840.961,44.79,600.0,4.0,10.7,normal
1697499841.465,46.251,1800.0,28.0,10.5,normal
1697499841.968,45.277,1800.0,27.0,10.6,normal
1697499842.471,45.764,1800.0,2.0,10.6,normal
1697499842.973,45.764,1800.0,3.5,10.6,normal
1697499843.476,45.764,1800.0,2.0,10.6,normal
1697499843.979,44.79,1800.0,4.0,10.6,normal
1697499844.481,45.764,1800.0,3.0,10.7,normal
1697499844.984,46.738,1800.0,3.0,10.7,normal
1697499845.486,45.764,1800.0,2.0,10.7,normal
1697499845.989,45.277,1800.0,3.9,10.7,normal
1697499846.494,45.277,600.0,3.5,10.7,normal
1697499847.0,45.764,700.0,8.4,10.5,normal
1697499847.504,45.764,1800.0,29.4,10.5,normal
1697499848.007,45.764,1800.0,22.9,10.6,normal
1697499848.509,46.251,1800.0,3.0,10.7,normal
1697499849.012,45.764,1800.0,5.4,10.6,normal
1697499849.515,45.764,1800.0,2.5,10.6,normal
1697499850.018,44.79,1800.0,3.5,10.6,normal
1697499850.521,45.764,1800.0,3.0,10.7,normal
1697499851.024,46.251,1800.0,3.5,10.7,normal
1697499851.527,47.225,1800.0,4.0,10.7,normal
1697499852.029,44.79,1800.0,2.0,10.7,normal
1697499852.535,46.251,600.0,4.0,10.7,normal
1697499853.04,45.277,1200.0,12.9,9.9,normal
1697499853.543,47.225,1800.0,30.7,10.6,normal
1697499854.046,46.251,1800.0,17.4,10.7,normal
1697499854.549,47.712,1800.0,4.5,10.7,normal
1697499855.051,46.251,1800.0,3.0,10.7,normal
1697499855.554,46.738,1800.0,3.5,10.7,normal
1697499856.056,45.764,1800.0,3.0,10.7,normal
1697499856.559,45.277,1800.0,3.5,10.7,normal
1697499857.062,45.277,1800.0,3.5,10.7,normal
1697499857.564,45.764,1800.0,3.5,10.7,normal
1697499858.069,46.251,700.0,3.5,10.7,normal
1697499858.575,45.764,600.0,5.0,10.7,normal
1697499859.081,44.79,600.0,6.4,10.7,normal
1697499859.583,46.251,1800.0,26.0,10.5,normal
1697499860.086,45.277,1800.0,26.5,10.7,normal
1697499860.589,45.764,1800.0,3.5,10.7,normal
1697499861.091,45.277,1800.0,3.5,10.7,normal
1697499861.594,47.225,1800.0,3.0,10.7,normal
1697499862.096,46.251,1800.0,2.0,10.7,normal
1697499862.599,45.764,1800.0,4.5,10.7,normal
1697499863.101,45.277,1800.0,3.0,10.7,normal
1697499863.604,46.738,1800.0,4.9,10.7,normal
1697499864.107,46.251,1800.0,3.0,10.7,normal
1697499864.612,44.303,600.0,4.0,10.7,normal
1697499865.118,45.277,600.0,5.4,10.7,normal
1697499865.621,46.251,1800.0,21.4,10.3,normal
1697499866.124,48.199,1800.0,33.0,10.6,normal
1697499866.626,45.277,1800.0,3.0,10.6,normal
1697499867.129,44.79,1800.0,2.5,10.6,normal
1697499867.631,45.277,1800.0,4.0,10.6,normal
1697499868.134,46.738,1800.0,3.0,10.7,normal
1697499868.637,46.738,1800.0,4.5,10.7,normal
1697499869.139,47.225,1800.0,3.5,10.7,normal
1697499869.642,46.251,1800.0,4.4,10.7,normal
1697499870.144,46.251,1800.0,3.0,10.7,normal
1697499870.648,45.764,900.0,5.4,10.7,normal
1697499871.152,44.79,900.0,5.0,10.7,normal
1697499871.656,46.738,1800.0,15.8,10.2,normal
1697499872.159,47.225,1800.0,37.8,10.6,normal
1697499872.662,46.738,1800.0,6.5,10.7,normal
1697499873.164,45.277,1800.0,3.0,10.7,normal
1697499873.667,45.764,1800.0,4.5,10.7,normal
1697499874.169,46.251,1800.0,4.0,10.7,normal
1697499874.672,45.764,1800.0,3.0,10.7,normal
1697499875.174,46.251,1800.0,3.5,10.7,normal
1697499875.677,45.277,1800.0,2.0,10.7,normal
1697499876.179,45.277,1800.0,2.0,10.7,normal
1697499876.683,44.79,900.0,5.9,10.7,normal
1697499877.189,45.277,700.0,3.5,10.7,normal
1697499877.691,46.251,1800.0,22.3,10.4,normal
1697499878.194,47.712,1800.0,34.7,10.7,normal
1697499878.696,45.277,1800.0,4.0,10.7,normal
1697499879.199,45.764,1800.0,3.5,10.7,normal
1697499879.702,45.277,1800.0,3.5,10.7,normal
1697499880.204,46.251,1800.0,3.5,10.7,normal
1697499880.707,45.764,1800.0,2.5,10.7,normal
1697499881.209,46.251,1800.0,3.0,10.7,normal
1697499881.712,46.738,1800.0,3.5,10.7,normal
1697499882.215,45.277,1800.0,2.5,10.7,normal
1697499882.719,45.277,900.0,5.0,10.7,normal
1697499883.224,45.764,600.0,4.0,10.7,normal
1697499883.727,46.251,1800.0,23.8,10.4,normal
1697499884.23,46.738,1800.0,30.3,10.6,normal
1697499884.732,46.738,1800.0,2.0,10.6,normal
1697499885.235,45.764,1800.0,3.0,10.6,normal
1697499885.738,46.251,1800.0,2.0,10.6,normal
1697499886.24,46.738,1800.0,4.5,10.6,normal
1697499886.743,45.277,1800.0,3.0,10.6,normal
1697499887.245,46.738,1800.0,2.5,10.6,normal
1697499887.748,45.764,1800.0,1.0,10.6,normal
1697499888.251,45.764,1800.0,10.5,10.6,normal
1697499888.756,45.764,600.0,8.4,10.6,normal
1697499889.262,46.251,600.0,5.0,10.6,normal
1697499889.765,45.764,1800.0,16.0,10.1,normal
1697499890.267,45.764,1800.0,36.8,10.6,normal
1697499890.77,46.251,1800.0,7.5,10.7,normal
1697499891.273,45.277,1800.0,3.0,10.7,normal
1697499891.775,46.251,1800.0,3.5,10.7,normal
1697499892.278,45.277,1800.0,4.5,10.7,normal
1697499892.78,45.277,1800.0,3.0,10.7,normal
1697499893.283,45.764,1800.0,3.5,10.7,normal
1697499893.785,45.764,1800.0,4.5,10.7,normal
1697499894.288,45.764,1800.0,3.5,10.7,normal
1697499894.791,44.79,1800.0,3.5,10.7,normal
1697499895.296,45.277,800.0,4.5,10.7,normal
1697499895.8,46.251,800.0,6.5,10.6,normal
1697499896.303,46.738,1800.0,28.7,10.6,normal
1697499896.806,46.251,1800.0,22.2,10.7,normal
1697499897.308,45.277,1800.0,3.5,10.7,normal
1697499897.811,45.764,1800.0,3.0,10.7,normal
1697499898.314,46.251,1800.0,3.5,10.7,normal
1697499898.816,45.764,1800.0,5.0,10.7,normal
1697499899.319,46.251,1800.0,4.0,10.7,normal
1697499899.821,45.764,1800.0,3.5,10.7,normal
1697499900.324,46.738,1800.0,3.5,10.7,normal
1697499900.826,46.251,1800.0,3.0,10.7,normal
1697499901.331,45.277,700.0,5.5,10.7,normal
1697499901.836,45.764,700.0,5.9,10.7,normal
1697499902.34,45.764,1800.0,23.0,10.3,normal
1697499902.843,45.277,1800.0,31.7,10.6,normal
1697499903.346,46.738,1800.0,4.0,10.6,normal
1697499903.848,46.251,1800.0,6.0,10.7,normal
1697499904.351,46.251,1800.0,3.5,10.7,normal
1697499904.853,45.277,1800.0,3.5,10.7,normal
1697499905.356,45.764,1800.0,3.5,10.7,normal
1697499905.859,46.738,1800.0,3.0,10.7,normal
1697499906.361,46.251,1800.0,4.0,10.7,normal
1697499906.863,46.738,1800.0,3.5,10.7,normal
1697499907.367,45.277,900.0,5.9,10.7,normal
1697499907.872,46.251,700.0,4.0,10.7,normal
1697499908.375,46.251,1800.0,18.7,10.3,normal
1697499908.878,46.738,1800.0,38.2,10.7,normal
1697499909.381,46.251,1800.0,4.0,10.7,normal
1697499909.883,46.738,1800.0,3.9,10.7,normal
1697499910.386,46.251,1800.0,4.0,10.7,normal
1697499910.888,46.738,1800.0,3.5,10.7,normal
1697499911.391,46.251,1800.0,3.0,10.7,normal
1697499911.893,45.277,1800.0,3.0,10.7,normal
1697499912.396,46.251,1800.0,3.0,10.7,normal
1697499912.899,45.764,1800.0,3.5,10.7,normal
1697499913.403,46.251,800.0,4.0,10.7,normal
1697499913.908,45.764,700.0,5.9,10.7,normal
1697499914.413,45.277,800.0,10.0,9.6,normal
1697499914.916,46.738,1800.0,29.2,10.5,normal
1697499915.418,45.277,1800.0,21.5,10.6,normal
1697499915.921,46.251,1800.0,3.0,10.6,normal
1697499916.423,46.251,1800.0,3.5,10.7,normal
1697499916.926,44.79,1800.0,3.5,10.7,normal
1697499917.428,45.764,1800.0,3.0,10.7,normal
1697499917.931,45.764,1800.0,4.0,10.7,normal
1697499918.433,46.738,1800.0,3.0,10.7,normal
1697499918.936,46.251,1800.0,5.4,10.7,normal
1697499919.438,46.251,1800.0,3.5,10.7,normal
1697499919.944,45.277,600.0,4.0,10.7,normal
1697499920.448,45.277,1800.0,11.4,9.6,normal
1697499920.951,47.225,1800.0,28.9,10.5,normal
1697499921.454,46.738,1800.0,18.5,10.6,normal
1697499921.957,45.764,1800.0,2.5,10.6,normal
1697499922.46,45.764,1800.0,4.5,10.6,normal
1697499922.962,45.277,1800.0,4.0,10.6,normal
1697499923.465,45.764,1800.0,2.5,10.6,normal
1697499923.967,45.764,1800.0,3.5,10.6,normal
1697499924.47,45.764,1800.0,2.5,10.6,normal
1697499924.972,46.738,1800.0,3.5,10.6,normal
1697499925.477,46.251,800.0,3.5,10.6,normal
1697499925.983,45.764,600.0,4.5,10.6,normal
1697499926.486,46.251,1800.0,14.9,10.1,normal
1697499926.988,46.251,1800.0,37.0,10.5,normal
1697499927.491,45.277,1800.0,4.5,10.6,normal
1697499927.994,45.764,1800.0,2.5,10.6,normal
1697499928.496,45.277,1800.0,2.5,10.6,normal
1697499928.999,46.251,1800.0,3.5,10.6,normal
1697499929.501,45.764,1800.0,3.0,10.6,normal
1697499930.004,46.738,1800.0,2.0,10.6,normal
1697499930.506,45.277,1800.0,2.0,10.6,normal
1697499931.009,46.251,1800.0,3.5,10.6,normal
1697499931.516,45.277,600.0,3.5,10.6,normal
1697499932.023,45.277,600.0,4.9,10.6,normal
1697499932.526,46.251,1800.0,20.1,10.2,normal
1697499933.028,45.764,1800.0,35.1,10.6,normal
1697499933.531,45.764,1800.0,3.5,10.6,normal
1697499934.033,46.251,1800.0,3.0,10.6,normal
1697499934.536,45.764,1800.0,4.0,10.6,normal
1697499935.038,45.277,1800.0,3.5,10.6,normal
1697499935.541,45.764,1800.0,3.0,10.7,normal
1697499936.044,45.764,1800.0,2.0,10.7,normal
1697499936.546,45.277,1800.0,5.4,10.6,normal
1697499937.049,46.251,1800.0,2.0,10.6,normal
1697499937.554,45.764,600.0,4.5,10.6,normal
1697499938.06,45.764,600.0,4.9,10.6,normal
1697499938.563,45.277,1800.0,13.9,10.1,normal
1697499939.066,46.738,1800.0,39.1,10.6,normal
1697499939.568,46.738,1800.0,6.5,10.7,normal
1697499940.071,45.277,1800.0,3.5,10.7,normal
1697499940.574,45.764,1800.0,4.0,10.7,normal
1697499941.076,45.764,1800.0,3.5,10.7,normal
1697499941.579,46.251,1800.0,4.0,10.7,normal
1697499942.081,44.79,1800.0,3.5,10.7,normal
1697499942.584,47.225,1800.0,3.9,10.7,normal
1697499943.087,45.764,1800.0,3.0,10.7,normal
1697499943.592,46.251,800.0,4.5,10.7,normal
1697499944.098,45.764,600.0,5.4,10.7,normal
1697499944.604,44.79,600.0,8.4,10.6,normal
1697499945.107,46.251,1800.0,26.9,10.4,normal
1697499945.614,46.251,1800.0,23.1,10.6,normal
1697499946.117,46.251,1800.0,4.0,10.6,normal
1697499946.619,45.277,1800.0,2.0,10.6,normal
1697499947.122,46.251,1800.0,3.4,10.6,normal
1697499947.625,45.764,1800.0,1.5,10.6,normal
1697499948.127,45.764,1800.0,2.0,10.6,normal
1697499948.63,45.764,1800.0,6.9,10.6,normal
1697499949.132,45.277,1800.0,3.0,10.6,normal
1697499949.637,45.764,700.0,4.0,10.6,normal
1697499950.142,45.277,800.0,4.5,10.6,normal
1697499950.646,45.764,900.0,5.4,10.6,normal
1697499951.149,45.764,1800.0,22.5,10.3,normal
1697499951.652,47.225,1800.0,32.3,10.6,normal
1697499952.155,45.277,1800.0,3.5,10.6,normal
1697499952.657,46.251,1800.0,3.0,10.6,normal
1697499953.16,45.764,1800.0,3.5,10.6,normal
1697499953.662,46.251,1800.0,4.0,10.6,normal
1697499954.165,45.277,1800.0,3.0,10.6,normal
1697499954.667,45.764,1800.0,2.5,10.7,normal
1697499955.17,45.277,1800.0,3.5,10.7,normal
1697499955.672,45.764,1800.0,4.0,10.7,normal
1697499956.177,46.251,800.0,4.0,10.7,normal
1697499956.681,46.738,800.0,5.0,10.7,normal
1697499957.184,45.277,1800.0,16.4,10.2,normal
1697499957.687,47.225,1800.0,38.3,10.6,normal
1697499958.19,46.251,1800.0,3.5,10.6,normal
1697499958.692,46.251,1800.0,4.5,10.6,normal
1697499959.195,46.738,1800.0,3.0,10.6,normal
1697499959.697,45.277,1800.0,3.5,10.7,normal
1697499960.2,45.764,1800.0,3.0,10.7,normal
1697499960.702,46.251,1800.0,4.0,10.7,normal
1697499961.205,45.277,1800.0,4.5,10.6,normal
1697499961.707,46.738,1800.0,2.5,10.7,normal
1697499962.213,46.251,600.0,3.5,10.7,normal
1697499962.718,45.277,600.0,4.4,10.7,normal
1697499963.221,46.251,1800.0,21.0,10.3,normal
1697499963.724,46.251,1800.0,36.6,10.6,normal
1697499964.227,44.79,1800.0,3.0,10.6,normal
1697499964.729,46.251,1800.0,3.5,10.6,normal
1697499965.232,46.251,1800.0,3.0,10.6,normal
1697499965.734,45.764,1800.0,4.5,10.6,normal
1697499966.237,46.251,1800.0,3.5,10.6,normal
1697499966.739,45.277,1800.0,3.0,10.6,normal
1697499967.242,45.277,1800.0,4.0,10.6,normal
1697499967.744,44.79,1800.0,3.5,10.6,normal
1697499968.25,45.277,600.0,3.0,10.6,normal
1697499968.755,45.764,700.0,5.4,10.6,normal
1697499969.259,46.738,1800.0,25.7,10.4,normal
1697499969.761,46.251,1800.0,28.4,10.6,normal
1697499970.264,46.251,1800.0,2.5,10.6,normal
1697499970.766,45.764,1800.0,3.0,10.6,normal
1697499971.269,45.277,1800.0,2.0,10.6,normal
1697499971.772,45.764,1800.0,2.5,10.6,normal
1697499972.274,45.764,1800.0,2.0,10.7,normal
1697499972.777,45.764,1800.0,2.5,10.7,normal
1697499973.279,45.277,1800.0,2.5,10.7,normal
1697499973.782,45.764,1800.0,3.0,10.7,normal
1697499974.287,44.79,600.0,4.0,10.7,normal
1697499974.792,45.277,800.0,7.0,10.5,normal
1697499975.295,46.251,1800.0,28.5,10.5,normal
1697499975.798,45.277,1800.0,23.5,10.7,normal
1697499976.3,45.764,1800.0,4.0,10.7,normal
1697499976.803,46.251,1800.0,3.0,10.7,normal
1697499977.305,45.764,1800.0,3.5,10.7,normal
1697499977.808,45.277,1800.0,3.0,10.7,normal
1697499978.31,46.738,1800.0,3.5,10.7,normal
1697499978.813,45.764,1800.0,5.0,10.7,normal
1697499979.315,46.251,1800.0,2.5,10.7,normal
1697499979.818,45.277,1800.0,3.5,10.7,normal
1697499980.323,46.251,600.0,4.4,10.7,normal
1697499980.828,45.277,800.0,5.0,10.7,normal
1697499981.331,45.764,1800.0,23.4,10.3,normal
1697499981.834,46.251,1800.0,33.0,10.6,normal
1697499982.336,45.277,1800.0,4.0,10.7,normal
1697499982.839,45.277,1800.0,4.0,10.7,normal
1697499983.341,46.251,1800.0,5.4,10.7,normal
1697499983.844,45.764,1800.0,4.0,10.7,normal
1697499984.347,45.764,1800.0,3.5,10.7,normal
1697499984.849,44.79,1800.0,3.0,10.7,normal
1697499985.352,44.79,1800.0,3.5,10.7,normal
1697499985.854,45.277,1800.0,3.0,10.7,normal
1697499986.359,45.764,800.0,3.5,10.7,normal
1697499986.864,44.79,800.0,4.5,10.7,normal
1697499987.368,46.738,1800.0,26.9,10.4,normal
1697499987.87,46.251,1800.0,29.0,10.7,normal
1697499988.373,45.764,1800.0,3.0,10.7,normal
1697499988.875,46.251,1800.0,4.5,10.7,normal
1697499989.378,45.764,1800.0,3.0,10.7,normal
1697499989.88,46.251,1800.0,3.0,10.7,normal
1697499990.388,47.225,1800.0,3.0,10.7,normal
1697499990.891,44.79,1800.0,3.0,10.7,normal
1697499991.393,45.277,1800.0,4.0,10.7,normal
1697499991.896,46.251,1800.0,3.5,10.7,normal
1697499992.4,45.277,800.0,4.5,10.7,normal
1697499992.905,45.277,800.0,4.0,10.7,normal
1697499993.408,45.764,1800.0,18.0,10.3,normal
1697499993.91,45.277,1800.0,39.0,10.6,normal
1697499994.413,47.225,1800.0,3.0,10.7,normal
1697499994.916,46.738,1800.0,3.0,10.7,normal
1697499995.418,44.79,1800.0,3.5,10.7,normal
1697499995.921,46.738,1800.0,4.0,10.7,normal
1697499996.423,46.738,1800.0,3.0,10.7,normal
1697499996.926,45.277,1800.0,3.5,10.7,normal
1697499997.429,44.303,1800.0,3.5,10.7,normal
1697499997.931,45.764,1800.0,3.5,10.7,normal
1697499998.436,45.277,700.0,3.9,10.7,normal
1697499998.941,45.764,700.0,4.5,10.7,normal
1697499999.445,45.277,1800.0,11.9,9.8,normal
1697499999.948,45.764,1800.0,30.5,10.6,normal
1697500000.451,45.764,1800.0,16.4,10.6,normal
1697500000.954,46.738,1800.0,3.5,10.6,normal
1697500001.456,46.251,1800.0,2.5,10.6,normal
1697500001.959,45.764,1800.0,5.0,10.6,normal
1697500002.461,46.251,1800.0,2.5,10.6,normal
1697500002.964,45.764,1800.0,4.0,10.7,normal
1697500003.467,46.251,1800.0,3.5,10.6,normal
1697500003.969,45.764,1800.0,3.5,10.7,normal
1697500004.474,45.277,700.0,2.5,10.7,normal
1697500004.979,45.764,700.0,1.5,10.7,normal
1697500005.486,45.277,600.0,5.5,10.6,normal
1697500005.989,45.764,1800.0,31.5,10.4,normal
1697500006.492,45.764,1800.0,25.3,10.6,normal
1697500006.994,46.251,1800.0,4.0,10.6,normal
1697500007.497,46.251,1800.0,3.5,10.6,normal
1697500007.999,45.764,1800.0,2.0,10.6,normal
1697500008.502,46.251,1800.0,3.5,10.6,normal
1697500009.004,46.251,1800.0,4.5,10.6,normal
1697500009.507,46.251,1800.0,5.0,10.7,normal
1697500010.01,46.251,1800.0,2.5,10.7,normal
1697500010.512,45.277,1800.0,3.5,10.7,normal
1697500011.017,45.764,700.0,3.5,10.7,normal
1697500011.526,45.277,600.0,9.9,10.5,normal
1697500012.029,45.764,1800.0,27.0,10.5,normal
1697500012.532,46.251,1800.0,20.1,10.7,normal
1697500013.034,45.764,1800.0,2.0,10.7,normal
1697500013.537,46.251,1800.0,4.5,10.7,normal
1697500014.039,46.738,1800.0,3.5,10.7,normal
1697500014.542,45.277,1800.0,2.5,10.7,normal
1697500015.044,44.79,1800.0,2.5,10.7,normal
1697500015.547,44.79,1800.0,2.5,10.7,normal
1697500016.05,45.277,1800.0,4.9,10.7,normal
1697500016.555,45.764,700.0,3.5,10.7,normal
1697500017.059,44.79,1000.0,4.9,10.7,normal
1697500017.563,45.277,900.0,3.5,10.7,normal
1697500018.066,46.251,1800.0,25.9,10.3,normal
1697500018.569,45.277,1800.0,29.0,10.6,normal
1697500019.071,46.738,1800.0,3.5,10.6,normal
1697500019.574,46.251,1800.0,3.0,10.6,normal
1697500020.077,45.764,1800.0,5.0,10.6,normal
1697500020.579,46.251,1800.0,2.5,10.6,normal
1697500021.082,46.251,1800.0,4.5,10.6,normal
1697500021.585,45.277,1800.0,2.0,10.6,normal
1697500022.087,44.79,1800.0,5.0,10.6,normal
1697500022.59,45.764,1800.0,2.5,10.6,normal
1697500023.095,45.277,700.0,4.9,10.6,normal
1697500023.601,45.277,900.0,6.9,10.5,normal
1697500024.104,46.738,1800.0,29.0,10.5,normal
1697500024.607,45.764,1800.0,23.9,10.7,normal
1697500025.11,46.251,1800.0,3.5,10.7,normal
1697500025.612,46.251,1800.0,2.5,10.7,normal
1697500026.115,45.764,1800.0,1.5,10.7,normal
1697500026.618,45.277,1800.0,4.5,10.7,normal
1697500027.12,45.764,1800.0,3.0,10.7,normal
1697500027.623,45.277,1800.0,4.0,10.7,normal
1697500028.125,45.764,1800.0,4.0,10.7,normal
1697500028.629,45.764,1800.0,3.5,10.7,normal
1697500029.133,44.79,900.0,5.0,10.7,normal
1697500029.638,44.79,900.0,4.9,10.7,normal
1697500030.141,46.738,1800.0,24.9,10.4,normal
1697500030.644,46.251,1800.0,31.0,10.6,normal
1697500031.147,46.251,1800.0,3.0,10.6,normal
1697500031.649,45.764,1800.0,3.5,10.7,normal
1697500032.152,46.738,1800.0,3.5,10.7,normal
1697500032.654,46.251,1800.0,3.9,10.7,normal
1697500033.157,46.251,1800.0,3.5,10.7,normal
1697500033.659,45.764,1800.0,3.5,10.7,normal
1697500034.162,45.764,1800.0,4.5,10.7,normal
1697500034.664,46.251,1800.0,3.5,10.7,normal
1697500035.168,45.277,900.0,4.0,10.7,normal
1697500035.673,46.251,900.0,5.4,10.7,normal
1697500036.175,46.251,1800.0,18.5,10.2,normal
1697500036.678,46.251,1800.0,36.7,10.6,normal
1697500037.181,47.712,1800.0,5.0,10.6,normal
1697500037.683,45.764,1800.0,3.0,10.6,normal
1697500038.186,46.738,1800.0,4.0,10.6,normal
1697500038.688,46.251,1800.0,3.5,10.6,normal
1697500039.191,46.738,1800.0,4.5,10.6,normal
1697500039.694,45.764,1800.0,2.5,10.6,normal
1697500040.196,45.764,1800.0,3.5,10.6,normal
1697500040.699,46.251,1800.0,3.5,10.6,normal
1697500041.203,45.277,900.0,4.0,10.6,normal
1697500041.707,45.277,800.0,5.0,10.6,normal
1697500042.211,45.277,1000.0,8.5,9.5,normal
1697500042.714,47.225,1800.0,28.4,10.5,normal
1697500043.217,46.738,1800.0,23.0,10.6,normal
1697500043.719,46.251,1800.0,2.0,10.6,normal
1697500044.222,46.251,1800.0,5.0,10.6,normal
1697500044.724,45.764,1800.0,4.0,10.6,normal
1697500045.227,46.738,1800.0,3.5,10.6,normal
1697500045.729,45.764,1800.0,3.0,10.6,normal
1697500046.232,44.79,1800.0,4.0,10.6,normal
1697500046.735,45.764,1800.0,4.0,10.6,normal
1697500047.237,46.251,1800.0,3.5,10.6,normal
1697500047.742,45.764,600.0,4.4,10.6,normal
1697500048.248,44.79,700.0,3.5,10.6,normal
1697500048.751,45.277,1800.0,25.0,10.4,normal
1697500049.253,46.251,1800.0,30.7,10.7,normal
1697500049.756,47.225,1800.0,3.5,10.7,normal
1697500050.258,45.277,1800.0,3.5,10.7,normal
1697500050.761,46.251,1800.0,3.5,10.6,normal
1697500051.263,46.738,1800.0,3.5,10.7,normal
1697500051.766,46.738,1800.0,3.0,10.6,normal
1697500052.269,46.251,1800.0,3.5,10.7,normal
1697500052.771,45.764,1800.0,3.5,10.7,normal
1697500053.274,45.277,1800.0,3.5,10.6,normal
1697500053.778,45.277,700.0,4.5,10.7,normal
1697500054.284,45.764,600.0,4.5,10.7,normal
1697500054.787,45.277,1800.0,15.9,10.1,normal
1697500055.29,45.764,1800.0,37.7,10.5,normal
1697500055.792,44.79,1800.0,5.5,10.6,normal
1697500056.295,45.764,1800.0,3.0,10.6,normal
1697500056.798,46.251,1800.0,2.5,10.6,normal
1697500057.3,45.277,1800.0,3.0,10.6,normal
1697500057.803,45.277,1800.0,2.0,10.6,normal
1697500058.305,45.277,1800.0,2.0,10.6,normal
1697500058.808,46.251,1800.0,4.5,10.6,normal
1697500059.31,45.764,1800.0,3.5,10.6,normal
1697500059.816,45.277,600.0,3.9,10.6,normal
1697500060.322,46.251,600.0,4.5,10.6,normal
1697500060.827,46.738,900.0,8.4,9.7,normal
1697500061.33,46.251,1800.0,28.4,10.4,normal
1697500061.833,45.764,1800.0,24.6,10.6,normal
1697500062.335,45.277,1800.0,3.0,10.6,normal
1697500062.838,45.277,1800.0,3.0,10.6,normal
1697500063.34,45.277,1800.0,3.5,10.6,normal
1697500063.843,46.251,1800.0,4.5,10.6,normal
1697500064.346,45.764,1800.0,3.0,10.6,normal
1697500064.848,46.251,1800.0,3.5,10.6,normal
1697500065.351,46.251,1800.0,3.0,10.6,normal
1697500065.853,45.764,1800.0,4.0,10.7,normal
1697500066.358,45.277,700.0,4.4,10.6,normal
1697500066.863,45.764,1000.0,10.0,9.7,normal
1697500067.368,46.251,1800.0,29.4,10.6,normal
1697500067.87,45.277,1800.0,17.4,10.7,normal
1697500068.373,46.251,1800.0,2.5,10.7,normal
1697500068.875,46.251,1800.0,5.9,10.7,normal
1697500069.378,46.251,1800.0,2.5,10.7,normal
1697500069.88,45.277,1800.0,1.0,10.7,normal
1697500070.383,46.738,1800.0,1.5,10.7,normal
1697500070.886,45.764,1800.0,5.5,10.7,normal
1697500071.388,45.764,1800.0,3.5,10.7,normal
1697500071.893,46.251,700.0,3.4,10.7,normal
1697500072.398,44.79,700.0,5.0,10.7,normal
1697500072.904,45.277,600.0,4.5,10.7,normal
1697500073.407,45.764,1800.0,27.5,10.5,normal
1697500073.909,45.277,1800.0,27.0,10.7,normal
1697500074.412,46.251,1800.0,3.0,10.7,normal
1697500074.915,46.251,1800.0,3.9,10.7,normal
1697500075.417,45.277,1800.0,3.5,10.7,normal
1697500075.92,45.764,1800.0,3.0,10.7,normal
1697500076.422,46.251,1800.0,4.9,10.7,normal
1697500076.925,46.251,1800.0,3.5,10.7,normal
1697500077.427,45.764,1800.0,3.0,10.7,normal
1697500077.93,45.277,1800.0,3.9,10.7,normal
1697500078.434,44.79,800.0,4.0,10.7,normal
1697500078.939,45.277,800.0,10.4,10.5,normal
1697500079.442,47.225,1800.0,28.4,10.6,normal
1697500079.945,46.251,1800.0,23.3,10.7,normal
1697500080.448,46.251,1800.0,3.0,10.7,normal
1697500080.95,46.251,1800.0,4.5,10.7,normal
1697500081.453,46.738,1800.0,3.5,10.7,normal
1697500081.955,45.764,1800.0,3.5,10.7,normal
1697500082.458,46.738,1800.0,3.0,10.7,normal
1697500082.96,46.251,1800.0,3.0,10.7,normal
1697500083.463,45.764,1800.0,4.0,10.7,normal
1697500083.966,46.738,1800.0,5.0,10.7,normal
1697500084.471,45.277,800.0,3.5,10.7,normal
1697500084.975,44.79,900.0,11.8,9.6,normal
1697500085.478,46.738,1800.0,28.5,10.5,normal
1697500085.982,47.712,1800.0,20.8,10.6,normal
1697500086.485,45.277,1800.0,3.0,10.6,normal
1697500086.987,45.764,1800.0,3.5,10.6,normal
1697500087.489,46.251,1800.0,4.0,10.7,normal
1697500087.992,45.764,1800.0,4.5,10.7,normal
1697500088.495,45.764,1800.0,3.5,10.7,normal
1697500088.997,46.738,1800.0,3.9,10.7,normal
1697500089.5,44.303,1800.0,5.0,10.7,normal
1697500090.005,46.251,700.0,3.5,10.7,normal
1697500090.51,45.764,800.0,3.0,10.7,normal
1697500091.013,44.79,1800.0,12.5,10.1,normal
1697500091.518,46.738,1800.0,36.6,10.5,normal
1697500092.021,46.738,1800.0,9.0,10.6,normal
1697500092.523,47.225,1800.0,3.9,10.6,normal
1697500093.026,46.251,1800.0,3.5,10.6,normal
1697500093.528,46.738,1800.0,4.0,10.6,normal
1697500094.031,46.738,1800.0,4.5,10.6,normal
1697500094.534,46.738,1800.0,3.0,10.6,normal
1697500095.036,47.225,1800.0,3.5,10.6,normal
1697500095.539,46.738,1800.0,3.5,10.6,normal
1697500096.043,46.738,1000.0,4.5,10.6,normal
1697500096.547,45.277,700.0,5.0,10.6,normal
1697500097.052,45.764,1000.0,5.5,10.5,normal
1697500097.555,46.251,1800.0,28.4,10.5,normal
1697500098.058,46.251,1800.0,24.5,10.6,normal
1697500098.56,46.738,1800.0,1.5,10.6,normal
1697500099.063,46.251,1800.0,4.0,10.7,normal
1697500099.565,45.764,1800.0,4.0,10.7,normal
1697500100.068,45.764,1800.0,3.0,10.7,normal
1697500100.571,46.251,1800.0,3.0,10.7,normal
1697500101.073,45.764,1800.0,3.0,10.7,normal
1697500101.575,45.277,1800.0,4.0,10.7,normal
1697500102.078,44.79,1800.0,1.0,10.7,normal
1697500102.582,45.277,900.0,7.9,10.7,normal
1697500103.086,45.764,900.0,5.4,10.7,normal
1697500103.589,45.764,1800.0,21.9,10.3,normal
1697500104.092,46.251,1800.0,33.7,10.6,normal
1697500104.594,45.764,1800.0,3.5,10.6,normal
1697500105.097,45.764,1800.0,4.0,10.6,normal
1697500105.599,46.251,1800.0,3.0,10.6,normal
1697500106.102,45.764,1800.0,4.0,10.6,normal
1697500106.604,45.764,1800.0,3.0,10.6,normal
1697500107.107,45.764,1800.0,4.0,10.6,normal
1697500107.61,45.764,1800.0,2.5,10.6,normal
1697500108.112,45.277,1800.0,4.0,10.6,normal
1697500108.616,45.277,900.0,4.0,10.6,normal
1697500109.12,46.738,1000.0,4.5,10.6,normal
1697500109.623,45.764,1800.0,15.4,10.1,normal
1697500110.126,46.738,1800.0,36.7,10.6,normal
1697500110.631,46.738,1800.0,6.5,10.6,normal
1697500111.134,45.277,1800.0,3.0,10.6,normal
1697500111.637,46.251,1800.0,3.0,10.6,normal
1697500112.14,46.251,1800.0,4.0,10.6,normal
1697500112.643,46.251,1800.0,3.0,10.6,normal
1697500113.145,45.764,1800.0,3.5,10.6,normal
1697500113.648,47.225,1800.0,4.5,10.6,normal
1697500114.151,45.764,1800.0,4.0,10.6,normal
1697500114.655,45.764,700.0,4.0,10.6,normal
1697500115.16,45.764,800.0,4.4,10.6,normal
1697500115.663,45.277,1800.0,19.0,10.1,normal
1697500116.166,46.251,1800.0,35.7,10.6,normal
1697500116.668,45.277,1800.0,3.0,10.6,normal
1697500117.171,46.251,1800.0,3.0,10.6,normal
1697500117.673,45.764,1800.0,4.0,10.6,normal
1697500118.176,44.79,1800.0,4.0,10.6,normal
1697500118.678,45.764,1800.0,4.5,10.6,normal
1697500119.181,46.251,1800.0,4.0,10.6,normal
1697500119.683,46.738,1800.0,2.5,10.6,normal
1697500120.186,46.251,1800.0,4.5,10.6,normal
1697500120.69,45.277,900.0,4.0,10.6,normal
1697500121.194,45.764,800.0,5.0,10.6,normal
1697500121.698,46.738,1800.0,12.9,9.9,normal
1697500122.203,46.251,1800.0,35.2,10.5,normal
1697500122.706,45.764,1800.0,11.6,10.6,normal
1697500123.208,46.738,1800.0,4.0,10.6,normal
1697500123.711,46.251,1800.0,4.5,10.6,normal
1697500124.213,46.251,1800.0,4.0,10.6,normal
1697500124.716,45.764,1800.0,2.5,10.6,normal
1697500125.218,45.764,1800.0,4.4,10.6,normal
1697500125.721,45.764,1800.0,3.0,10.6,normal
1697500126.223,45.277,1800.0,1.0,10.6,normal
1697500126.728,45.277,700.0,4.0,10.6,normal
1697500127.234,46.251,600.0,2.0,10.6,normal
1697500127.74,45.277,600.0,5.5,10.5,normal
1697500128.243,46.251,1800.0,27.9,10.4,normal
1697500128.746,45.277,1800.0,28.4,10.6,normal
1697500129.248,45.277,1800.0,4.0,10.6,normal
1697500129.751,45.764,1800.0,4.0,10.6,normal
1697500130.253,45.764,1800.0,4.0,10.6,normal
1697500130.756,46.251,1800.0,3.0,10.6,normal
1697500131.259,45.277,1800.0,3.5,10.7,normal
1697500131.761,44.79,1800.0,2.5,10.7,normal
1697500132.269,45.277,1800.0,2.9,10.7,normal
1697500132.771,45.764,1800.0,3.5,10.7,normal
1697500133.276,45.277,600.0,3.0,10.7,normal
1697500133.781,44.303,700.0,5.9,10.7,normal
1697500134.285,46.251,1800.0,23.9,10.3,normal
1697500134.787,45.764,1800.0,32.0,10.6,normal
1697500135.29,46.251,1800.0,3.5,10.6,normal
1697500135.792,45.764,1800.0,3.5,10.6,normal
1697500136.295,46.251,1800.0,4.4,10.6,normal
1697500136.798,45.277,1800.0,3.0,10.6,normal
1697500137.305,45.277,1800.0,2.5,10.6,normal
1697500137.807,45.764,1800.0,3.0,10.7,normal
1697500138.31,44.79,1800.0,3.0,10.7,normal
1697500138.812,45.277,1800.0,4.0,10.7,normal
1697500139.318,45.764,600.0,4.9,10.7,normal
1697500139.824,45.277,600.0,3.9,10.7,normal
1697500140.327,45.764,1800.0,16.5,10.2,normal
1697500140.83,47.225,1800.0,36.0,10.6,normal
1697500141.332,45.277,1800.0,4.5,10.7,normal
1697500141.835,45.277,1800.0,2.0,10.7,normal
1697500142.337,44.79,1800.0,2.5,10.7,normal
1697500142.84,45.764,1800.0,2.5,10.7,normal
1697500143.342,46.251,1800.0,4.0,10.7,normal
1697500143.845,45.277,1800.0,5.0,10.7,normal
1697500144.347,45.277,1800.0,4.5,10.7,normal
1697500144.85,45.764,1800.0,4.0,10.7,normal
1697500145.355,45.764,600.0,3.9,10.7,normal
1697500145.861,45.277,600.0,4.4,10.7,normal
1697500146.367,45.764,700.0,11.3,9.6,normal
1697500146.87,45.764,1800.0,28.5,10.5,normal
1697500147.373,44.79,1800.0,20.9,10.7,normal
1697500147.875,46.251,1800.0,3.5,10.7,normal
1697500148.378,45.277,1800.0,3.0,10.7,normal
1697500148.88,44.79,1800.0,5.5,10.6,normal
1697500149.383,45.764,1800.0,3.0,10.6,normal
1697500149.885,45.764,1800.0,3.0,10.7,normal
1697500150.388,45.764,1800.0,3.0,10.6,normal
1697500150.891,46.251,1800.0,3.5,10.6,normal
1697500151.395,45.764,700.0,3.9,10.7,normal
1697500151.901,44.79,600.0,4.9,10.7,normal
1697500152.407,45.277,600.0,3.5,10.7,normal
1697500152.911,46.251,1800.0,28.2,10.5,normal
1697500153.414,44.79,1800.0,29.0,10.7,normal
1697500153.917,45.277,1800.0,4.0,10.7,normal
1697500154.419,46.251,1800.0,3.0,10.7,normal
1697500154.922,45.277,1800.0,2.5,10.7,normal
1697500155.424,46.251,1800.0,4.5,10.7,normal
1697500155.927,46.251,1800.0,3.0,10.7,normal
1697500156.429,45.277,1800.0,3.5,10.7,normal
1697500156.932,46.251,1800.0,3.5,10.7,normal
1697500157.434,44.79,1800.0,3.5,10.7,normal
1697500157.94,46.251,600.0,3.5,10.7,normal
1697500158.445,44.79,900.0,7.9,10.5,normal
1697500158.947,46.738,1800.0,29.7,10.4,normal
1697500159.45,45.764,1800.0,24.5,10.6,normal
1697500159.952,45.277,1800.0,4.0,10.6,normal
1697500160.455,46.251,1800.0,2.5,10.7,normal
1697500160.958,45.764,1800.0,3.5,10.7,normal
1697500161.46,44.79,1800.0,4.0,10.7,normal
1697500161.963,46.251,1800.0,4.0,10.7,normal
1697500162.465,46.251,1800.0,3.0,10.7,normal
1697500162.968,46.251,1800.0,4.0,10.7,normal
1697500163.47,45.764,1800.0,3.0,10.7,normal
1697500163.976,45.764,600.0,5.9,10.7,normal
1697500164.482,45.277,600.0,5.9,10.7,normal
1697500164.985,45.277,1800.0,25.0,10.4,normal
1697500165.488,46.251,1800.0,30.0,10.6,normal
1697500165.991,46.251,1800.0,5.0,10.6,normal
1697500166.493,46.738,1800.0,3.0,10.6,normal
1697500166.996,46.738,1800.0,3.5,10.6,normal
1697500167.499,46.251,1800.0,4.0,10.6,normal
1697500168.001,47.225,1800.0,2.5,10.6,normal
1697500168.504,46.251,1800.0,4.9,10.6,normal
1697500169.007,45.277,1800.0,5.0,10.6,normal
1697500169.509,45.277,1800.0,3.0,10.6,normal
1697500170.014,45.277,800.0,4.4,10.6,normal
1697500170.519,45.764,700.0,5.9,10.6,normal
1697500171.022,46.251,1800.0,28.9,10.5,normal
1697500171.525,46.251,1800.0,25.1,10.7,normal
1697500172.027,45.277,1800.0,3.0,10.7,normal
1697500172.53,45.764,1800.0,3.5,10.7,normal
1697500173.032,45.277,1800.0,3.5,10.7,normal
1697500173.535,45.764,1800.0,3.5,10.7,normal
1697500174.037,45.764,1800.0,5.4,10.7,normal
1697500174.54,45.277,1800.0,3.5,10.7,normal
1697500175.043,45.764,1800.0,3.5,10.7,normal
1697500175.545,45.764,1800.0,3.0,10.7,normal
1697500176.049,47.225,800.0,5.4,10.7,normal
1697500176.558,44.79,900.0,9.9,9.6,normal
1697500177.061,46.251,1800.0,28.7,10.5,normal
1697500177.563,46.738,1800.0,20.9,10.7,normal
1697500178.066,45.764,1800.0,4.0,10.7,normal
1697500178.568,47.225,1800.0,4.4,10.7,normal
1697500179.071,45.764,1800.0,4.0,10.7,normal
1697500179.574,46.251,1800.0,3.0,10.7,normal
1697500180.076,45.277,1800.0,3.5,10.7,normal
1697500180.579,45.764,1800.0,4.0,10.7,normal
1697500181.081,46.251,1800.0,3.5,10.7,normal
1697500181.584,45.277,1800.0,2.5,10.7,normal
1697500182.087,45.277,1000.0,4.0,10.7,normal
1697500182.59,45.764,1800.0,12.0,10.1,normal
1697500183.094,47.225,1800.0,34.3,10.6,normal
1697500183.597,46.251,1800.0,9.5,10.7,normal
1697500184.099,45.764,1800.0,4.0,10.7,normal
1697500184.602,46.251,1800.0,3.0,10.7,normal
1697500185.104,46.251,1800.0,2.5,10.7,normal
1697500185.607,45.277,1800.0,1.5,10.7,normal
1697500186.109,45.764,1800.0,2.5,10.7,normal
1697500186.612,45.764,1800.0,2.0,10.7,normal
1697500187.114,46.251,1800.0,3.5,10.7,normal
1697500187.619,45.277,700.0,2.5,10.7,normal
1697500188.124,44.303,800.0,3.9,10.8,normal
1697500188.629,44.79,800.0,7.5,10.7,normal
1697500189.131,46.738,1800.0,27.9,10.5,normal
1697500189.634,45.277,1800.0,27.5,10.7,normal
1697500190.137,45.764,1800.0,3.0,10.7,normal
1697500190.639,45.277,1800.0,3.0,10.7,normal
1697500191.142,47.225,1800.0,3.5,10.7,normal
1697500191.644,44.79,1800.0,4.0,10.7,normal
1697500192.147,46.738,1800.0,3.0,10.7,normal
1697500192.649,46.251,1800.0,3.0,10.7,normal
1697500193.152,46.251,1800.0,3.5,10.7,normal
1697500193.655,45.764,1800.0,4.5,10.7,normal
1697500194.159,44.79,700.0,4.9,10.7,normal
1697500194.663,45.764,1100.0,8.5,9.6,normal
1697500195.166,45.764,1800.0,28.4,10.5,normal
1697500195.669,46.251,1800.0,21.7,10.6,normal
1697500196.171,45.764,1800.0,3.0,10.6,normal
1697500196.674,45.764,1800.0,3.0,10.6,normal
1697500197.177,46.251,1800.0,2.5,10.7,normal
1697500197.679,46.738,1800.0,5.4,10.7,normal
1697500198.182,45.764,1800.0,3.5,10.7,normal
1697500198.684,45.764,1800.0,4.0,10.7,normal
1697500199.187,45.764,1800.0,3.0,10.7,normal
1697500199.689,44.79,1800.0,3.5,10.7,normal
1697500200.195,45.277,600.0,5.4,10.7,normal
1697500200.701,45.277,600.0,4.5,10.7,normal
1697500201.206,46.738,1800.0,27.4,10.5,normal
1697500201.708,46.738,1800.0,27.9,10.7,normal
1697500202.211,45.277,1800.0,4.5,10.7,normal
1697500202.714,45.764,1800.0,3.0,10.7,normal
1697500203.221,46.251,1800.0,2.5,10.7,normal
1697500203.724,45.764,1800.0,4.5,10.7,normal
1697500204.226,45.277,1800.0,3.5,10.7,normal
1697500204.729,45.764,1800.0,3.5,10.7,normal
1697500205.231,46.251,1800.0,4.0,10.7,normal
1697500205.734,45.764,1800.0,3.5,10.7,normal
1697500206.238,44.79,800.0,4.9,10.7,normal
1697500206.744,46.251,600.0,8.9,10.6,normal
1697500207.248,45.764,1800.0,28.2,10.5,normal
1697500207.75,46.738,1800.0,21.7,10.7,normal
1697500208.253,45.277,1800.0,4.5,10.7,normal
1697500208.755,46.738,1800.0,5.0,10.7,normal
1697500209.258,44.79,1800.0,3.9,10.7,normal
1697500209.76,46.738,1800.0,3.5,10.7,normal
1697500210.263,45.277,1800.0,3.0,10.7,normal
1697500210.765,45.277,1800.0,3.5,10.7,normal
1697500211.268,44.79,1800.0,3.9,10.7,normal
1697500211.771,45.277,1800.0,3.0,10.7,normal
1697500212.277,45.277,600.0,4.4,10.7,normal
1697500212.782,46.251,700.0,5.0,10.7,normal
1697500213.285,46.251,1800.0,26.4,10.4,normal
1697500213.787,46.251,1800.0,30.2,10.7,normal
1697500214.29,46.251,1800.0,3.0,10.7,normal
1697500214.793,45.277,1800.0,4.0,10.7,normal
1697500215.295,46.738,1800.0,3.4,10.7,normal
1697500215.798,45.764,1800.0,3.5,10.7,normal
1697500216.3,45.764,1800.0,3.5,10.7,normal
1697500216.803,46.251,1800.0,4.0,10.7,normal
1697500217.305,45.764,1800.0,3.5,10.7,normal
1697500217.808,46.251,1800.0,2.5,10.7,normal
1697500218.313,45.764,600.0,3.9,10.7,normal
1697500218.819,46.251,600.0,6.9,10.7,normal
1697500219.322,46.251,1800.0,18.4,10.3,normal
1697500219.825,46.738,1800.0,36.7,10.7,normal
1697500220.327,45.764,1800.0,3.0,10.7,normal
1697500220.83,46.738,1800.0,3.5,10.7,normal
1697500221.332,46.738,1800.0,3.5,10.7,normal
1697500221.835,46.738,1800.0,3.0,10.7,normal
1697500222.338,45.277,1800.0,2.0,10.7,normal
1697500222.84,45.277,1800.0,3.5,10.7,normal
1697500223.343,46.738,1800.0,3.5,10.7,normal
1697500223.845,45.277,1800.0,4.0,10.7,normal
1697500224.351,45.277,600.0,3.0,10.7,normal
1697500224.856,45.764,600.0,5.0,10.7,normal
1697500225.359,45.277,1800.0,10.9,9.9,normal
1697500225.863,45.764,1800.0,31.0,10.6,normal
1697500226.365,46.251,1800.0,14.5,10.7,normal
1697500226.868,46.251,1800.0,3.0,10.7,normal
1697500227.371,45.277,1800.0,3.0,10.7,normal
1697500227.873,45.764,1800.0,2.5,10.7,normal
1697500228.376,45.764,1800.0,3.0,10.7,normal
1697500228.878,45.277,1800.0,4.5,10.7,normal
1697500229.381,46.251,1800.0,2.5,10.7,normal
1697500229.883,45.764,1800.0,4.0,10.7,normal
1697500230.388,45.277,700.0,3.5,10.7,normal
1697500230.891,45.764,1800.0,6.4,10.7,normal
1697500231.393,45.764,1800.0,3.5,10.6,normal
1697500231.896,46.251,1800.0,28.5,10.6,normal
1697500232.399,46.251,1800.0,23.0,10.7,normal
1697500232.901,46.738,1800.0,4.0,10.7,normal
1697500233.403,46.251,1800.0,3.0,10.7,normal
1697500233.906,46.738,1800.0,4.5,10.7,normal
1697500234.408,45.277,1800.0,3.0,10.7,normal
1697500234.911,45.764,1800.0,5.4,10.7,normal
1697500235.413,45.277,1800.0,3.5,10.7,normal
1697500235.919,45.277,600.0,3.5,10.7,normal
1697500236.425,45.277,600.0,4.9,10.7,normal
1697500236.93,46.738,600.0,5.0,10.7,normal
1697500237.435,45.764,1100.0,11.4,9.8,normal
1697500237.938,47.712,1800.0,31.3,10.6,normal
1697500238.441,45.277,1800.0,16.6,10.7,normal
1697500238.944,46.251,1800.0,4.0,10.7,normal
1697500239.446,44.79,1800.0,3.5,10.7,normal
1697500239.949,45.764,1800.0,3.5,10.7,normal
1697500240.451,46.738,1800.0,4.0,10.7,normal
1697500240.954,45.764,1800.0,3.5,10.7,normal
1697500241.456,45.764,1800.0,3.0,10.7,normal
1697500241.959,45.277,1800.0,3.5,10.7,normal
1697500242.463,46.251,700.0,3.9,10.7,normal
1697500242.969,44.79,600.0,5.4,10.7,normal
1697500243.472,46.251,1800.0,15.3,10.2,normal
1697500243.975,47.225,1800.0,39.3,10.6,normal
1697500244.478,46.251,1800.0,6.5,10.7,normal
1697500244.98,45.764,1800.0,4.5,10.7,normal
1697500245.483,45.764,1800.0,3.0,10.7,normal
1697500245.985,46.738,1800.0,3.9,10.7,normal
1697500246.488,44.79,1800.0,2.5,10.7,normal
1697500246.99,45.764,1800.0,2.0,10.7,normal
1697500247.493,46.251,1800.0,3.0,10.7,normal
1697500247.995,46.251,1800.0,3.0,10.7,normal
1697500248.5,45.764,900.0,6.5,10.6,normal
1697500249.004,45.277,800.0,6.4,10.6,normal
1697500249.509,44.303,700.0,9.0,10.5,normal
1697500250.013,46.251,1800.0,29.6,10.4,normal
1697500250.515,45.764,1800.0,23.5,10.6,normal
1697500251.018,46.251,1800.0,4.4,10.6,normal
1697500251.52,46.738,1800.0,4.0,10.6,normal
1697500252.023,45.764,1800.0,3.0,10.6,normal
1697500252.526,46.251,1800.0,2.5,10.6,normal
1697500253.028,46.251,1800.0,5.0,10.6,normal
1697500253.531,45.277,1800.0,4.0,10.6,normal
1697500254.033,45.764,1800.0,2.5,10.6,normal
1697500254.536,45.764,1800.0,5.5,10.6,normal
1697500255.041,46.251,700.0,5.4,10.6,normal
1697500255.545,45.277,800.0,5.4,10.6,normal
1697500256.049,45.764,1800.0,24.0,10.3,normal
1697500256.551,46.251,1800.0,29.9,10.6,normal
1697500257.054,46.251,1800.0,4.0,10.6,normal
1697500257.556,46.738,1800.0,3.5,10.6,normal
1697500258.059,45.764,1800.0,3.9,10.6,normal
1697500258.561,44.79,1800.0,2.5,10.6,normal
1697500259.064,45.764,1800.0,4.0,10.6,normal
1697500259.567,46.251,1800.0,4.4,10.6,normal
1697500260.069,45.277,1800.0,3.5,10.6,normal
1697500260.572,45.277,1800.0,4.4,10.6,normal
1697500261.075,46.251,1100.0,4.5,10.6,normal
1697500261.58,46.738,900.0,5.4,10.6,normal
1697500262.083,46.251,1800.0,18.4,10.3,normal
1697500262.586,47.712,1800.0,36.8,10.6,normal
1697500263.088,45.277,1800.0,3.0,10.6,normal
1697500263.591,46.251,1800.0,4.0,10.6,normal
1697500264.093,46.251,1800.0,4.5,10.6,normal
1697500264.596,45.764,1800.0,3.5,10.6,normal
1697500265.098,46.738,1800.0,3.9,10.6,normal
1697500265.601,46.251,1800.0,2.0,10.7,normal
1697500266.103,46.251,1800.0,4.0,10.7,normal
1697500266.606,46.251,1800.0,2.0,10.7,normal
1697500267.11,45.764,900.0,3.9,10.7,normal
1697500267.614,44.79,900.0,5.0,10.7,normal
1697500268.118,46.251,1800.0,11.4,9.6,normal
1697500268.621,46.738,1800.0,28.0,10.5,normal
1697500269.123,45.764,1800.0,20.1,10.7,normal
1697500269.626,46.251,1800.0,3.5,10.7,normal
1697500270.128,45.277,1800.0,4.4,10.7,normal
1697500270.631,46.251,1800.0,3.0,10.7,normal
1697500271.134,46.251,1800.0,3.0,10.7,normal
1697500271.636,46.251,1800.0,3.5,10.7,normal
1697500272.139,45.764,1800.0,4.0,10.7,normal
1697500272.641,44.79,1800.0,3.5,10.7,normal
1697500273.146,46.738,700.0,3.9,10.7,normal
1697500273.65,45.764,1100.0,5.0,10.7,normal
1697500274.154,44.79,1000.0,4.5,10.7,normal
1697500274.657,46.251,1800.0,27.6,10.5,normal
1697500275.159,45.764,1800.0,27.8,10.7,normal
1697500275.662,45.764,1800.0,3.0,10.7,normal
1697500276.164,46.251,1800.0,3.0,10.7,normal
1697500276.667,46.738,1800.0,4.0,10.7,normal
1697500277.17,46.251,1800.0,3.5,10.7,normal
1697500277.672,45.764,1800.0,3.5,10.7,normal
1697500278.175,46.251,1800.0,3.5,10.7,normal
1697500278.677,46.251,1800.0,5.4,10.7,normal
1697500279.18,45.764,1800.0,3.5,10.7,normal
1697500279.686,46.251,600.0,4.9,10.7,normal
1697500280.191,45.764,700.0,5.4,10.7,normal
1697500280.694,46.738,1800.0,20.9,10.3,normal
1697500281.196,46.251,1800.0,36.8,10.7,normal
1697500281.699,46.251,1800.0,3.0,10.7,normal
1697500282.202,47.225,1800.0,3.5,10.7,normal
1697500282.704,46.738,1800.0,4.0,10.7,normal
1697500283.207,45.764,1800.0,4.0,10.7,normal
1697500283.71,46.251,1800.0,4.5,10.7,normal
1697500284.212,45.277,1800.0,4.0,10.7,normal
1697500284.715,46.738,1800.0,3.0,10.7,normal
1697500285.217,44.79,1800.0,4.5,10.7,normal
1697500285.723,44.79,600.0,3.9,10.7,normal
1697500286.228,45.764,600.0,5.0,10.7,normal
1697500286.731,45.764,1800.0,11.9,10.1,normal
1697500287.236,46.738,1800.0,33.8,10.6,normal
1697500287.739,46.251,1800.0,12.5,10.7,normal
1697500288.242,45.764,1800.0,3.0,10.7,normal
1697500288.744,45.277,1800.0,4.5,10.7,normal
1697500289.247,45.764,1800.0,3.5,10.7,normal
1697500289.749,46.251,1800.0,2.5,10.7,normal
1697500290.252,47.225,1800.0,3.5,10.7,normal
1697500290.755,45.277,1800.0,3.5,10.7,normal
1697500291.257,45.764,1800.0,2.5,10.8,normal
1697500291.762,45.764,700.0,4.4,10.7,normal
1697500292.267,44.79,600.0,4.5,10.7,normal
1697500292.773,45.764,600.0,5.4,10.7,normal
1697500293.277,46.738,1800.0,29.4,10.5,normal
1697500293.779,46.251,1800.0,25.6,10.6,normal
1697500294.282,45.764,1800.0,3.5,10.6,normal
1697500294.784,45.764,1800.0,3.5,10.6,normal
1697500295.287,45.277,1800.0,4.9,10.6,normal
1697500295.79,46.251,1800.0,4.0,10.7,normal
1697500296.292,45.277,1800.0,3.5,10.7,normal
1697500296.795,45.764,1800.0,3.5,10.7,normal
1697500297.297,45.277,1800.0,3.0,10.7,normal
1697500297.8,45.277,1800.0,3.5,10.7,normal
1697500298.306,45.277,600.0,5.4,10.7,normal
1697500298.811,45.764,600.0,5.0,10.7,normal
1697500299.315,45.764,1800.0,22.5,10.3,normal
1697500299.817,45.764,1800.0,32.7,10.6,normal
1697500300.32,46.251,1800.0,4.0,10.6,normal
1697500300.822,45.764,1800.0,3.9,10.6,normal
1697500301.325,46.251,1800.0,2.5,10.6,normal
1697500301.827,45.764,1800.0,3.0,10.6,normal
1697500302.33,45.764,1800.0,3.0,10.6,normal
1697500302.833,45.764,1800.0,3.5,10.7,normal
1697500303.335,45.764,1800.0,3.5,10.7,normal
1697500303.838,45.764,1800.0,4.0,10.7,normal
1697500304.343,45.277,600.0,4.5,10.7,normal
1697500304.849,44.79,600.0,5.4,10.7,normal
1697500305.352,46.738,1800.0,27.4,10.4,normal
1697500305.855,46.251,1800.0,25.6,10.6,normal
1697500306.357,45.764,1800.0,1.0,10.6,normal
1697500306.86,46.251,1800.0,3.0,10.6,normal
1697500307.362,45.764,1800.0,2.5,10.6,normal
1697500307.865,46.738,1800.0,1.5,10.6,normal
1697500308.367,46.251,1800.0,2.0,10.6,normal
1697500308.87,45.764,1800.0,6.4,10.7,normal
1697500309.373,45.277,1800.0,2.5,10.7,normal
1697500309.875,46.738,1800.0,3.0,10.7,normal
1697500310.381,45.764,600.0,3.5,10.7,normal
1697500310.886,44.79,600.0,4.0,10.7,normal
1697500311.389,45.277,1800.0,20.6,10.3,normal
1697500311.892,46.738,1800.0,34.2,10.7,normal
1697500312.395,46.251,1800.0,3.5,10.7,normal
1697500312.897,46.738,1800.0,2.5,10.7,normal
1697500313.4,45.764,1800.0,3.5,10.7,normal
1697500313.902,45.764,1800.0,4.0,10.7,normal
1697500314.405,45.764,1800.0,3.0,10.7,normal
1697500314.907,46.251,1800.0,4.0,10.7,normal
1697500315.41,44.79,1800.0,3.5,10.7,normal
1697500315.912,46.738,1800.0,3.0,10.7,normal
1697500316.418,45.764,600.0,3.9,10.7,normal
1697500316.924,46.738,600.0,6.4,10.7,normal
1697500317.427,46.251,1800.0,26.5,10.4,normal
1697500317.93,46.251,1800.0,29.7,10.7,normal
1697500318.433,45.764,1800.0,3.5,10.7,normal
1697500318.935,45.764,1800.0,4.5,10.7,normal
1697500319.438,45.764,1800.0,4.0,10.7,normal
1697500319.94,44.79,1800.0,3.0,10.7,normal
1697500320.443,46.251,1800.0,3.0,10.6,normal
1697500320.946,44.79,1800.0,4.9,10.7,normal
1697500321.448,44.303,1800.0,4.0,10.6,normal
1697500321.951,45.764,1800.0,4.5,10.6,normal
1697500322.456,45.277,600.0,3.5,10.6,normal
1697500322.962,46.251,600.0,6.3,10.6,normal
1697500323.465,46.738,1800.0,19.9,10.2,normal
1697500323.967,46.251,1800.0,37.3,10.6,normal
1697500324.47,44.79,1800.0,3.0,10.6,normal
1697500324.973,45.764,1800.0,4.0,10.7,normal
1697500325.475,44.79,1800.0,2.0,10.7,normal
1697500325.978,45.764,1800.0,4.5,10.7,normal
1697500326.481,46.251,1800.0,3.0,10.7,normal
1697500326.984,45.277,1800.0,5.0,10.7,normal
1697500327.486,47.225,1800.0,3.9,10.7,normal
1697500327.989,45.764,1800.0,3.0,10.7,normal
1697500328.494,45.764,600.0,3.5,10.7,normal
1697500329.001,46.251,600.0,7.4,10.7,normal
1697500329.503,45.764,1800.0,25.0,10.4,normal
1697500330.006,46.251,1800.0,31.0,10.7,normal
1697500330.509,45.764,1800.0,3.5,10.7,normal
1697500331.011,45.764,1800.0,4.5,10.7,normal
1697500331.514,46.251,1800.0,3.5,10.7,normal
1697500332.016,46.251,1800.0,3.5,10.7,normal
1697500332.519,45.764,1800.0,4.0,10.7,normal
1697500333.021,45.764,1800.0,4.0,10.8,normal
1697500333.524,45.764,1800.0,3.0,10.8,normal
1697500334.027,45.764,1800.0,5.0,10.8,normal
1697500334.532,44.79,600.0,4.5,10.8,normal
1697500335.038,44.303,600.0,5.9,10.8,normal
1697500335.542,46.738,1800.0,26.9,10.5,normal
1697500336.044,46.738,1800.0,25.6,10.7,normal
1697500336.547,45.764,1800.0,4.0,10.7,normal
1697500337.05,45.764,1800.0,3.0,10.7,normal
1697500337.552,45.764,1800.0,3.5,10.7,normal
1697500338.055,45.277,1800.0,3.5,10.7,normal
1697500338.557,45.764,1800.0,4.5,10.7,normal
1697500339.06,46.251,1800.0,3.5,10.8,normal
1697500339.562,45.277,1800.0,4.0,10.7,normal
1697500340.065,45.764,1800.0,4.0,10.8,normal
1697500340.569,45.277,800.0,4.5,10.8,normal
1697500341.074,45.277,1000.0,9.5,9.7,normal
1697500341.577,46.738,1800.0,28.7,10.6,normal
1697500342.079,46.251,1800.0,22.1,10.7,normal
1697500342.582,44.79,1800.0,4.5,10.7,normal
1697500343.085,46.251,1800.0,3.5,10.7,normal
1697500343.587,45.277,1800.0,3.0,10.7,normal
1697500344.09,45.764,1800.0,4.0,10.7,normal
1697500344.592,46.251,1800.0,3.5,10.7,normal
1697500345.095,45.764,1800.0,4.5,10.7,normal
1697500345.597,45.764,1800.0,2.5,10.7,normal
1697500346.1,45.277,1800.0,3.0,10.7,normal
1697500346.604,45.764,900.0,5.0,10.7,normal
1697500347.108,45.764,1000.0,5.0,10.7,normal
1697500347.611,45.277,1800.0,25.0,10.4,normal
1697500348.114,46.251,1800.0,30.2,10.6,normal
1697500348.616,45.764,1800.0,3.5,10.6,normal
1697500349.119,45.764,1800.0,4.0,10.6,normal
1697500349.621,45.764,1800.0,2.5,10.7,normal
1697500350.124,46.251,1800.0,3.0,10.7,normal
1697500350.626,45.277,1800.0,2.5,10.7,normal
1697500351.129,46.738,1800.0,3.5,10.7,normal
1697500351.632,46.251,1800.0,3.0,10.7,normal
1697500352.134,46.251,1800.0,3.5,10.7,normal
1697500352.638,45.277,1100.0,4.5,10.7,normal
1697500353.145,45.764,1000.0,4.9,10.6,normal
1697500353.648,46.251,1800.0,29.1,10.5,normal
1697500354.151,45.764,1800.0,23.5,10.7,normal
1697500354.653,46.251,1800.0,2.5,10.7,normal
1697500355.156,46.251,1800.0,4.0,10.7,normal
1697500355.658,46.251,1800.0,4.5,10.7,normal
1697500356.161,45.764,1800.0,3.0,10.7,normal
1697500356.663,46.251,1800.0,3.0,10.7,normal
1697500357.166,45.277,1800.0,4.0,10.7,normal
1697500357.668,45.764,1800.0,3.5,10.7,normal
1697500358.171,45.764,1800.0,3.5,10.7,normal
1697500358.675,46.738,1000.0,5.4,10.7,normal
1697500359.179,45.764,1000.0,4.9,10.7,normal
1697500359.682,45.764,1800.0,23.1,10.4,normal
1697500360.185,45.764,1800.0,31.2,10.7,normal
1697500360.687,45.277,1800.0,2.5,10.7,normal
1697500361.19,46.251,1800.0,4.4,10.7,normal
1697500361.692,45.764,1800.0,4.0,10.7,normal
1697500362.195,45.764,1800.0,4.0,10.7,normal
1697500362.698,45.764,1800.0,2.0,10.7,normal
1697500363.2,45.764,1800.0,3.5,10.7,normal
1697500363.703,46.738,1800.0,4.0,10.7,normal
1697500364.205,45.764,1800.0,4.0,10.7,normal
1697500364.711,45.764,600.0,4.4,10.7,normal
1697500365.216,44.79,600.0,2.5,10.7,normal
1697500365.719,46.251,1800.0,16.3,10.1,normal
1697500366.222,46.251,1800.0,36.0,10.6,normal
1697500366.725,45.764,1800.0,5.0,10.6,normal
1697500367.228,44.79,1800.0,3.5,10.6,normal
1697500367.73,46.251,1800.0,3.0,10.6,normal
1697500368.233,45.764,1800.0,3.5,10.6,normal
1697500368.735,46.738,1800.0,7.0,10.6,normal
1697500369.238,46.738,1800.0,3.0,10.6,normal
1697500369.74,46.738,1800.0,3.5,10.6,normal
1697500370.243,46.738,1800.0,4.5,10.6,normal
1697500370.748,46.251,600.0,3.0,10.6,normal
1697500371.254,45.277,600.0,5.4,10.7,normal
1697500371.757,47.225,1800.0,20.1,10.3,normal
1697500372.26,46.738,1800.0,35.5,10.6,normal
1697500372.762,47.225,1800.0,3.5,10.6,normal
1697500373.265,46.251,1800.0,2.5,10.6,normal
1697500373.767,45.277,1800.0,5.0,10.6,normal
1697500374.27,46.251,1800.0,3.0,10.6,normal
1697500374.773,46.251,1800.0,5.4,10.6,normal
1697500375.275,46.251,1800.0,3.0,10.6,normal
1697500375.778,45.764,1800.0,4.0,10.6,normal
1697500376.28,46.738,1800.0,4.0,10.6,normal
1697500376.785,46.251,700.0,3.5,10.6,normal
1697500377.291,44.79,600.0,5.4,10.6,normal
1697500377.794,46.738,1800.0,25.9,10.5,normal
1697500378.297,46.251,1800.0,29.6,10.7,normal
1697500378.799,45.764,1800.0,4.0,10.7,normal
1697500379.302,45.277,1800.0,4.0,10.7,normal
1697500379.805,45.764,1800.0,3.0,10.7,normal
1697500380.307,45.277,1800.0,3.0,10.7,normal
1697500380.81,45.764,1800.0,3.5,10.6,normal
1697500381.312,46.251,1800.0,5.0,10.6,normal
1697500381.815,46.251,1800.0,3.0,10.6,normal
1697500382.322,46.738,1800.0,3.4,10.6,normal
1697500382.828,45.764,600.0,3.9,10.7,normal
1697500383.334,45.277,600.0,5.9,10.7,normal
1697500383.837,45.764,1800.0,19.8,10.3,normal
1697500384.339,46.738,1800.0,37.1,10.6,normal
1697500384.842,46.251,1800.0,3.5,10.6,normal
1697500385.344,45.764,1800.0,4.0,10.7,normal
1697500385.847,45.277,1800.0,3.0,10.7,normal
1697500386.349,45.764,1800.0,3.0,10.7,normal
1697500386.852,46.738,1800.0,3.5,10.7,normal
1697500387.354,45.764,1800.0,4.0,10.7,normal
1697500387.857,46.738,1800.0,4.0,10.7,normal
1697500388.359,45.277,1800.0,3.5,10.7,normal
1697500388.865,45.764,700.0,4.0,10.7,normal
1697500389.37,45.764,600.0,4.0,10.7,normal
1697500389.875,45.764,1200.0,11.4,9.7,normal
1697500390.378,46.738,1800.0,27.9,10.5,normal
1697500390.881,45.764,1800.0,19.6,10.6,normal
1697500391.383,44.79,1800.0,2.5,10.6,normal
1697500391.886,45.764,1800.0,3.5,10.6,normal
1697500392.388,46.251,1800.0,11.1,10.7,normal
1697500392.891,46.251,1800.0,2.5,10.7,normal
1697500393.394,45.277,1800.0,2.5,10.7,normal
1697500393.896,45.764,1800.0,3.0,10.7,normal
1697500394.399,45.764,1800.0,3.5,10.7,normal
1697500394.901,45.764,1800.0,3.0,10.7,normal
1697500395.407,46.738,600.0,4.5,10.7,normal
1697500395.91,45.764,1800.0,15.4,10.2,normal
1697500396.412,45.764,1800.0,36.2,10.6,normal
1697500396.915,46.738,1800.0,6.5,10.7,normal
1697500397.417,46.738,1800.0,3.5,10.7,normal
1697500397.92,46.251,1800.0,3.5,10.7,normal
1697500398.423,45.277,1800.0,3.0,10.7,normal
1697500398.925,45.764,1800.0,4.0,10.7,normal
1697500399.428,45.764,1800.0,3.0,10.7,normal
1697500399.93,45.764,1800.0,3.5,10.7,normal
1697500400.433,45.277,1800.0,4.5,10.7,normal
1697500400.938,45.277,600.0,3.5,10.7,normal
1697500401.444,45.277,600.0,4.9,10.7,normal
1697500401.947,45.764,1800.0,20.8,10.3,normal
1697500402.45,46.738,1800.0,35.2,10.7,normal
1697500402.952,46.251,1800.0,3.0,10.6,normal
1697500403.455,45.277,1800.0,4.5,10.6,normal
1697500403.957,45.764,1800.0,4.5,10.6,normal
1697500404.46,46.251,1800.0,4.0,10.6,normal
1697500404.962,45.764,1800.0,3.5,10.6,normal
1697500405.465,46.251,1800.0,3.5,10.6,normal
1697500405.968,45.764,1800.0,3.0,10.6,normal
1697500406.47,44.79,1800.0,4.0,10.6,normal
1697500406.976,45.764,600.0,3.0,10.6,normal
1697500407.482,45.277,600.0,6.4,10.6,normal
1697500407.987,45.277,1800.0,14.0,10.2,normal
1697500408.49,47.712,1800.0,38.5,10.6,normal
1697500408.993,46.251,1800.0,8.5,10.7,normal
1697500409.496,46.251,1800.0,3.5,10.7,normal
1697500409.998,45.764,1800.0,3.0,10.7,normal
1697500410.501,46.738,1800.0,3.0,10.7,normal
1697500411.003,46.738,1800.0,5.0,10.7,normal
1697500411.506,46.251,1800.0,3.0,10.7,normal
1697500412.008,46.738,1800.0,3.0,10.7,normal
1697500412.511,44.79,1800.0,4.9,10.7,normal
1697500413.017,46.738,600.0,4.5,10.7,normal
1697500413.522,44.79,600.0,4.9,10.7,normal
1697500414.025,46.738,1800.0,20.5,10.2,normal
1697500414.528,46.738,1800.0,36.1,10.6,normal
1697500415.031,45.277,1800.0,4.0,10.6,normal
1697500415.533,45.764,1800.0,3.5,10.6,normal
1697500416.036,45.764,1800.0,3.5,10.6,normal
1697500416.538,46.738,1800.0,2.5,10.6,normal
1697500417.041,46.251,1800.0,4.5,10.6,normal
1697500417.543,45.764,1800.0,3.5,10.6,normal
1697500418.046,45.277,1800.0,4.0,10.6,normal
1697500418.548,45.277,1800.0,3.5,10.6,normal
1697500419.054,46.251,600.0,5.4,10.6,normal
1697500419.558,46.251,1000.0,5.4,10.6,normal
1697500420.061,46.251,1800.0,11.6,10.1,normal
1697500420.564,46.738,1800.0,32.8,10.6,normal
1697500421.067,46.738,1800.0,13.6,10.7,normal
1697500421.57,45.277,1800.0,3.0,10.7,normal
1697500422.072,46.251,1800.0,3.5,10.7,normal
1697500422.575,44.79,1800.0,3.0,10.7,normal
1697500423.077,46.251,1800.0,4.0,10.7,normal
1697500423.58,46.251,1800.0,2.5,10.7,normal
1697500424.083,45.764,1800.0,4.9,10.7,normal
1697500424.585,46.738,1800.0,3.5,10.7,normal
1697500425.089,46.251,1000.0,4.5,10.7,normal
1697500425.593,45.764,800.0,3.0,10.7,normal
1697500426.096,46.251,1800.0,14.0,10.3,normal
1697500426.599,46.738,1800.0,36.3,10.6,normal
1697500427.102,46.251,1800.0,5.5,10.7,normal
1697500427.604,45.764,1800.0,2.0,10.7,normal
1697500428.107,46.738,1800.0,2.5,10.7,normal
1697500428.61,45.764,1800.0,5.0,10.7,normal
1697500429.112,45.764,1800.0,5.4,10.7,normal
1697500429.615,45.764,1800.0,5.4,10.7,normal
1697500430.117,46.251,1800.0,4.0,10.7,normal
1697500430.62,46.251,1800.0,3.0,10.7,normal
1697500431.123,45.764,1000.0,4.5,10.7,normal
1697500431.627,45.277,1100.0,4.5,10.7,normal
1697500432.13,46.251,1800.0,9.0,9.6,normal
1697500432.633,46.738,1800.0,28.5,10.5,normal
1697500433.136,46.738,1800.0,19.5,10.6,normal
1697500433.638,46.738,1800.0,4.0,10.6,normal
1697500434.141,45.277,1800.0,2.0,10.6,normal
1697500434.643,46.738,1800.0,2.0,10.6,normal
1697500435.146,45.764,1800.0,3.0,10.6,normal
1697500435.648,46.251,1800.0,3.0,10.7,normal
1697500436.151,45.764,1800.0,3.0,10.7,normal
1697500436.654,45.277,1800.0,3.5,10.7,normal
1697500437.158,45.764,700.0,3.0,10.7,normal
1697500437.663,46.251,700.0,5.4,10.7,normal
1697500438.167,45.277,1000.0,4.0,10.7,normal
1697500438.67,45.277,1800.0,28.0,10.4,normal
1697500439.173,46.251,1800.0,28.0,10.6,normal
1697500439.675,46.251,1800.0,4.0,10.6,normal
1697500440.178,45.277,1800.0,3.0,10.6,normal
1697500440.68,45.764,1800.0,3.5,10.6,normal
1697500441.183,45.277,1800.0,3.5,10.6,normal
1697500441.685,45.764,1800.0,4.5,10.6,normal
1697500442.188,45.277,1800.0,3.5,10.6,normal
1697500442.691,46.251,1800.0,3.5,10.6,normal
1697500443.193,45.764,1800.0,3.0,10.7,normal
1697500443.697,46.251,1000.0,6.9,10.7,normal
1697500444.201,45.277,800.0,5.0,10.7,normal
1697500444.704,46.738,1800.0,19.5,10.3,normal
1697500445.207,46.251,1800.0,36.9,10.7,normal
1697500445.709,47.225,1800.0,4.0,10.7,normal
1697500446.212,45.764,1800.0,4.0,10.7,normal
1697500446.714,46.251,1800.0,3.5,10.6,normal
1697500447.217,45.764,1800.0,3.0,10.7,normal
1697500447.719,46.251,1800.0,3.5,10.7,normal
1697500448.222,45.764,1800.0,5.0,10.7,normal
1697500448.724,45.764,1800.0,3.0,10.7,normal
1697500449.227,45.277,1800.0,4.0,10.7,normal
1697500449.732,45.764,600.0,3.9,10.7,normal
1697500450.237,45.277,700.0,5.0,10.7,normal
1697500450.741,46.251,1800.0,10.5,9.9,normal
1697500451.245,46.251,1800.0,30.5,10.5,normal
1697500451.747,46.251,1800.0,16.0,10.6,normal
1697500452.25,45.764,1800.0,4.5,10.6,normal
1697500452.752,46.251,1800.0,3.0,10.6,normal
1697500453.255,45.764,1800.0,3.5,10.6,normal
1697500453.758,46.251,1800.0,4.5,10.6,normal
1697500454.26,45.277,1800.0,4.0,10.6,normal
1697500454.763,45.764,1800.0,3.5,10.6,normal
1697500455.265,44.303,1800.0,3.5,10.6,normal
1697500455.769,45.764,800.0,3.5,10.6,normal
1697500456.275,45.764,600.0,6.5,10.6,normal
1697500456.781,45.277,600.0,3.0,10.6,normal
1697500457.284,46.738,1800.0,29.9,10.4,normal
1697500457.787,46.251,1800.0,26.0,10.6,normal
1697500458.289,45.764,1800.0,4.0,10.6,normal
1697500458.792,46.251,1800.0,4.5,10.6,normal
1697500459.294,46.251,1800.0,3.0,10.6,normal
1697500459.797,46.738,1800.0,3.0,10.6,normal
1697500460.299,44.79,1800.0,5.0,10.7,normal
1697500460.802,46.251,1800.0,3.0,10.7,normal
1697500461.304,45.277,1800.0,3.9,10.6,normal
1697500461.807,45.277,1800.0,2.5,10.6,normal
1697500462.312,44.303,600.0,5.4,10.6,normal
1697500462.819,44.79,600.0,5.0,10.6,normal
1697500463.322,45.277,1800.0,20.9,10.3,normal
1697500463.825,46.251,1800.0,31.0,10.6,normal
1697500464.327,45.764,1800.0,3.5,10.6,normal
1697500464.83,45.764,1800.0,4.0,10.6,normal
1697500465.332,46.251,1800.0,3.5,10.6,normal
1697500465.835,45.764,1800.0,3.5,10.6,normal
1697500466.338,46.251,1800.0,3.0,10.7,normal
1697500466.84,46.738,1800.0,4.5,10.6,normal
1697500467.343,46.251,1800.0,3.5,10.7,normal
1697500467.845,46.738,1800.0,3.0,10.7,normal
1697500468.351,44.79,600.0,3.9,10.6,normal
1697500468.856,46.251,600.0,5.5,10.6,normal
1697500469.359,45.764,1800.0,16.8,10.2,normal
1697500469.862,45.764,1800.0,36.5,10.6,normal
1697500470.365,46.251,1800.0,4.0,10.7,normal
1697500470.867,45.277,1800.0,4.4,10.7,normal
1697500471.37,47.225,1800.0,3.0,10.7,normal
1697500471.872,46.738,1800.0,3.5,10.7,normal
1697500472.375,45.277,1800.0,3.5,10.6,normal
1697500472.877,45.764,1800.0,3.5,10.6,normal
1697500473.38,45.277,1800.0,3.0,10.7,normal
1697500473.882,44.79,1800.0,4.5,10.6,normal
1697500474.388,45.277,600.0,2.5,10.7,normal
1697500474.894,46.251,600.0,5.0,10.7,normal
1697500475.396,45.764,1800.0,20.9,10.3,normal
1697500475.899,45.764,1800.0,35.0,10.7,normal
1697500476.402,46.738,1800.0,2.0,10.7,normal
1697500476.904,45.764,1800.0,3.5,10.7,normal
1697500477.407,46.251,1800.0,3.4,10.7,normal
1697500477.909,45.764,1800.0,3.0,10.7,normal
1697500478.412,45.764,1800.0,3.5,10.7,normal
1697500478.915,45.277,1800.0,5.0,10.7,normal
1697500479.417,46.251,1800.0,2.5,10.7,normal
1697500479.92,46.251,1800.0,3.0,10.7,normal
1697500480.425,45.277,600.0,3.5,10.7,normal
1697500480.931,45.277,600.0,4.4,10.7,normal
1697500481.436,45.277,1000.0,11.9,9.7,normal
1697500481.94,46.251,1800.0,29.4,10.5,normal
1697500482.442,45.764,1800.0,19.9,10.6,normal
1697500482.945,45.277,1800.0,3.0,10.6,normal
1697500483.447,45.764,1800.0,3.5,10.7,normal
1697500483.95,46.251,1800.0,4.0,10.6,normal
1697500484.452,45.764,1800.0,3.5,10.6,normal
1697500484.955,44.303,1800.0,3.0,10.7,normal
1697500485.457,46.738,1800.0,4.5,10.6,normal
1697500485.96,45.764,1800.0,4.0,10.6,normal
1697500486.465,45.277,700.0,3.9,10.7,normal
1697500486.973,44.303,600.0,4.4,10.6,normal
1697500487.48,44.79,750.0,3.5,10.6,normal
1697500487.983,44.79,1800.0,26.7,10.5,normal
1697500488.491,46.738,1800.0,27.4,10.7,normal
1697500488.993,45.764,1800.0,2.0,10.7,normal
1697500489.496,46.738,1800.0,1.5,10.7,normal
1697500489.998,46.251,1800.0,4.0,10.7,normal
1697500490.501,45.277,1800.0,3.0,10.7,normal
1697500491.003,46.251,1800.0,4.5,10.7,normal
1697500491.506,45.764,1800.0,3.5,10.7,normal
1697500492.008,46.251,1800.0,4.0,10.7,normal
1697500492.511,46.738,1800.0,3.0,10.7,normal
1697500493.016,45.764,600.0,2.0,10.7,normal
1697500493.52,45.764,1000.0,8.9,9.6,normal
1697500494.023,46.738,1800.0,27.5,10.5,normal
1697500494.526,45.764,1800.0,23.9,10.6,normal
1697500495.028,46.738,1800.0,3.5,10.6,normal
1697500495.531,45.764,1800.0,3.0,10.6,normal
1697500496.034,44.79,1800.0,3.5,10.6,normal
1697500496.536,45.764,1800.0,3.0,10.6,normal
1697500497.039,46.738,1800.0,3.9,10.7,normal
1697500497.541,46.251,1800.0,2.5,10.7,normal
1697500498.044,46.738,1800.0,4.5,10.7,normal
1697500498.551,46.738,1800.0,3.0,10.7,normal
1697500499.056,45.277,600.0,6.4,10.7,normal
1697500499.561,45.764,800.0,4.0,10.7,normal
1697500500.064,46.738,1800.0,25.9,10.5,normal
1697500500.567,45.277,1800.0,28.6,10.7,normal
1697500501.07,46.738,1800.0,3.5,10.7,normal
1697500501.572,46.251,1800.0,3.0,10.7,normal
1697500502.075,45.277,1800.0,4.5,10.7,normal
1697500502.577,45.764,1800.0,2.5,10.7,normal
1697500503.08,46.251,1800.0,3.4,10.7,normal
1697500503.583,46.738,1800.0,3.0,10.7,normal
1697500504.085,46.251,1800.0,3.5,10.7,normal
1697500504.588,46.251,1800.0,4.0,10.7,normal
1697500505.092,45.277,900.0,4.0,10.7,normal
1697500505.596,45.277,1100.0,7.9,10.6,normal
1697500506.099,46.738,1800.0,29.2,10.5,normal
1697500506.601,46.738,1800.0,23.1,10.6,normal
1697500507.103,45.764,1800.0,4.0,10.6,normal
1697500507.606,46.251,1800.0,3.5,10.7,normal
1697500508.109,45.764,1800.0,4.0,10.6,normal
1697500508.611,46.251,1800.0,4.4,10.7,normal
1697500509.114,46.251,1800.0,4.0,10.6,normal
1697500509.616,45.764,1800.0,3.0,10.6,normal
1697500510.119,45.764,1800.0,3.5,10.6,normal
1697500510.621,46.251,1800.0,3.0,10.6,normal
1697500511.125,45.277,900.0,4.5,10.6,normal
1697500511.63,45.764,700.0,4.9,10.6,normal
1697500512.133,45.764,1800.0,22.5,10.3,normal
1697500512.636,46.251,1800.0,31.2,10.6,normal
1697500513.138,45.764,1800.0,3.0,10.6,normal
1697500513.641,45.277,1800.0,4.5,10.6,normal
1697500514.144,46.251,1800.0,2.5,10.6,normal
1697500514.646,45.764,1800.0,2.5,10.6,normal
1697500515.149,46.738,1800.0,4.0,10.7,normal
1697500515.651,45.764,1800.0,3.5,10.7,normal
1697500516.154,46.251,1800.0,3.5,10.7,normal
1697500516.656,45.277,1800.0,3.5,10.7,normal
1697500517.159,46.251,1800.0,5.9,10.7,normal
1697500517.661,45.764,1800.0,2.0,10.7,normal
1697500518.164,46.251,1800.0,16.4,10.2,normal
1697500518.667,45.764,1800.0,35.0,10.7,normal
1697500519.169,46.738,1800.0,3.9,10.7,normal
1697500519.672,46.738,1800.0,3.0,10.7,normal
1697500520.174,45.764,1800.0,3.9,10.7,normal
1697500520.677,46.251,1800.0,3.5,10.7,normal
1697500521.179,46.251,1800.0,3.0,10.7,normal
1697500521.682,46.738,1800.0,2.0,10.7,normal
1697500522.186,46.251,800.0,3.5,10.7,normal
1697500522.69,45.277,1000.0,4.0,10.7,normal
1697500523.194,44.79,1000.0,3.5,10.7,normal
1697500523.698,44.79,900.0,6.4,10.7,normal
1697500524.201,46.251,1800.0,13.9,10.1,normal
1697500524.704,46.251,1800.0,36.5,10.6,normal
1697500525.207,45.764,1800.0,8.5,10.6,normal
1697500525.709,46.738,1800.0,3.5,10.6,normal
1697500526.212,46.251,1800.0,3.0,10.6,normal
1697500526.714,45.764,1800.0,3.5,10.6,normal
1697500527.217,46.738,1800.0,4.0,10.6,normal
1697500527.719,45.277,1800.0,3.0,10.6,normal
1697500528.222,45.764,1800.0,3.0,10.6,normal
1697500528.724,46.251,1800.0,3.5,10.6,normal
1697500529.228,45.764,900.0,4.5,10.6,normal
1697500529.733,45.277,800.0,4.5,10.6,normal
1697500530.237,44.79,1200.0,7.4,10.5,normal
1697500530.739,46.738,1800.0,28.9,10.5,normal
1697500531.242,46.251,1800.0,24.0,10.7,normal
1697500531.744,45.764,1800.0,3.5,10.7,normal
1697500532.247,46.251,1800.0,4.0,10.7,normal
1697500532.75,46.738,1800.0,4.0,10.7,normal
1697500533.252,46.251,1800.0,4.5,10.7,normal
1697500533.755,46.738,1800.0,4.5,10.7,normal
1697500534.257,45.764,1800.0,3.5,10.7,normal
1697500534.76,46.251,1800.0,3.0,10.7,normal
1697500535.262,45.764,1800.0,4.0,10.7,normal
1697500535.768,46.738,600.0,5.0,10.7,normal
1697500536.273,45.764,1200.0,10.5,9.8,normal
1697500536.776,46.251,1800.0,28.7,10.6,normal
1697500537.279,47.225,1800.0,20.7,10.7,normal
1697500537.781,45.764,1800.0,3.5,10.7,normal
1697500538.284,45.764,1800.0,3.0,10.7,normal
1697500538.786,45.764,1800.0,4.0,10.7,normal
1697500539.289,46.738,1800.0,4.0,10.7,normal
1697500539.791,46.738,1800.0,2.5,10.7,normal
1697500540.294,46.251,1800.0,3.5,10.7,normal
1697500540.797,46.251,1800.0,3.5,10.7,normal
1697500541.299,45.764,1800.0,4.5,10.7,normal
1697500541.804,45.277,800.0,5.0,10.7,normal
1697500542.307,45.764,1800.0,14.4,10.1,normal
1697500542.81,47.225,1800.0,37.3,10.6,normal
1697500543.312,45.764,1800.0,7.0,10.6,normal
1697500543.815,46.251,1800.0,4.5,10.6,normal
1697500544.317,45.277,1800.0,3.0,10.6,normal
1697500544.82,45.764,1800.0,3.5,10.6,normal
1697500545.322,46.251,1800.0,2.5,10.6,normal
1697500545.825,46.251,1800.0,2.5,10.6,normal
1697500546.327,46.738,1800.0,2.0,10.6,normal
1697500546.83,45.764,1800.0,2.0,10.6,normal
1697500547.335,46.251,600.0,1.0,10.6,normal
1697500547.839,46.251,1200.0,7.5,10.6,normal
1697500548.345,45.277,1100.0,7.9,9.6,normal
1697500548.852,46.738,1800.0,32.5,10.4,normal
1697500549.355,46.251,1800.0,22.0,10.6,normal
1697500549.857,46.738,1800.0,3.5,10.6,normal
1697500550.36,45.277,1800.0,2.5,10.6,normal
1697500550.862,46.251,1800.0,3.5,10.6,normal
1697500551.365,45.764,1800.0,2.0,10.6,normal
1697500551.867,45.764,1800.0,4.5,10.6,normal
1697500552.37,45.277,1800.0,2.5,10.6,normal
1697500552.872,45.764,1800.0,3.0,10.6,normal
1697500553.375,44.79,1800.0,2.5,10.6,normal
1697500553.88,46.738,600.0,5.9,10.6,normal
1697500554.386,45.764,600.0,4.0,10.6,normal
1697500554.889,46.251,1800.0,25.4,10.3,normal
1697500555.392,46.738,1800.0,29.1,10.6,normal
1697500555.895,44.79,1800.0,4.9,10.6,normal
1697500556.397,46.251,1800.0,3.0,10.6,normal
1697500556.9,46.738,1800.0,3.0,10.6,normal
1697500557.402,45.764,1800.0,2.5,10.6,normal
1697500557.905,45.277,1800.0,4.0,10.7,normal
1697500558.407,45.277,1800.0,3.0,10.7,normal
1697500558.91,46.251,1800.0,3.0,10.7,normal
1697500559.413,45.277,1800.0,3.5,10.7,normal
1697500559.918,44.79,600.0,3.5,10.7,normal
1697500560.424,44.303,600.0,4.4,10.7,normal
1697500560.927,46.251,1800.0,28.7,10.5,normal
1697500561.43,46.738,1800.0,26.6,10.6,normal
1697500561.932,46.251,1800.0,2.5,10.7,normal
1697500562.435,46.251,1800.0,3.0,10.7,normal
1697500562.937,44.303,1800.0,3.5,10.7,normal
1697500563.44,46.738,1800.0,3.0,10.7,normal
1697500563.942,45.277,1800.0,4.9,10.7,normal
1697500564.445,45.277,1800.0,2.5,10.7,normal
1697500564.947,44.79,1800.0,3.5,10.7,normal
1697500565.45,45.277,1800.0,3.0,10.7,normal
1697500565.955,44.79,700.0,4.4,10.7,normal
1697500566.461,45.277,600.0,6.0,10.6,normal
1697500566.964,45.277,1800.0,29.4,10.5,normal
1697500567.466,46.251,1800.0,23.9,10.6,normal
1697500567.969,46.251,1800.0,3.5,10.6,normal
1697500568.471,46.251,1800.0,3.5,10.7,normal
1697500568.974,46.251,1800.0,4.5,10.7,normal
1697500569.477,45.277,1800.0,2.5,10.7,normal
1697500569.98,47.225,1800.0,3.0,10.7,normal
1697500570.482,46.251,1800.0,2.5,10.7,normal
1697500570.985,45.764,1800.0,4.5,10.7,normal
1697500571.487,45.764,1800.0,3.0,10.7,normal
1697500571.993,45.277,600.0,3.5,10.7,normal
1697500572.5,46.251,600.0,4.4,10.7,normal
1697500573.003,46.251,1800.0,24.4,10.4,normal
1697500573.506,46.251,1800.0,33.0,10.7,normal
1697500574.008,47.225,1800.0,4.0,10.7,normal
1697500574.511,46.251,1800.0,3.0,10.7,normal
1697500575.014,46.251,1800.0,4.0,10.7,normal
1697500575.516,46.738,1800.0,3.5,10.7,normal
1697500576.019,46.251,1800.0,3.9,10.7,normal
1697500576.521,45.277,1800.0,3.5,10.7,normal
1697500577.024,45.764,1800.0,3.5,10.7,normal
1697500577.526,46.251,1800.0,3.5,10.7,normal
1697500578.031,45.764,800.0,4.4,10.7,normal
1697500578.535,44.79,900.0,4.5,10.7,normal
1697500579.038,45.764,1800.0,16.9,10.2,normal
1697500579.541,46.738,1800.0,36.0,10.6,normal
1697500580.043,45.764,1800.0,6.0,10.7,normal
1697500580.546,46.738,1800.0,3.0,10.7,normal
1697500581.048,46.738,1800.0,4.0,10.7,normal
1697500581.551,45.764,1800.0,3.5,10.7,normal
1697500582.053,45.764,1800.0,2.0,10.7,normal
1697500582.556,46.251,1800.0,4.5,10.7,normal
1697500583.058,45.764,1800.0,4.5,10.7,normal
1697500583.561,46.251,1800.0,3.5,10.7,normal
1697500584.066,46.251,700.0,5.9,10.6,normal
1697500584.571,45.277,700.0,3.5,10.7,normal
1697500585.074,46.251,1800.0,19.5,10.2,normal
1697500585.576,47.225,1800.0,37.0,10.6,normal
1697500586.079,46.251,1800.0,4.0,10.6,normal
1697500586.581,47.225,1800.0,3.9,10.7,normal
1697500587.084,45.277,1800.0,3.5,10.7,normal
1697500587.586,46.251,1800.0,4.0,10.7,normal
1697500588.089,45.277,1800.0,3.0,10.7,normal
1697500588.592,45.764,1800.0,3.0,10.7,normal
1697500589.094,46.251,1800.0,4.5,10.7,normal
1697500589.597,45.764,1800.0,3.5,10.7,normal
1697500590.102,46.251,600.0,5.3,10.7,normal
1697500590.607,45.277,800.0,4.0,10.7,normal
1697500591.111,46.738,1800.0,11.9,9.8,normal
1697500591.615,46.251,1800.0,32.2,10.6,normal
1697500592.117,45.764,1800.0,15.5,10.7,normal
1697500592.62,46.251,1800.0,2.5,10.7,normal
1697500593.123,46.738,1800.0,4.5,10.7,normal
1697500593.625,45.277,1800.0,4.5,10.7,normal
1697500594.127,45.764,1800.0,4.0,10.7,normal
1697500594.63,45.764,1800.0,4.5,10.7,normal
1697500595.133,46.251,1800.0,4.0,10.7,normal
1697500595.635,45.277,1800.0,3.0,10.7,normal
1697500596.14,44.79,700.0,4.4,10.7,normal
1697500596.643,46.251,1800.0,5.9,10.7,normal
1697500597.146,46.251,1800.0,4.0,10.6,normal
1697500597.648,47.225,1800.0,28.4,10.6,normal
1697500598.151,46.251,1800.0,24.0,10.7,normal
1697500598.654,46.251,1800.0,4.9,10.7,normal
1697500599.156,45.277,1800.0,3.0,10.7,normal
1697500599.659,45.764,1800.0,3.0,10.7,normal
1697500600.161,45.764,1800.0,4.0,10.7,normal
1697500600.664,45.277,1800.0,2.5,10.7,normal
1697500601.166,46.251,1800.0,2.0,10.7,normal
1697500601.671,45.277,800.0,2.5,10.7,normal
1697500602.175,45.277,1000.0,4.0,10.7,normal
1697500602.679,45.277,900.0,4.0,10.7,normal
1697500603.182,45.277,1800.0,12.4,10.1,normal
1697500603.686,46.738,1800.0,33.5,10.6,normal
1697500604.188,46.738,1800.0,13.5,10.7,normal
1697500604.691,45.764,1800.0,0.0,10.7,normal
1697500605.193,46.251,1800.0,4.0,10.7,normal
1697500605.696,44.79,1800.0,4.5,10.7,normal
1697500606.198,45.764,1800.0,1.0,10.7,normal
1697500606.701,45.764,1800.0,2.5,10.7,normal
1697500607.203,45.764,1800.0,2.0,10.7,normal
1697500607.706,46.251,1800.0,4.0,10.7,normal
1697500608.211,45.764,700.0,1.5,10.7,normal
1697500608.715,44.79,800.0,8.9,10.7,normal
1697500609.221,45.277,700.0,4.0,10.6,normal
1697500609.724,46.251,1800.0,30.8,10.4,normal
1697500610.227,45.764,1800.0,25.4,10.6,normal
1697500610.729,45.764,1800.0,3.0,10.6,normal
1697500611.232,46.251,1800.0,4.5,10.6,normal
1697500611.735,45.764,1800.0,3.0,10.6,normal
1697500612.237,45.277,1800.0,3.5,10.6,normal
1697500612.74,45.764,1800.0,4.0,10.6,normal
1697500613.242,45.764,1800.0,4.0,10.6,normal
1697500613.745,45.277,1800.0,4.0,10.6,normal
1697500614.247,45.277,1800.0,2.5,10.6,normal
1697500614.752,45.277,700.0,4.4,10.6,normal
1697500615.255,45.764,1800.0,10.4,9.6,normal
1697500615.758,46.251,1800.0,28.9,10.5,normal
1697500616.261,46.738,1800.0,20.0,10.6,normal
1697500616.763,47.225,1800.0,4.0,10.6,normal
1697500617.266,46.251,1800.0,4.4,10.6,normal
1697500617.768,45.277,1800.0,2.5,10.6,normal
1697500618.271,45.764,1800.0,3.0,10.7,normal
1697500618.773,45.764,1800.0,4.0,10.6,normal
1697500619.276,46.251,1800.0,3.5,10.7,normal
1697500619.779,45.764,1800.0,4.0,10.6,normal
1697500620.284,47.225,700.0,3.5,10.6,normal
1697500620.789,45.764,600.0,4.0,10.7,normal
1697500621.294,45.277,900.0,7.3,10.6,normal
1697500621.797,46.738,1800.0,26.1,10.4,normal
1697500622.3,46.251,1800.0,28.6,10.7,normal
1697500622.802,45.764,1800.0,3.0,10.7,normal
1697500623.305,46.251,1800.0,2.5,10.7,normal
1697500623.807,45.277,1800.0,5.0,10.6,normal
1697500624.31,46.251,1800.0,3.0,10.6,normal
1697500624.812,44.79,1800.0,3.5,10.6,normal
1697500625.315,45.277,1800.0,3.9,10.6,normal
1697500625.817,45.277,1800.0,3.5,10.6,normal
1697500626.32,46.251,1800.0,2.5,10.6,normal
1697500626.826,45.277,600.0,5.9,10.6,normal
1697500627.33,46.251,800.0,5.8,10.6,normal
1697500627.833,46.251,1800.0,18.6,10.3,normal
1697500628.336,46.251,1800.0,35.7,10.6,normal
1697500628.838,46.738,1800.0,4.5,10.6,normal
1697500629.341,45.277,1800.0,2.5,10.6,normal
1697500629.843,46.251,1800.0,4.5,10.6,normal
1697500630.346,45.277,1800.0,3.0,10.6,normal
1697500630.848,46.251,1800.0,3.5,10.7,normal
1697500631.351,45.764,1800.0,3.0,10.7,normal
1697500631.853,45.277,1800.0,4.5,10.7,normal
1697500632.356,44.79,1800.0,3.0,10.7,normal
1697500632.861,45.764,600.0,3.5,10.7,normal
1697500633.367,44.79,600.0,4.9,10.7,normal
1697500633.87,45.764,1800.0,16.4,10.1,normal
1697500634.373,47.712,1800.0,36.2,10.6,normal
1697500634.876,47.225,1800.0,8.9,10.6,normal
1697500635.379,46.251,1800.0,3.0,10.6,normal
1697500635.881,45.764,1800.0,3.5,10.6,normal
1697500636.384,45.764,1800.0,3.5,10.6,normal
1697500636.887,46.251,1800.0,3.0,10.6,normal
1697500637.389,45.277,1800.0,3.5,10.6,normal
1697500637.892,44.79,1800.0,4.5,10.7,normal
1697500638.394,45.764,1800.0,3.5,10.7,normal
1697500638.899,45.277,700.0,4.9,10.7,normal
1697500639.405,46.738,600.0,5.4,10.7,normal
1697500639.908,45.764,1100.0,7.5,10.5,normal
1697500640.412,45.764,1800.0,28.4,10.5,normal
1697500640.914,45.764,1800.0,24.5,10.6,normal
1697500641.417,46.251,1800.0,3.0,10.6,normal
1697500641.919,45.764,1800.0,3.5,10.6,normal
1697500642.422,46.251,1800.0,2.0,10.6,normal
1697500642.925,45.764,1800.0,4.0,10.6,normal
1697500643.427,46.738,1800.0,2.5,10.6,normal
1697500643.93,44.79,1800.0,3.9,10.6,normal
1697500644.432,45.764,1800.0,3.0,10.6,normal
1697500644.935,45.277,1800.0,3.0,10.6,normal
1697500645.44,45.277,600.0,4.0,10.6,normal
1697500645.946,45.764,600.0,5.4,10.6,normal
1697500646.449,46.251,1800.0,23.0,10.3,normal
1697500646.952,45.764,1800.0,31.8,10.6,normal
1697500647.455,46.738,1800.0,4.0,10.6,normal
1697500647.957,45.277,1800.0,3.0,10.6,normal
1697500648.46,46.251,1800.0,3.5,10.6,normal
1697500648.963,46.251,1800.0,4.5,10.6,normal
1697500649.465,46.738,1800.0,3.5,10.6,normal
1697500649.968,44.303,1800.0,4.9,10.7,normal
1697500650.471,45.277,1800.0,3.5,10.7,normal
1697500650.974,45.277,1800.0,3.0,10.7,normal
1697500651.479,44.79,650.0,4.4,10.7,normal
1697500651.986,45.277,600.0,5.5,10.7,normal
1697500652.489,45.764,1800.0,17.3,10.2,normal
1697500652.992,45.764,1800.0,37.0,10.6,normal
1697500653.495,46.738,1800.0,6.0,10.7,normal
1697500653.997,45.764,1800.0,5.5,10.7,normal
1697500654.5,46.738,1800.0,3.5,10.7,normal
1697500655.002,47.225,1800.0,3.5,10.7,normal
1697500655.505,46.251,1800.0,3.5,10.7,normal
1697500656.007,46.251,1800.0,3.5,10.7,normal
1697500656.51,45.277,1800.0,4.0,10.7,normal
1697500657.012,45.764,1800.0,4.0,10.7,normal
1697500657.517,45.764,700.0,3.5,10.7,normal
1697500658.023,45.764,600.0,4.5,10.7,normal
1697500658.529,46.251,700.0,8.9,10.3,normal
1697500659.032,45.277,1800.0,30.2,10.5,normal
1697500659.535,45.277,1800.0,23.4,10.6,normal
1697500660.038,47.225,1800.0,3.5,10.6,normal
1697500660.54,46.251,1800.0,3.5,10.6,normal
1697500661.043,47.225,1800.0,3.5,10.6,normal
1697500661.545,45.764,1800.0,3.5,10.7,normal
1697500662.048,46.738,1800.0,3.5,10.7,normal
1697500662.55,45.764,1800.0,3.5,10.7,normal
1697500663.053,46.251,1800.0,3.5,10.7,normal
1697500663.556,45.764,1800.0,3.5,10.7,normal
1697500664.06,45.764,1000.0,6.4,10.7,normal
1697500664.563,46.251,1800.0,12.4,9.9,normal
1697500665.069,46.251,1800.0,33.7,10.6,normal
1697500665.571,46.251,1800.0,11.9,10.6,normal
1697500666.074,46.251,1800.0,3.5,10.6,normal
1697500666.577,45.764,1800.0,2.5,10.6,normal
1697500667.079,46.738,1800.0,5.4,10.6,normal
1697500667.582,45.764,1800.0,2.5,10.6,normal
1697500668.084,45.277,1800.0,3.0,10.6,normal
1697500668.587,45.764,1800.0,4.5,10.6,normal
1697500669.089,46.251,1800.0,2.5,10.6,normal
1697500669.594,46.738,700.0,2.0,10.6,normal
1697500670.1,45.277,600.0,2.0,10.6,normal
1697500670.606,45.277,600.0,3.5,10.6,normal
1697500671.11,46.738,1800.0,31.8,10.4,normal
1697500671.612,46.251,1800.0,26.4,10.6,normal
1697500672.115,46.738,1800.0,4.0,10.6,normal
1697500672.617,45.764,1800.0,3.5,10.6,normal
1697500673.12,45.764,1800.0,3.5,10.6,normal
1697500673.622,46.251,1800.0,4.5,10.6,normal
1697500674.125,46.251,1800.0,3.5,10.6,normal
1697500674.627,46.251,1800.0,3.0,10.6,normal
1697500675.13,45.277,1800.0,4.4,10.6,normal
1697500675.632,45.277,1800.0,3.0,10.6,normal
1697500676.136,45.764,900.0,4.0,10.6,normal
1697500676.639,46.251,1800.0,9.9,9.7,normal
1697500677.143,47.225,1800.0,31.3,10.5,normal
1697500677.646,46.251,1800.0,17.4,10.6,normal
1697500678.148,44.79,1800.0,3.0,10.6,normal
1697500678.651,46.251,1800.0,4.0,10.6,normal
1697500679.153,46.251,1800.0,4.0,10.7,normal
1697500679.656,45.277,1800.0,3.5,10.6,normal
1697500680.159,46.251,1800.0,3.5,10.7,normal
1697500680.661,45.764,1800.0,3.5,10.7,normal
1697500681.164,45.764,1800.0,4.5,10.6,normal
1697500681.668,46.251,700.0,4.0,10.6,normal
1697500682.173,45.764,700.0,3.5,10.6,normal
1697500682.678,44.79,800.0,4.5,10.6,normal
1697500683.181,45.277,1800.0,27.0,10.4,normal
1697500683.684,46.738,1800.0,28.5,10.6,normal
1697500684.187,46.738,1800.0,2.0,10.6,normal
1697500684.689,45.277,1800.0,2.5,10.7,normal
1697500685.192,46.251,1800.0,3.0,10.7,normal
1697500685.694,46.738,1800.0,3.0,10.7,normal
1697500686.197,44.79,1800.0,3.0,10.7,normal
1697500686.699,45.764,1800.0,3.5,10.7,normal
1697500687.202,45.764,1800.0,3.4,10.7,normal
1697500687.704,46.251,1800.0,3.0,10.7,normal
1697500688.209,46.251,900.0,3.5,10.6,normal
1697500688.714,45.764,700.0,6.4,10.6,normal
1697500689.216,47.225,1800.0,20.5,10.3,normal
1697500689.719,46.251,1800.0,35.0,10.7,normal
1697500690.222,45.277,1800.0,4.0,10.7,normal
1697500690.724,46.251,1800.0,3.5,10.7,normal
1697500691.227,45.764,1800.0,4.0,10.7,normal
1697500691.729,45.277,1800.0,2.5,10.7,normal
1697500692.232,46.251,1800.0,4.0,10.7,normal
1697500692.735,45.764,1800.0,3.5,10.7,normal
1697500693.237,46.251,1800.0,3.5,10.7,normal
1697500693.74,45.764,1800.0,4.5,10.7,normal
1697500694.244,45.277,800.0,4.0,10.7,normal
1697500694.749,45.277,800.0,5.4,10.7,normal
1697500695.252,46.251,1800.0,22.6,10.4,normal
1697500695.754,46.738,1800.0,32.7,10.7,normal
1697500696.257,47.712,1800.0,4.0,10.7,normal
1697500696.759,45.277,1800.0,3.0,10.7,normal
1697500697.262,46.738,1800.0,3.0,10.7,normal
1697500697.764,45.764,1800.0,3.5,10.7,normal
1697500698.267,45.764,1800.0,4.5,10.7,normal
1697500698.77,45.277,1800.0,3.0,10.7,normal
1697500699.272,45.764,1800.0,3.4,10.7,normal
1697500699.775,45.277,1800.0,3.5,10.7,normal
1697500700.279,46.251,800.0,4.0,10.7,normal
1697500700.784,45.277,700.0,4.5,10.7,normal
1697500701.288,46.738,1800.0,26.5,10.5,normal
1697500701.79,46.251,1800.0,27.4,10.7,normal
1697500702.293,46.738,1800.0,2.5,10.7,normal
1697500702.795,46.738,1800.0,4.0,10.7,normal
1697500703.298,45.764,1800.0,3.5,10.7,normal
1697500703.801,45.277,1800.0,5.0,10.7,normal
1697500704.303,45.764,1800.0,3.5,10.6,normal
1697500704.806,45.764,1800.0,3.5,10.6,normal
1697500705.308,45.764,1800.0,4.0,10.6,normal
1697500705.811,46.251,1800.0,2.5,10.6,normal
1697500706.315,45.277,800.0,4.4,10.6,normal
1697500706.819,45.277,1100.0,9.9,10.3,normal
1697500707.322,46.738,1800.0,28.9,10.4,normal
1697500707.825,45.277,1800.0,22.1,10.6,normal
1697500708.328,46.738,1800.0,3.0,10.6,normal
1697500708.83,45.764,1800.0,4.0,10.6,normal
1697500709.333,46.251,1800.0,4.0,10.6,normal
1697500709.835,46.251,1800.0,3.0,10.6,normal
1697500710.338,46.251,1800.0,3.0,10.7,normal
1697500710.84,45.277,1800.0,3.0,10.7,normal
1697500711.343,45.764,1800.0,4.0,10.7,normal
1697500711.846,46.251,1800.0,4.0,10.7,normal
1697500712.351,45.277,600.0,4.9,10.7,normal
1697500712.855,46.251,1800.0,11.4,9.8,normal
1697500713.358,47.225,1800.0,31.2,10.5,normal
1697500713.861,46.738,1800.0,17.5,10.6,normal
1697500714.364,45.277,1800.0,3.5,10.6,normal
1697500714.866,45.764,1800.0,3.0,10.6,normal
1697500715.369,46.738,1800.0,4.5,10.6,normal
1697500715.871,45.764,1800.0,3.0,10.6,normal
1697500716.374,46.251,1800.0,3.5,10.6,normal
1697500716.876,46.738,1800.0,3.5,10.6,normal
1697500717.379,46.251,1800.0,3.0,10.6,normal
1697500717.884,45.764,700.0,4.4,10.6,normal
1697500718.389,45.764,700.0,5.0,10.6,normal
1697500718.892,46.251,1800.0,18.2,10.2,normal
1697500719.395,46.738,1800.0,37.2,10.6,normal
1697500719.897,45.277,1800.0,5.0,10.6,normal
1697500720.4,45.764,1800.0,3.5,10.6,normal
1697500720.902,45.764,1800.0,2.5,10.6,normal
1697500721.405,45.764,1800.0,3.0,10.6,normal
1697500721.908,46.251,1800.0,4.5,10.6,normal
1697500722.411,46.251,1800.0,3.0,10.6,normal
1697500722.913,45.277,1800.0,3.5,10.6,normal
1697500723.416,45.764,1800.0,2.5,10.6,normal
1697500723.921,46.251,600.0,5.4,10.6,normal
1697500724.427,45.277,600.0,5.9,10.7,normal
1697500724.932,45.277,700.0,9.5,9.6,normal
1697500725.436,46.251,1800.0,27.7,10.4,normal
1697500725.938,45.764,1800.0,20.1,10.6,normal
1697500726.441,45.764,1800.0,4.0,10.6,normal
1697500726.944,46.251,1800.0,2.5,10.6,normal
1697500727.446,45.764,1800.0,2.5,10.6,normal
1697500727.949,45.277,1800.0,1.5,10.6,normal
1697500728.452,45.764,1800.0,2.5,10.6,normal
1697500728.954,46.251,1800.0,4.0,10.7,normal
1697500729.457,45.277,1800.0,2.5,10.7,normal
1697500729.96,45.764,1800.0,3.0,10.7,normal
1697500730.466,45.764,600.0,4.0,10.7,normal
1697500730.972,45.764,600.0,5.9,10.7,normal
1697500731.476,45.764,1800.0,27.4,10.5,normal
1697500731.979,45.764,1800.0,28.9,10.7,normal
1697500732.482,45.277,1800.0,4.5,10.7,normal
1697500732.984,45.277,1800.0,3.5,10.7,normal
1697500733.487,46.251,1800.0,3.0,10.7,normal
1697500733.99,45.277,1800.0,5.0,10.7,normal
1697500734.492,45.764,1800.0,4.0,10.7,normal
1697500734.995,46.738,1800.0,4.0,10.7,normal
1697500735.498,45.764,1800.0,3.5,10.7,normal
1697500736.0,45.764,1800.0,3.9,10.7,normal
1697500736.506,44.303,600.0,4.9,10.7,normal
1697500737.011,46.251,1000.0,8.0,10.6,normal
1697500737.514,46.738,1800.0,28.5,10.5,normal
1697500738.017,45.277,1800.0,24.0,10.7,normal
1697500738.519,46.251,1800.0,4.0,10.7,normal
1697500739.022,45.764,1800.0,3.5,10.7,normal
1697500739.524,45.277,1800.0,2.5,10.7,normal
1697500740.027,45.764,1800.0,3.5,10.7,normal
1697500740.529,46.738,1800.0,3.5,10.7,normal
1697500741.032,45.764,1800.0,4.0,10.7,normal
1697500741.535,45.277,1800.0,4.5,10.7,normal
1697500742.037,45.764,1800.0,3.5,10.7,normal
1697500742.543,45.764,600.0,5.9,10.7,normal
1697500743.047,45.764,1800.0,11.5,10.0,normal
1697500743.55,46.738,1800.0,32.5,10.6,normal
1697500744.052,46.738,1800.0,16.4,10.7,normal
1697500744.555,46.251,1800.0,5.0,10.7,normal
1697500745.058,46.251,1800.0,3.5,10.7,normal
1697500745.56,47.225,1800.0,2.5,10.7,normal
1697500746.063,45.764,1800.0,3.4,10.7,normal
1697500746.565,44.79,1800.0,2.5,10.7,normal
1697500747.068,45.277,1800.0,5.0,10.7,normal
1697500747.57,46.251,1800.0,3.5,10.7,normal
1697500748.075,45.764,775.0,3.5,10.7,normal
1697500748.58,46.251,800.0,5.0,10.7,normal
1697500749.084,45.764,900.0,6.0,10.7,normal
1697500749.587,47.225,1800.0,27.2,10.5,normal
1697500750.09,46.251,1800.0,26.3,10.7,normal
1697500750.593,45.764,1800.0,3.5,10.7,normal
1697500751.095,45.277,1800.0,3.5,10.7,normal
1697500751.598,45.764,1800.0,4.0,10.7,normal
1697500752.1,46.251,1800.0,3.0,10.7,normal
1697500752.603,46.738,1800.0,3.9,10.7,normal
1697500753.105,45.764,1800.0,5.0,10.7,normal
1697500753.608,46.251,1800.0,3.0,10.7,normal
1697500754.11,45.764,1800.0,4.0,10.7,normal
1697500754.615,45.277,700.0,4.4,10.7,normal
1697500755.119,44.79,1100.0,5.5,10.7,normal
1697500755.622,45.764,1800.0,20.9,10.3,normal
1697500756.124,45.277,1800.0,34.2,10.6,normal
1697500756.627,45.277,1800.0,3.5,10.6,normal
1697500757.129,46.251,1800.0,5.0,10.6,normal
1697500757.632,46.251,1800.0,4.0,10.6,normal
1697500758.135,47.225,1800.0,3.4,10.6,normal
1697500758.637,46.251,1800.0,4.0,10.6,normal
1697500759.14,46.251,1800.0,4.0,10.6,normal
1697500759.642,45.764,1800.0,3.5,10.6,normal
1697500760.145,45.277,1800.0,3.0,10.6,normal
1697500760.649,45.277,900.0,3.5,10.6,normal
1697500761.154,45.277,900.0,6.3,10.6,normal
1697500761.656,46.251,1800.0,11.5,9.9,normal
1697500762.16,47.712,1800.0,34.2,10.5,normal
1697500762.663,44.79,1800.0,14.5,10.6,normal
1697500763.165,45.764,1800.0,3.0,10.6,normal
1697500763.668,46.738,1800.0,2.5,10.6,normal
1697500764.171,46.738,1800.0,4.9,10.6,normal
1697500764.673,46.738,1800.0,3.5,10.6,normal
1697500765.176,46.251,1800.0,3.0,10.6,normal
1697500765.678,47.225,1800.0,4.0,10.6,normal
1697500766.181,46.251,1800.0,2.5,10.6,normal
1697500766.686,45.277,700.0,3.5,10.6,normal
1697500767.191,46.251,700.0,4.4,10.6,normal
1697500767.697,45.277,600.0,4.5,10.6,normal
1697500768.2,46.738,1800.0,26.5,10.4,normal
1697500768.703,46.738,1800.0,26.4,10.6,normal
1697500769.205,46.251,1800.0,3.0,10.6,normal
1697500769.708,46.738,1800.0,4.0,10.6,normal
1697500770.21,45.764,1800.0,3.0,10.6,normal
1697500770.713,46.738,1800.0,3.0,10.6,normal
1697500771.215,46.251,1800.0,3.5,10.7,normal
1697500771.718,46.738,1800.0,3.5,10.7,normal
1697500772.22,45.277,1800.0,3.0,10.7,normal
1697500772.723,45.277,1800.0,2.5,10.7,normal
1697500773.226,46.251,1800.0,4.5,10.7,normal
1697500773.728,45.277,1800.0,5.0,10.7,normal
1697500774.231,46.251,1800.0,21.3,10.4,normal
1697500774.734,46.738,1800.0,30.2,10.6,normal
1697500775.236,46.738,1800.0,4.0,10.6,normal
1697500775.739,46.251,1800.0,3.5,10.6,normal
1697500776.242,46.251,1800.0,4.0,10.6,normal
1697500776.744,46.251,1800.0,4.0,10.6,normal
1697500777.247,45.277,1800.0,4.0,10.6,normal
1697500777.749,46.738,1800.0,4.0,10.6,normal
1697500778.253,45.764,900.0,4.9,10.6,normal
1697500778.759,45.764,600.0,5.4,10.6,normal
1697500779.264,44.79,800.0,4.5,10.6,normal
1697500779.768,45.277,800.0,3.0,10.6,normal
1697500780.272,46.251,1800.0,26.9,10.4,normal
1697500780.774,46.251,1800.0,26.5,10.7,normal
1697500781.277,46.738,1800.0,3.5,10.7,normal
1697500781.779,45.764,1800.0,4.0,10.7,normal
1697500782.282,46.251,1800.0,4.0,10.7,normal
1697500782.784,46.251,1800.0,4.0,10.6,normal
1697500783.287,45.277,1800.0,3.0,10.7,normal
1697500783.79,46.251,1800.0,4.0,10.7,normal
1697500784.292,46.251,1800.0,4.0,10.6,normal
1697500784.795,46.251,1800.0,3.5,10.7,normal
1697500785.3,45.764,600.0,3.5,10.7,normal
1697500785.806,44.79,600.0,10.9,10.4,normal
1697500786.309,47.225,1800.0,26.2,10.6,normal
1697500786.812,46.738,1800.0,23.0,10.7,normal
1697500787.314,45.764,1800.0,2.5,10.7,normal
1697500787.817,46.738,1800.0,3.5,10.7,normal
1697500788.319,45.277,1800.0,1.5,10.7,normal
1697500788.822,45.277,1800.0,4.5,10.7,normal
1697500789.325,45.277,1800.0,1.5,10.7,normal
1697500789.827,45.764,1800.0,5.0,10.7,normal
1697500790.33,45.764,1800.0,3.5,10.7,normal
1697500790.835,45.277,700.0,3.9,10.7,normal
1697500791.339,44.79,800.0,4.0,10.7,normal
1697500791.844,45.764,900.0,5.9,10.7,normal
1697500792.347,46.738,1800.0,25.9,10.5,normal
1697500792.849,46.738,1800.0,28.6,10.7,normal
1697500793.352,46.251,1800.0,4.0,10.7,normal
1697500793.854,46.251,1800.0,3.5,10.7,normal
1697500794.357,47.225,1800.0,3.5,10.7,normal
1697500794.859,46.738,1800.0,3.5,10.7,normal
1697500795.362,45.764,1800.0,3.5,10.7,normal
1697500795.865,45.764,1800.0,3.5,10.6,normal
1697500796.367,45.277,1800.0,5.0,10.6,normal
1697500796.87,45.277,1800.0,3.0,10.6,normal
1697500797.375,46.251,600.0,3.5,10.6,normal
1697500797.88,44.79,700.0,3.5,10.6,normal
1697500798.383,45.764,1800.0,19.4,10.2,normal
1697500798.886,46.251,1800.0,37.3,10.6,normal
1697500799.389,46.738,1800.0,3.0,10.6,normal
1697500799.891,46.738,1800.0,3.5,10.6,normal
1697500800.394,45.764,1800.0,2.5,10.6,normal
1697500800.896,45.277,1800.0,4.0,10.6,normal
1697500801.399,45.764,1800.0,4.0,10.6,normal
1697500801.901,45.764,1800.0,3.5,10.6,normal
1697500802.404,45.764,1800.0,3.0,10.6,normal
1697500802.907,45.764,1800.0,4.0,10.6,normal
1697500803.412,45.764,600.0,3.5,10.6,normal
1697500803.918,44.303,600.0,5.9,10.6,normal
1697500804.421,46.251,1800.0,13.0,10.2,normal
1697500804.924,46.251,1800.0,34.3,10.6,normal
1697500805.427,45.764,1800.0,12.9,10.7,normal
1697500805.93,46.251,1800.0,3.0,10.7,normal
1697500806.432,45.277,1800.0,3.0,10.7,normal
1697500806.935,45.764,1800.0,3.5,10.7,normal
1697500807.438,45.764,1800.0,3.0,10.7,normal
1697500807.94,45.764,1800.0,3.5,10.6,normal
1697500808.443,45.764,1800.0,3.5,10.6,normal
1697500808.945,46.251,1800.0,3.5,10.6,normal
1697500809.45,45.764,800.0,4.9,10.6,normal
1697500809.955,45.277,600.0,3.5,10.6,normal
1697500810.458,45.764,1800.0,16.0,10.2,normal
1697500810.962,47.225,1800.0,37.0,10.6,normal
1697500811.464,45.764,1800.0,4.0,10.7,normal
1697500811.967,45.277,1800.0,4.0,10.7,normal
1697500812.47,45.764,1800.0,3.5,10.7,normal
1697500812.973,45.764,1800.0,3.5,10.7,normal
1697500813.475,45.764,1800.0,4.5,10.7,normal
1697500813.978,45.764,1800.0,4.5,10.7,normal
1697500814.48,45.764,1800.0,3.5,10.7,normal
1697500814.983,46.251,1800.0,3.0,10.7,normal
1697500815.489,45.764,600.0,3.0,10.7,normal
1697500815.994,45.277,600.0,5.9,10.7,normal
1697500816.498,45.277,1800.0,9.5,9.7,normal
1697500817.001,46.738,1800.0,28.5,10.5,normal
1697500817.504,47.225,1800.0,19.6,10.7,normal
1697500818.006,46.251,1800.0,3.9,10.7,normal
1697500818.509,46.738,1800.0,2.5,10.7,normal
1697500819.011,45.277,1800.0,4.5,10.7,normal
1697500819.514,46.251,1800.0,4.5,10.7,normal
1697500820.017,45.764,1800.0,3.0,10.7,normal
1697500820.519,45.764,1800.0,3.0,10.7,normal
1697500821.022,46.251,1800.0,4.0,10.7,normal
1697500821.527,46.251,700.0,5.0,10.7,normal
1697500822.031,45.764,800.0,5.4,10.7,normal
1697500822.534,46.738,1800.0,15.4,10.1,normal
1697500823.037,47.712,1800.0,36.5,10.6,normal
1697500823.54,46.251,1800.0,5.5,10.6,normal
1697500824.046,46.251,1800.0,4.5,10.6,normal
1697500824.549,46.251,1800.0,3.0,10.6,normal
1697500825.051,44.79,1800.0,3.5,10.6,normal
1697500825.554,46.251,1800.0,2.5,10.6,normal
1697500826.057,45.277,1800.0,4.0,10.6,normal
1697500826.559,45.764,1800.0,4.0,10.6,normal
1697500827.062,45.764,1800.0,3.0,10.6,normal
1697500827.566,45.277,800.0,4.0,10.6,normal
1697500828.071,45.277,800.0,5.9,10.6,normal
1697500828.576,45.277,800.0,7.5,10.3,normal
1697500829.082,46.251,1800.0,29.2,10.4,normal
1697500829.584,45.764,1800.0,21.6,10.6,normal
1697500830.087,45.764,1800.0,4.9,10.6,normal
1697500830.59,45.764,1800.0,4.0,10.6,normal
1697500831.092,45.277,1800.0,3.5,10.6,normal
1697500831.595,45.764,1800.0,4.0,10.6,normal
1697500832.097,46.251,1800.0,3.5,10.6,normal
1697500832.6,46.251,1800.0,3.5,10.6,normal
1697500833.102,45.277,1800.0,3.0,10.6,normal
1697500833.605,46.251,1800.0,3.0,10.7,normal
1697500834.109,45.277,1000.0,6.0,10.7,normal
1697500834.613,44.79,800.0,5.9,10.7,normal
1697500835.116,45.277,1800.0,26.0,10.4,normal
1697500835.619,46.738,1800.0,29.5,10.6,normal
1697500836.121,45.764,1800.0,3.0,10.6,normal
1697500836.624,46.251,1800.0,3.5,10.6,normal
1697500837.127,47.225,1800.0,4.4,10.6,normal
1697500837.629,45.764,1800.0,4.0,10.6,normal
1697500838.132,45.764,1800.0,4.5,10.6,normal
1697500838.634,46.251,1800.0,4.0,10.6,normal
1697500839.137,45.764,1800.0,3.5,10.6,normal
1697500839.639,45.277,1800.0,4.0,10.6,normal
1697500840.143,45.277,1000.0,5.0,10.6,normal
1697500840.648,45.277,900.0,5.4,10.6,normal
1697500841.151,46.738,1800.0,28.9,10.5,normal
1697500841.653,45.764,1800.0,23.6,10.6,normal
1697500842.156,46.738,1800.0,4.0,10.7,normal
1697500842.658,46.251,1800.0,3.5,10.6,normal
1697500843.161,45.764,1800.0,3.5,10.7,normal
1697500843.663,46.251,1800.0,4.0,10.7,normal
1697500844.166,45.277,1800.0,4.5,10.6,normal
1697500844.668,45.277,1800.0,3.0,10.6,normal
1697500845.171,46.251,1800.0,3.5,10.6,normal
1697500845.673,45.764,1800.0,2.5,10.6,normal
1697500846.178,46.251,800.0,4.0,10.7,normal
1697500846.683,44.79,700.0,5.4,10.7,normal
1697500847.185,46.251,1800.0,18.6,10.3,normal
1697500847.688,46.251,1800.0,33.3,10.6,normal
1697500848.19,47.225,1800.0,4.4,10.6,normal
1697500848.693,46.738,1800.0,4.5,10.6,normal
1697500849.196,45.277,1800.0,3.5,10.7,normal
1697500849.698,45.277,1800.0,2.0,10.7,normal
1697500850.201,46.251,1800.0,2.5,10.7,normal
1697500850.703,46.251,1800.0,5.4,10.7,normal
1697500851.206,45.764,1800.0,3.0,10.7,normal
1697500851.708,46.251,1800.0,3.0,10.7,normal
1697500852.213,45.764,700.0,4.0,10.7,normal
1697500852.719,46.251,600.0,5.4,10.7,normal
1697500853.222,45.764,1800.0,12.9,10.1,normal
1697500853.725,46.251,1800.0,37.9,10.6,normal
1697500854.227,46.251,1800.0,7.0,10.6,normal
1697500854.73,45.764,1800.0,3.9,10.6,normal
1697500855.233,45.764,1800.0,3.0,10.6,normal
1697500855.735,45.764,1800.0,3.0,10.6,normal
1697500856.238,44.79,1800.0,3.5,10.6,normal
1697500856.74,45.764,1800.0,5.0,10.7,normal
1697500857.243,45.764,1800.0,3.0,10.7,normal
1697500857.745,44.79,1800.0,3.0,10.7,normal
1697500858.25,45.277,700.0,3.4,10.7,normal
1697500858.755,45.764,800.0,6.0,10.7,normal
1697500859.258,45.764,1800.0,19.4,10.2,normal
1697500859.761,47.225,1800.0,37.8,10.6,normal
1697500860.263,45.764,1800.0,2.5,10.6,normal
1697500860.766,45.764,1800.0,4.0,10.6,normal
1697500861.268,45.277,1800.0,4.5,10.6,normal
1697500861.771,46.251,1800.0,2.5,10.6,normal
1697500862.273,46.251,1800.0,3.5,10.6,normal
1697500862.776,46.251,1800.0,4.0,10.6,normal
1697500863.279,46.251,1800.0,3.5,10.6,normal
1697500863.781,45.764,1800.0,3.5,10.6,normal
1697500864.285,45.764,900.0,4.0,10.6,normal
1697500864.79,45.764,800.0,5.0,10.7,normal
1697500865.294,44.79,1100.0,11.8,9.6,normal
1697500865.797,46.738,1800.0,28.4,10.5,normal
1697500866.299,45.764,1800.0,20.5,10.6,normal
1697500866.802,46.738,1800.0,3.0,10.6,normal
1697500867.304,45.764,1800.0,3.5,10.6,normal
1697500867.807,46.251,1800.0,3.0,10.6,normal
1697500868.31,45.764,1800.0,3.5,10.6,normal
1697500868.812,45.277,1800.0,5.4,10.6,normal
1697500869.315,44.303,1800.0,3.5,10.7,normal
1697500869.817,45.764,1800.0,3.9,10.7,normal
1697500870.32,46.251,1800.0,2.5,10.7,normal
1697500870.824,45.764,700.0,4.0,10.7,normal
1697500871.329,45.277,800.0,6.9,10.7,normal
1697500871.831,46.251,1800.0,27.0,10.4,normal
1697500872.334,46.251,1800.0,28.5,10.6,normal
1697500872.836,46.738,1800.0,3.5,10.6,normal
1697500873.339,46.738,1800.0,4.0,10.6,normal
1697500873.842,46.251,1800.0,5.0,10.6,normal
1697500874.344,45.277,1800.0,3.0,10.6,normal
1697500874.847,46.251,1800.0,3.5,10.7,normal
1697500875.349,45.277,1800.0,4.0,10.7,normal
1697500875.852,45.277,1800.0,3.0,10.7,normal
1697500876.354,45.764,1800.0,3.0,10.7,normal
1697500876.86,46.738,600.0,3.9,10.7,normal
1697500877.365,45.764,700.0,7.0,10.6,normal
1697500877.869,45.764,1800.0,29.4,10.5,normal
1697500878.371,45.764,1800.0,23.9,10.7,normal
1697500878.874,45.277,1800.0,3.5,10.7,normal
1697500879.376,46.251,1800.0,4.0,10.7,normal
1697500879.879,46.251,1800.0,4.0,10.7,normal
1697500880.381,45.764,1800.0,3.0,10.7,normal
1697500880.884,45.277,1800.0,2.5,10.7,normal
1697500881.387,45.764,1800.0,3.5,10.7,normal
1697500881.889,46.251,1800.0,3.5,10.7,normal
1697500882.394,45.764,700.0,3.5,10.7,normal
1697500882.898,45.277,800.0,4.5,10.7,normal
1697500883.401,45.764,1800.0,10.9,9.7,normal
1697500883.904,46.251,1800.0,31.3,10.5,normal
1697500884.406,46.738,1800.0,19.0,10.7,normal
1697500884.909,46.251,1800.0,3.5,10.7,normal
1697500885.411,45.764,1800.0,3.0,10.7,normal
1697500885.914,45.764,1800.0,4.5,10.7,normal
1697500886.417,45.277,1800.0,3.5,10.7,normal
1697500886.919,46.251,1800.0,2.5,10.7,normal
1697500887.422,46.738,1800.0,3.5,10.7,normal
1697500887.924,46.738,1800.0,2.0,10.7,normal
1697500888.429,45.277,700.0,4.5,10.7,normal
1697500888.934,45.764,700.0,5.4,10.7,normal
1697500889.44,45.277,600.0,3.0,10.7,normal
1697500889.943,46.251,1800.0,27.2,10.5,normal
1697500890.446,45.764,1800.0,28.5,10.7,normal
1697500890.948,45.277,1800.0,3.0,10.7,normal
1697500891.451,46.738,1800.0,4.0,10.7,normal
1697500891.954,45.277,1800.0,2.5,10.7,normal
1697500892.456,46.251,1800.0,4.0,10.7,normal
1697500892.959,46.738,1800.0,2.5,10.7,normal
1697500893.462,45.277,1800.0,2.0,10.7,normal
1697500893.964,45.764,1800.0,3.9,10.7,normal
1697500894.467,46.251,1800.0,2.5,10.7,normal
1697500894.978,45.277,600.0,3.4,10.7,normal
1697500895.484,44.303,600.0,4.9,10.7,normal
1697500895.987,45.764,1800.0,19.6,10.3,normal
1697500896.49,46.738,1800.0,33.2,10.7,normal
1697500896.992,46.251,1800.0,4.5,10.7,normal
1697500897.495,45.764,1800.0,4.0,10.7,normal
1697500897.998,45.277,1800.0,3.0,10.7,normal
1697500898.5,46.251,1800.0,4.4,10.7,normal
1697500899.003,46.738,1800.0,3.0,10.7,normal
1697500899.505,46.251,1800.0,13.9,10.7,normal
1697500900.008,46.738,1800.0,3.0,10.7,normal
1697500900.51,46.251,1800.0,5.0,10.7,normal
1697500901.016,45.764,600.0,3.5,10.7,normal
1697500901.522,45.764,600.0,5.4,10.7,normal
1697500902.026,45.764,1800.0,25.4,10.5,normal
1697500902.528,47.225,1800.0,28.3,10.7,normal
1697500903.031,46.251,1800.0,4.0,10.7,normal
1697500903.533,46.251,1800.0,3.5,10.7,normal
1697500904.036,45.764,1800.0,4.0,10.7,normal
1697500904.538,46.251,1800.0,3.5,10.7,normal
1697500905.041,46.738,1800.0,4.0,10.7,normal
1697500905.544,46.251,1800.0,3.5,10.7,normal
1697500906.046,45.764,1800.0,1.0,10.7,normal
1697500906.549,47.225,1800.0,3.0,10.7,normal
1697500907.054,46.251,600.0,1.5,10.7,normal
1697500907.56,45.277,600.0,5.4,10.7,normal
1697500908.063,46.251,1800.0,18.5,10.3,normal
1697500908.565,46.738,1800.0,37.2,10.6,normal
1697500909.068,46.251,1800.0,5.0,10.6,normal
1697500909.57,44.79,1800.0,5.0,10.6,normal
1697500910.073,47.225,1800.0,3.5,10.6,normal
1697500910.576,46.251,1800.0,3.0,10.6,normal
1697500911.078,45.277,1800.0,3.0,10.6,normal
1697500911.581,45.764,1800.0,4.0,10.6,normal
1697500912.083,45.277,1800.0,2.5,10.6,normal
1697500912.586,45.764,1800.0,4.9,10.6,normal
1697500913.09,44.79,900.0,4.0,10.6,normal
1697500913.594,45.277,1000.0,5.9,10.6,normal
1697500914.098,45.764,900.0,9.5,10.1,normal
1697500914.602,46.738,1800.0,28.0,10.5,normal
1697500915.107,46.738,1800.0,22.2,10.6,normal
1697500915.61,46.738,1800.0,3.5,10.6,normal
1697500916.112,46.251,1800.0,3.9,10.6,normal
1697500916.615,46.251,1800.0,3.0,10.6,normal
1697500917.117,45.277,1800.0,3.5,10.7,normal
1697500917.62,46.251,1800.0,4.5,10.7,normal
1697500918.122,45.764,1800.0,3.0,10.6,normal
1697500918.625,46.251,1800.0,4.0,10.7,normal
1697500919.127,45.764,1800.0,3.5,10.7,normal
1697500919.631,45.277,1000.0,5.9,10.7,normal
1697500920.135,46.251,1800.0,11.9,10.0,normal
1697500920.639,46.251,1800.0,31.2,10.6,normal
1697500921.141,46.738,1800.0,16.5,10.7,normal
1697500921.644,46.738,1800.0,3.5,10.7,normal
1697500922.147,46.251,1800.0,4.5,10.7,normal
1697500922.649,46.251,1800.0,3.5,10.7,normal
1697500923.152,46.738,1800.0,3.0,10.7,normal
1697500923.654,46.251,1800.0,4.5,10.7,normal
1697500924.157,45.764,1800.0,4.0,10.7,normal
1697500924.659,46.251,1800.0,3.5,10.7,normal
1697500925.164,45.764,800.0,3.9,10.7,normal
1697500925.668,44.79,900.0,4.0,10.7,normal
1697500926.171,46.738,1800.0,15.9,10.3,normal
1697500926.674,46.251,1800.0,38.5,10.6,normal
1697500927.176,46.738,1800.0,4.5,10.7,normal
1697500927.679,45.277,1800.0,3.5,10.7,normal
1697500928.181,46.251,1800.0,4.5,10.7,normal
1697500928.684,46.251,1800.0,3.5,10.7,normal
1697500929.187,46.251,1800.0,3.5,10.7,normal
1697500929.689,45.277,1800.0,3.5,10.7,normal
1697500930.192,45.277,1800.0,3.5,10.7,normal
1697500930.694,44.79,1800.0,4.5,10.7,normal
1697500931.2,47.225,600.0,3.5,10.7,normal
1697500931.705,46.251,600.0,4.5,10.7,normal
1697500932.209,47.225,1800.0,21.0,10.2,normal
1697500932.711,46.738,1800.0,34.7,10.6,normal
1697500933.214,46.738,1800.0,3.5,10.6,normal
1697500933.716,44.79,1800.0,4.0,10.6,normal
1697500934.219,45.277,1800.0,2.0,10.6,normal
1697500934.722,46.251,1800.0,3.5,10.7,normal
1697500935.224,45.277,1800.0,2.5,10.7,normal
1697500935.727,45.764,1800.0,3.0,10.7,normal
1697500936.229,45.764,1800.0,2.5,10.7,normal
1697500936.732,46.251,1800.0,3.5,10.7,normal
1697500937.237,45.764,600.0,3.5,10.7,normal
1697500937.743,46.251,600.0,4.9,10.7,normal
1697500938.246,46.251,1800.0,13.4,10.0,normal
1697500938.749,46.738,1800.0,37.5,10.6,normal
1697500939.251,46.251,1800.0,10.4,10.6,normal
1697500939.754,46.738,1800.0,3.0,10.6,normal
1697500940.257,45.764,1800.0,3.5,10.6,normal
1697500940.759,46.251,1800.0,3.5,10.6,normal
1697500941.262,46.251,1800.0,3.5,10.6,normal
1697500941.764,46.251,1800.0,3.9,10.6,normal
1697500942.267,46.251,1800.0,3.0,10.6,normal
1697500942.769,46.251,1800.0,3.5,10.7,normal
1697500943.272,46.251,1800.0,4.0,10.7,normal
1697500943.777,46.738,900.0,5.9,10.7,normal
1697500944.283,45.764,600.0,6.0,10.5,normal
1697500944.786,46.251,1800.0,29.2,10.5,normal
1697500945.289,45.277,1800.0,24.1,10.6,normal
1697500945.791,46.738,1800.0,3.0,10.6,normal
1697500946.294,45.764,1800.0,3.0,10.6,normal
1697500946.796,44.79,1800.0,3.5,10.6,normal
1697500947.299,45.277,1800.0,4.0,10.6,normal
1697500947.801,45.277,1800.0,3.0,10.6,normal
1697500948.304,44.79,1800.0,3.0,10.6,normal
1697500948.807,46.251,1800.0,4.5,10.6,normal
1697500949.309,45.764,1800.0,4.0,10.6,normal
1697500949.815,44.79,600.0,4.9,10.6,normal
1697500950.32,44.79,700.0,5.0,10.7,normal
1697500950.823,46.251,1800.0,23.9,10.4,normal
1697500951.326,46.251,1800.0,32.2,10.7,normal
1697500951.828,45.764,1800.0,4.0,10.7,normal
1697500952.331,45.277,1800.0,3.0,10.7,normal
1697500952.833,45.764,1800.0,4.4,10.7,normal
1697500953.336,45.277,1800.0,4.0,10.7,normal
1697500953.838,45.277,1800.0,3.5,10.7,normal
1697500954.341,45.277,1800.0,3.0,10.7,normal
1697500954.844,45.277,1800.0,3.0,10.7,normal
1697500955.346,46.738,1800.0,4.5,10.7,normal
1697500955.851,45.764,800.0,3.5,10.7,normal
1697500956.355,43.816,900.0,5.0,10.7,normal
1697500956.858,45.764,1800.0,27.9,10.4,normal
1697500957.361,46.251,1800.0,28.0,10.6,normal
1697500957.863,45.277,1800.0,1.5,10.6,normal
1697500958.366,46.251,1800.0,2.5,10.6,normal
1697500958.868,46.251,1800.0,5.5,10.6,normal
1697500959.371,44.79,1800.0,4.0,10.7,normal
1697500959.873,46.251,1800.0,3.5,10.7,normal
1697500960.376,44.79,1800.0,3.0,10.7,normal
1697500960.879,45.764,1800.0,4.0,10.7,normal
1697500961.381,45.764,1800.0,5.0,10.7,normal
1697500961.887,45.764,625.0,3.0,10.7,normal
1697500962.393,45.277,900.0,7.4,10.5,normal
1697500962.896,45.277,1800.0,29.0,10.4,normal
1697500963.399,45.764,1800.0,25.0,10.7,normal
1697500963.901,46.738,1800.0,4.5,10.7,normal
1697500964.404,45.764,1800.0,3.0,10.6,normal
1697500964.907,46.251,1800.0,3.5,10.6,normal
1697500965.409,45.764,1800.0,3.5,10.6,normal
1697500965.912,45.764,1800.0,2.0,10.7,normal
1697500966.414,46.251,1800.0,2.0,10.7,normal
1697500966.917,45.764,1800.0,3.5,10.7,normal
1697500967.419,45.277,1800.0,2.5,10.7,normal
1697500967.924,46.251,800.0,4.0,10.7,normal
1697500968.427,45.764,1800.0,10.4,9.7,normal
1697500968.931,46.251,1800.0,31.8,10.6,normal
1697500969.434,47.225,1800.0,17.0,10.7,normal
1697500969.937,45.277,1800.0,1.5,10.7,normal
1697500970.439,45.277,1800.0,1.5,10.7,normal
1697500970.942,44.79,1800.0,5.0,10.7,normal
1697500971.444,45.277,1800.0,3.0,10.7,normal
1697500971.947,45.764,1800.0,3.5,10.7,normal
1697500972.449,45.764,1800.0,3.5,10.7,normal
1697500972.952,45.277,1800.0,2.5,10.7,normal
1697500973.457,45.277,700.0,4.4,10.7,normal
1697500973.962,45.277,600.0,6.9,10.7,normal
1697500974.469,44.79,600.0,5.4,10.7,normal
1697500974.972,46.251,1800.0,27.6,10.4,normal
1697500975.474,45.764,1800.0,27.5,10.6,normal
1697500975.977,45.764,1800.0,4.5,10.6,normal
1697500976.479,45.764,1800.0,1.5,10.6,normal
1697500976.982,45.277,1800.0,2.0,10.7,normal
1697500977.485,45.764,1800.0,2.5,10.7,normal
1697500977.987,46.251,1800.0,3.5,10.7,normal
1697500978.49,45.764,1800.0,3.0,10.7,normal
1697500978.992,45.277,1800.0,4.0,10.7,normal
1697500979.495,46.251,1800.0,3.0,10.7,normal
1697500980.001,46.251,600.0,3.5,10.7,normal
1697500980.506,45.764,700.0,5.4,10.7,normal
1697500981.016,46.738,1800.0,29.7,10.5,normal
1697500981.52,46.251,1800.0,25.1,10.6,normal
1697500982.022,46.738,1800.0,3.5,10.6,normal
1697500982.525,45.277,1800.0,3.5,10.6,normal
1697500983.027,45.277,1800.0,3.5,10.6,normal
1697500983.53,46.251,1800.0,4.5,10.6,normal
1697500984.032,46.738,1800.0,4.5,10.7,normal
1697500984.535,45.277,1800.0,3.5,10.7,normal
1697500985.038,45.764,1800.0,2.5,10.7,normal
1697500985.54,45.277,1800.0,4.0,10.7,normal
1697500986.045,45.764,700.0,4.0,10.7,normal
1697500986.551,44.79,600.0,5.4,10.7,normal
1697500987.054,46.738,1800.0,22.0,10.3,normal
1697500987.557,46.251,1800.0,32.0,10.6,normal
1697500988.059,45.277,1800.0,5.4,10.6,normal
1697500988.562,47.225,1800.0,4.5,10.6,normal
1697500989.064,45.277,1800.0,3.5,10.6,normal
1697500989.567,45.277,1800.0,3.0,10.7,normal
1697500990.07,45.764,1800.0,4.5,10.7,normal
1697500990.572,46.251,1800.0,3.0,10.7,normal
1697500991.075,45.764,1800.0,3.0,10.7,normal
1697500991.577,46.738,1800.0,3.5,10.7,normal
1697500992.082,45.277,775.0,5.4,10.7,normal
1697500992.586,45.277,900.0,5.0,10.6,normal
1697500993.089,45.764,1800.0,27.5,10.5,normal
1697500993.591,46.738,1800.0,25.0,10.6,normal
1697500994.094,46.738,1800.0,4.5,10.6,normal
1697500994.596,45.764,1800.0,4.5,10.6,normal
1697500995.099,46.251,1800.0,3.5,10.6,normal
1697500995.602,45.764,1800.0,4.5,10.6,normal
1697500996.104,46.251,1800.0,4.0,10.6,normal
1697500996.607,45.764,1800.0,4.0,10.7,normal
1697500997.109,45.277,1800.0,3.0,10.7,normal
1697500997.612,45.764,1800.0,3.0,10.7,normal
1697500998.116,44.79,800.0,4.0,10.7,normal
1697500998.621,45.764,1000.0,10.4,9.7,normal
1697500999.124,46.251,1800.0,28.5,10.6,normal
1697500999.626,46.251,1800.0,20.0,10.7,normal
1697501000.129,46.251,1800.0,4.0,10.7,normal
1697501000.631,46.251,1800.0,4.0,10.7,normal
1697501001.134,46.738,1800.0,4.0,10.7,normal
1697501001.636,46.251,1800.0,3.0,10.7,normal
1697501002.139,44.79,1800.0,3.0,10.7,normal
1697501002.642,45.764,1800.0,4.5,10.7,normal
1697501003.144,45.764,1800.0,2.5,10.7,normal
1697501003.649,45.277,700.0,2.5,10.7,normal
1697501004.155,45.764,600.0,3.0,10.7,normal
1697501004.66,46.251,600.0,7.9,10.7,normal
1697501005.163,46.251,1800.0,28.2,10.4,normal
1697501005.666,45.764,1800.0,27.3,10.6,normal
1697501006.168,46.738,1800.0,3.5,10.6,normal
1697501006.671,46.251,1800.0,3.5,10.6,normal
1697501007.174,46.251,1800.0,3.5,10.6,normal
1697501007.676,45.277,1800.0,3.5,10.6,normal
1697501008.179,45.764,1800.0,3.5,10.6,normal
1697501008.681,46.251,1800.0,4.0,10.6,normal
1697501009.184,45.764,1800.0,4.5,10.6,normal
1697501009.686,46.251,1800.0,3.0,10.7,normal
1697501010.192,45.277,600.0,3.5,10.6,normal
1697501010.698,44.79,900.0,7.4,10.5,normal
1697501011.201,46.738,1800.0,28.2,10.6,normal
1697501011.703,45.764,1800.0,24.0,10.7,normal
1697501012.206,46.251,1800.0,3.5,10.7,normal
1697501012.709,45.764,1800.0,2.5,10.7,normal
1697501013.211,45.277,1800.0,4.0,10.7,normal
1697501013.714,45.764,1800.0,5.0,10.7,normal
1697501014.216,46.738,1800.0,3.5,10.7,normal
1697501014.719,45.277,1800.0,3.0,10.7,normal
1697501015.221,46.251,1800.0,3.5,10.7,normal
1697501015.724,46.251,1800.0,3.5,10.7,normal
1697501016.229,45.277,700.0,5.0,10.7,normal
1697501016.734,45.764,700.0,4.0,10.7,normal
1697501017.237,45.277,1800.0,24.5,10.4,normal
1697501017.74,46.251,1800.0,31.2,10.7,normal
1697501018.243,45.764,1800.0,2.0,10.7,normal
1697501018.745,46.251,1800.0,3.5,10.7,normal
1697501019.248,46.251,1800.0,2.5,10.7,normal
1697501019.75,46.251,1800.0,3.0,10.6,normal
1697501020.253,44.79,1800.0,3.0,10.6,normal
1697501020.755,44.79,1800.0,3.5,10.6,normal
1697501021.258,45.764,1800.0,2.5,10.6,normal
1697501021.76,46.738,1800.0,3.5,10.6,normal
1697501022.263,45.764,1800.0,5.0,10.6,normal
1697501022.765,45.764,1800.0,4.0,10.6,normal
1697501023.268,46.738,1800.0,28.0,10.4,normal
1697501023.771,44.79,1800.0,24.1,10.6,normal
1697501024.273,46.738,1800.0,3.5,10.6,normal
1697501024.776,45.764,1800.0,3.5,10.6,normal
1697501025.278,46.251,1800.0,3.0,10.6,normal
1697501025.781,45.764,1800.0,3.0,10.7,normal
1697501026.283,46.251,1800.0,3.4,10.7,normal
1697501026.786,45.277,1800.0,3.0,10.7,normal
1697501027.291,45.277,800.0,3.5,10.7,normal
1697501027.796,45.764,600.0,4.9,10.7,normal
1697501028.302,45.764,600.0,5.4,10.7,normal
1697501028.805,45.277,1800.0,15.0,10.1,normal
1697501029.308,47.225,1800.0,35.6,10.6,normal
1697501029.811,45.277,1800.0,11.9,10.7,normal
1697501030.314,45.764,1800.0,4.0,10.7,normal
1697501030.816,45.277,1800.0,4.0,10.7,normal
1697501031.319,46.251,1800.0,3.9,10.7,normal
1697501031.821,44.79,1800.0,2.5,10.7,normal
1697501032.324,46.251,1800.0,3.0,10.7,normal
1697501032.826,45.277,1800.0,5.0,10.7,normal
1697501033.329,45.764,1800.0,4.0,10.7,normal
1697501033.834,45.764,600.0,4.5,10.7,normal
1697501034.339,45.764,800.0,4.0,10.7,normal
1697501034.844,46.251,800.0,6.5,10.6,normal
1697501035.347,46.251,1800.0,29.2,10.4,normal
1697501035.85,45.764,1800.0,25.2,10.6,normal
1697501036.352,45.277,1800.0,3.0,10.6,normal
1697501036.855,45.764,1800.0,3.5,10.6,normal
1697501037.357,45.764,1800.0,3.5,10.6,normal
1697501037.86,45.764,1800.0,3.9,10.6,normal
1697501038.362,45.277,1800.0,3.0,10.6,normal
1697501038.865,46.251,1800.0,4.0,10.6,normal
1697501039.367,46.738,1800.0,4.0,10.6,normal
1697501039.87,46.738,1800.0,3.5,10.6,normal
1697501040.375,46.251,700.0,3.5,10.6,normal
1697501040.88,45.277,800.0,4.5,10.6,normal
1697501041.383,45.764,1800.0,24.3,10.3,normal
1697501041.886,47.225,1800.0,31.8,10.6,normal
1697501042.389,46.738,1800.0,3.5,10.6,normal
1697501042.891,44.79,1800.0,3.0,10.6,normal
1697501043.394,46.738,1800.0,3.5,10.6,normal
1697501043.896,46.251,1800.0,4.0,10.7,normal
1697501044.399,46.738,1800.0,4.0,10.7,normal
1697501044.902,45.277,1800.0,3.0,10.7,normal
1697501045.404,45.277,1800.0,3.5,10.7,normal
1697501045.907,45.764,1800.0,2.5,10.7,normal
1697501046.412,45.764,600.0,3.9,10.7,normal
1697501046.917,45.764,700.0,4.5,10.7,normal
1697501047.42,45.764,1800.0,14.5,10.1,normal
1697501047.923,47.712,1800.0,36.5,10.6,normal
1697501048.426,46.251,1800.0,6.0,10.6,normal
1697501048.929,45.764,1800.0,4.5,10.6,normal
1697501049.431,44.79,1800.0,3.5,10.7,normal
1697501049.934,45.764,1800.0,4.5,10.7,normal
1697501050.437,45.764,1800.0,3.0,10.7,normal
1697501050.939,45.764,1800.0,3.5,10.7,normal
1697501051.442,45.764,1800.0,4.0,10.7,normal
1697501051.944,44.79,1800.0,4.0,10.7,normal
1697501052.449,45.277,725.0,4.4,10.7,normal
1697501052.956,45.277,600.0,5.4,10.7,normal
1697501053.465,45.764,900.0,6.9,10.5,normal
1697501053.968,45.277,1800.0,31.8,10.5,normal
1697501054.471,45.764,1800.0,22.6,10.6,normal
1697501054.973,46.738,1800.0,2.5,10.7,normal
1697501055.476,45.764,1800.0,3.0,10.7,normal
1697501055.979,46.251,1800.0,5.4,10.7,normal
1697501056.481,45.764,1800.0,2.5,10.7,normal
1697501056.984,46.738,1800.0,3.5,10.7,normal
1697501057.487,45.277,1800.0,2.5,10.7,normal
1697501057.989,45.764,1800.0,4.5,10.7,normal
1697501058.492,46.251,1800.0,3.5,10.7,normal
1697501058.998,44.79,600.0,5.4,10.7,normal
1697501059.501,45.764,1800.0,10.5,9.7,normal
1697501060.004,46.738,1800.0,30.0,10.5,normal
1697501060.507,46.738,1800.0,16.4,10.6,normal
1697501061.01,45.764,1800.0,3.5,10.6,normal
1697501061.512,45.764,1800.0,2.0,10.7,normal
1697501062.015,46.738,1800.0,3.5,10.7,normal
1697501062.517,46.738,1800.0,2.0,10.7,normal
1697501063.02,45.764,1800.0,4.5,10.7,normal
1697501063.523,45.764,1800.0,3.0,10.7,normal
1697501064.025,45.764,1800.0,4.0,10.7,normal
1697501064.53,46.251,700.0,2.0,10.7,normal
1697501065.034,45.277,1000.0,6.4,10.7,normal
1697501065.538,45.764,1000.0,4.0,10.7,normal
1697501066.041,46.251,1800.0,26.9,10.5,normal
1697501066.543,46.251,1800.0,26.1,10.7,normal
1697501067.047,45.764,1800.0,3.0,10.7,normal
1697501067.55,45.277,1800.0,3.9,10.7,normal
1697501068.053,46.738,1800.0,2.5,10.7,normal
1697501068.556,45.277,1800.0,3.5,10.7,normal
1697501069.058,45.764,1800.0,4.5,10.7,normal
1697501069.561,45.764,1800.0,4.0,10.7,normal
1697501070.063,45.277,1800.0,3.0,10.7,normal
1697501070.566,46.738,1800.0,3.5,10.7,normal
1697501071.07,44.79,900.0,5.4,10.7,normal
1697501071.573,46.251,1800.0,10.4,9.6,normal
1697501072.076,45.277,1800.0,28.4,10.5,normal
1697501072.578,46.738,1800.0,20.6,10.6,normal
1697501073.081,47.225,1800.0,3.5,10.6,normal
1697501073.583,46.738,1800.0,4.0,10.6,normal
1697501074.086,45.764,1800.0,3.5,10.6,normal
1697501074.588,46.251,1800.0,3.0,10.6,normal
1697501075.091,45.764,1800.0,4.0,10.6,normal
1697501075.593,46.251,1800.0,4.0,10.6,normal
1697501076.096,46.738,1800.0,3.5,10.7,normal
1697501076.601,45.277,700.0,3.5,10.7,normal
1697501077.106,45.764,900.0,4.9,10.7,normal
1697501077.61,45.764,800.0,5.0,10.7,normal
1697501078.114,46.251,1800.0,27.9,10.4,normal
1697501078.617,45.764,1800.0,27.3,10.7,normal
1697501079.119,46.251,1800.0,4.0,10.7,normal
1697501079.622,45.764,1800.0,3.0,10.7,normal
1697501080.124,45.764,1800.0,5.0,10.7,normal
1697501080.627,45.764,1800.0,2.5,10.7,normal
1697501081.13,46.251,1800.0,5.4,10.7,normal
1697501081.632,46.251,1800.0,3.5,10.7,normal
1697501082.135,45.277,1800.0,3.5,10.7,normal
1697501082.637,45.764,1800.0,4.0,10.7,normal
1697501083.141,45.764,900.0,3.5,10.7,normal
1697501083.646,45.277,800.0,5.4,10.7,normal
1697501084.149,46.738,1800.0,20.4,10.3,normal
1697501084.651,46.251,1800.0,33.8,10.7,normal
1697501085.154,46.738,1800.0,3.5,10.7,normal
1697501085.657,45.764,1800.0,2.0,10.7,normal
1697501086.159,45.277,1800.0,2.5,10.7,normal
1697501086.662,45.764,1800.0,1.0,10.7,normal
1697501087.164,45.277,1800.0,3.0,10.7,normal
1697501087.667,44.79,1800.0,2.5,10.7,normal
1697501088.169,45.764,1800.0,4.0,10.7,normal
1697501088.672,45.277,1800.0,5.0,10.7,normal
1697501089.178,45.277,600.0,2.0,10.7,normal
1697501089.683,45.764,600.0,2.0,10.7,normal
1697501090.187,45.764,1800.0,27.4,10.4,normal
1697501090.69,44.79,1800.0,29.1,10.6,normal
1697501091.192,46.738,1800.0,3.5,10.7,normal
1697501091.695,45.277,1800.0,3.5,10.7,normal
1697501092.197,45.277,1800.0,3.5,10.7,normal
1697501092.7,45.764,1800.0,3.5,10.7,normal
1697501093.203,46.251,1800.0,3.5,10.7,normal
1697501093.705,45.764,1800.0,3.5,10.7,normal
1697501094.208,44.79,1800.0,3.0,10.7,normal
1697501094.71,46.738,1800.0,4.0,10.7,normal
1697501095.215,45.764,800.0,4.5,10.7,normal
1697501095.721,46.251,600.0,6.9,10.5,normal
1697501096.223,46.251,1800.0,28.4,10.4,normal
1697501096.726,46.738,1800.0,24.8,10.6,normal
1697501097.229,45.764,1800.0,3.0,10.6,normal
1697501097.731,46.738,1800.0,3.9,10.6,normal
1697501098.234,47.225,1800.0,3.5,10.6,normal
1697501098.736,45.764,1800.0,4.5,10.6,normal
1697501099.239,45.764,1800.0,3.5,10.7,normal
1697501099.741,46.251,1800.0,3.0,10.7,normal
1697501100.244,44.79,1800.0,3.0,10.7,normal
1697501100.746,45.764,1800.0,3.5,10.7,normal
1697501101.252,46.251,600.0,5.0,10.7,normal
1697501101.757,44.79,700.0,4.0,10.7,normal
1697501102.26,45.277,1800.0,24.3,10.3,normal
1697501102.763,45.277,1800.0,29.5,10.6,normal
1697501103.265,46.738,1800.0,3.0,10.6,normal
1697501103.768,46.251,1800.0,4.4,10.6,normal
1697501104.271,45.764,1800.0,3.0,10.6,normal
1697501104.773,46.251,1800.0,3.4,10.6,normal
1697501105.276,46.738,1800.0,3.0,10.6,normal
1697501105.778,44.79,1800.0,4.0,10.6,normal
1697501106.281,45.277,1800.0,4.0,10.6,normal
1697501106.783,45.764,1800.0,3.5,10.6,normal
1697501107.286,46.251,1800.0,5.9,10.6,normal
1697501107.788,45.277,1800.0,4.0,10.6,normal
1697501108.291,45.764,1800.0,27.5,10.5,normal
1697501108.793,46.251,1800.0,25.4,10.7,normal
1697501109.296,45.277,1800.0,3.0,10.7,normal
1697501109.799,47.225,1800.0,4.4,10.7,normal
1697501110.301,46.251,1800.0,3.5,10.7,normal
1697501110.804,46.251,1800.0,3.5,10.7,normal
1697501111.306,45.764,1800.0,3.0,10.7,normal
1697501111.809,44.79,1800.0,4.9,10.7,normal
1697501112.314,45.764,600.0,4.5,10.7,normal
1697501112.82,46.251,600.0,5.0,10.7,normal
1697501113.325,44.79,800.0,3.5,10.7,normal
1697501113.831,45.764,600.0,6.9,10.7,normal
1697501114.334,45.277,1800.0,24.4,10.3,normal
1697501114.837,45.764,1800.0,31.5,10.7,normal
1697501115.339,45.277,1800.0,3.5,10.7,normal
1697501115.842,45.764,1800.0,4.9,10.7,normal
1697501116.344,45.764,1800.0,3.0,10.7,normal
1697501116.847,45.764,1800.0,3.0,10.7,normal
1697501117.35,45.277,1800.0,3.5,10.7,normal
1697501117.852,44.79,1800.0,4.0,10.7,normal
1697501118.355,45.277,1800.0,4.5,10.7,normal
1697501118.857,45.764,1800.0,5.0,10.7,normal
1697501119.362,45.277,800.0,3.9,10.7,normal
1697501119.867,45.277,700.0,4.0,10.7,normal
1697501120.369,45.764,1800.0,16.5,10.3,normal
1697501120.872,45.277,1800.0,37.5,10.6,normal
1697501121.375,45.277,1800.0,3.0,10.6,normal
1697501121.877,46.251,1800.0,3.5,10.6,normal
1697501122.38,46.738,1800.0,4.0,10.6,normal
1697501122.882,45.764,1800.0,4.5,10.7,normal
1697501123.385,46.251,1800.0,3.5,10.6,normal
1697501123.888,45.764,1800.0,4.0,10.6,normal
1697501124.39,44.79,1800.0,4.5,10.6,normal
1697501124.893,46.251,1800.0,3.5,10.6,normal
1697501125.397,46.738,800.0,1.5,10.6,normal
1697501125.901,45.277,1100.0,5.4,10.6,normal
1697501126.404,45.764,1800.0,22.1,10.3,normal
1697501126.906,46.738,1800.0,33.8,10.7,normal
1697501127.409,45.277,1800.0,3.5,10.7,normal
1697501127.911,46.251,1800.0,3.5,10.7,normal
1697501128.414,47.225,1800.0,3.5,10.7,normal
1697501128.917,45.277,1800.0,5.0,10.7,normal
1697501129.419,46.251,1800.0,3.9,10.7,normal
1697501129.922,45.764,1800.0,3.5,10.7,normal
1697501130.424,46.251,1800.0,3.0,10.7,normal
1697501130.927,45.277,1800.0,3.5,10.7,normal
1697501131.432,45.764,800.0,3.5,10.7,normal
1697501131.936,44.303,900.0,5.0,10.7,normal
1697501132.439,46.251,1800.0,15.8,10.2,normal
1697501132.941,46.738,1800.0,37.0,10.6,normal
1697501133.444,44.303,1800.0,5.0,10.7,normal
1697501133.946,46.251,1800.0,4.0,10.7,normal
1697501134.449,45.277,1800.0,3.0,10.7,normal
1697501134.952,45.277,1800.0,3.5,10.6,normal
1697501135.455,45.764,1800.0,3.5,10.7,normal
1697501135.958,45.764,1800.0,3.5,10.7,normal
1697501136.462,45.277,1800.0,2.5,10.7,normal
1697501136.964,47.225,1800.0,4.0,10.7,normal
1697501137.471,45.764,600.0,5.9,10.7,normal
1697501137.976,45.764,900.0,6.4,10.7,normal
1697501138.479,46.251,1800.0,8.0,9.7,normal
1697501138.984,46.738,1800.0,29.9,10.6,normal
1697501139.487,46.251,1800.0,22.4,10.7,normal
1697501139.99,45.764,1800.0,4.5,10.7,normal
1697501140.492,44.79,1800.0,3.0,10.7,normal
1697501140.995,45.277,1800.0,3.5,10.7,normal
1697501141.497,45.764,1800.0,4.5,10.7,normal
1697501142.0,46.251,1800.0,3.0,10.7,normal
1697501142.502,47.225,1800.0,3.0,10.7,normal
1697501143.005,46.251,1800.0,3.0,10.7,normal
1697501143.51,45.764,700.0,3.4,10.7,normal
1697501144.016,45.277,600.0,2.5,10.7,normal
1697501144.52,45.277,900.0,5.0,10.7,normal
1697501145.024,45.277,1800.0,25.1,10.4,normal
1697501145.526,47.225,1800.0,25.8,10.7,normal
1697501146.029,46.251,1800.0,1.0,10.7,normal
1697501146.531,45.764,1800.0,3.5,10.7,normal
1697501147.034,45.277,1800.0,1.0,10.7,normal
1697501147.536,45.277,1800.0,3.0,10.7,normal
1697501148.044,45.764,1800.0,1.0,10.7,normal
1697501148.547,45.277,1800.0,6.0,10.7,normal
1697501149.05,45.277,1800.0,2.5,10.7,normal
1697501149.552,44.79,1800.0,1.0,10.7,normal
1697501150.058,44.79,600.0,2.5,10.7,normal
1697501150.56,45.277,1800.0,9.0,10.7,normal
1697501151.063,47.712,1800.0,19.9,10.3,normal
1697501151.566,46.251,1800.0,30.8,10.7,normal
1697501152.069,46.251,1800.0,4.0,10.7,normal
1697501152.571,45.764,1800.0,3.5,10.7,normal
1697501153.077,44.79,1800.0,3.9,10.7,normal
1697501153.58,45.277,1800.0,3.5,10.7,normal
1697501154.083,45.764,1800.0,5.0,10.7,normal
1697501154.586,44.79,1800.0,4.0,10.7,normal
1697501155.089,45.764,1800.0,3.0,10.7,normal
1697501155.593,45.764,900.0,4.5,10.7,normal
1697501156.096,45.764,1000.0,6.4,10.7,normal
1697501156.601,45.764,900.0,5.0,10.7,normal
1697501157.104,45.764,1800.0,26.9,10.4,normal
1697501157.607,46.251,1800.0,26.8,10.7,normal
1697501158.114,45.764,1800.0,4.0,10.7,normal
1697501158.617,45.277,1800.0,3.5,10.7,normal
1697501159.119,45.277,1800.0,4.0,10.7,normal
1697501159.622,45.764,1800.0,3.5,10.7,normal
1697501160.124,45.764,1800.0,4.0,10.7,normal
1697501160.627,45.277,1800.0,3.5,10.7,normal
1697501161.13,44.79,1800.0,4.0,10.6,normal
1697501161.632,46.251,1800.0,3.0,10.7,normal
1697501162.136,44.79,1100.0,5.9,10.7,normal
1697501162.64,46.251,1800.0,9.4,9.6,normal
1697501163.144,46.738,1800.0,28.9,10.6,normal
1697501163.647,45.277,1800.0,19.6,10.7,normal
1697501164.149,46.251,1800.0,4.0,10.7,normal
1697501164.652,46.738,1800.0,3.5,10.7,normal
1697501165.155,45.277,1800.0,4.0,10.7,normal
1697501165.657,45.764,1800.0,2.5,10.7,normal
1697501166.16,45.277,1800.0,5.0,10.7,normal
1697501166.662,45.764,1800.0,4.0,10.7,normal
1697501167.165,45.277,1800.0,3.0,10.7,normal
1697501167.669,45.764,700.0,3.5,10.7,normal
1697501168.174,44.79,1000.0,5.9,10.7,normal
1697501168.677,46.251,1800.0,14.9,10.2,normal
1697501169.18,47.225,1800.0,36.8,10.6,normal
1697501169.682,46.251,1800.0,7.9,10.7,normal
1697501170.185,46.251,1800.0,4.0,10.7,normal
1697501170.687,46.251,1800.0,4.0,10.7,normal
1697501171.19,44.79,1800.0,3.5,10.7,normal
1697501171.692,44.79,1800.0,2.5,10.7,normal
1697501172.195,45.764,1800.0,4.0,10.7,normal
1697501172.697,46.738,1800.0,3.0,10.7,normal
1697501173.2,44.79,1800.0,3.5,10.7,normal
1697501173.704,46.251,800.0,5.0,10.7,normal
1697501174.21,45.764,600.0,5.9,10.7,normal
1697501174.713,46.251,1800.0,18.9,10.3,normal
1697501175.215,46.738,1800.0,35.9,10.7,normal
1697501175.718,45.764,1800.0,3.9,10.7,normal
1697501176.22,45.764,1800.0,3.0,10.7,normal
1697501176.723,46.251,1800.0,3.0,10.7,normal
1697501177.226,46.738,1800.0,3.0,10.7,normal
1697501177.728,45.277,1800.0,4.0,10.7,normal
1697501178.231,45.764,1800.0,3.5,10.7,normal
1697501178.733,45.277,1800.0,3.5,10.7,normal
1697501179.236,46.738,1800.0,3.0,10.7,normal
1697501179.741,45.277,600.0,2.5,10.7,normal
1697501180.247,45.764,600.0,5.9,10.7,normal
1697501180.751,45.277,1800.0,11.9,10.0,normal
1697501181.255,46.251,1800.0,34.0,10.6,normal
1697501181.758,46.251,1800.0,12.1,10.6,normal
1697501182.26,45.764,1800.0,3.5,10.6,normal
1697501182.763,45.764,1800.0,3.5,10.6,normal
1697501183.265,45.277,1800.0,3.5,10.6,normal
1697501183.768,45.764,1800.0,4.4,10.7,normal
1697501184.27,45.277,1800.0,3.0,10.7,normal
1697501184.773,45.764,1800.0,2.5,10.7,normal
1697501185.275,45.764,1800.0,2.5,10.7,normal
1697501185.78,45.764,700.0,2.5,10.7,normal
1697501186.286,45.277,600.0,5.4,10.7,normal
1697501186.792,44.79,700.0,5.5,10.6,normal
1697501187.295,46.738,1800.0,29.1,10.4,normal
1697501187.798,44.79,1800.0,24.6,10.6,normal
1697501188.3,45.764,1800.0,4.0,10.6,normal
1697501188.803,46.251,1800.0,4.9,10.6,normal
1697501189.305,45.277,1800.0,2.5,10.7,normal
1697501189.808,46.251,1800.0,3.0,10.7,normal
1697501190.31,46.251,1800.0,3.5,10.7,normal
1697501190.813,45.764,1800.0,3.5,10.7,normal
1697501191.315,45.277,1800.0,3.0,10.7,normal
1697501191.818,45.277,1800.0,3.0,10.7,normal
1697501192.323,45.277,600.0,5.4,10.7,normal
1697501192.829,45.277,600.0,5.9,10.7,normal
1697501193.332,45.764,1800.0,21.8,10.3,normal
1697501193.835,45.764,1800.0,34.5,10.6,normal
1697501194.337,45.764,1800.0,2.5,10.6,normal
1697501194.84,45.764,1800.0,4.5,10.6,normal
1697501195.342,45.764,1800.0,4.0,10.7,normal
1697501195.845,46.251,1800.0,3.5,10.7,normal
1697501196.347,45.764,1800.0,3.0,10.7,normal
1697501196.85,46.251,1800.0,4.5,10.7,normal
1697501197.352,45.764,1800.0,3.5,10.7,normal
1697501197.855,45.764,1800.0,4.9,10.7,normal
1697501198.36,45.764,600.0,3.0,10.7,normal
1697501198.866,45.277,600.0,5.4,10.7,normal
1697501199.37,46.251,1800.0,26.4,10.4,normal
1697501199.872,46.251,1800.0,30.0,10.7,normal
1697501200.375,46.251,1800.0,3.0,10.7,normal
1697501200.877,45.764,1800.0,3.5,10.7,normal
1697501201.38,45.764,1800.0,4.0,10.7,normal
1697501201.883,46.251,1800.0,4.0,10.7,normal
1697501202.385,45.764,1800.0,3.0,10.7,normal
1697501202.888,45.277,1800.0,3.5,10.7,normal
1697501203.39,45.277,1800.0,4.0,10.7,normal
1697501203.893,45.764,1800.0,4.5,10.7,normal
1697501204.398,46.251,700.0,4.0,10.7,normal
1697501204.903,45.277,875.0,4.9,10.6,normal
1697501205.406,46.251,1800.0,28.4,10.4,normal
1697501205.909,46.251,1800.0,25.1,10.6,normal
1697501206.411,46.738,1800.0,3.0,10.6,normal
1697501206.914,45.764,1800.0,4.0,10.6,normal
1697501207.416,45.277,1800.0,3.0,10.6,normal
1697501207.919,46.251,1800.0,2.5,10.6,normal
1697501208.421,44.79,1800.0,2.5,10.6,normal
1697501208.924,46.251,1800.0,5.9,10.7,normal
1697501209.427,45.764,1800.0,1.5,10.6,normal
1697501209.929,46.251,1800.0,2.5,10.6,normal
1697501210.435,45.764,600.0,5.0,10.7,normal
1697501210.939,45.764,800.0,3.5,10.6,normal
1697501211.442,44.79,1800.0,22.9,10.4,normal
1697501211.945,46.251,1800.0,32.2,10.7,normal
1697501212.448,45.764,1800.0,4.0,10.7,normal
1697501212.95,46.738,1800.0,3.0,10.7,normal
1697501213.453,45.764,1800.0,3.5,10.7,normal
1697501213.956,44.79,1800.0,5.5,10.7,normal
1697501214.458,46.251,1800.0,3.9,10.7,normal
1697501214.961,44.303,1800.0,3.5,10.7,normal
1697501215.463,46.251,1800.0,3.5,10.7,normal
1697501215.966,46.251,1800.0,3.5,10.7,normal
1697501216.471,45.764,700.0,5.0,10.7,normal
1697501216.976,45.277,700.0,4.5,10.7,normal
1697501217.479,46.251,1800.0,15.9,10.2,normal
1697501217.983,47.225,1800.0,37.0,10.6,normal
1697501218.485,46.251,1800.0,6.9,10.7,normal
1697501218.988,47.225,1800.0,4.9,10.7,normal
1697501219.491,46.251,1800.0,3.0,10.7,normal
1697501219.993,46.738,1800.0,4.0,10.7,normal
1697501220.496,45.277,1800.0,3.5,10.7,normal
1697501220.998,45.764,1800.0,3.5,10.7,normal
1697501221.501,46.738,1800.0,4.0,10.7,normal
1697501222.003,45.764,1800.0,4.0,10.7,normal
1697501222.508,44.79,700.0,5.0,10.7,normal
1697501223.012,45.764,900.0,4.0,10.7,normal
1697501223.515,46.251,1800.0,20.7,10.3,normal
1697501224.018,46.251,1800.0,35.2,10.7,normal
1697501224.52,47.712,1800.0,3.0,10.7,normal
1697501225.023,46.251,1800.0,3.0,10.7,normal
1697501225.526,46.251,1800.0,3.0,10.7,normal
1697501226.028,46.251,1800.0,2.0,10.7,normal
1697501226.531,47.225,1800.0,3.5,10.7,normal
1697501227.033,46.738,1800.0,2.5,10.7,normal
1697501227.536,46.251,1800.0,3.0,10.7,normal
1697501228.038,45.764,1800.0,3.5,10.7,normal
1697501228.542,45.764,1000.0,5.5,10.7,normal
1697501229.046,45.277,1100.0,6.4,10.6,normal
1697501229.549,45.764,1800.0,24.4,10.3,normal
1697501230.052,47.225,1800.0,30.8,10.6,normal
1697501230.554,45.764,1800.0,4.5,10.6,normal
1697501231.057,45.764,1800.0,2.5,10.6,normal
1697501231.559,46.251,1800.0,3.5,10.6,normal
1697501232.062,46.738,1800.0,3.0,10.6,normal
1697501232.564,45.764,1800.0,3.5,10.6,normal
1697501233.067,46.251,1800.0,3.0,10.6,normal
1697501233.57,46.251,1800.0,3.0,10.6,normal
1697501234.072,46.738,1800.0,4.5,10.6,normal
1697501234.576,45.277,900.0,4.5,10.6,normal
1697501235.08,44.303,1000.0,5.0,10.6,normal
1697501235.583,45.277,1800.0,28.4,10.5,normal
1697501236.086,46.738,1800.0,24.7,10.6,normal
1697501236.588,45.277,1800.0,3.5,10.6,normal
1697501237.091,45.764,1800.0,4.5,10.6,normal
1697501237.594,46.251,1800.0,3.9,10.6,normal
1697501238.096,45.764,1800.0,2.5,10.6,normal
1697501238.599,45.764,1800.0,3.5,10.7,normal
1697501239.102,44.79,1800.0,5.0,10.7,normal
1697501239.604,45.764,1800.0,3.0,10.6,normal
1697501240.107,45.277,1800.0,3.5,10.7,normal
1697501240.611,45.277,800.0,4.5,10.7,normal
1697501241.114,46.251,1800.0,11.3,9.6,normal
1697501241.619,47.225,1800.0,28.7,10.5,normal
1697501242.122,46.251,1800.0,20.5,10.7,normal
1697501242.624,46.251,1800.0,3.0,10.7,normal
1697501243.127,45.764,1800.0,4.0,10.7,normal
1697501243.63,46.251,1800.0,4.5,10.6,normal
1697501244.132,45.764,1800.0,4.4,10.6,normal
1697501244.635,46.251,1800.0,4.0,10.7,normal
1697501245.138,46.251,1800.0,3.5,10.6,normal
1697501245.64,46.251,1800.0,4.5,10.6,normal
1697501246.145,45.277,700.0,3.5,10.7,normal
1697501246.65,45.277,675.0,4.9,10.6,normal
1697501247.153,45.764,1800.0,16.0,10.1,normal
1697501247.656,46.738,1800.0,36.5,10.6,normal
1697501248.159,46.251,1800.0,6.5,10.7,normal
1697501248.661,46.251,1800.0,4.0,10.7,normal
1697501249.164,44.79,1800.0,3.5,10.7,normal
1697501249.666,46.251,1800.0,4.0,10.7,normal
1697501250.169,45.764,1800.0,3.0,10.7,normal
1697501250.671,45.277,1800.0,3.5,10.7,normal
1697501251.174,46.251,1800.0,3.5,10.7,normal
1697501251.677,45.277,1800.0,3.5,10.7,normal
1697501252.182,46.251,700.0,3.5,10.7,normal
1697501252.688,44.79,600.0,4.5,10.7,normal
1697501253.191,45.277,1800.0,20.3,10.2,normal
1697501253.693,46.738,1800.0,37.4,10.5,normal
1697501254.196,47.225,1800.0,4.0,10.6,normal
1697501254.698,45.277,1800.0,3.5,10.6,normal
1697501255.201,44.79,1800.0,4.0,10.6,normal
1697501255.703,46.251,1800.0,3.0,10.6,normal
1697501256.206,45.277,1800.0,3.9,10.6,normal
1697501256.708,46.251,1800.0,3.5,10.6,normal
1697501257.211,45.764,1800.0,4.5,10.6,normal
1697501257.714,46.251,1800.0,4.0,10.6,normal
1697501258.219,45.764,600.0,4.0,10.6,normal
1697501258.725,45.764,600.0,5.0,10.6,normal
1697501259.228,45.277,1800.0,21.9,10.3,normal
1697501259.73,46.738,1800.0,33.2,10.6,normal
1697501260.233,46.738,1800.0,3.5,10.6,normal
1697501260.735,45.277,1800.0,4.0,10.6,normal
1697501261.238,45.764,1800.0,4.0,10.6,normal
1697501261.74,45.764,1800.0,3.0,10.7,normal
1697501262.243,45.277,1800.0,3.0,10.7,normal
1697501262.746,45.764,1800.0,3.5,10.7,normal
1697501263.248,46.251,1800.0,4.0,10.7,normal
1697501263.751,45.764,1800.0,4.5,10.7,normal
1697501264.257,44.79,600.0,4.4,10.7,normal
1697501264.762,45.277,600.0,4.0,10.7,normal
1697501265.265,45.764,1800.0,15.9,10.2,normal
1697501265.768,47.225,1800.0,36.5,10.6,normal
1697501266.272,45.764,1800.0,5.9,10.7,normal
1697501266.774,46.251,1800.0,2.5,10.7,normal
1697501267.277,45.764,1800.0,2.5,10.7,normal
1697501267.779,46.251,1800.0,1.5,10.7,normal
1697501268.282,45.764,1800.0,3.5,10.7,normal
1697501268.785,44.79,1800.0,3.0,10.7,normal
1697501269.287,44.79,1800.0,0.0,10.7,normal
1697501269.79,45.277,1800.0,0.5,10.7,normal
1697501270.295,46.251,700.0,0.0,10.7,normal
1697501270.801,46.738,600.0,6.9,10.7,normal
1697501271.303,45.764,1800.0,22.8,10.3,normal
1697501271.806,46.251,1800.0,34.3,10.7,normal
1697501272.309,46.251,1800.0,3.0,10.7,normal
1697501272.811,45.764,1800.0,3.5,10.7,normal
1697501273.314,45.277,1800.0,3.5,10.7,normal
1697501273.816,46.251,1800.0,5.0,10.6,normal
1697501274.319,46.251,1800.0,4.4,10.6,normal
1697501274.821,45.277,1800.0,4.5,10.6,normal
1697501275.324,46.738,1800.0,3.0,10.7,normal
1697501275.826,45.277,1800.0,3.0,10.7,normal
1697501276.332,45.277,600.0,4.0,10.7,normal
1697501276.838,45.764,600.0,4.9,10.7,normal
1697501277.341,45.764,1800.0,24.0,10.3,normal
1697501277.844,46.251,1800.0,30.0,10.6,normal
1697501278.347,46.738,1800.0,4.0,10.6,normal
1697501278.849,46.251,1800.0,4.5,10.6,normal
1697501279.352,45.277,1800.0,3.0,10.6,normal
1697501279.854,45.277,1800.0,3.0,10.6,normal
1697501280.357,45.277,1800.0,4.0,10.6,normal
1697501280.859,45.277,1800.0,3.0,10.7,normal
1697501281.362,45.277,1800.0,3.5,10.7,normal
1697501281.864,45.277,1800.0,3.0,10.7,normal
1697501282.37,45.764,600.0,5.0,10.7,normal
1697501282.876,45.764,600.0,4.4,10.6,normal
1697501283.379,45.764,1800.0,18.5,10.3,normal
1697501283.881,46.738,1800.0,36.0,10.7,normal
1697501284.384,46.251,1800.0,3.5,10.7,normal
1697501284.887,45.764,1800.0,3.9,10.7,normal
1697501285.389,46.251,1800.0,3.0,10.7,normal
1697501285.892,45.764,1800.0,3.0,10.7,normal
1697501286.394,46.251,1800.0,4.5,10.7,normal
1697501286.897,45.764,1800.0,3.5,10.7,normal
1697501287.399,45.277,1800.0,3.5,10.7,normal
1697501287.902,45.277,1800.0,3.0,10.7,normal
1697501288.407,45.764,600.0,3.9,10.7,normal
1697501288.913,45.764,600.0,4.5,10.7,normal
1697501289.417,45.764,1800.0,11.4,9.8,normal
1697501289.921,46.251,1800.0,32.3,10.6,normal
1697501290.423,46.251,1800.0,16.7,10.6,normal
1697501290.926,46.251,1800.0,4.0,10.6,normal
1697501291.428,47.225,1800.0,3.0,10.6,normal
1697501291.931,46.251,1800.0,3.0,10.7,normal
1697501292.434,45.764,1800.0,3.5,10.7,normal
1697501292.936,46.738,1800.0,3.5,10.7,normal
1697501293.439,46.251,1800.0,3.0,10.7,normal
1697501293.941,45.277,1800.0,4.0,10.7,normal
1697501294.446,45.277,700.0,3.4,10.7,normal
1697501294.951,45.764,700.0,5.0,10.7,normal
1697501295.456,44.79,1000.0,5.5,10.6,normal
1697501295.959,46.251,1800.0,28.4,10.4,normal
1697501296.462,46.251,1800.0,26.5,10.6,normal
1697501296.965,46.738,1800.0,2.0,10.6,normal
1697501297.467,45.277,1800.0,5.0,10.6,normal
1697501297.97,47.225,1800.0,3.9,10.7,normal
1697501298.472,46.251,1800.0,2.5,10.7,normal
1697501298.976,46.251,1800.0,3.9,10.7,normal
1697501299.478,45.764,1800.0,5.0,10.7,normal
1697501299.981,45.277,1800.0,3.0,10.7,normal
1697501300.483,45.764,1800.0,3.5,10.7,normal
1697501300.989,45.277,700.0,4.4,10.7,normal
1697501301.492,46.251,1800.0,9.5,9.5,normal
1697501301.995,47.225,1800.0,29.9,10.5,normal
1697501302.498,46.251,1800.0,20.5,10.7,normal
1697501303.0,47.225,1800.0,4.0,10.7,normal
1697501303.503,45.764,1800.0,4.0,10.7,normal
1697501304.005,46.251,1800.0,4.4,10.7,normal
1697501304.508,46.738,1800.0,2.5,10.7,normal
1697501305.011,46.738,1800.0,4.0,10.7,normal
1697501305.513,45.764,1800.0,4.0,10.7,normal
1697501306.016,45.277,1800.0,2.5,10.7,normal
1697501306.52,45.277,700.0,3.0,10.7,normal
1697501307.025,45.764,800.0,4.4,10.7,normal
1697501307.529,44.79,850.0,4.5,10.7,normal
1697501308.033,47.225,1800.0,26.9,10.4,normal
1697501308.535,46.251,1800.0,26.9,10.6,normal
1697501309.038,46.251,1800.0,2.5,10.6,normal
1697501309.54,46.251,1800.0,3.0,10.6,normal
1697501310.043,45.764,1800.0,3.0,10.7,normal
1697501310.545,45.764,1800.0,2.0,10.7,normal
1697501311.048,45.277,1800.0,3.0,10.7,normal
1697501311.55,46.738,1800.0,2.5,10.7,normal
1697501312.053,45.277,1800.0,3.0,10.7,normal
1697501312.556,46.738,1800.0,3.5,10.7,normal
1697501313.061,45.764,600.0,4.0,10.7,normal
1697501313.565,45.277,900.0,4.0,10.7,normal
1697501314.068,46.251,1800.0,23.3,10.3,normal
1697501314.571,46.251,1800.0,32.3,10.6,normal
1697501315.073,45.277,1800.0,3.5,10.6,normal
1697501315.576,45.764,1800.0,3.5,10.6,normal
1697501316.078,45.277,1800.0,4.0,10.7,normal
1697501316.581,45.764,1800.0,3.5,10.7,normal
1697501317.083,46.251,1800.0,3.0,10.7,normal
1697501317.586,46.251,1800.0,3.5,10.7,normal
1697501318.088,45.764,1800.0,4.5,10.7,normal
1697501318.591,46.251,1800.0,4.0,10.7,normal
1697501319.095,45.764,900.0,5.9,10.7,normal
1697501319.6,45.277,900.0,4.5,10.7,normal
1697501320.103,47.225,1800.0,24.9,10.5,normal
1697501320.606,45.764,1800.0,25.9,10.7,normal
1697501321.108,47.225,1800.0,5.4,10.7,normal
1697501321.611,45.764,1800.0,3.5,10.7,normal
1697501322.113,46.251,1800.0,2.5,10.7,normal
1697501322.616,45.277,1800.0,4.5,10.7,normal
1697501323.119,45.764,1800.0,3.4,10.7,normal
1697501323.621,46.251,1800.0,3.0,10.7,normal
1697501324.124,45.277,1800.0,4.0,10.7,normal
1697501324.626,45.764,1800.0,3.5,10.7,normal
1697501325.133,45.764,900.0,3.5,10.7,normal
1697501325.637,44.79,900.0,4.9,10.7,normal
1697501326.14,45.277,1800.0,18.4,10.2,normal
1697501326.643,45.764,1800.0,36.0,10.6,normal
1697501327.146,46.251,1800.0,1.5,10.6,normal
1697501327.648,45.764,1800.0,2.5,10.6,normal
1697501328.151,45.764,1800.0,3.0,10.6,normal
1697501328.653,45.277,1800.0,5.0,10.6,normal
1697501329.156,45.764,1800.0,1.0,10.6,normal
1697501329.658,45.277,1800.0,2.0,10.6,normal
1697501330.161,45.277,1800.0,1.0,10.6,normal
1697501330.664,45.277,1800.0,1.5,10.6,normal
1697501331.167,45.764,1000.0,8.9,10.6,normal
1697501331.673,45.764,600.0,4.9,10.6,normal
1697501332.177,45.764,1800.0,12.1,10.0,normal
1697501332.68,46.738,1800.0,34.7,10.6,normal
1697501333.183,46.738,1800.0,11.5,10.7,normal
1697501333.685,45.277,1800.0,4.5,10.7,normal
1697501334.188,45.764,1800.0,4.0,10.7,normal
1697501334.691,46.251,1800.0,4.0,10.7,normal
1697501335.198,45.277,1800.0,4.4,10.7,normal
1697501335.701,46.251,1800.0,3.5,10.7,normal
1697501336.203,45.764,1800.0,4.0,10.7,normal
1697501336.706,45.764,1800.0,3.5,10.7,normal
1697501337.211,44.79,700.0,4.5,10.7,normal
1697501337.716,45.277,800.0,5.0,10.7,normal
1697501338.219,46.251,1800.0,19.3,10.2,normal
1697501338.721,46.251,1800.0,37.0,10.7,normal
1697501339.224,47.225,1800.0,4.0,10.7,normal
1697501339.726,45.277,1800.0,4.0,10.7,normal
1697501340.229,45.764,1800.0,3.0,10.7,normal
1697501340.731,45.764,1800.0,3.5,10.7,normal
1697501341.234,46.738,1800.0,4.0,10.7,normal
1697501341.737,44.79,1800.0,4.0,10.7,normal
1697501342.239,45.764,1800.0,3.5,10.7,normal
1697501342.742,45.764,1800.0,3.5,10.7,normal
1697501343.247,46.251,600.0,3.5,10.7,normal
1697501343.752,44.79,800.0,5.9,10.7,normal
1697501344.256,45.277,1800.0,11.9,9.8,normal
1697501344.76,46.738,1800.0,30.3,10.6,normal
1697501345.262,45.277,1800.0,16.0,10.6,normal
1697501345.765,45.764,1800.0,3.5,10.7,normal
1697501346.267,45.277,1800.0,3.5,10.7,normal
1697501346.77,45.277,1800.0,3.5,10.6,normal
1697501347.273,45.764,1800.0,3.5,10.7,normal
1697501347.775,46.738,1800.0,4.0,10.7,normal
1697501348.278,45.764,1800.0,3.5,10.7,normal
1697501348.78,46.251,1800.0,5.0,10.7,normal
1697501349.285,45.764,700.0,3.0,10.7,normal
1697501349.791,45.277,600.0,4.5,10.7,normal
1697501350.294,46.251,1800.0,17.8,10.2,normal
1697501350.797,47.225,1800.0,37.2,10.6,normal
1697501351.299,46.251,1800.0,3.0,10.6,normal
1697501351.802,46.251,1800.0,1.5,10.6,normal
1697501352.304,46.738,1800.0,4.0,10.6,normal
1697501352.807,45.764,1800.0,3.0,10.6,normal
1697501353.309,45.277,1800.0,3.0,10.7,normal
1697501353.812,45.764,1800.0,4.5,10.7,normal
1697501354.315,45.277,1800.0,3.5,10.7,normal
1697501354.817,45.764,1800.0,3.0,10.7,normal
1697501355.323,46.251,600.0,3.0,10.7,normal
1697501355.828,45.764,600.0,4.4,10.7,normal
1697501356.331,46.738,1800.0,11.0,9.6,normal
1697501356.834,46.738,1800.0,28.9,10.6,normal
1697501357.337,46.251,1800.0,19.6,10.7,normal
1697501357.839,46.251,1800.0,3.5,10.7,normal
1697501358.342,45.764,1800.0,5.4,10.7,normal
1697501358.844,46.738,1800.0,4.0,10.7,normal
1697501359.347,45.277,1800.0,3.0,10.7,normal
1697501359.85,45.764,1800.0,3.0,10.7,normal
1697501360.352,46.251,1800.0,3.5,10.7,normal
1697501360.855,46.251,1800.0,4.0,10.7,normal
1697501361.36,45.764,700.0,4.4,10.7,normal
1697501361.865,45.764,600.0,4.4,10.7,normal
1697501362.371,45.764,600.0,5.4,10.7,normal
1697501362.875,46.738,1800.0,26.4,10.4,normal
1697501363.377,45.764,1800.0,28.8,10.7,normal
1697501363.88,45.764,1800.0,4.5,10.7,normal
1697501364.383,46.251,1800.0,3.5,10.7,normal
1697501364.885,45.277,1800.0,2.0,10.7,normal
1697501365.388,45.764,1800.0,4.0,10.7,normal
1697501365.89,45.277,1800.0,3.5,10.7,normal
1697501366.393,46.738,1800.0,3.5,10.7,normal
1697501366.895,45.764,1800.0,2.5,10.7,normal
1697501367.398,46.251,1800.0,4.5,10.7,normal
1697501367.903,45.277,600.0,4.0,10.7,normal
1697501368.41,44.79,600.0,5.5,10.6,normal
1697501368.913,46.251,1800.0,29.7,10.5,normal
1697501369.416,45.277,1800.0,23.7,10.7,normal
1697501369.918,45.764,1800.0,3.0,10.7,normal
1697501370.421,46.738,1800.0,3.5,10.7,normal
1697501370.923,45.764,1800.0,3.0,10.7,normal
1697501371.426,46.738,1800.0,3.5,10.7,normal
1697501371.928,45.277,1800.0,3.5,10.7,normal
1697501372.431,45.277,1800.0,3.0,10.7,normal
1697501372.933,45.277,1800.0,3.0,10.7,normal
1697501373.436,45.764,1800.0,4.0,10.7,normal
1697501373.941,44.303,600.0,5.0,10.7,normal
1697501374.447,45.277,700.0,4.5,10.7,normal
1697501374.95,45.764,1800.0,22.0,10.4,normal
1697501375.453,46.738,1800.0,34.2,10.7,normal
1697501375.956,45.764,1800.0,3.0,10.7,normal
1697501376.459,46.251,1800.0,4.5,10.7,normal
1697501376.962,46.251,1800.0,3.0,10.7,normal
1697501377.464,46.251,1800.0,4.0,10.7,normal
1697501377.967,47.225,1800.0,3.5,10.7,normal
1697501378.47,46.251,1800.0,5.4,10.7,normal
1697501378.972,46.738,1800.0,3.5,10.7,normal
1697501379.475,45.764,1800.0,6.4,10.7,normal
1697501379.979,44.79,900.0,4.0,10.7,normal
1697501380.484,46.251,700.0,6.0,10.6,normal
1697501380.987,44.79,1800.0,28.7,10.5,normal
1697501381.49,46.251,1800.0,24.6,10.7,normal
1697501381.992,46.738,1800.0,3.0,10.7,normal
1697501382.495,45.764,1800.0,3.0,10.7,normal
1697501382.998,45.277,1800.0,2.5,10.7,normal
1697501383.5,46.251,1800.0,4.5,10.7,normal
1697501384.003,45.764,1800.0,4.5,10.7,normal
1697501384.505,46.251,1800.0,3.0,10.7,normal
1697501385.008,45.764,1800.0,2.0,10.7,normal
1697501385.51,46.251,1800.0,2.5,10.7,normal
1697501386.015,45.277,800.0,3.0,10.7,normal
1697501386.519,45.764,900.0,3.5,10.7,normal
1697501387.022,46.251,1800.0,23.6,10.3,normal
1697501387.525,46.738,1800.0,32.3,10.7,normal
1697501388.027,44.79,1800.0,2.5,10.7,normal
1697501388.53,45.764,1800.0,4.0,10.7,normal
1697501389.032,46.738,1800.0,4.5,10.7,normal
1697501389.535,45.764,1800.0,2.5,10.7,normal
1697501390.038,46.251,1800.0,3.5,10.7,normal
1697501390.54,46.251,1800.0,3.5,10.7,normal
1697501391.043,46.738,1800.0,4.0,10.7,normal
1697501391.545,46.251,1800.0,3.0,10.7,normal
1697501392.05,45.277,600.0,4.5,10.7,normal
1697501392.555,46.738,700.0,4.0,10.7,normal
1697501393.058,45.764,1800.0,26.5,10.5,normal
1697501393.561,47.225,1800.0,25.8,10.7,normal
1697501394.064,45.764,1800.0,3.5,10.7,normal
1697501394.566,46.738,1800.0,2.5,10.7,normal
1697501395.069,46.251,1800.0,3.5,10.7,normal
1697501395.571,45.764,1800.0,3.5,10.7,normal
1697501396.077,45.277,1800.0,3.9,10.7,normal
1697501396.58,46.251,1800.0,2.5,10.7,normal
1697501397.082,46.251,1800.0,4.9,10.7,normal
1697501397.585,45.764,1800.0,3.0,10.7,normal
1697501398.089,46.251,900.0,5.0,10.7,normal
1697501398.595,46.251,1100.0,7.9,10.3,normal
1697501399.098,46.738,1800.0,30.3,10.6,normal
1697501399.601,46.251,1800.0,23.6,10.7,normal
1697501400.103,45.764,1800.0,3.5,10.7,normal
1697501400.606,45.764,1800.0,3.0,10.7,normal
1697501401.108,46.251,1800.0,4.5,10.7,normal
1697501401.611,45.277,1800.0,3.5,10.7,normal
1697501402.113,45.764,1800.0,3.5,10.7,normal
1697501402.616,45.764,1800.0,3.5,10.7,normal
1697501403.119,46.251,1800.0,3.0,10.7,normal
1697501403.621,46.251,1800.0,4.0,10.7,normal
1697501404.125,45.277,900.0,5.0,10.7,normal
1697501404.63,45.764,700.0,4.9,10.7,normal
1697501405.133,45.277,1800.0,24.5,10.3,normal
1697501405.635,46.251,1800.0,29.6,10.7,normal
1697501406.139,46.251,1800.0,4.0,10.7,normal
1697501406.642,46.738,1800.0,3.5,10.7,normal
1697501407.144,45.764,1800.0,3.5,10.7,normal
1697501407.647,46.738,1800.0,4.0,10.7,normal
1697501408.149,45.277,1800.0,3.0,10.7,normal
1697501408.652,46.738,1800.0,3.0,10.7,normal
1697501409.154,46.738,1800.0,3.5,10.7,normal
1697501409.657,45.764,1800.0,4.0,10.7,normal
1697501410.162,46.738,900.0,5.9,10.7,normal
1697501410.669,45.277,600.0,4.0,10.7,normal
1697501411.174,45.764,1800.0,18.1,10.2,normal
1697501411.677,47.225,1800.0,36.2,10.6,normal
1697501412.179,45.277,1800.0,7.0,10.7,normal
1697501412.682,45.764,1800.0,2.5,10.7,normal
1697501413.184,45.764,1800.0,3.0,10.7,normal
1697501413.687,45.764,1800.0,4.5,10.6,normal
1697501414.19,45.764,1800.0,4.5,10.7,normal
1697501414.692,46.251,1800.0,3.0,10.7,normal
1697501415.195,45.764,1800.0,4.0,10.7,normal
1697501415.697,46.251,1800.0,3.5,10.7,normal
1697501416.202,46.738,700.0,4.4,10.7,normal
1697501416.705,45.277,1800.0,20.1,10.7,normal
1697501417.207,45.277,1800.0,6.5,9.6,normal
1697501417.711,45.764,1800.0,29.2,10.5,normal
1697501418.213,45.277,1800.0,20.0,10.6,normal
1697501418.716,46.738,1800.0,3.5,10.7,normal
1697501419.218,47.225,1800.0,4.0,10.7,normal
1697501419.721,45.764,1800.0,3.5,10.6,normal
1697501420.223,46.251,1800.0,3.5,10.7,normal
1697501420.726,46.251,1800.0,3.5,10.7,normal
1697501421.228,46.251,1800.0,3.5,10.7,normal
1697501421.733,46.738,700.0,3.5,10.7,normal
1697501422.239,45.764,600.0,4.4,10.7,normal
1697501422.745,45.764,600.0,5.9,10.7,normal
1697501423.248,45.764,1800.0,15.0,10.2,normal
1697501423.751,47.225,1800.0,38.9,10.7,normal
1697501424.254,46.738,1800.0,6.5,10.7,normal
1697501424.756,46.738,1800.0,3.5,10.7,normal
1697501425.259,45.764,1800.0,3.5,10.7,normal
1697501425.761,45.277,1800.0,3.5,10.7,normal
1697501426.264,46.738,1800.0,3.0,10.7,normal
1697501426.766,46.251,1800.0,3.5,10.7,normal
1697501427.269,45.764,1800.0,3.5,10.7,normal
1697501427.771,45.764,1800.0,3.5,10.7,normal
1697501428.276,46.251,700.0,3.5,10.7,normal
1697501428.782,44.79,600.0,5.4,10.7,normal
1697501429.287,46.251,1500.0,9.0,10.3,normal
1697501429.791,46.251,1800.0,28.4,10.5,normal
1697501430.294,46.251,1800.0,21.9,10.7,normal
1697501430.796,46.251,1800.0,2.5,10.7,normal
1697501431.299,45.764,1800.0,5.0,10.7,normal
1697501431.802,45.277,1800.0,4.0,10.7,normal
1697501432.304,45.764,1800.0,3.5,10.7,normal
1697501432.807,46.251,1800.0,2.5,10.7,normal
1697501433.309,45.764,1800.0,4.0,10.7,normal
1697501433.812,45.764,1800.0,4.9,10.7,normal
1697501434.317,44.79,700.0,2.5,10.7,normal
1697501434.823,45.277,600.0,3.5,10.7,normal
1697501435.328,45.277,600.0,4.9,10.7,normal
1697501435.832,46.251,1800.0,26.2,10.4,normal
1697501436.335,44.79,1800.0,27.8,10.7,normal
1697501436.837,45.277,1800.0,3.5,10.7,normal
1697501437.34,46.251,1800.0,3.5,10.7,normal
1697501437.842,46.251,1800.0,2.5,10.7,normal
1697501438.345,45.764,1800.0,3.0,10.7,normal
1697501438.847,46.251,1800.0,4.5,10.7,normal
1697501439.35,46.251,1800.0,4.0,10.7,normal
1697501439.852,46.738,1800.0,4.9,10.7,normal
1697501440.355,45.764,1800.0,3.5,10.7,normal
1697501440.86,45.764,600.0,3.4,10.7,normal
1697501441.366,45.277,700.0,6.5,10.6,normal
1697501441.87,45.764,1800.0,29.0,10.5,normal
1697501442.372,46.738,1800.0,25.0,10.7,normal
1697501442.875,46.251,1800.0,3.5,10.7,normal
1697501443.377,46.251,1800.0,3.9,10.7,normal
1697501443.88,45.764,1800.0,4.5,10.7,normal
1697501444.383,46.251,1800.0,3.0,10.7,normal
1697501444.885,45.764,1800.0,3.5,10.7,normal
1697501445.388,46.251,1800.0,3.0,10.7,normal
1697501445.89,45.277,1800.0,3.0,10.7,normal
1697501446.393,45.764,1800.0,3.0,10.7,normal
1697501446.898,46.251,600.0,4.5,10.7,normal
1697501447.403,46.251,1800.0,8.0,9.8,normal
1697501447.908,46.251,1800.0,31.9,10.6,normal
1697501448.41,45.764,1800.0,13.6,10.7,normal
1697501448.913,46.251,1800.0,4.5,10.6,normal
1697501449.415,46.738,1800.0,4.5,10.7,normal
1697501449.918,46.251,1800.0,4.4,10.6,normal
1697501450.42,45.277,1800.0,3.5,10.7,normal
1697501450.923,45.764,1800.0,3.5,10.7,normal
1697501451.426,45.764,1800.0,3.0,10.6,normal
1697501451.928,45.764,1800.0,3.0,10.6,normal
1697501452.433,46.251,700.0,4.5,10.7,normal
1697501452.938,45.277,600.0,5.0,10.6,normal
1697501453.444,45.277,600.0,5.4,10.6,normal
1697501453.949,45.764,1800.0,30.8,10.4,normal
1697501454.451,46.251,1800.0,30.0,10.6,normal
1697501454.954,46.738,1800.0,4.0,10.6,normal
1697501455.457,45.764,1800.0,4.0,10.6,normal
1697501455.959,45.277,1800.0,3.0,10.6,normal
1697501456.462,45.277,1800.0,5.0,10.6,normal
1697501456.965,46.251,1800.0,3.0,10.6,normal
1697501457.467,45.764,1800.0,3.5,10.6,normal
1697501457.97,45.764,1800.0,3.0,10.6,normal
1697501458.472,45.764,1800.0,5.9,10.6,normal
1697501458.978,45.277,600.0,3.5,10.6,normal
1697501459.484,45.764,600.0,7.4,10.6,normal
1697501459.987,45.764,1800.0,19.9,10.3,normal
1697501460.489,47.225,1800.0,36.3,10.7,normal
1697501460.992,45.764,1800.0,3.5,10.7,normal
1697501461.494,46.251,1800.0,4.5,10.7,normal
1697501461.997,46.251,1800.0,3.0,10.7,normal
1697501462.499,45.764,1800.0,4.0,10.7,normal
1697501463.002,46.738,1800.0,3.9,10.7,normal
1697501463.505,46.251,1800.0,3.0,10.7,normal
1697501464.007,45.764,1800.0,5.4,10.7,normal
1697501464.51,46.251,1800.0,2.5,10.7,normal
1697501465.015,45.764,700.0,4.0,10.7,normal
1697501465.519,45.277,800.0,4.9,10.7,normal
1697501466.022,45.277,1800.0,13.5,10.0,normal
1697501466.526,46.738,1800.0,34.0,10.6,normal
1697501467.029,46.251,1800.0,11.4,10.7,normal
1697501467.531,46.738,1800.0,3.0,10.7,normal
1697501468.034,45.764,1800.0,4.0,10.7,normal
1697501468.536,45.764,1800.0,3.0,10.7,normal
1697501469.039,45.764,1800.0,4.0,10.7,normal
1697501469.542,45.764,1800.0,4.0,10.7,normal
1697501470.044,45.764,1800.0,3.0,10.7,normal
1697501470.547,46.251,1800.0,3.0,10.7,normal
1697501471.052,45.764,700.0,3.5,10.7,normal
1697501471.556,46.738,800.0,4.0,10.7,normal
1697501472.06,44.79,1100.0,7.4,10.5,normal
1697501472.563,46.251,1800.0,28.7,10.5,normal
1697501473.066,46.738,1800.0,23.1,10.7,normal
1697501473.568,46.251,1800.0,2.5,10.7,normal
1697501474.071,45.764,1800.0,5.4,10.7,normal
1697501474.573,46.738,1800.0,2.5,10.7,normal
1697501475.076,45.764,1800.0,3.0,10.7,normal
1697501475.579,45.764,1800.0,3.0,10.7,normal
1697501476.081,45.277,1800.0,2.5,10.7,normal
1697501476.584,46.251,1800.0,2.0,10.7,normal
1697501477.086,45.277,1800.0,3.0,10.7,normal
1697501477.59,45.277,900.0,3.5,10.7,normal
1697501478.094,44.303,900.0,4.0,10.7,normal
1697501478.598,46.251,1800.0,23.0,10.4,normal
1697501479.1,47.225,1800.0,31.2,10.7,normal
1697501479.603,46.251,1800.0,3.5,10.7,normal
1697501480.106,45.277,1800.0,4.0,10.7,normal
1697501480.608,45.277,1800.0,3.0,10.7,normal
1697501481.111,46.251,1800.0,3.5,10.7,normal
1697501481.613,45.764,1800.0,3.0,10.7,normal
1697501482.116,45.764,1800.0,4.0,10.7,normal
1697501482.618,45.277,1800.0,3.5,10.7,normal
1697501483.121,47.225,1800.0,3.5,10.7,normal
1697501483.625,45.764,900.0,4.0,10.7,normal
1697501484.129,45.277,900.0,5.0,10.7,normal
1697501484.631,45.764,1800.0,16.9,10.2,normal
1697501485.134,46.738,1800.0,37.8,10.6,normal
1697501485.637,45.764,1800.0,4.0,10.6,normal
1697501486.139,45.764,1800.0,3.0,10.6,normal
1697501486.642,45.764,1800.0,4.5,10.6,normal
1697501487.144,45.277,1800.0,3.0,10.7,normal
1697501487.647,46.251,1800.0,3.0,10.7,normal
1697501488.15,45.764,1800.0,4.0,10.7,normal
1697501488.652,45.277,1800.0,4.5,10.7,normal
1697501489.155,46.251,1800.0,5.4,10.7,normal
1697501489.66,46.251,600.0,4.0,10.7,normal
1697501490.165,45.764,800.0,4.0,10.7,normal
1697501490.667,46.738,1800.0,22.4,10.3,normal
1697501491.17,46.251,1800.0,36.0,10.7,normal
1697501491.673,46.251,1800.0,3.5,10.7,normal
1697501492.175,46.738,1800.0,3.5,10.7,normal
1697501492.678,45.764,1800.0,3.0,10.7,normal
1697501493.18,45.764,1800.0,4.0,10.7,normal
1697501493.683,45.764,1800.0,4.5,10.7,normal
1697501494.185,46.251,1800.0,4.5,10.7,normal
1697501494.688,45.764,1800.0,3.5,10.7,normal
1697501495.191,46.251,1800.0,4.4,10.7,normal
1697501495.696,45.277,600.0,2.5,10.7,normal
1697501496.203,45.277,600.0,4.9,10.7,normal
1697501496.706,46.251,1800.0,12.6,10.1,normal
1697501497.209,46.251,1800.0,37.5,10.6,normal
1697501497.712,46.251,1800.0,7.9,10.6,normal
1697501498.214,46.738,1800.0,4.0,10.6,normal
1697501498.717,45.764,1800.0,4.0,10.6,normal
1697501499.22,46.251,1800.0,4.5,10.7,normal
1697501499.722,46.251,1800.0,4.0,10.7,normal
1697501500.225,45.277,1800.0,3.5,10.7,normal
1697501500.727,45.277,1800.0,3.5,10.7,normal
1697501501.23,45.764,1800.0,3.0,10.7,normal
1697501501.74,45.277,600.0,3.9,10.7,normal
1697501502.246,45.764,600.0,5.0,10.7,normal
1697501502.753,45.277,600.0,8.9,10.5,normal
1697501503.257,46.738,1800.0,29.2,10.5,normal
1697501503.759,46.251,1800.0,24.5,10.7,normal
1697501504.262,46.251,1800.0,3.0,10.7,normal
1697501504.765,45.764,1800.0,3.0,10.7,normal
1697501505.267,44.79,1800.0,3.5,10.7,normal
1697501505.77,45.277,1800.0,2.5,10.7,normal
1697501506.272,45.764,1800.0,3.0,10.7,normal
1697501506.775,45.277,1800.0,2.5,10.7,normal
1697501507.277,45.764,1800.0,2.0,10.7,normal
1697501507.782,46.251,700.0,3.9,10.7,normal
1697501508.287,45.764,775.0,3.5,10.7,normal
1697501508.79,47.225,1800.0,16.2,10.1,normal
1697501509.293,47.225,1800.0,36.7,10.5,normal
1697501509.795,45.764,1800.0,7.0,10.6,normal
1697501510.298,46.251,1800.0,4.0,10.6,normal
1697501510.8,45.764,1800.0,3.0,10.6,normal
1697501511.303,44.79,1800.0,3.5,10.6,normal
1697501511.81,46.251,1800.0,3.9,10.6,normal
1697501512.313,45.764,1800.0,3.5,10.6,normal
1697501512.815,46.738,1800.0,3.5,10.6,normal
1697501513.318,46.251,1800.0,3.0,10.6,normal
1697501513.822,45.764,800.0,4.5,10.6,normal
1697501514.328,45.764,600.0,4.5,10.6,normal
1697501514.832,45.764,1100.0,7.5,10.5,normal
1697501515.335,45.764,1800.0,29.7,10.4,normal
1697501515.837,45.764,1800.0,23.5,10.6,normal
1697501516.34,46.251,1800.0,4.0,10.6,normal
1697501516.846,46.738,1800.0,3.4,10.6,normal
1697501517.348,46.251,1800.0,2.0,10.6,normal
1697501517.851,46.251,1800.0,3.5,10.6,normal
1697501518.353,45.764,1800.0,1.0,10.6,normal
1697501518.856,45.277,1800.0,5.0,10.6,normal
1697501519.359,45.277,1800.0,3.0,10.6,normal
1697501519.861,45.277,1800.0,3.5,10.6,normal
1697501520.367,45.764,600.0,4.5,10.6,normal
1697501520.87,45.764,1800.0,11.4,10.0,normal
1697501521.374,45.764,1800.0,33.7,10.6,normal
1697501521.88,46.251,1800.0,12.9,10.6,normal
1697501522.383,46.738,1800.0,3.5,10.6,normal
1697501522.885,45.764,1800.0,4.0,10.6,normal
1697501523.388,45.764,1800.0,4.0,10.7,normal
1697501523.891,46.251,1800.0,4.5,10.7,normal
1697501524.393,45.277,1800.0,3.0,10.7,normal
1697501524.896,46.251,1800.0,4.5,10.7,normal
1697501525.398,45.764,1800.0,3.0,10.7,normal
1697501525.903,46.738,700.0,3.0,10.7,normal
1697501526.409,45.764,600.0,4.9,10.7,normal
1697501526.92,46.251,600.0,4.9,10.6,normal
1697501527.423,46.738,1800.0,28.5,10.5,normal
1697501527.926,45.277,1800.0,25.2,10.7,normal
1697501528.428,45.764,1800.0,4.0,10.7,normal
1697501528.931,45.277,1800.0,4.5,10.7,normal
1697501529.434,46.738,1800.0,3.5,10.7,normal
1697501529.936,45.277,1800.0,4.9,10.7,normal
1697501530.439,45.277,1800.0,3.5,10.7,normal
1697501530.941,45.764,1800.0,2.5,10.7,normal
1697501531.444,46.251,1800.0,4.5,10.7,normal
1697501531.95,46.738,1800.0,3.9,10.7,normal
1697501532.456,45.764,600.0,4.0,10.7,normal
1697501532.959,45.764,1800.0,10.0,9.6,normal
1697501533.463,45.764,1800.0,31.0,10.5,normal
1697501533.966,46.738,1800.0,21.2,10.6,normal
1697501534.468,45.764,1800.0,2.5,10.6,normal
1697501534.971,45.764,1800.0,3.5,10.6,normal
1697501535.474,45.764,1800.0,3.4,10.6,normal
1697501535.976,46.738,1800.0,4.0,10.6,normal
1697501536.479,45.764,1800.0,3.0,10.6,normal
1697501536.982,45.764,1800.0,3.0,10.6,normal
1697501537.484,45.764,1800.0,4.5,10.7,normal
1697501537.989,45.764,700.0,5.4,10.6,normal
1697501538.494,46.251,800.0,4.0,10.6,normal
1697501538.996,46.738,1800.0,14.9,10.2,normal
1697501539.499,46.251,1800.0,37.6,10.6,normal
1697501540.002,46.251,1800.0,7.5,10.7,normal
1697501540.505,46.738,1800.0,3.0,10.7,normal
1697501541.007,45.277,1800.0,3.5,10.7,normal
1697501541.51,47.225,1800.0,3.5,10.7,normal
1697501542.012,46.251,1800.0,3.5,10.7,normal
1697501542.515,46.251,1800.0,4.0,10.6,normal
1697501543.017,45.764,1800.0,3.5,10.6,normal
1697501543.52,46.251,1800.0,3.9,10.6,normal
1697501544.024,46.251,900.0,5.0,10.6,normal
1697501544.529,45.764,800.0,4.9,10.6,normal
1697501545.034,46.251,800.0,7.0,10.6,normal
1697501545.537,46.738,1800.0,29.6,10.5,normal
1697501546.039,46.251,1800.0,23.9,10.6,normal
1697501546.542,46.251,1800.0,4.5,10.7,normal
1697501547.044,45.764,1800.0,3.0,10.7,normal
1697501547.547,46.251,1800.0,3.5,10.7,normal
1697501548.05,45.277,1800.0,2.0,10.7,normal
1697501548.552,45.277,1800.0,4.5,10.7,normal
1697501549.055,45.764,1800.0,4.0,10.7,normal
1697501549.557,45.764,1800.0,3.5,10.7,normal
1697501550.06,46.738,1800.0,4.5,10.7,normal
1697501550.564,45.277,900.0,4.5,10.7,normal
1697501551.069,45.764,800.0,5.4,10.7,normal
1697501551.571,47.225,1800.0,23.9,10.3,normal
1697501552.077,46.738,1800.0,30.2,10.6,normal
1697501552.58,46.251,1800.0,3.9,10.7,normal
1697501553.083,46.251,1800.0,3.0,10.7,normal
1697501553.585,46.251,1800.0,3.0,10.7,normal
1697501554.088,45.764,1800.0,5.0,10.7,normal
1697501554.59,45.277,1800.0,3.4,10.7,normal
1697501555.093,46.251,1800.0,3.0,10.7,normal
1697501555.595,46.251,1800.0,3.0,10.7,normal
1697501556.098,46.251,1800.0,4.9,10.7,normal
1697501556.602,45.277,1100.0,5.0,10.7,normal
1697501557.111,44.79,1000.0,4.9,10.7,normal
1697501557.613,45.277,1800.0,16.0,10.2,normal
1697501558.116,46.738,1800.0,37.7,10.6,normal
1697501558.619,45.764,1800.0,4.5,10.6,normal
1697501559.122,46.738,1800.0,3.5,10.6,normal
1697501559.624,46.251,1800.0,2.5,10.6,normal
1697501560.127,44.79,1800.0,1.5,10.6,normal
1697501560.629,44.79,1800.0,2.5,10.6,normal
1697501561.132,45.764,1800.0,5.0,10.6,normal
1697501561.634,45.277,1800.0,3.0,10.6,normal
1697501562.137,45.277,1800.0,3.0,10.6,normal
1697501562.641,45.764,900.0,4.0,10.6,normal
1697501563.145,45.277,900.0,4.5,10.6,normal
1697501563.648,46.251,1800.0,20.5,10.3,normal
1697501564.151,46.251,1800.0,36.0,10.6,normal
1697501564.653,46.251,1800.0,4.0,10.6,normal
1697501565.156,46.251,1800.0,3.5,10.6,normal
1697501565.658,45.764,1800.0,2.5,10.6,normal
1697501566.161,46.251,1800.0,4.0,10.6,normal
1697501566.663,45.764,1800.0,3.9,10.6,normal
1697501567.166,46.251,1800.0,1.5,10.6,normal
1697501567.669,46.251,1800.0,0.0,10.6,normal
1697501568.171,45.277,1800.0,0.0,10.6,normal
1697501568.674,45.277,1800.0,9.4,10.6,normal
1697501569.176,46.251,1800.0,2.5,10.6,normal
1697501569.68,45.277,1800.0,26.2,10.5,normal
1697501570.183,46.251,1800.0,27.8,10.7,normal
1697501570.686,46.738,1800.0,4.5,10.7,normal
1697501571.188,46.738,1800.0,3.9,10.7,normal
1697501571.691,45.764,1800.0,2.5,10.7,normal
1697501572.193,45.277,1800.0,3.0,10.7,normal
1697501572.696,46.251,1800.0,3.0,10.7,normal
1697501573.198,45.277,1800.0,3.5,10.7,normal
1697501573.703,45.764,700.0,5.0,10.7,normal
1697501574.208,45.764,800.0,4.5,10.7,normal
1697501574.712,46.251,900.0,5.0,10.7,normal
1697501575.216,45.277,800.0,4.9,10.7,normal
1697501575.719,45.764,1800.0,21.9,10.3,normal
1697501576.222,46.738,1800.0,34.0,10.6,normal
1697501576.724,46.251,1800.0,4.0,10.6,normal
1697501577.227,47.225,1800.0,3.5,10.6,normal
1697501577.729,45.277,1800.0,2.5,10.6,normal
1697501578.232,44.79,1800.0,3.5,10.7,normal
1697501578.735,45.764,1800.0,4.5,10.7,normal
1697501579.237,45.764,1800.0,4.4,10.7,normal
1697501579.74,46.251,1800.0,2.5,10.7,normal
1697501580.242,46.738,1800.0,4.0,10.7,normal
1697501580.748,45.277,600.0,4.9,10.7,normal
1697501581.252,46.251,800.0,5.9,10.6,normal
1697501581.756,45.764,1800.0,15.0,10.1,normal
1697501582.259,46.738,1800.0,36.8,10.6,normal
1697501582.761,47.225,1800.0,6.5,10.6,normal
1697501583.264,46.738,1800.0,3.5,10.6,normal
1697501583.766,45.277,1800.0,4.0,10.6,normal
1697501584.269,47.712,1800.0,3.0,10.6,normal
1697501584.771,46.738,1800.0,4.0,10.7,normal
1697501585.274,45.277,1800.0,3.5,10.7,normal
1697501585.776,45.764,1800.0,3.0,10.7,normal
1697501586.279,45.764,1800.0,2.0,10.7,normal
1697501586.785,45.764,600.0,5.0,10.7,normal
1697501587.291,46.251,600.0,4.9,10.7,normal
1697501587.794,46.738,1800.0,20.0,10.3,normal
1697501588.296,45.764,1800.0,34.8,10.7,normal
1697501588.799,46.251,1800.0,5.4,10.7,normal
1697501589.302,45.764,1800.0,4.0,10.7,normal
1697501589.805,46.251,1800.0,4.0,10.7,normal
1697501590.308,45.764,1800.0,3.5,10.7,normal
1697501590.81,45.764,1800.0,4.0,10.7,normal
1697501591.313,46.251,1800.0,2.5,10.7,normal
1697501591.815,46.251,1800.0,3.0,10.7,normal
1697501592.318,45.277,1800.0,3.9,10.7,normal
1697501592.827,46.251,600.0,3.4,10.7,normal
1697501593.332,45.277,600.0,5.9,10.7,normal
1697501593.836,46.251,1800.0,26.4,10.3,normal
1697501594.338,46.251,1800.0,29.6,10.6,normal
1697501594.841,46.738,1800.0,3.0,10.6,normal
1697501595.343,46.251,1800.0,3.0,10.6,normal
1697501595.846,44.79,1800.0,4.0,10.6,normal
1697501596.348,44.79,1800.0,3.0,10.6,normal
1697501596.851,45.764,1800.0,3.0,10.6,normal
1697501597.353,46.251,1800.0,4.0,10.6,normal
1697501597.856,45.764,1800.0,2.5,10.6,normal
1697501598.359,45.764,1800.0,3.5,10.6,normal
1697501598.864,45.277,600.0,4.5,10.6,normal
1697501599.37,45.277,600.0,4.9,10.6,normal
1697501599.873,46.251,1800.0,29.0,10.5,normal
1697501600.376,45.764,1800.0,26.0,10.6,normal
1697501600.878,46.251,1800.0,3.5,10.6,normal
1697501601.381,45.764,1800.0,2.5,10.6,normal
1697501601.883,45.764,1800.0,2.5,10.6,normal
1697501602.386,45.277,1800.0,2.5,10.6,normal
1697501602.888,46.251,1800.0,2.0,10.6,normal
1697501603.391,45.764,1800.0,2.5,10.6,normal
1697501603.894,45.277,1800.0,4.0,10.6,normal
1697501604.396,44.79,1800.0,3.5,10.6,normal
1697501604.9,45.277,800.0,5.4,10.6,normal
1697501605.405,45.277,1500.0,9.5,9.9,normal
1697501605.908,46.251,1800.0,28.4,10.5,normal
1697501606.41,44.79,1800.0,21.4,10.6,normal
1697501606.913,46.251,1800.0,3.5,10.6,normal
1697501607.415,45.764,1800.0,3.5,10.6,normal
1697501607.918,46.738,1800.0,3.0,10.6,normal
1697501608.421,45.277,1800.0,4.0,10.6,normal
1697501608.923,44.79,1800.0,4.5,10.6,normal
1697501609.426,44.79,1800.0,3.0,10.6,normal
1697501609.928,44.79,1800.0,3.0,10.6,normal
1697501610.431,46.251,1800.0,3.5,10.6,normal
1697501610.936,45.277,600.0,4.9,10.6,normal
1697501611.442,44.79,600.0,5.0,10.6,normal
1697501611.946,46.251,1800.0,23.9,10.3,normal
1697501612.449,46.738,1800.0,32.8,10.6,normal
1697501612.952,46.251,1800.0,3.5,10.6,normal
1697501613.454,46.738,1800.0,4.0,10.6,normal
1697501613.957,46.251,1800.0,4.0,10.6,normal
1697501614.46,44.79,1800.0,4.5,10.6,normal
1697501614.962,46.251,1800.0,4.5,10.7,normal
1697501615.465,45.764,1800.0,3.5,10.7,normal
1697501615.967,46.251,1800.0,2.5,10.7,normal
1697501616.47,45.277,1800.0,3.4,10.7,normal
1697501616.975,45.277,600.0,4.5,10.7,normal
1697501617.481,44.79,600.0,4.5,10.7,normal
1697501617.984,47.225,1800.0,27.0,10.5,normal
1697501618.487,45.764,1800.0,28.4,10.6,normal
1697501618.989,46.251,1800.0,4.0,10.6,normal
1697501619.492,46.251,1800.0,3.5,10.6,normal
1697501619.995,45.277,1800.0,4.0,10.6,normal
1697501620.497,46.251,1800.0,2.5,10.7,normal
1697501620.999,45.764,1800.0,4.5,10.7,normal
1697501621.502,46.251,1800.0,3.0,10.7,normal
1697501622.004,45.277,1800.0,3.0,10.7,normal
1697501622.507,45.764,1800.0,4.0,10.7,normal
1697501623.013,46.251,600.0,4.9,10.7,normal
1697501623.518,45.277,600.0,8.4,10.6,normal
1697501624.022,46.251,1800.0,29.0,10.6,normal
1697501624.524,45.764,1800.0,22.0,10.7,normal
1697501625.027,45.764,1800.0,3.5,10.7,normal
1697501625.529,46.738,1800.0,2.5,10.7,normal
1697501626.032,45.277,1800.0,1.5,10.7,normal
1697501626.535,45.277,1800.0,4.5,10.7,normal
1697501627.037,45.764,1800.0,1.0,10.7,normal
1697501627.54,45.764,1800.0,2.5,10.7,normal
1697501628.042,45.764,1800.0,3.5,10.7,normal
1697501628.547,46.251,700.0,4.9,10.7,normal
1697501629.053,46.251,600.0,3.0,10.7,normal
1697501629.556,45.764,1800.0,11.4,10.1,normal
1697501630.059,46.738,1800.0,33.8,10.6,normal
1697501630.562,45.277,1800.0,8.0,10.6,normal
1697501631.064,44.79,1800.0,6.0,10.6,normal
1697501631.567,46.738,1800.0,4.5,10.6,normal
1697501632.07,45.277,1800.0,3.5,10.6,normal
1697501632.572,45.764,1800.0,3.5,10.6,normal
1697501633.075,46.738,1800.0,3.0,10.6,normal
1697501633.577,45.764,1800.0,3.0,10.6,normal
1697501634.08,45.277,1800.0,5.0,10.6,normal
1697501634.585,45.277,700.0,3.5,10.6,normal
1697501635.09,45.764,800.0,5.0,10.6,normal
1697501635.592,45.764,1800.0,17.5,10.3,normal
1697501636.095,46.738,1800.0,36.5,10.6,normal
1697501636.598,46.738,1800.0,4.5,10.7,normal
1697501637.101,46.251,1800.0,3.0,10.7,normal
1697501637.603,46.738,1800.0,4.4,10.7,normal
1697501638.106,45.764,1800.0,4.0,10.7,normal
1697501638.608,46.251,1800.0,2.5,10.7,normal
1697501639.111,46.251,1800.0,4.5,10.7,normal
1697501639.613,45.764,1800.0,4.5,10.7,normal
1697501640.116,46.738,1800.0,4.0,10.7,normal
1697501640.622,45.764,600.0,2.5,10.7,normal
1697501641.126,45.764,900.0,5.4,10.7,normal
1697501641.629,46.251,1800.0,21.4,10.4,normal
1697501642.131,46.251,1800.0,33.0,10.7,normal
1697501642.634,46.251,1800.0,2.5,10.7,normal
1697501643.137,45.764,1800.0,2.0,10.7,normal
1697501643.639,46.251,1800.0,3.0,10.7,normal
1697501644.142,46.251,1800.0,4.0,10.7,normal
1697501644.644,45.764,1800.0,3.4,10.7,normal
1697501645.147,45.277,1800.0,2.5,10.7,normal
1697501645.649,45.277,1800.0,4.0,10.7,normal
1697501646.152,44.79,1800.0,4.0,10.7,normal
1697501646.656,44.79,1000.0,4.0,10.7,normal
1697501647.16,44.79,800.0,5.0,10.7,normal
1697501647.663,46.251,1800.0,15.5,10.2,normal
1697501648.166,46.738,1800.0,38.0,10.6,normal
1697501648.668,46.251,1800.0,8.0,10.6,normal
1697501649.171,46.251,1800.0,3.5,10.6,normal
1697501649.673,46.251,1800.0,3.5,10.6,normal
1697501650.176,45.277,1800.0,4.9,10.6,normal
1697501650.679,46.251,1800.0,3.0,10.6,normal
1697501651.181,45.764,1800.0,2.5,10.6,normal
1697501651.684,45.764,1800.0,3.0,10.6,normal
1697501652.186,45.277,1800.0,3.0,10.6,normal
1697501652.69,45.764,800.0,4.4,10.6,normal
1697501653.196,44.79,700.0,4.0,10.6,normal
1697501653.7,46.251,1100.0,9.4,10.2,normal
1697501654.203,45.764,1800.0,28.4,10.5,normal
1697501654.706,46.251,1800.0,22.5,10.6,normal
1697501655.208,46.251,1800.0,4.0,10.6,normal
1697501655.711,45.764,1800.0,2.5,10.6,normal
1697501656.213,45.277,1800.0,3.9,10.6,normal
1697501656.716,45.764,1800.0,4.5,10.7,normal
1697501657.218,45.277,1800.0,3.5,10.7,normal
1697501657.721,45.764,1800.0,4.0,10.7,normal
1697501658.223,45.764,1800.0,3.0,10.7,normal
1697501658.726,46.251,1800.0,5.0,10.7,normal
1697501659.231,46.738,600.0,4.5,10.7,normal
1697501659.736,45.764,1200.0,11.4,9.9,normal
1697501660.239,46.738,1800.0,32.3,10.5,normal
1697501660.742,47.712,1800.0,15.5,10.6,normal
1697501661.244,46.251,1800.0,3.5,10.6,normal
1697501661.747,46.251,1800.0,3.5,10.6,normal
1697501662.25,46.738,1800.0,3.5,10.6,normal
1697501662.752,45.764,1800.0,2.5,10.6,normal
1697501663.255,44.79,1800.0,3.5,10.6,normal
1697501663.757,45.277,1800.0,4.5,10.6,normal
1697501664.26,45.277,1800.0,4.0,10.6,normal
1697501664.764,45.764,800.0,4.4,10.6,normal
1697501665.27,45.277,600.0,6.4,10.6,normal
1697501665.773,46.251,1800.0,17.0,10.1,normal
1697501666.275,46.738,1800.0,38.0,10.6,normal
1697501666.778,45.764,1800.0,5.0,10.6,normal
1697501667.281,46.251,1800.0,4.0,10.7,normal
1697501667.783,44.79,1800.0,3.5,10.7,normal
1697501668.286,45.277,1800.0,3.5,10.7,normal
1697501668.788,45.764,1800.0,4.5,10.7,normal
1697501669.291,46.251,1800.0,5.4,10.7,normal
1697501669.793,46.738,1800.0,3.0,10.7,normal
1697501670.296,46.251,1800.0,3.5,10.7,normal
1697501670.802,46.251,600.0,3.5,10.7,normal
1697501671.307,45.277,600.0,6.4,10.7,normal
1697501671.81,45.277,1800.0,10.3,9.6,normal
1697501672.313,47.225,1800.0,28.0,10.5,normal
1697501672.816,46.251,1800.0,20.9,10.7,normal
1697501673.318,45.764,1800.0,3.0,10.7,normal
1697501673.821,45.764,1800.0,3.0,10.7,normal
1697501674.323,45.277,1800.0,3.0,10.7,normal
1697501674.826,45.277,1800.0,3.9,10.7,normal
1697501675.328,45.764,1800.0,4.0,10.7,normal
1697501675.831,45.764,1800.0,4.0,10.7,normal
1697501676.334,45.764,1800.0,2.5,10.7,normal
1697501676.838,46.251,700.0,4.4,10.7,normal
1697501677.344,46.251,600.0,5.4,10.7,normal
1697501677.85,45.277,600.0,4.9,10.7,normal
1697501678.354,46.251,1800.0,26.9,10.4,normal
1697501678.857,45.764,1800.0,27.6,10.6,normal
1697501679.36,46.251,1800.0,4.0,10.6,normal
1697501679.862,45.764,1800.0,3.5,10.6,normal
1697501680.365,46.251,1800.0,3.5,10.6,normal
1697501680.867,45.277,1800.0,3.5,10.6,normal
1697501681.37,45.764,1800.0,4.5,10.7,normal
1697501681.872,45.764,1800.0,3.5,10.7,normal
1697501682.375,46.738,1800.0,3.0,10.7,normal
1697501682.878,44.79,1800.0,3.5,10.7,normal
1697501683.383,46.738,600.0,4.5,10.7,normal
1697501683.889,44.303,600.0,5.9,10.7,normal
1697501684.392,45.764,1800.0,17.9,10.2,normal
1697501684.894,45.764,1800.0,33.7,10.6,normal
1697501685.397,46.251,1800.0,2.5,10.6,normal
1697501685.9,45.277,1800.0,3.0,10.6,normal
1697501686.402,45.764,1800.0,2.5,10.6,normal
1697501686.905,45.764,1800.0,3.0,10.6,normal
1697501687.407,47.225,1800.0,2.0,10.6,normal
1697501687.91,46.251,1800.0,5.0,10.6,normal
1697501688.412,45.764,1800.0,2.5,10.6,normal
1697501688.915,44.79,1800.0,6.0,10.6,normal
1697501689.42,46.738,600.0,3.5,10.6,normal
1697501689.926,46.251,600.0,4.9,10.6,normal
1697501690.43,45.764,1800.0,13.4,9.9,normal
1697501690.934,45.764,1800.0,31.2,10.5,normal
1697501691.436,45.764,1800.0,13.5,10.6,normal
1697501691.939,44.79,1800.0,5.0,10.6,normal
1697501692.442,47.225,1800.0,3.0,10.6,normal
1697501692.944,45.277,1800.0,3.0,10.7,normal
1697501693.447,46.251,1800.0,3.0,10.7,normal
1697501693.95,45.277,1800.0,5.0,10.7,normal
1697501694.452,46.251,1800.0,4.5,10.7,normal
1697501694.955,45.764,1800.0,2.5,10.7,normal
1697501695.46,45.277,700.0,1.5,10.7,normal
1697501695.966,45.277,600.0,6.4,10.7,normal
1697501696.471,45.764,700.0,5.4,10.6,normal
1697501696.974,46.251,1800.0,28.4,10.5,normal
1697501697.477,46.251,1800.0,26.0,10.6,normal
1697501697.98,45.764,1800.0,4.0,10.6,normal
1697501698.483,45.277,1800.0,3.9,10.6,normal
1697501698.985,45.277,1800.0,4.0,10.6,normal
1697501699.488,45.764,1800.0,3.5,10.6,normal
1697501699.99,46.251,1800.0,3.5,10.6,normal
1697501700.493,46.251,1800.0,3.5,10.6,normal
1697501700.995,45.277,1800.0,3.0,10.6,normal
1697501701.498,45.764,1800.0,5.0,10.6,normal
1697501702.002,45.277,900.0,5.9,10.6,normal
1697501702.506,45.764,1200.0,8.0,10.2,normal
1697501703.009,46.738,1800.0,28.4,10.5,normal
1697501703.511,46.738,1800.0,23.4,10.7,normal
1697501704.014,45.764,1800.0,4.5,10.7,normal
1697501704.517,45.764,1800.0,3.0,10.7,normal
1697501705.019,46.251,1800.0,3.0,10.7,normal
1697501705.522,47.225,1800.0,3.5,10.7,normal
1697501706.024,46.251,1800.0,4.0,10.7,normal
1697501706.527,45.277,1800.0,4.4,10.7,normal
1697501707.029,45.764,1800.0,2.5,10.7,normal
1697501707.532,45.277,1800.0,3.5,10.7,normal
1697501708.038,45.764,600.0,5.0,10.7,normal
1697501708.541,46.251,1800.0,13.3,10.0,normal
1697501709.045,46.251,1800.0,33.3,10.6,normal
1697501709.547,46.251,1800.0,13.1,10.7,normal
1697501710.05,46.251,1800.0,4.5,10.7,normal
1697501710.553,46.251,1800.0,3.0,10.7,normal
1697501711.055,45.764,1800.0,5.4,10.7,normal
1697501711.558,45.764,1800.0,3.5,10.7,normal
1697501712.06,44.79,1800.0,4.0,10.7,normal
1697501712.563,45.764,1800.0,3.0,10.7,normal
1697501713.065,46.251,1800.0,3.5,10.7,normal
1697501713.57,46.251,700.0,3.5,10.7,normal
1697501714.075,45.764,900.0,5.5,10.7,normal
1697501714.577,46.251,1800.0,16.5,10.2,normal
1697501715.08,47.225,1800.0,36.7,10.6,normal
1697501715.583,45.277,1800.0,5.9,10.6,normal
1697501716.085,45.764,1800.0,3.5,10.7,normal
1697501716.588,46.251,1800.0,3.5,10.7,normal
1697501717.09,45.764,1800.0,3.9,10.7,normal
1697501717.593,45.764,1800.0,2.5,10.7,normal
1697501718.095,45.764,1800.0,3.0,10.7,normal
1697501718.598,45.277,1800.0,4.0,10.7,normal
1697501719.101,45.764,1800.0,4.5,10.7,normal
1697501719.605,45.277,700.0,3.5,10.7,normal
1697501720.109,46.251,1100.0,5.0,10.7,normal
1697501720.612,46.738,1800.0,20.4,10.3,normal
1697501721.115,45.764,1800.0,34.8,10.6,normal
1697501721.617,45.764,1800.0,2.5,10.6,normal
1697501722.12,46.251,1800.0,2.5,10.6,normal
1697501722.622,46.251,1800.0,3.4,10.6,normal
1697501723.125,47.225,1800.0,4.0,10.6,normal
1697501723.627,45.277,1800.0,3.0,10.6,normal
1697501724.13,46.251,1800.0,4.0,10.6,normal
1697501724.632,46.738,1800.0,3.5,10.6,normal
1697501725.135,46.251,1800.0,3.5,10.6,normal
1697501725.639,45.764,900.0,4.0,10.6,normal
1697501726.145,45.764,600.0,3.4,10.6,normal
1697501726.647,45.764,1800.0,12.9,10.1,normal
1697501727.151,46.738,1800.0,37.5,10.6,normal
1697501727.653,46.738,1800.0,7.0,10.6,normal
1697501728.156,46.251,1800.0,3.9,10.6,normal
1697501728.658,46.251,1800.0,3.5,10.6,normal
1697501729.161,45.277,1800.0,4.0,10.6,normal
1697501729.663,45.764,1800.0,3.0,10.6,normal
1697501730.166,45.764,1800.0,3.0,10.7,normal
1697501730.669,45.764,1800.0,3.0,10.7,normal
1697501731.171,45.764,1800.0,3.0,10.7,normal
1697501731.677,46.251,600.0,4.9,10.7,normal
1697501732.181,45.764,800.0,4.0,10.7,normal
1697501732.688,44.79,800.0,7.9,10.5,normal
1697501733.191,46.251,1800.0,28.9,10.5,normal
1697501733.694,46.738,1800.0,24.0,10.6,normal
1697501734.196,46.738,1800.0,3.0,10.7,normal
1697501734.699,46.251,1800.0,3.0,10.7,normal
1697501735.201,45.764,1800.0,3.0,10.7,normal
1697501735.704,46.738,1800.0,3.5,10.7,normal
1697501736.206,46.251,1800.0,4.4,10.7,normal
1697501736.709,45.764,1800.0,3.5,10.7,normal
1697501737.211,46.251,1800.0,3.0,10.7,normal
1697501737.714,45.277,1800.0,4.5,10.7,normal
1697501738.218,45.277,800.0,4.5,10.7,normal
1697501738.723,45.764,900.0,5.4,10.7,normal
1697501739.226,44.79,1800.0,25.4,10.4,normal
1697501739.728,45.764,1800.0,28.8,10.6,normal
1697501740.231,46.738,1800.0,4.0,10.6,normal
1697501740.734,46.738,1800.0,3.0,10.6,normal
1697501741.236,45.764,1800.0,2.0,10.6,normal
1697501741.739,45.277,1800.0,5.0,10.6,normal
1697501742.241,46.251,1800.0,4.5,10.7,normal
1697501742.744,47.225,1800.0,3.5,10.7,normal
1697501743.247,45.277,1800.0,3.0,10.7,normal
1697501743.749,45.277,1800.0,3.5,10.7,normal
1697501744.255,45.764,600.0,5.0,10.7,normal
1697501744.76,45.277,600.0,5.0,10.7,normal
1697501745.263,46.738,1800.0,17.0,10.2,normal
1697501745.766,46.738,1800.0,35.7,10.7,normal
1697501746.269,46.251,1800.0,3.0,10.7,normal
1697501746.771,44.79,1800.0,5.0,10.6,normal
1697501747.274,45.764,1800.0,2.5,10.6,normal
1697501747.776,46.251,1800.0,1.5,10.7,normal
1697501748.279,45.764,1800.0,2.5,10.7,normal
1697501748.782,46.251,1800.0,5.5,10.7,normal
1697501749.284,44.79,1800.0,3.4,10.7,normal
1697501749.787,45.764,1800.0,2.5,10.7,normal
1697501750.292,45.764,600.0,1.5,10.7,normal
1697501750.798,45.277,600.0,4.4,10.7,normal
1697501751.301,45.764,1800.0,24.1,10.3,normal
1697501751.804,46.251,1800.0,32.3,10.6,normal
1697501752.306,45.764,1800.0,3.5,10.6,normal
1697501752.809,45.764,1800.0,3.0,10.6,normal
1697501753.311,46.251,1800.0,4.0,10.6,normal
1697501753.814,47.225,1800.0,4.0,10.7,normal
1697501754.316,47.225,1800.0,3.5,10.7,normal
1697501754.819,45.277,1800.0,2.0,10.7,normal
1697501755.321,45.764,1800.0,4.0,10.7,normal
1697501755.824,46.738,1800.0,5.4,10.7,normal
1697501756.329,45.764,600.0,4.0,10.7,normal
1697501756.835,44.303,600.0,4.0,10.7,normal
1697501757.338,45.764,1800.0,16.3,10.1,normal
1697501757.841,47.225,1800.0,37.2,10.5,normal
1697501758.344,46.251,1800.0,5.9,10.6,normal
1697501758.846,45.764,1800.0,4.5,10.6,normal
1697501759.349,46.251,1800.0,4.0,10.6,normal
1697501759.851,45.764,1800.0,3.5,10.6,normal
1697501760.354,45.764,1800.0,3.0,10.6,normal
1697501760.856,45.764,1800.0,2.0,10.6,normal
1697501761.359,45.764,1800.0,4.0,10.6,normal
1697501761.862,46.251,1800.0,4.5,10.6,normal
1697501762.367,45.764,600.0,3.5,10.6,normal
1697501762.873,46.251,600.0,4.9,10.6,normal
1697501763.376,45.277,1800.0,8.5,10.3,normal
1697501763.879,46.738,1800.0,29.9,10.5,normal
1697501764.382,46.251,1800.0,22.5,10.7,normal
1697501764.885,46.251,1800.0,2.5,10.7,normal
1697501765.387,46.251,1800.0,3.0,10.7,normal
1697501765.89,45.764,1800.0,4.0,10.7,normal
1697501766.392,44.79,1800.0,3.0,10.7,normal
1697501766.895,45.764,1800.0,3.0,10.7,normal
1697501767.397,45.764,1800.0,3.0,10.7,normal
1697501767.9,45.764,1800.0,4.0,10.7,normal
1697501768.405,45.764,700.0,2.5,10.7,normal
1697501768.91,45.764,600.0,4.9,10.7,normal
1697501769.414,45.277,1800.0,12.5,10.1,normal
1697501769.918,47.225,1800.0,31.5,10.6,normal
1697501770.42,45.277,1800.0,13.9,10.6,normal
1697501770.923,45.764,1800.0,4.5,10.6,normal
1697501771.425,45.277,1800.0,2.5,10.7,normal
1697501771.928,45.277,1800.0,4.0,10.7,normal
1697501772.431,44.79,1800.0,4.0,10.7,normal
1697501772.933,46.738,1800.0,4.0,10.7,normal
1697501773.436,45.277,1800.0,2.5,10.7,normal
1697501773.938,46.251,1800.0,5.0,10.7,normal
1697501774.443,45.277,800.0,3.5,10.7,normal
1697501774.949,46.251,600.0,4.5,10.7,normal
1697501775.452,46.738,1800.0,17.9,10.2,normal
1697501775.955,46.251,1800.0,39.0,10.6,normal
1697501776.457,47.225,1800.0,2.0,10.6,normal
1697501776.96,46.251,1800.0,4.5,10.6,normal
1697501777.463,46.251,1800.0,2.5,10.6,normal
1697501777.965,45.277,1800.0,4.0,10.6,normal
1697501778.468,46.251,1800.0,3.0,10.6,normal
1697501778.97,46.738,1800.0,5.4,10.6,normal
1697501779.473,46.251,1800.0,2.5,10.6,normal
1697501779.975,45.764,1800.0,5.4,10.6,normal
1697501780.481,45.277,600.0,3.4,10.6,normal
1697501780.987,45.277,600.0,5.4,10.7,normal
1697501781.492,45.277,1000.0,11.4,9.7,normal
1697501781.995,46.251,1800.0,28.4,10.6,normal
1697501782.498,45.764,1800.0,20.1,10.7,normal
1697501783.0,45.277,1800.0,4.5,10.7,normal
1697501783.503,46.251,1800.0,3.5,10.7,normal
1697501784.005,45.277,1800.0,4.5,10.7,normal
1697501784.508,46.251,1800.0,3.0,10.7,normal
1697501785.01,45.764,1800.0,3.0,10.7,normal
1697501785.513,45.764,1800.0,4.0,10.7,normal
1697501786.016,46.251,1800.0,3.0,10.7,normal
1697501786.519,45.764,1800.0,3.9,10.7,normal
1697501787.025,45.764,600.0,4.0,10.7,normal
1697501787.527,45.764,1800.0,15.3,10.3,normal
1697501788.03,47.225,1800.0,37.5,10.7,normal
1697501788.533,45.764,1800.0,6.4,10.8,normal
1697501789.035,46.251,1800.0,4.5,10.8,normal
1697501789.538,45.764,1800.0,3.5,10.8,normal
1697501790.04,46.251,1800.0,4.0,10.7,normal
1697501790.543,45.764,1800.0,3.0,10.7,normal
1697501791.046,45.764,1800.0,3.5,10.7,normal
1697501791.548,46.251,1800.0,4.0,10.7,normal
1697501792.051,47.225,1800.0,3.5,10.7,normal
1697501792.555,45.764,800.0,3.5,10.7,normal
1697501793.059,46.251,900.0,4.5,10.7,normal
1697501793.562,45.764,1800.0,8.0,10.4,normal
1697501794.066,46.251,1800.0,29.9,10.6,normal
1697501794.568,46.738,1800.0,21.6,10.7,normal
1697501795.071,46.251,1800.0,3.5,10.7,normal
1697501795.574,46.251,1800.0,4.0,10.7,normal
1697501796.076,46.251,1800.0,2.5,10.7,normal
1697501796.579,46.251,1800.0,3.0,10.7,normal
1697501797.081,45.764,1800.0,3.5,10.7,normal
1697501797.584,46.251,1800.0,4.0,10.7,normal
1697501798.086,46.738,1800.0,3.0,10.7,normal
1697501798.591,45.277,700.0,4.4,10.7,normal
1697501799.096,46.738,850.0,6.4,10.7,normal
1697501799.6,45.764,900.0,5.0,10.7,normal
1697501800.103,45.764,1800.0,25.4,10.4,normal
1697501800.606,45.764,1800.0,29.5,10.7,normal
1697501801.108,46.738,1800.0,3.5,10.7,normal
1697501801.611,45.764,1800.0,4.5,10.7,normal
1697501802.113,46.251,1800.0,3.5,10.7,normal
1697501802.616,45.277,1800.0,3.0,10.7,normal
1697501803.119,46.251,1800.0,3.5,10.7,normal
1697501803.621,45.277,1800.0,3.0,10.7,normal
1697501804.124,46.251,1800.0,4.5,10.7,normal
1697501804.626,46.251,1800.0,3.5,10.7,normal
1697501805.132,45.764,600.0,0.0,10.7,normal
1697501805.637,45.764,700.0,5.5,10.7,normal
1697501806.139,45.764,1800.0,17.4,10.2,normal
1697501806.642,46.738,1800.0,37.6,10.6,normal
1697501807.145,46.251,1800.0,0.5,10.6,normal
1697501807.647,46.251,1800.0,2.5,10.6,normal
1697501808.15,45.764,1800.0,2.5,10.6,normal
1697501808.653,46.251,1800.0,6.4,10.6,normal
1697501809.155,45.764,1800.0,4.5,10.6,normal
1697501809.658,45.277,1800.0,2.5,10.6,normal
1697501810.16,44.79,1800.0,2.0,10.6,normal
1697501810.663,46.251,1800.0,3.0,10.6,normal
1697501811.166,44.79,1100.0,4.0,10.6,normal
1697501811.671,45.764,900.0,4.0,10.7,normal
1697501812.174,45.764,1800.0,23.9,10.4,normal
1697501812.677,46.738,1800.0,30.8,10.7,normal
1697501813.179,45.764,1800.0,3.0,10.7,normal
1697501813.682,46.251,1800.0,4.5,10.7,normal
1697501814.184,45.764,1800.0,3.0,10.7,normal
1697501814.687,45.277,1800.0,3.0,10.7,normal
1697501815.189,44.79,1800.0,4.0,10.7,normal
1697501815.692,45.764,1800.0,3.5,10.7,normal
1697501816.195,46.251,1800.0,2.5,10.7,normal
1697501816.697,45.764,1800.0,3.5,10.6,normal
1697501817.202,46.251,800.0,4.5,10.6,normal
1697501817.706,45.277,800.0,4.0,10.6,normal
1697501818.209,46.251,1800.0,16.3,10.1,normal
1697501818.712,46.738,1800.0,37.8,10.6,normal
1697501819.214,46.738,1800.0,5.5,10.7,normal
1697501819.717,46.738,1800.0,3.5,10.7,normal
1697501820.219,45.277,1800.0,3.0,10.7,normal
1697501820.722,44.79,1800.0,3.5,10.7,normal
1697501821.225,45.277,1800.0,6.5,10.7,normal
1697501821.727,46.251,1800.0,3.5,10.7,normal
1697501822.23,45.764,1800.0,3.5,10.7,normal
1697501822.732,46.251,1800.0,3.5,10.7,normal
1697501823.236,44.79,900.0,5.0,10.7,normal
1697501823.741,45.764,800.0,5.9,10.7,normal
1697501824.245,44.79,900.0,8.5,9.6,normal
1697501824.747,45.764,1800.0,28.7,10.5,normal
1697501825.25,45.764,1800.0,22.6,10.7,normal
1697501825.752,46.251,1800.0,4.9,10.7,normal
1697501826.255,46.251,1800.0,3.0,10.7,normal
1697501826.758,45.764,1800.0,3.0,10.7,normal
1697501827.26,46.251,1800.0,4.0,10.7,normal
1697501827.763,45.277,1800.0,3.5,10.7,normal
1697501828.265,45.277,1800.0,3.5,10.7,normal
1697501828.768,46.251,1800.0,4.0,10.7,normal
1697501829.27,45.764,1800.0,3.0,10.7,normal
1697501829.776,45.764,600.0,4.0,10.6,normal
1697501830.281,44.303,600.0,4.9,10.6,normal
1697501830.785,46.251,1800.0,26.7,10.3,normal
1697501831.287,45.277,1800.0,29.6,10.6,normal
1697501831.79,47.225,1800.0,4.0,10.6,normal
1697501832.292,46.251,1800.0,3.5,10.6,normal
1697501832.795,45.764,1800.0,3.5,10.6,normal
1697501833.298,44.79,1800.0,2.5,10.6,normal
1697501833.8,46.251,1800.0,5.4,10.6,normal
1697501834.303,45.277,1800.0,4.0,10.6,normal
1697501834.805,46.251,1800.0,3.5,10.6,normal
1697501835.308,45.764,1800.0,3.0,10.7,normal
1697501835.813,45.764,600.0,5.4,10.7,normal
1697501836.319,45.277,600.0,5.0,10.6,normal
1697501836.822,46.251,1800.0,29.2,10.4,normal
1697501837.325,45.764,1800.0,25.6,10.6,normal
1697501837.827,44.79,1800.0,3.0,10.6,normal
1697501838.33,46.251,1800.0,4.0,10.6,normal
1697501838.832,45.277,1800.0,4.0,10.6,normal
1697501839.335,45.277,1800.0,3.5,10.6,normal
1697501839.838,45.764,1800.0,2.0,10.6,normal
1697501840.34,46.251,1800.0,4.0,10.6,normal
1697501840.843,45.277,1800.0,3.0,10.6,normal
1697501841.345,44.79,1800.0,3.0,10.6,normal
1697501841.85,45.764,600.0,4.0,10.6,normal
1697501842.356,44.79,600.0,5.9,10.6,normal
1697501842.859,46.251,1800.0,21.9,10.3,normal
1697501843.362,46.251,1800.0,30.8,10.6,normal
1697501843.864,45.277,1800.0,4.5,10.6,normal
1697501844.367,45.764,1800.0,4.0,10.6,normal
1697501844.87,46.251,1800.0,3.0,10.6,normal
1697501845.372,44.79,1800.0,3.0,10.6,normal
1697501845.875,45.764,1800.0,3.0,10.6,normal
1697501846.377,46.251,1800.0,4.0,10.6,normal
1697501846.88,46.738,1800.0,4.0,10.6,normal
1697501847.382,46.738,1800.0,2.5,10.6,normal
1697501847.888,46.738,600.0,3.4,10.6,normal
1697501848.394,45.764,600.0,4.0,10.6,normal
1697501848.897,45.277,1800.0,19.3,10.2,normal
1697501849.399,46.251,1800.0,38.1,10.6,normal
1697501849.902,46.251,1800.0,4.5,10.6,normal
1697501850.405,45.764,1800.0,3.0,10.6,normal
1697501850.907,46.251,1800.0,3.0,10.6,normal
1697501851.41,45.764,1800.0,3.0,10.6,normal
1697501851.912,46.251,1800.0,2.0,10.6,normal
1697501852.415,45.277,1800.0,3.0,10.6,normal
1697501852.917,45.277,1800.0,3.0,10.6,normal
1697501853.42,45.764,1800.0,3.0,10.6,normal
1697501853.925,45.277,600.0,4.5,10.6,normal
1697501854.431,45.764,600.0,4.9,10.6,normal
1697501854.935,45.277,1100.0,9.0,9.6,normal
1697501855.439,46.738,1800.0,30.2,10.5,normal
1697501855.943,46.251,1800.0,22.9,10.6,normal
1697501856.447,45.764,1800.0,3.9,10.6,normal
1697501856.95,45.764,1800.0,3.5,10.6,normal
1697501857.453,45.277,1800.0,4.5,10.7,normal
1697501857.955,46.251,1800.0,4.4,10.7,normal
1697501858.458,45.764,1800.0,4.0,10.7,normal
1697501858.96,46.251,1800.0,4.0,10.7,normal
1697501859.463,45.277,1800.0,4.0,10.7,normal
1697501859.965,46.251,1800.0,4.0,10.7,normal
1697501860.471,45.764,600.0,3.4,10.7,normal
1697501860.977,45.277,600.0,4.5,10.7,normal
1697501861.481,46.738,1800.0,28.6,10.4,normal
1697501861.983,45.764,1800.0,28.8,10.6,normal
1697501862.486,45.277,1800.0,3.5,10.7,normal
1697501862.988,46.251,1800.0,3.0,10.7,normal
1697501863.491,45.277,1800.0,4.9,10.7,normal
1697501863.994,45.764,1800.0,4.5,10.7,normal
1697501864.496,45.764,1800.0,3.0,10.7,normal
1697501864.999,46.738,1800.0,4.4,10.7,normal
1697501865.501,45.764,1800.0,1.5,10.7,normal
1697501866.004,46.251,1800.0,4.5,10.7,normal
1697501866.514,44.79,600.0,3.4,10.7,normal
1697501867.02,45.277,600.0,4.0,10.7,normal
1697501867.523,45.764,1800.0,17.9,10.3,normal
1697501868.025,45.764,1800.0,34.5,10.6,normal
1697501868.528,45.764,1800.0,4.0,10.6,normal
1697501869.031,46.251,1800.0,5.9,10.6,normal
1697501869.533,45.764,1800.0,3.0,10.6,normal
1697501870.036,46.251,1800.0,4.0,10.7,normal
1697501870.538,45.764,1800.0,4.4,10.7,normal
1697501871.041,45.277,1800.0,2.5,10.7,normal
1697501871.543,44.79,1800.0,2.5,10.7,normal
1697501872.046,45.764,1800.0,4.9,10.7,normal
1697501872.55,45.764,900.0,4.0,10.7,normal
1697501873.054,45.277,800.0,5.4,10.7,normal
1697501873.558,46.251,1800.0,25.2,10.3,normal
1697501874.061,45.764,1800.0,32.0,10.6,normal
1697501874.563,45.764,1800.0,3.9,10.6,normal
1697501875.066,46.251,1800.0,3.0,10.6,normal
1697501875.568,45.277,1800.0,4.0,10.6,normal
1697501876.071,46.251,1800.0,4.0,10.6,normal
1697501876.573,46.738,1800.0,2.5,10.6,normal
1697501877.076,46.251,1800.0,3.0,10.7,normal
1697501877.578,45.764,1800.0,3.5,10.7,normal
1697501878.081,45.764,1800.0,4.0,10.7,normal
1697501878.585,46.251,800.0,4.5,10.7,normal
1697501879.089,45.764,1000.0,6.0,10.6,normal
1697501879.592,45.764,1800.0,27.6,10.4,normal
1697501880.095,45.764,1800.0,25.9,10.6,normal
1697501880.597,45.764,1800.0,4.0,10.6,normal
1697501881.1,45.764,1800.0,4.5,10.6,normal
1697501881.602,45.764,1800.0,4.0,10.6,normal
1697501882.105,46.738,1800.0,3.0,10.7,normal
1697501882.608,45.764,1800.0,4.0,10.7,normal
1697501883.11,45.277,1800.0,3.5,10.7,normal
1697501883.613,45.277,1800.0,3.0,10.7,normal
1697501884.115,46.251,1800.0,4.9,10.7,normal
1697501884.619,46.251,1000.0,5.0,10.7,normal
1697501885.123,45.277,1200.0,9.0,9.6,normal
1697501885.625,46.251,1800.0,28.7,10.5,normal
1697501886.128,46.251,1800.0,21.9,10.7,normal
1697501886.63,46.738,1800.0,4.5,10.7,normal
1697501887.133,45.277,1800.0,3.0,10.7,normal
1697501887.635,45.764,1800.0,3.0,10.7,normal
1697501888.138,45.764,1800.0,3.5,10.7,normal
1697501888.641,45.764,1800.0,3.0,10.7,normal
1697501889.143,45.764,1800.0,4.5,10.7,normal
1697501889.646,44.79,1800.0,3.0,10.7,normal
1697501890.148,44.79,1800.0,3.5,10.7,normal
1697501890.652,45.764,900.0,4.5,10.7,normal
1697501891.155,45.764,1800.0,6.4,10.7,normal
1697501891.658,45.764,1800.0,24.5,10.4,normal
1697501892.161,46.738,1800.0,25.8,10.6,normal
1697501892.663,46.251,1800.0,3.0,10.6,normal
1697501893.166,45.764,1800.0,2.5,10.6,normal
1697501893.668,46.738,1800.0,4.0,10.6,normal
1697501894.171,46.738,1800.0,4.0,10.6,normal
1697501894.673,46.251,1800.0,2.5,10.6,normal
1697501895.176,45.764,1800.0,3.5,10.6,normal
1697501895.678,45.764,1800.0,3.0,10.7,normal
1697501896.184,46.738,600.0,3.5,10.6,normal
1697501896.69,44.303,600.0,4.9,10.6,normal
1697501897.195,45.277,1800.0,7.9,9.6,normal
1697501897.699,46.251,1800.0,29.2,10.5,normal
1697501898.201,46.738,1800.0,21.1,10.6,normal
1697501898.704,45.764,1800.0,3.5,10.6,normal
1697501899.206,46.738,1800.0,4.0,10.6,normal
1697501899.709,45.764,1800.0,3.5,10.6,normal
1697501900.211,44.79,1800.0,3.5,10.6,normal
1697501900.714,46.251,1800.0,3.0,10.6,normal
1697501901.216,45.277,1800.0,3.5,10.7,normal
1697501901.719,46.251,1800.0,3.0,10.7,normal
1697501902.224,45.764,700.0,4.5,10.7,normal
1697501902.729,45.764,700.0,4.0,10.7,normal
1697501903.235,45.764,600.0,4.0,10.7,normal
1697501903.739,45.764,1800.0,26.9,10.3,normal
1697501904.241,45.764,1800.0,29.6,10.6,normal
1697501904.744,46.738,1800.0,3.0,10.6,normal
1697501905.247,45.277,1800.0,3.5,10.6,normal
1697501905.749,45.764,1800.0,3.0,10.6,normal
1697501906.252,46.738,1800.0,5.4,10.6,normal
1697501906.754,45.764,1800.0,3.0,10.7,normal
1697501907.257,45.764,1800.0,2.5,10.7,normal
1697501907.759,45.764,1800.0,3.5,10.7,normal
1697501908.262,45.764,1800.0,4.9,10.7,normal
1697501908.766,45.277,900.0,5.0,10.7,normal
1697501909.27,45.277,950.0,6.9,10.5,normal
1697501909.774,46.251,1800.0,27.9,10.5,normal
1697501910.276,46.251,1800.0,23.5,10.7,normal
1697501910.779,46.251,1800.0,4.0,10.7,normal
1697501911.282,46.251,1800.0,3.0,10.7,normal
1697501911.784,45.764,1800.0,4.0,10.7,normal
1697501912.287,46.251,1800.0,4.0,10.7,normal
1697501912.789,45.764,1800.0,4.0,10.7,normal
1697501913.291,45.277,1800.0,2.5,10.7,normal
1697501913.794,45.764,1800.0,4.5,10.7,normal
1697501914.296,45.277,1800.0,3.5,10.7,normal
1697501914.802,46.251,700.0,5.9,10.7,normal
1697501915.308,45.277,600.0,5.4,10.7,normal
1697501915.811,45.764,1800.0,23.6,10.3,normal
1697501916.314,46.251,1800.0,31.3,10.6,normal
1697501916.817,46.738,1800.0,4.5,10.6,normal
1697501917.319,45.277,1800.0,3.0,10.6,normal
1697501917.822,46.251,1800.0,3.5,10.6,normal
1697501918.324,45.764,1800.0,3.0,10.6,normal
1697501918.827,46.738,1800.0,4.5,10.6,normal
1697501919.33,46.251,1800.0,4.0,10.6,normal
1697501919.832,45.764,1800.0,3.5,10.6,normal
1697501920.335,46.251,1800.0,3.5,10.6,normal
1697501920.84,45.764,600.0,3.5,10.6,normal
1697501921.345,45.277,800.0,2.0,10.6,normal
1697501921.847,46.251,1800.0,15.9,10.2,normal
1697501922.35,47.225,1800.0,37.3,10.6,normal
1697501922.853,45.764,1800.0,4.0,10.7,normal
1697501923.355,46.738,1800.0,3.0,10.7,normal
1697501923.858,45.764,1800.0,5.9,10.7,normal
1697501924.36,46.251,1800.0,3.0,10.7,normal
1697501924.863,47.225,1800.0,3.0,10.7,normal
1697501925.366,45.764,1800.0,2.0,10.7,normal
1697501925.868,45.764,1800.0,3.0,10.7,normal
1697501926.371,45.764,1800.0,2.5,10.7,normal
1697501926.876,45.764,600.0,1.0,10.7,normal
1697501927.381,45.764,700.0,5.4,10.7,normal
1697501927.884,46.738,1800.0,19.9,10.3,normal
1697501928.387,46.251,1800.0,33.7,10.7,normal
1697501928.89,45.764,1800.0,5.0,10.7,normal
1697501929.392,45.764,1800.0,4.0,10.7,normal
1697501929.895,45.764,1800.0,4.0,10.7,normal
1697501930.398,45.764,1800.0,2.5,10.7,normal
1697501930.9,46.738,1800.0,3.5,10.7,normal
1697501931.403,45.277,1800.0,3.0,10.7,normal
1697501931.905,45.764,1800.0,3.5,10.7,normal
1697501932.408,45.764,1800.0,4.5,10.7,normal
1697501932.918,45.764,600.0,3.9,10.7,normal
1697501933.425,45.277,600.0,4.5,10.7,normal
1697501933.928,46.738,1800.0,27.7,10.4,normal
1697501934.431,46.251,1800.0,30.2,10.7,normal
1697501934.934,46.251,1800.0,3.0,10.7,normal
1697501935.436,46.738,1800.0,1.5,10.7,normal
1697501935.939,47.225,1800.0,12.9,10.7,normal
1697501936.442,47.225,1800.0,4.5,10.7,normal
1697501936.945,45.277,1800.0,3.5,10.7,normal
1697501937.448,46.251,1800.0,4.0,10.7,normal
1697501937.95,45.277,1800.0,3.0,10.7,normal
1697501938.453,46.251,1800.0,4.5,10.7,normal
1697501938.959,45.764,600.0,4.9,10.7,normal
1697501939.467,46.251,600.0,5.0,10.7,normal
1697501939.971,48.199,1800.0,28.9,10.5,normal
1697501940.475,46.738,1800.0,25.0,10.7,normal
1697501940.977,46.738,1800.0,4.5,10.7,normal
1697501941.48,47.712,1800.0,4.5,10.7,normal
1697501941.982,45.277,1800.0,4.5,10.7,normal
1697501942.485,46.251,1800.0,3.5,10.7,normal
1697501942.988,46.738,1800.0,3.5,10.7,normal
1697501943.49,45.277,1800.0,3.0,10.7,normal
1697501943.993,46.251,1800.0,4.0,10.7,normal
1697501944.496,44.79,1800.0,4.0,10.7,normal
1697501945.0,46.251,900.0,4.0,10.7,normal
1697501945.504,45.764,900.0,4.5,10.7,normal
1697501946.007,46.251,1800.0,22.4,10.4,normal
1697501946.51,46.738,1800.0,32.2,10.7,normal
1697501947.012,46.738,1800.0,4.9,10.7,normal
1697501947.515,45.277,1800.0,3.0,10.7,normal
1697501948.018,46.738,1800.0,2.5,10.7,normal
1697501948.52,46.251,1800.0,5.0,10.7,normal
1697501949.023,46.251,1800.0,4.0,10.7,normal
1697501949.525,45.764,1800.0,3.5,10.7,normal
1697501950.028,45.764,1800.0,3.0,10.7,normal
1697501950.53,46.738,1800.0,4.0,10.7,normal
1697501951.034,46.251,900.0,5.4,10.7,normal
1697501951.539,44.303,700.0,7.9,10.7,normal
1697501952.043,45.764,1800.0,15.8,10.3,normal
1697501952.546,47.225,1800.0,36.5,10.6,normal
1697501953.048,45.764,1800.0,4.5,10.7,normal
1697501953.551,45.764,1800.0,4.0,10.7,normal
1697501954.053,45.277,1800.0,4.0,10.7,normal
1697501954.556,46.738,1800.0,4.0,10.7,normal
1697501955.058,46.251,1800.0,4.0,10.7,normal
1697501955.561,46.251,1800.0,4.0,10.7,normal
1697501956.064,46.251,1800.0,2.5,10.7,normal
1697501956.568,46.251,700.0,3.5,10.7,normal
1697501957.073,45.277,900.0,5.4,10.7,normal
1697501957.576,46.738,1000.0,4.5,10.7,normal
1697501958.08,45.764,1000.0,9.5,9.7,normal
1697501958.584,44.79,1800.0,28.4,10.5,normal
1697501959.087,46.738,1800.0,22.6,10.6,normal
1697501959.589,46.738,1800.0,4.0,10.6,normal
1697501960.092,46.251,1800.0,3.0,10.6,normal
1697501960.594,45.277,1800.0,3.0,10.6,normal
1697501961.097,45.764,1800.0,3.0,10.6,normal
1697501961.599,46.738,1800.0,4.0,10.6,normal
1697501962.102,45.764,1800.0,3.0,10.6,normal
1697501962.605,46.251,1800.0,2.5,10.7,normal
1697501963.107,45.277,1800.0,3.5,10.7,normal
1697501963.611,45.277,900.0,5.9,10.7,normal
1697501964.115,46.251,900.0,6.0,10.7,normal
1697501964.619,46.251,1800.0,25.4,10.4,normal
1697501965.122,46.738,1800.0,27.6,10.6,normal
1697501965.624,45.277,1800.0,2.5,10.6,normal
1697501966.127,45.277,1800.0,2.0,10.6,normal
1697501966.629,45.277,1800.0,1.5,10.6,normal
1697501967.132,46.251,1800.0,5.9,10.7,normal
1697501967.635,45.764,1800.0,4.0,10.7,normal
1697501968.137,45.764,1800.0,2.5,10.7,normal
1697501968.64,44.79,1800.0,3.5,10.7,normal
1697501969.142,45.764,1800.0,4.5,10.7,normal
1697501969.647,46.251,900.0,4.9,10.7,normal
1697501970.152,45.277,800.0,5.0,10.7,normal
1697501970.655,46.251,1800.0,19.5,10.3,normal
1697501971.157,45.277,1800.0,36.5,10.7,normal
1697501971.66,45.764,1800.0,2.5,10.7,normal
1697501972.163,45.277,1800.0,4.5,10.7,normal
1697501972.665,45.277,1800.0,3.5,10.7,normal
1697501973.168,44.79,1800.0,3.0,10.7,normal
1697501973.67,45.277,1800.0,3.5,10.7,normal
1697501974.173,45.764,1800.0,4.0,10.7,normal
1697501974.675,45.277,1800.0,3.0,10.7,normal
1697501975.178,46.251,1800.0,3.0,10.7,normal
1697501975.683,46.251,600.0,3.0,10.7,normal
1697501976.189,45.764,600.0,5.0,10.7,normal
1697501976.693,46.251,1800.0,10.9,10.0,normal
1697501977.197,46.738,1800.0,32.5,10.6,normal
1697501977.7,46.251,1800.0,13.5,10.6,normal
1697501978.202,45.764,1800.0,2.5,10.6,normal
1697501978.705,45.277,1800.0,3.5,10.6,normal
1697501979.207,46.251,1800.0,3.0,10.6,normal
1697501979.71,45.764,1800.0,3.0,10.6,normal
1697501980.212,45.764,1800.0,3.5,10.6,normal
1697501980.715,45.764,1800.0,3.0,10.6,normal
1697501981.217,45.277,1800.0,1.5,10.6,normal
1697501981.722,45.764,700.0,1.5,10.6,normal
1697501982.228,45.764,600.0,8.4,10.6,normal
1697501982.731,45.764,1800.0,16.5,10.2,normal
1697501983.234,46.251,1800.0,37.8,10.5,normal
1697501983.736,46.738,1800.0,5.0,10.6,normal
1697501984.239,45.764,1800.0,3.0,10.6,normal
1697501984.741,46.251,1800.0,4.0,10.6,normal
1697501985.244,44.303,1800.0,3.0,10.6,normal
1697501985.746,46.251,1800.0,3.5,10.6,normal
1697501986.249,45.277,1800.0,2.5,10.6,normal
1697501986.752,45.764,1800.0,2.5,10.6,normal
1697501987.255,46.251,1800.0,3.0,10.7,normal
1697501987.759,45.277,800.0,2.0,10.7,normal
1697501988.263,44.303,800.0,4.9,10.6,normal
1697501988.768,45.277,1100.0,14.8,9.5,normal
1697501989.271,47.225,1800.0,30.8,10.5,normal
1697501989.773,46.738,1800.0,20.9,10.7,normal
1697501990.276,45.764,1800.0,4.0,10.7,normal
1697501990.779,47.225,1800.0,3.5,10.7,normal
1697501991.281,45.277,1800.0,3.0,10.7,normal
1697501991.784,47.225,1800.0,3.0,10.7,normal
1697501992.286,45.764,1800.0,4.0,10.7,normal
1697501992.789,45.277,1800.0,2.5,10.7,normal
1697501993.291,45.764,1800.0,3.0,10.7,normal
1697501993.794,45.764,1800.0,5.4,10.7,normal
1697501994.298,45.277,800.0,4.5,10.7,normal
1697501994.803,45.277,700.0,4.5,10.7,normal
1697501995.307,45.764,1800.0,26.5,10.4,normal
1697501995.809,45.764,1800.0,28.9,10.7,normal
1697501996.312,46.738,1800.0,2.0,10.7,normal
1697501996.815,45.764,1800.0,3.5,10.7,normal
1697501997.317,45.277,1800.0,3.5,10.7,normal
1697501997.82,45.277,1800.0,4.0,10.7,normal
1697501998.322,45.277,1800.0,3.0,10.6,normal
1697501998.825,45.764,1800.0,4.0,10.6,normal
1697501999.327,45.764,1800.0,4.5,10.7,normal
1697501999.83,45.277,1800.0,3.0,10.6,normal
1697502000.335,46.251,700.0,4.0,10.6,normal
1697502000.84,45.277,700.0,5.4,10.7,normal
1697502001.343,44.79,1800.0,19.1,10.3,normal
1697502001.845,46.738,1800.0,35.7,10.7,normal
1697502002.348,46.738,1800.0,4.0,10.7,normal
1697502002.851,45.764,1800.0,3.5,10.7,normal
1697502003.353,45.764,1800.0,3.5,10.7,normal
1697502003.856,45.277,1800.0,4.0,10.7,normal
1697502004.358,45.764,1800.0,4.0,10.7,normal
1697502004.861,45.764,1800.0,4.0,10.7,normal
1697502005.363,45.764,1800.0,2.5,10.7,normal
1697502005.866,46.251,1800.0,4.0,10.7,normal
1697502006.371,45.277,600.0,3.5,10.7,normal
1697502006.877,44.79,600.0,4.9,10.7,normal
1697502007.381,46.251,1800.0,12.9,10.0,normal
1697502007.884,47.225,1800.0,32.0,10.7,normal
1697502008.387,46.251,1800.0,15.5,10.7,normal
1697502008.889,46.738,1800.0,5.4,10.7,normal
1697502009.392,45.764,1800.0,3.9,10.7,normal
1697502009.894,46.738,1800.0,3.5,10.7,normal
1697502010.397,46.738,1800.0,2.5,10.7,normal
1697502010.899,45.764,1800.0,3.5,10.7,normal
1697502011.402,45.764,1800.0,5.0,10.7,normal
1697502011.904,46.251,1800.0,3.0,10.7,normal
1697502012.409,46.251,800.0,3.5,10.7,normal
1697502012.914,45.764,700.0,4.4,10.7,normal
1697502013.42,45.764,600.0,5.9,10.6,normal
1697502013.923,45.764,1800.0,28.9,10.5,normal
1697502014.425,46.251,1800.0,25.1,10.7,normal
1697502014.928,46.738,1800.0,3.0,10.7,normal
1697502015.43,45.764,1800.0,4.0,10.7,normal
1697502015.933,45.277,1800.0,3.5,10.7,normal
1697502016.435,45.764,1800.0,2.5,10.7,normal
1697502016.938,46.251,1800.0,3.0,10.7,normal
1697502017.441,45.277,1800.0,3.0,10.7,normal
1697502017.944,45.764,1800.0,2.5,10.7,normal
1697502018.447,45.277,1800.0,3.0,10.7,normal
1697502018.955,45.764,600.0,3.4,10.7,normal
1697502019.462,44.79,600.0,6.4,10.7,normal
1697502019.967,46.251,1800.0,22.7,10.4,normal
1697502020.47,46.738,1800.0,31.2,10.7,normal
1697502020.972,45.764,1800.0,3.5,10.7,normal
1697502021.475,45.277,1800.0,4.0,10.7,normal
1697502021.978,46.251,1800.0,4.0,10.6,normal
1697502022.48,46.738,1800.0,3.5,10.6,normal
1697502022.983,45.277,1800.0,4.5,10.6,normal
1697502023.486,45.764,1800.0,4.0,10.6,normal
1697502023.988,46.251,1800.0,4.9,10.6,normal
1697502024.491,45.277,1800.0,4.0,10.6,normal
1697502024.996,45.764,600.0,4.4,10.6,normal
1697502025.502,45.764,600.0,3.5,10.6,normal
1697502026.007,46.738,1800.0,28.5,10.5,normal
1697502026.51,46.738,1800.0,28.4,10.7,normal
1697502027.012,46.251,1800.0,3.0,10.7,normal
1697502027.515,44.79,1800.0,3.5,10.6,normal
1697502028.017,45.764,1800.0,3.5,10.7,normal
1697502028.52,45.764,1800.0,3.0,10.7,normal
1697502029.023,46.251,1800.0,3.5,10.7,normal
1697502029.525,46.251,1800.0,4.5,10.7,normal
1697502030.028,45.764,1800.0,3.9,10.7,normal
1697502030.531,45.277,1800.0,4.0,10.7,normal
1697502031.035,45.277,900.0,4.4,10.7,normal
1697502031.54,45.277,1000.0,7.0,10.5,normal
1697502032.043,47.225,1800.0,29.7,10.5,normal
1697502032.545,46.251,1800.0,23.0,10.7,normal
1697502033.048,46.738,1800.0,3.0,10.7,normal
1697502033.55,45.764,1800.0,4.0,10.7,normal
1697502034.053,45.764,1800.0,5.4,10.7,normal
1697502034.555,45.277,1800.0,3.0,10.7,normal
1697502035.058,45.764,1800.0,3.0,10.7,normal
1697502035.56,46.251,1800.0,3.5,10.7,normal
1697502036.063,45.764,1800.0,3.5,10.6,normal
1697502036.566,44.79,1800.0,3.0,10.7,normal
1697502037.07,45.764,900.0,4.9,10.6,normal
1697502037.574,45.277,1275.0,12.9,9.8,normal
1697502038.079,47.712,1800.0,32.0,10.6,normal
1697502038.582,46.251,1800.0,16.4,10.7,normal
1697502039.085,46.251,1800.0,3.5,10.7,normal
1697502039.587,45.764,1800.0,3.0,10.6,normal
1697502040.09,46.251,1800.0,4.5,10.7,normal
1697502040.592,45.764,1800.0,3.0,10.7,normal
1697502041.095,45.277,1800.0,3.5,10.7,normal
1697502041.597,45.764,1800.0,4.0,10.7,normal
1697502042.1,45.277,1800.0,3.5,10.7,normal
1697502042.605,45.764,700.0,4.4,10.6,normal
1697502043.109,44.79,900.0,4.5,10.7,normal
1697502043.612,46.738,1800.0,16.5,10.3,normal
1697502044.115,46.738,1800.0,38.1,10.6,normal
1697502044.617,46.251,1800.0,4.0,10.7,normal
1697502045.12,45.764,1800.0,3.4,10.7,normal
1697502045.623,44.79,1800.0,3.5,10.7,normal
1697502046.125,45.277,1800.0,3.5,10.7,normal
1697502046.627,45.277,1800.0,2.5,10.7,normal
1697502047.13,45.764,1800.0,4.4,10.7,normal
1697502047.632,45.764,1800.0,2.5,10.7,normal
1697502048.135,46.251,1800.0,3.5,10.7,normal
1697502048.639,45.277,900.0,5.4,10.7,normal
1697502049.145,45.764,600.0,5.9,10.7,normal
1697502049.648,45.764,1800.0,9.5,9.6,normal
1697502050.152,46.738,1800.0,27.5,10.6,normal
1697502050.655,46.251,1800.0,19.5,10.6,normal
1697502051.157,45.764,1800.0,4.0,10.6,normal
1697502051.66,46.251,1800.0,2.5,10.6,normal
1697502052.162,45.764,1800.0,4.0,10.6,normal
1697502052.665,45.277,1800.0,3.0,10.6,normal
1697502053.167,45.764,1800.0,4.4,10.6,normal
1697502053.67,45.764,1800.0,4.0,10.6,normal
1697502054.172,45.764,1800.0,3.5,10.6,normal
1697502054.677,46.251,700.0,3.0,10.7,normal
1697502055.183,45.764,600.0,5.9,10.7,normal
1697502055.686,46.251,1800.0,14.4,10.1,normal
1697502056.189,47.225,1800.0,37.4,10.6,normal
1697502056.691,45.764,1800.0,6.0,10.6,normal
1697502057.194,46.738,1800.0,3.5,10.6,normal
1697502057.697,46.251,1800.0,3.5,10.6,normal
1697502058.199,46.251,1800.0,3.0,10.6,normal
1697502058.702,46.251,1800.0,3.0,10.6,normal
1697502059.204,45.277,1800.0,2.0,10.6,normal
1697502059.707,45.277,1800.0,3.5,10.7,normal
1697502060.209,45.764,1800.0,2.5,10.6,normal
1697502060.714,46.251,600.0,3.5,10.7,normal
1697502061.22,46.251,800.0,5.0,10.7,normal
1697502061.724,45.277,1000.0,8.5,9.6,normal
1697502062.227,46.738,1800.0,28.2,10.5,normal
1697502062.729,45.277,1800.0,23.0,10.7,normal
1697502063.232,45.764,1800.0,3.0,10.7,normal
1697502063.735,45.764,1800.0,5.4,10.7,normal
1697502064.237,46.251,1800.0,3.5,10.7,normal
1697502064.74,45.764,1800.0,3.5,10.7,normal
1697502065.242,44.79,1800.0,4.0,10.7,normal
1697502065.745,46.251,1800.0,3.5,10.7,normal
1697502066.247,46.738,1800.0,4.0,10.7,normal
1697502066.75,45.764,1800.0,3.5,10.7,normal
1697502067.255,45.764,600.0,4.9,10.7,normal
1697502067.761,46.251,600.0,4.0,10.7,normal
1697502068.264,45.277,1800.0,24.3,10.4,normal
1697502068.767,46.738,1800.0,32.7,10.7,normal
1697502069.27,45.764,1800.0,4.0,10.7,normal
1697502069.772,45.764,1800.0,3.0,10.7,normal
1697502070.275,46.251,1800.0,4.4,10.7,normal
1697502070.777,46.251,1800.0,2.0,10.7,normal
1697502071.28,46.251,1800.0,4.0,10.7,normal
1697502071.782,45.764,1800.0,3.5,10.7,normal
1697502072.285,45.764,1800.0,4.0,10.7,normal
1697502072.787,45.764,1800.0,3.5,10.7,normal
1697502073.293,45.277,600.0,4.0,10.7,normal
1697502073.796,45.764,1000.0,6.4,10.7,normal
1697502074.3,46.738,1800.0,28.9,10.5,normal
1697502074.803,46.738,1800.0,27.5,10.7,normal
1697502075.306,46.738,1800.0,3.5,10.7,normal
1697502075.808,45.277,1800.0,3.0,10.7,normal
1697502076.311,45.764,1800.0,3.5,10.7,normal
1697502076.813,47.225,1800.0,4.0,10.7,normal
1697502077.316,45.277,1800.0,4.9,10.7,normal
1697502077.818,45.277,1800.0,3.5,10.7,normal
1697502078.321,44.79,1800.0,3.0,10.7,normal
1697502078.823,45.764,1800.0,5.0,10.7,normal
1697502079.328,46.251,700.0,4.0,10.7,normal
1697502079.833,44.79,800.0,4.0,10.7,normal
1697502080.336,45.764,1800.0,19.8,10.3,normal
1697502080.839,46.251,1800.0,36.8,10.7,normal
1697502081.341,45.764,1800.0,3.0,10.7,normal
1697502081.844,44.79,1800.0,3.5,10.7,normal
1697502082.347,45.764,1800.0,3.5,10.7,normal
1697502082.849,44.79,1800.0,4.0,10.7,normal
1697502083.352,45.764,1800.0,3.5,10.7,normal
1697502083.854,46.251,1800.0,4.5,10.7,normal
1697502084.357,45.764,1800.0,3.0,10.7,normal
1697502084.859,45.764,1800.0,3.5,10.7,normal
1697502085.364,45.277,700.0,4.5,10.7,normal
1697502085.869,45.277,700.0,5.0,10.7,normal
1697502086.372,45.764,1800.0,24.4,10.3,normal
1697502086.875,46.251,1800.0,31.2,10.6,normal
1697502087.378,46.738,1800.0,4.5,10.6,normal
1697502087.88,46.251,1800.0,3.5,10.6,normal
1697502088.383,45.277,1800.0,3.0,10.6,normal
1697502088.886,45.277,1800.0,3.5,10.7,normal
1697502089.388,46.251,1800.0,4.0,10.7,normal
1697502089.891,44.79,1800.0,3.0,10.7,normal
1697502090.393,45.764,1800.0,3.5,10.7,normal
1697502090.896,45.764,1800.0,3.0,10.7,normal
1697502091.401,46.251,600.0,4.5,10.7,normal
1697502091.906,44.303,700.0,6.3,10.7,normal
1697502092.409,46.738,1800.0,28.0,10.4,normal
1697502092.912,46.251,1800.0,27.1,10.6,normal
1697502093.415,46.251,1800.0,4.0,10.6,normal
1697502093.917,46.738,1800.0,4.5,10.6,normal
1697502094.42,45.277,1800.0,3.5,10.6,normal
1697502094.922,46.738,1800.0,3.5,10.6,normal
1697502095.425,46.251,1800.0,3.5,10.6,normal
1697502095.927,46.738,1800.0,4.0,10.6,normal
1697502096.43,45.277,1800.0,4.4,10.6,normal
1697502096.932,45.764,1800.0,2.5,10.6,normal
1697502097.438,46.251,600.0,4.0,10.6,normal
1697502097.945,45.764,600.0,6.4,10.5,normal
1697502098.447,46.738,1800.0,30.2,10.4,normal
1697502098.95,46.738,1800.0,25.1,10.6,normal
1697502099.453,45.764,1800.0,2.5,10.6,normal
1697502099.955,45.277,1800.0,2.5,10.6,normal
1697502100.458,46.251,1800.0,3.5,10.6,normal
1697502100.96,45.277,1800.0,1.5,10.6,normal
1697502101.463,45.277,1800.0,4.5,10.7,normal
1697502101.965,45.764,1800.0,2.0,10.6,normal
1697502102.468,46.251,1800.0,3.5,10.6,normal
1697502102.971,46.251,1800.0,3.0,10.6,normal
1697502103.476,46.251,700.0,4.0,10.6,normal
1697502103.979,46.251,1800.0,11.4,9.6,normal
1697502104.483,46.251,1800.0,29.2,10.5,normal
1697502104.985,45.277,1800.0,18.3,10.6,normal
1697502105.488,45.764,1800.0,2.0,10.6,normal
1697502105.991,44.79,1800.0,2.0,10.6,normal
1697502106.493,46.738,1800.0,4.5,10.7,normal
1697502106.996,46.251,1800.0,2.0,10.7,normal
1697502107.498,45.764,1800.0,2.0,10.7,normal
1697502108.001,45.277,1800.0,3.5,10.7,normal
1697502108.503,46.251,1800.0,4.5,10.7,normal
1697502109.008,45.764,700.0,4.5,10.7,normal
1697502109.514,46.251,700.0,4.9,10.7,normal
1697502110.02,45.277,600.0,5.0,10.7,normal
1697502110.524,46.738,1800.0,26.5,10.5,normal
1697502111.026,46.251,1800.0,27.0,10.7,normal
1697502111.529,45.277,1800.0,3.0,10.7,normal
1697502112.031,45.277,1800.0,4.0,10.7,normal
1697502112.534,45.764,1800.0,4.0,10.7,normal
1697502113.037,44.79,1800.0,4.0,10.7,normal
1697502113.539,45.277,1800.0,3.0,10.7,normal
1697502114.042,44.79,1800.0,4.5,10.7,normal
1697502114.544,44.79,1800.0,3.5,10.7,normal
1697502115.047,44.79,1800.0,4.0,10.7,normal
1697502115.551,45.764,900.0,5.0,10.7,normal
1697502116.056,45.764,800.0,6.5,10.6,normal
1697502116.559,46.251,1800.0,28.9,10.5,normal
1697502117.062,45.764,1800.0,24.5,10.7,normal
1697502117.564,45.277,1800.0,3.5,10.7,normal
1697502118.067,45.277,1800.0,3.5,10.7,normal
1697502118.569,45.764,1800.0,3.5,10.7,normal
1697502119.072,45.277,1800.0,5.0,10.7,normal
1697502119.574,45.764,1800.0,3.5,10.7,normal
1697502120.077,45.277,1800.0,2.5,10.7,normal
1697502120.579,45.764,1800.0,3.5,10.7,normal
1697502121.082,46.251,1800.0,4.5,10.7,normal
1697502121.586,46.738,800.0,5.0,10.7,normal
1697502122.091,45.277,900.0,5.9,10.7,normal
1697502122.593,46.738,1800.0,23.0,10.4,normal
1697502123.096,46.738,1800.0,32.2,10.7,normal
1697502123.599,46.251,1800.0,4.5,10.7,normal
1697502124.101,45.764,1800.0,4.0,10.7,normal
1697502124.604,45.277,1800.0,2.5,10.7,normal
1697502125.106,45.277,1800.0,3.5,10.7,normal
1697502125.609,44.79,1800.0,3.5,10.7,normal
1697502126.111,45.764,1800.0,4.0,10.7,normal
1697502126.614,45.277,1800.0,3.0,10.7,normal
1697502127.116,44.79,1800.0,3.5,10.7,normal
1697502127.621,46.251,800.0,4.5,10.7,normal
1697502128.125,46.251,800.0,5.0,10.7,normal
1697502128.627,47.225,1800.0,26.9,10.4,normal
1697502129.13,46.738,1800.0,27.6,10.7,normal
1697502129.633,45.764,1800.0,4.5,10.7,normal
1697502130.135,44.303,1800.0,3.5,10.7,normal
1697502130.638,46.251,1800.0,3.5,10.7,normal
1697502131.14,46.738,1800.0,3.5,10.7,normal
1697502131.643,46.251,1800.0,4.5,10.7,normal
1697502132.145,45.764,1800.0,3.5,10.7,normal
1697502132.648,46.251,1800.0,3.5,10.7,normal
1697502133.15,45.764,1800.0,3.5,10.7,normal
1697502133.656,45.277,600.0,4.4,10.7,normal
1697502134.16,45.764,800.0,5.4,10.7,normal
1697502134.663,45.277,1800.0,19.2,10.1,normal
1697502135.166,46.738,1800.0,37.5,10.6,normal
1697502135.669,45.764,1800.0,4.0,10.7,normal
1697502136.171,46.251,1800.0,4.5,10.7,normal
1697502136.674,46.251,1800.0,3.5,10.7,normal
1697502137.176,46.251,1800.0,3.0,10.7,normal
1697502137.679,45.764,1800.0,4.0,10.7,normal
1697502138.181,45.764,1800.0,3.5,10.7,normal
1697502138.684,45.764,1800.0,4.5,10.7,normal
1697502139.186,46.738,1800.0,3.0,10.7,normal
1697502139.692,45.277,600.0,3.0,10.7,normal
1697502140.198,45.764,600.0,3.5,10.7,normal
1697502140.7,46.251,1800.0,24.1,10.3,normal
1697502141.203,47.225,1800.0,33.2,10.6,normal
1697502141.706,45.764,1800.0,2.5,10.6,normal
1697502142.208,45.764,1800.0,2.0,10.6,normal
1697502142.711,45.764,1800.0,3.5,10.6,normal
1697502143.213,44.79,1800.0,2.5,10.6,normal
1697502143.716,45.277,1800.0,4.5,10.6,normal
1697502144.218,46.738,1800.0,3.0,10.6,normal
1697502144.721,46.251,1800.0,3.0,10.6,normal
1697502145.223,45.764,1800.0,3.0,10.6,normal
1697502145.729,45.764,600.0,3.5,10.6,normal
1697502146.234,45.277,675.0,4.9,10.6,normal
1697502146.738,46.738,1800.0,26.5,10.4,normal
1697502147.241,45.764,1800.0,29.0,10.6,normal
1697502147.743,46.251,1800.0,3.5,10.6,normal
1697502148.246,46.738,1800.0,3.5,10.6,normal
1697502148.748,45.764,1800.0,4.0,10.6,normal
1697502149.251,45.764,1800.0,4.0,10.6,normal
1697502149.753,46.251,1800.0,2.5,10.6,normal
1697502150.256,45.277,1800.0,3.9,10.6,normal
1697502150.758,45.277,1800.0,3.0,10.6,normal
1697502151.261,46.251,1800.0,4.0,10.6,normal
1697502151.766,46.738,600.0,4.5,10.6,normal
1697502152.272,46.251,900.0,6.9,10.5,normal
1697502152.775,46.738,1800.0,28.0,10.5,normal
1697502153.278,46.251,1800.0,25.1,10.7,normal
1697502153.78,46.251,1800.0,4.5,10.7,normal
1697502154.283,46.251,1800.0,3.5,10.7,normal
1697502154.785,46.251,1800.0,3.0,10.7,normal
1697502155.288,45.764,1800.0,4.9,10.7,normal
1697502155.79,45.277,1800.0,3.5,10.7,normal
1697502156.293,45.277,1800.0,3.5,10.7,normal
1697502156.796,45.277,1800.0,3.0,10.7,normal
1697502157.298,45.764,1800.0,4.0,10.7,normal
1697502157.803,45.277,800.0,5.0,10.7,normal
1697502158.307,45.277,800.0,4.0,10.7,normal
1697502158.81,45.764,1800.0,24.8,10.3,normal
1697502159.313,46.738,1800.0,30.6,10.7,normal
1697502159.815,45.764,1800.0,4.0,10.7,normal
1697502160.318,45.764,1800.0,3.5,10.7,normal
1697502160.821,45.764,1800.0,3.5,10.7,normal
1697502161.323,45.764,1800.0,4.0,10.7,normal
1697502161.826,45.764,1800.0,4.5,10.7,normal
1697502162.328,45.764,1800.0,2.5,10.7,normal
1697502162.831,45.764,1800.0,3.9,10.7,normal
1697502163.334,45.277,1800.0,2.5,10.7,normal
1697502163.838,45.764,900.0,5.5,10.7,normal
1697502164.342,46.251,800.0,5.0,10.7,normal
1697502164.845,46.738,1800.0,16.4,10.3,normal
1697502165.347,46.251,1800.0,36.2,10.6,normal
1697502165.85,46.738,1800.0,6.5,10.7,normal
1697502166.353,47.225,1800.0,1.0,10.7,normal
1697502166.855,46.251,1800.0,4.5,10.7,normal
1697502167.358,46.251,1800.0,2.0,10.7,normal
1697502167.86,46.251,1800.0,2.5,10.7,normal
1697502168.363,45.764,1800.0,3.9,10.7,normal
1697502168.865,45.764,1800.0,5.4,10.7,normal
1697502169.368,45.277,1800.0,3.0,10.7,normal
1697502169.872,45.764,900.0,4.5,10.7,normal
1697502170.378,45.277,600.0,5.0,10.7,normal
1697502170.881,45.764,1800.0,18.0,10.3,normal
1697502171.383,46.251,1800.0,35.2,10.6,normal
1697502171.886,45.764,1800.0,3.9,10.6,normal
1697502172.388,46.251,1800.0,4.0,10.6,normal
1697502172.891,45.764,1800.0,4.0,10.6,normal
1697502173.394,46.738,1800.0,3.5,10.6,normal
1697502173.896,45.277,1800.0,4.0,10.6,normal
1697502174.399,46.251,1800.0,3.5,10.6,normal
1697502174.901,46.251,1800.0,3.5,10.6,normal
1697502175.404,46.251,1800.0,4.5,10.6,normal
1697502175.91,45.277,600.0,3.4,10.6,normal
1697502176.415,44.303,700.0,4.5,10.6,normal
1697502176.918,45.764,1800.0,21.7,10.4,normal
1697502177.421,46.251,1800.0,29.9,10.7,normal
1697502177.923,46.251,1800.0,3.9,10.7,normal
1697502178.426,46.738,1800.0,3.5,10.7,normal
1697502178.928,45.764,1800.0,4.5,10.7,normal
1697502179.431,45.764,1800.0,3.5,10.7,normal
1697502179.934,46.251,1800.0,3.5,10.7,normal
1697502180.437,45.764,1800.0,3.0,10.7,normal
1697502180.939,47.225,1800.0,3.0,10.7,normal
1697502181.442,45.277,1800.0,5.4,10.7,normal
1697502181.947,45.764,700.0,4.4,10.7,normal
1697502182.454,45.764,600.0,4.5,10.7,normal
1697502182.957,46.251,1800.0,17.4,10.3,normal
1697502183.46,48.199,1800.0,36.8,10.6,normal
1697502183.962,46.251,1800.0,4.0,10.6,normal
1697502184.465,46.251,1800.0,2.5,10.6,normal
1697502184.967,47.225,1800.0,3.5,10.6,normal
1697502185.47,47.225,1800.0,3.5,10.6,normal
1697502185.972,45.277,1800.0,2.5,10.6,normal
1697502186.475,45.764,1800.0,0.5,10.6,normal
1697502186.978,46.738,1800.0,5.4,10.6,normal
1697502187.48,46.251,1800.0,3.0,10.7,normal
1697502187.985,45.764,700.0,4.4,10.7,normal
1697502188.49,45.764,600.0,4.5,10.7,normal
1697502188.994,45.764,1800.0,13.4,9.8,normal
1697502189.498,47.225,1800.0,32.7,10.6,normal
1697502190.001,46.251,1800.0,15.0,10.7,normal
1697502190.503,44.79,1800.0,3.5,10.7,normal
1697502191.006,47.225,1800.0,4.4,10.7,normal
1697502191.508,45.764,1800.0,3.0,10.7,normal
1697502192.011,45.764,1800.0,4.4,10.7,normal
1697502192.513,45.764,1800.0,3.5,10.7,normal
1697502193.016,46.251,1800.0,4.5,10.7,normal
1697502193.518,45.764,1800.0,4.4,10.7,normal
1697502194.023,46.251,700.0,5.4,10.7,normal
1697502194.527,46.738,900.0,4.5,10.7,normal
1697502195.032,46.251,900.0,5.4,10.7,normal
1697502195.536,46.738,1800.0,28.0,10.4,normal
1697502196.038,46.251,1800.0,27.9,10.6,normal
1697502196.541,44.79,1800.0,2.5,10.6,normal
1697502197.043,47.712,1800.0,4.0,10.6,normal
1697502197.546,46.251,1800.0,3.0,10.6,normal
1697502198.048,45.764,1800.0,3.0,10.7,normal
1697502198.551,45.277,1800.0,3.0,10.7,normal
1697502199.054,45.277,1800.0,5.0,10.7,normal
1697502199.556,45.277,1800.0,3.5,10.7,normal
1697502200.059,45.764,1800.0,3.0,10.7,normal
1697502200.562,45.277,1000.0,5.4,10.7,normal
1697502201.067,45.764,1000.0,8.4,10.5,normal
1697502201.57,47.225,1800.0,28.7,10.5,normal
1697502202.073,45.277,1800.0,25.4,10.7,normal
1697502202.576,45.764,1800.0,3.5,10.7,normal
1697502203.078,45.764,1800.0,3.5,10.7,normal
1697502203.581,46.738,1800.0,3.5,10.7,normal
1697502204.083,46.738,1800.0,4.0,10.7,normal
1697502204.586,45.764,1800.0,3.5,10.7,normal
1697502205.088,45.277,1800.0,3.5,10.7,normal
1697502205.591,46.738,1800.0,4.0,10.7,normal
1697502206.093,45.277,1800.0,3.0,10.7,normal
1697502206.598,46.251,800.0,5.9,10.7,normal
1697502207.102,46.251,1000.0,10.0,9.7,normal
1697502207.604,46.251,1800.0,29.4,10.6,normal
1697502208.107,46.251,1800.0,19.6,10.7,normal
1697502208.61,45.764,1800.0,5.0,10.7,normal
1697502209.112,45.764,1800.0,4.0,10.7,normal
1697502209.615,46.251,1800.0,4.0,10.7,normal
1697502210.117,47.225,1800.0,3.5,10.7,normal
1697502210.62,46.251,1800.0,3.4,10.7,normal
1697502211.122,45.764,1800.0,3.0,10.7,normal
1697502211.625,46.251,1800.0,5.0,10.7,normal
1697502212.13,45.277,700.0,3.0,10.7,normal
1697502212.634,44.79,900.0,5.4,10.7,normal
1697502213.137,46.738,1800.0,15.0,10.2,normal
1697502213.64,48.199,1800.0,37.5,10.6,normal
1697502214.142,46.738,1800.0,6.5,10.7,normal
1697502214.645,46.251,1800.0,3.5,10.7,normal
1697502215.147,46.251,1800.0,3.0,10.7,normal
1697502215.65,47.225,1800.0,4.0,10.7,normal
1697502216.152,45.277,1800.0,3.0,10.7,normal
1697502216.655,46.251,1800.0,3.0,10.7,normal
1697502217.157,45.764,1800.0,4.0,10.7,normal
1697502217.66,45.764,1800.0,3.5,10.7,normal
1697502218.165,45.277,700.0,3.5,10.7,normal
1697502218.671,46.251,600.0,5.9,10.7,normal
1697502219.175,45.277,900.0,8.9,10.3,normal
1697502219.679,47.712,1800.0,29.0,10.5,normal
1697502220.182,46.251,1800.0,22.2,10.7,normal
1697502220.684,46.738,1800.0,3.0,10.7,normal
1697502221.187,46.251,1800.0,4.0,10.7,normal
1697502221.689,46.251,1800.0,4.0,10.7,normal
1697502222.192,46.251,1800.0,3.5,10.7,normal
1697502222.694,45.764,1800.0,2.5,10.7,normal
1697502223.197,46.251,1800.0,3.5,10.7,normal
1697502223.699,45.764,1800.0,5.4,10.7,normal
1697502224.204,46.251,975.0,2.5,10.7,normal
1697502224.71,45.277,600.0,4.4,10.7,normal
1697502225.215,44.79,600.0,2.5,10.7,normal
1697502225.719,45.277,1800.0,25.7,10.4,normal
1697502226.222,47.225,1800.0,28.5,10.6,normal
1697502226.724,45.764,1800.0,3.0,10.6,normal
1697502227.227,45.764,1800.0,1.0,10.6,normal
1697502227.73,45.277,1800.0,2.5,10.6,normal
1697502228.232,45.277,1800.0,2.5,10.6,normal
1697502228.735,46.251,1800.0,7.4,10.6,normal
1697502229.237,46.251,1800.0,2.5,10.6,normal
1697502229.74,45.764,1800.0,4.0,10.6,normal
1697502230.242,45.764,1800.0,4.5,10.6,normal
1697502230.748,45.277,600.0,4.4,10.6,normal
1697502231.254,45.277,700.0,6.4,10.6,normal
1697502231.757,45.764,1800.0,28.2,10.5,normal
1697502232.26,46.738,1800.0,23.6,10.6,normal
1697502232.762,45.764,1800.0,4.5,10.7,normal
1697502233.265,45.277,1800.0,3.0,10.7,normal
1697502233.767,45.764,1800.0,3.5,10.7,normal
1697502234.27,45.764,1800.0,4.9,10.7,normal
1697502234.772,45.764,1800.0,3.5,10.7,normal
1697502235.275,45.764,1800.0,3.5,10.7,normal
1697502235.778,45.764,1800.0,3.0,10.6,normal
1697502236.28,45.277,1800.0,3.5,10.7,normal
1697502236.785,45.277,700.0,5.9,10.7,normal
1697502237.291,45.764,600.0,4.0,10.7,normal
1697502237.794,47.225,1800.0,23.9,10.3,normal
1697502238.297,46.738,1800.0,30.3,10.6,normal
1697502238.799,46.738,1800.0,5.0,10.6,normal
1697502239.302,46.251,1800.0,4.0,10.6,normal
1697502239.804,44.79,1800.0,3.0,10.7,normal
1697502240.307,46.251,1800.0,3.5,10.6,normal
1697502240.81,45.764,1800.0,4.5,10.7,normal
1697502241.312,45.764,1800.0,4.0,10.7,normal
1697502241.815,45.764,1800.0,3.5,10.7,normal
1697502242.317,45.764,1800.0,4.0,10.7,normal
1697502242.821,45.764,800.0,4.0,10.7,normal
1697502243.327,43.816,700.0,5.4,10.6,normal
1697502243.83,46.251,1800.0,17.1,10.2,normal
1697502244.332,46.251,1800.0,36.8,10.6,normal
1697502244.835,45.277,1800.0,4.5,10.6,normal
1697502245.337,45.764,1800.0,4.0,10.6,normal
1697502245.84,46.251,1800.0,3.0,10.6,normal
1697502246.342,46.738,1800.0,3.0,10.6,normal
1697502246.845,46.738,1800.0,3.0,10.6,normal
1697502247.348,46.251,1800.0,4.4,10.7,normal
1697502247.85,45.277,1800.0,3.0,10.6,normal
1697502248.353,46.251,1800.0,3.5,10.6,normal
1697502248.856,46.251,1000.0,5.4,10.6,normal
1697502249.361,44.79,800.0,5.4,10.6,normal
1697502249.864,46.251,1800.0,23.1,10.3,normal
1697502250.366,46.251,1800.0,31.7,10.7,normal
1697502250.869,46.251,1800.0,3.5,10.7,normal
1697502251.371,45.764,1800.0,3.5,10.7,normal
1697502251.874,45.764,1800.0,4.5,10.6,normal
1697502252.377,45.764,1800.0,4.0,10.6,normal
1697502252.879,46.251,1800.0,2.5,10.6,normal
1697502253.382,47.225,1800.0,5.4,10.6,normal
1697502253.884,46.738,1800.0,3.5,10.6,normal
1697502254.387,46.251,1800.0,3.9,10.6,normal
1697502254.891,45.764,800.0,3.5,10.6,normal
1697502255.397,45.277,600.0,5.4,10.6,normal
1697502255.9,46.251,1800.0,17.0,10.2,normal
1697502256.403,47.225,1800.0,36.8,10.6,normal
1697502256.906,45.764,1800.0,4.5,10.6,normal
1697502257.408,46.738,1800.0,3.5,10.6,normal
1697502257.911,46.251,1800.0,5.0,10.7,normal
1697502258.413,46.251,1800.0,4.0,10.7,normal
1697502258.916,46.251,1800.0,5.0,10.7,normal
1697502259.418,46.251,1800.0,3.0,10.7,normal
1697502259.921,45.764,1800.0,4.5,10.7,normal
1697502260.423,46.251,1800.0,3.0,10.7,normal
1697502260.929,45.764,600.0,3.5,10.7,normal
1697502261.436,45.277,600.0,4.9,10.7,normal
1697502261.942,46.251,700.0,10.9,9.8,normal
1697502262.446,47.712,1800.0,28.9,10.4,normal
1697502262.949,46.251,1800.0,23.0,10.6,normal
1697502263.451,45.277,1800.0,3.5,10.6,normal
1697502263.954,46.251,1800.0,3.5,10.6,normal
1697502264.457,46.251,1800.0,4.5,10.7,normal
1697502264.959,45.764,1800.0,4.0,10.7,normal
1697502265.462,46.738,1800.0,3.0,10.7,normal
1697502265.964,45.277,1800.0,1.0,10.7,normal
1697502266.467,45.277,1800.0,4.0,10.7,normal
1697502266.972,45.764,700.0,4.9,10.7,normal
1697502267.476,46.738,800.0,3.0,10.7,normal
1697502267.981,45.277,700.0,4.9,10.7,normal
1697502268.486,46.251,1800.0,25.5,10.5,normal
1697502268.988,46.251,1800.0,29.2,10.7,normal
1697502269.491,46.251,1800.0,3.0,10.7,normal
1697502269.993,45.764,1800.0,3.0,10.7,normal
1697502270.496,46.738,1800.0,3.5,10.7,normal
1697502270.999,45.764,1800.0,3.0,10.7,normal
1697502271.501,45.764,1800.0,2.5,10.7,normal
1697502272.004,45.277,1800.0,4.0,10.7,normal
1697502272.506,46.251,1800.0,4.0,10.7,normal
1697502273.009,45.764,1800.0,3.0,10.7,normal
1697502273.513,45.277,1000.0,4.0,10.7,normal
1697502274.017,46.251,900.0,4.5,10.7,normal
1697502274.519,45.764,1800.0,20.8,10.3,normal
1697502275.022,45.764,1800.0,35.5,10.6,normal
1697502275.525,46.251,1800.0,3.5,10.6,normal
1697502276.027,46.251,1800.0,3.5,10.6,normal
1697502276.53,46.738,1800.0,5.0,10.6,normal
1697502277.032,45.764,1800.0,3.0,10.7,normal
1697502277.534,44.79,1800.0,3.0,10.7,normal
1697502278.037,45.764,1800.0,3.0,10.7,normal
1697502278.539,45.277,1800.0,4.0,10.7,normal
1697502279.042,46.738,1800.0,4.5,10.7,normal
1697502279.546,44.303,900.0,4.5,10.7,normal
1697502280.05,45.764,900.0,5.4,10.7,normal
1697502280.554,46.251,1800.0,23.3,10.4,normal
1697502281.057,46.251,1800.0,31.5,10.7,normal
1697502281.559,45.764,1800.0,3.0,10.7,normal
1697502282.062,45.277,1800.0,4.0,10.7,normal
1697502282.569,45.764,1800.0,4.4,10.7,normal
1697502283.072,46.251,1800.0,4.5,10.7,normal
1697502283.574,46.251,1800.0,3.5,10.7,normal
1697502284.077,46.251,1800.0,4.5,10.7,normal
1697502284.579,45.277,1800.0,2.5,10.7,normal
1697502285.082,46.251,1800.0,4.0,10.7,normal
1697502285.587,44.79,700.0,4.4,10.7,normal
1697502286.093,45.277,600.0,3.0,10.7,normal
1697502286.596,45.764,1800.0,16.0,10.3,normal
1697502287.099,46.251,1800.0,36.5,10.7,normal
1697502287.601,46.251,1800.0,3.0,10.7,normal
1697502288.104,45.277,1800.0,3.5,10.7,normal
1697502288.606,46.251,1800.0,3.5,10.7,normal
1697502289.109,45.764,1800.0,4.0,10.7,normal
1697502289.611,46.251,1800.0,4.0,10.7,normal
1697502290.114,45.277,1800.0,2.5,10.7,normal
1697502290.616,45.277,1800.0,1.5,10.7,normal
1697502291.119,45.277,1800.0,4.0,10.7,normal
1697502291.623,46.251,900.0,5.4,10.7,normal
1697502292.127,46.738,900.0,5.0,10.7,normal
1697502292.631,45.277,1800.0,11.9,9.9,normal
1697502293.135,46.738,1800.0,32.8,10.5,normal
1697502293.638,45.277,1800.0,14.4,10.6,normal
1697502294.14,45.764,1800.0,4.0,10.6,normal
1697502294.643,46.251,1800.0,3.5,10.6,normal
1697502295.145,45.764,1800.0,3.0,10.6,normal
1697502295.648,46.738,1800.0,4.5,10.6,normal
1697502296.15,45.764,1800.0,3.5,10.6,normal
1697502296.653,45.764,1800.0,4.9,10.6,normal
1697502297.156,45.764,1800.0,4.0,10.6,normal
1697502297.66,45.277,700.0,3.9,10.6,normal
1697502298.166,44.79,600.0,5.0,10.6,normal
1697502298.673,45.764,1800.0,17.7,10.2,normal
1697502299.175,47.225,1800.0,37.5,10.6,normal
1697502299.678,45.277,1800.0,3.0,10.6,normal
1697502300.18,45.764,1800.0,3.5,10.6,normal
1697502300.683,45.277,1800.0,4.5,10.6,normal
1697502301.186,45.764,1800.0,4.5,10.6,normal
1697502301.688,46.251,1800.0,3.0,10.6,normal
1697502302.191,45.764,1800.0,3.5,10.6,normal
1697502302.693,46.251,1800.0,4.0,10.6,normal
1697502303.196,45.764,1800.0,3.5,10.6,normal
1697502303.701,47.225,600.0,4.5,10.6,normal
1697502304.207,45.277,600.0,4.0,10.6,normal
1697502304.71,46.251,1800.0,23.0,10.3,normal
1697502305.213,46.251,1800.0,32.7,10.7,normal
1697502305.715,47.225,1800.0,3.0,10.7,normal
1697502306.218,46.251,1800.0,3.0,10.7,normal
1697502306.721,46.738,1800.0,4.5,10.7,normal
1697502307.223,46.251,1800.0,3.5,10.7,normal
1697502307.726,46.251,1800.0,2.0,10.7,normal
1697502308.228,45.764,1800.0,1.5,10.7,normal
1697502308.731,45.764,1800.0,4.5,10.7,normal
1697502309.233,45.764,1800.0,3.0,10.7,normal
1697502309.739,45.277,600.0,4.0,10.7,normal
1697502310.245,45.764,600.0,4.0,10.7,normal
1697502310.748,45.277,1800.0,15.5,10.2,normal
1697502311.251,47.225,1800.0,37.2,10.6,normal
1697502311.753,46.251,1800.0,5.0,10.7,normal
1697502312.256,45.277,1800.0,2.5,10.7,normal
1697502312.758,46.738,1800.0,3.0,10.7,normal
1697502313.261,45.764,1800.0,4.0,10.7,normal
1697502313.763,46.738,1800.0,4.5,10.7,normal
1697502314.266,45.764,1800.0,3.0,10.7,normal
1697502314.768,45.277,1800.0,3.9,10.7,normal
1697502315.271,44.79,1800.0,4.5,10.7,normal
1697502315.776,45.764,600.0,3.0,10.7,normal
1697502316.282,45.764,600.0,4.9,10.7,normal
1697502316.785,45.277,1800.0,22.3,10.3,normal
1697502317.288,46.738,1800.0,35.3,10.6,normal
1697502317.79,45.764,1800.0,3.5,10.6,normal
1697502318.293,46.251,1800.0,3.5,10.7,normal
1697502318.795,46.738,1800.0,3.5,10.7,normal
1697502319.298,45.764,1800.0,3.0,10.7,normal
1697502319.8,45.764,1800.0,4.0,10.7,normal
1697502320.303,46.251,1800.0,3.0,10.7,normal
1697502320.805,45.764,1800.0,3.0,10.7,normal
1697502321.308,45.764,1800.0,3.5,10.7,normal
1697502321.813,45.277,600.0,5.4,10.7,normal
1697502322.318,45.764,700.0,4.5,10.7,normal
1697502322.822,47.712,1800.0,24.6,10.4,normal
1697502323.325,46.251,1800.0,30.5,10.7,normal
1697502323.827,46.251,1800.0,5.0,10.7,normal
1697502324.33,45.764,1800.0,3.5,10.7,normal
1697502324.832,46.251,1800.0,3.0,10.7,normal
1697502325.335,46.251,1800.0,3.5,10.7,normal
1697502325.838,45.764,1800.0,4.0,10.7,normal
1697502326.34,45.277,1800.0,3.5,10.7,normal
1697502326.843,46.251,1800.0,4.5,10.7,normal
1697502327.345,45.764,1800.0,3.5,10.7,normal
1697502327.849,45.277,800.0,3.5,10.7,normal
1697502328.354,46.251,800.0,5.4,10.7,normal
1697502328.857,45.764,1800.0,18.0,10.3,normal
1697502329.36,46.251,1800.0,37.3,10.6,normal
1697502329.862,45.764,1800.0,2.5,10.7,normal
1697502330.365,45.277,1800.0,4.9,10.7,normal
1697502330.867,46.738,1800.0,4.0,10.7,normal
1697502331.37,45.277,1800.0,3.0,10.7,normal
1697502331.872,46.251,1800.0,4.0,10.7,normal
1697502332.375,47.225,1800.0,3.5,10.7,normal
1697502332.877,46.251,1800.0,3.5,10.7,normal
1697502333.38,46.738,1800.0,3.9,10.7,normal
1697502333.884,44.79,900.0,4.5,10.7,normal
1697502334.389,44.79,700.0,5.0,10.7,normal
1697502334.893,45.764,1800.0,10.9,9.7,normal
1697502335.397,46.738,1800.0,29.1,10.5,normal
1697502335.899,45.764,1800.0,17.1,10.6,normal
1697502336.402,45.277,1800.0,3.5,10.7,normal
1697502336.904,46.251,1800.0,4.0,10.7,normal
1697502337.407,46.251,1800.0,3.0,10.7,normal
1697502337.909,45.764,1800.0,3.0,10.7,normal
1697502338.412,45.277,1800.0,3.0,10.7,normal
1697502338.914,45.277,1800.0,5.0,10.7,normal
1697502339.417,45.764,1800.0,3.5,10.7,normal
1697502339.922,44.79,700.0,3.0,10.7,normal
1697502340.426,45.277,900.0,5.9,10.7,normal
1697502340.931,44.79,800.0,5.5,10.7,normal
1697502341.434,45.764,1800.0,27.9,10.5,normal
1697502341.937,45.277,1800.0,28.0,10.7,normal
1697502342.439,45.764,1800.0,3.5,10.7,normal
1697502342.942,45.764,1800.0,4.0,10.7,normal
1697502343.445,46.251,1800.0,3.5,10.7,normal
1697502343.947,45.764,1800.0,4.5,10.7,normal
1697502344.45,45.277,1800.0,3.5,10.7,normal
1697502344.952,45.764,1800.0,1.5,10.7,normal
1697502345.455,45.277,1800.0,3.4,10.7,normal
1697502345.957,45.277,1800.0,4.0,10.7,normal
1697502346.463,45.277,600.0,4.0,10.7,normal
1697502346.967,45.277,800.0,3.5,10.7,normal
1697502347.47,45.764,1800.0,20.8,10.3,normal
1697502347.973,45.764,1800.0,33.3,10.6,normal
1697502348.475,46.251,1800.0,5.4,10.6,normal
1697502348.978,45.277,1800.0,4.4,10.6,normal
1697502349.48,45.277,1800.0,1.5,10.6,normal
1697502349.983,45.277,1800.0,3.0,10.7,normal
1697502350.486,46.251,1800.0,1.5,10.7,normal
1697502350.988,45.764,1800.0,3.5,10.7,normal
1697502351.491,45.764,1800.0,2.0,10.7,normal
1697502351.993,46.738,1800.0,3.0,10.7,normal
1697502352.497,45.277,900.0,4.5,10.7,normal
1697502353.001,44.79,1000.0,3.5,10.7,normal
1697502353.503,45.764,1800.0,25.5,10.3,normal
1697502354.006,47.225,1800.0,30.3,10.6,normal
1697502354.509,46.251,1800.0,2.5,10.6,normal
1697502355.011,45.764,1800.0,3.5,10.6,normal
1697502355.514,45.764,1800.0,4.9,10.6,normal
1697502356.016,44.79,1800.0,2.5,10.6,normal
1697502356.519,47.225,1800.0,3.5,10.6,normal
1697502357.021,45.764,1800.0,2.5,10.6,normal
1697502357.524,45.764,1800.0,3.5,10.6,normal
1697502358.027,45.277,1800.0,4.5,10.6,normal
1697502358.533,45.277,900.0,4.5,10.6,normal
1697502359.037,46.251,900.0,5.0,10.7,normal
1697502359.539,46.251,1800.0,19.2,10.3,normal
1697502360.042,46.251,1800.0,35.7,10.6,normal
1697502360.545,46.251,1800.0,3.0,10.6,normal
1697502361.047,46.738,1800.0,3.5,10.6,normal
1697502361.55,46.251,1800.0,2.5,10.6,normal
1697502362.053,46.251,1800.0,4.0,10.7,normal
1697502362.555,45.764,1800.0,3.5,10.7,normal
1697502363.058,45.277,1800.0,4.0,10.6,normal
1697502363.56,46.738,1800.0,2.5,10.7,normal
1697502364.063,46.738,1800.0,5.0,10.7,normal
1697502364.567,46.251,900.0,4.5,10.7,normal
1697502365.071,45.764,900.0,4.4,10.7,normal
1697502365.575,46.738,1800.0,23.9,10.3,normal
1697502366.077,46.251,1800.0,31.7,10.6,normal
1697502366.58,46.251,1800.0,3.5,10.6,normal
1697502367.082,46.251,1800.0,3.5,10.6,normal
1697502367.585,46.251,1800.0,2.5,10.6,normal
1697502368.087,45.764,1800.0,3.5,10.6,normal
1697502368.59,45.277,1800.0,3.5,10.6,normal
1697502369.092,46.251,1800.0,4.5,10.6,normal
1697502369.595,45.764,1800.0,3.0,10.7,normal
1697502370.097,44.79,1800.0,3.0,10.7,normal
1697502370.601,45.277,900.0,4.5,10.7,normal
1697502371.106,44.79,900.0,5.0,10.7,normal
1697502371.609,47.712,1800.0,29.2,10.4,normal
1697502372.111,46.738,1800.0,26.0,10.6,normal
1697502372.614,45.764,1800.0,4.0,10.6,normal
1697502373.117,45.764,1800.0,3.9,10.6,normal
1697502373.619,46.738,1800.0,3.5,10.6,normal
1697502374.122,45.764,1800.0,3.5,10.6,normal
1697502374.624,45.764,1800.0,4.5,10.6,normal
1697502375.127,44.79,1800.0,2.5,10.6,normal
1697502375.629,45.277,1800.0,4.5,10.7,normal
1697502376.131,46.251,1800.0,2.5,10.6,normal
1697502376.635,46.251,900.0,5.0,10.7,normal
1697502377.14,44.79,800.0,7.5,9.5,normal
1697502377.644,47.712,1800.0,29.1,10.5,normal
1697502378.146,45.764,1800.0,20.7,10.6,normal
1697502378.649,45.764,1800.0,3.5,10.6,normal
1697502379.151,46.251,1800.0,5.0,10.6,normal
1697502379.654,46.251,1800.0,4.0,10.6,normal
1697502380.157,45.277,1800.0,4.0,10.6,normal
1697502380.659,45.764,1800.0,3.0,10.6,normal
1697502381.162,45.764,1800.0,4.0,10.6,normal
1697502381.664,45.764,1800.0,4.0,10.6,normal
1697502382.167,46.251,1800.0,3.0,10.6,normal
1697502382.675,45.277,750.0,4.4,10.6,normal
1697502383.178,46.251,1800.0,14.4,10.0,normal
1697502383.682,46.738,1800.0,38.1,10.6,normal
1697502384.184,44.79,1800.0,6.5,10.6,normal
1697502384.687,46.251,1800.0,3.5,10.6,normal
1697502385.19,44.79,1800.0,4.0,10.6,normal
1697502385.692,45.277,1800.0,3.5,10.6,normal
1697502386.195,46.251,1800.0,3.5,10.7,normal
1697502386.697,45.764,1800.0,3.5,10.7,normal
1697502387.2,45.277,1800.0,3.5,10.7,normal
1697502387.702,46.251,1800.0,4.0,10.7,normal
1697502388.207,44.79,700.0,4.0,10.7,normal
1697502388.713,44.79,600.0,5.0,10.7,normal
1697502389.216,45.764,1800.0,18.2,10.3,normal
1697502389.719,45.764,1800.0,37.2,10.7,normal
1697502390.221,45.764,1800.0,3.0,10.7,normal
1697502390.724,44.303,1800.0,3.0,10.7,normal
1697502391.226,45.764,1800.0,2.5,10.7,normal
1697502391.729,45.764,1800.0,2.5,10.7,normal
1697502392.231,45.277,1800.0,2.0,10.6,normal
1697502392.734,45.764,1800.0,3.5,10.6,normal
1697502393.236,45.764,1800.0,2.5,10.7,normal
1697502393.739,45.764,1800.0,4.5,10.6,normal
1697502394.244,44.79,600.0,3.0,10.7,normal
1697502394.75,46.251,600.0,5.4,10.7,normal
1697502395.254,46.738,1800.0,23.5,10.4,normal
1697502395.757,47.225,1800.0,33.3,10.6,normal
1697502396.259,45.764,1800.0,4.0,10.6,normal
1697502396.762,46.251,1800.0,4.4,10.7,normal
1697502397.264,46.251,1800.0,3.5,10.7,normal
1697502397.767,46.738,1800.0,4.5,10.7,normal
1697502398.269,45.277,1800.0,3.5,10.7,normal
1697502398.772,46.251,1800.0,4.9,10.7,normal
1697502399.275,46.251,1800.0,3.0,10.7,normal
1697502399.777,46.251,1800.0,4.9,10.7,normal
1697502400.283,44.79,600.0,3.5,10.7,normal
1697502400.788,45.277,600.0,5.4,10.7,normal
1697502401.291,45.764,1800.0,26.5,10.4,normal
1697502401.794,46.738,1800.0,28.5,10.6,normal
1697502402.297,45.764,1800.0,3.5,10.6,normal
1697502402.799,46.251,1800.0,4.5,10.6,normal
1697502403.302,46.738,1800.0,3.0,10.6,normal
1697502403.804,46.251,1800.0,5.0,10.6,normal
1697502404.307,45.764,1800.0,3.9,10.6,normal
1697502404.809,46.251,1800.0,2.5,10.7,normal
1697502405.312,45.764,1800.0,2.0,10.7,normal
1697502405.814,46.251,1800.0,3.5,10.6,normal
1697502406.32,45.277,600.0,4.5,10.6,normal
1697502406.826,44.79,600.0,5.4,10.6,normal
1697502407.329,45.277,1800.0,19.3,10.3,normal
1697502407.831,46.251,1800.0,35.5,10.7,normal
1697502408.334,45.277,1800.0,3.0,10.7,normal
1697502408.836,46.251,1800.0,3.5,10.7,normal
1697502409.339,46.251,1800.0,2.0,10.7,normal
1697502409.842,45.277,1800.0,2.0,10.7,normal
1697502410.344,45.764,1800.0,2.5,10.7,normal
1697502410.847,46.251,1800.0,2.5,10.7,normal
1697502411.349,44.79,1800.0,3.5,10.7,normal
1697502411.852,45.764,1800.0,3.0,10.7,normal
1697502412.356,45.764,800.0,4.5,10.7,normal
1697502412.861,45.764,700.0,4.5,10.7,normal
1697502413.369,45.764,1800.0,10.3,9.8,normal
1697502413.872,46.738,1800.0,32.3,10.6,normal
1697502414.375,45.764,1800.0,18.9,10.7,normal
1697502414.878,45.764,1800.0,3.5,10.7,normal
1697502415.38,46.738,1800.0,2.5,10.7,normal
1697502415.883,46.738,1800.0,3.0,10.7,normal
1697502416.385,45.764,1800.0,4.0,10.7,normal
1697502416.888,45.764,1800.0,4.0,10.7,normal
1697502417.391,45.764,1800.0,3.5,10.7,normal
1697502417.893,45.277,1800.0,4.0,10.7,normal
1697502418.398,45.764,700.0,5.4,10.7,normal
1697502418.903,45.764,800.0,5.4,10.7,normal
1697502419.406,46.738,1800.0,14.1,10.3,normal
1697502419.908,46.738,1800.0,37.3,10.7,normal
1697502420.411,45.764,1800.0,6.0,10.7,normal
1697502420.913,44.79,1800.0,3.0,10.7,normal
1697502421.416,45.764,1800.0,4.5,10.7,normal
1697502421.919,45.764,1800.0,3.0,10.7,normal
1697502422.421,46.738,1800.0,4.0,10.7,normal
1697502422.924,45.764,1800.0,3.5,10.7,normal
1697502423.426,45.764,1800.0,3.0,10.7,normal
1697502423.929,45.764,1800.0,4.5,10.7,normal
1697502424.434,44.79,800.0,5.4,10.7,normal
1697502424.939,45.277,800.0,4.0,10.7,normal
1697502425.445,45.277,1800.0,7.0,10.5,normal
1697502425.948,45.277,1800.0,28.9,10.4,normal
1697502426.45,46.738,1800.0,24.3,10.6,normal
1697502426.953,46.251,1800.0,2.5,10.6,normal
1697502427.456,46.738,1800.0,3.5,10.6,normal
1697502427.958,46.251,1800.0,3.5,10.6,normal
1697502428.461,45.764,1800.0,3.5,10.6,normal
1697502428.963,44.79,1800.0,4.0,10.7,normal
1697502429.466,47.225,1800.0,3.0,10.7,normal
1697502429.969,44.79,1800.0,3.5,10.7,normal
1697502430.474,45.277,700.0,4.4,10.7,normal
1697502430.977,44.79,1100.0,5.0,10.7,normal
1697502431.483,46.251,600.0,3.0,10.7,normal
1697502431.986,46.251,1800.0,27.4,10.4,normal
1697502432.489,45.764,1800.0,29.5,10.6,normal
1697502432.991,45.764,1800.0,3.0,10.6,normal
1697502433.494,46.251,1800.0,2.5,10.6,normal
1697502433.997,45.764,1800.0,3.0,10.6,normal
1697502434.499,45.764,1800.0,3.5,10.6,normal
1697502435.002,45.277,1800.0,3.0,10.6,normal
1697502435.504,45.764,1800.0,3.0,10.6,normal
1697502436.007,44.79,1800.0,3.5,10.7,normal
1697502436.51,46.251,1800.0,3.0,10.7,normal
1697502437.014,45.764,900.0,4.5,10.6,normal
1697502437.518,44.79,900.0,4.0,10.7,normal
1697502438.021,45.764,1800.0,15.5,10.2,normal
1697502438.524,47.712,1800.0,37.8,10.6,normal
1697502439.026,46.251,1800.0,6.9,10.7,normal
1697502439.529,45.277,1800.0,4.5,10.7,normal
1697502440.031,45.764,1800.0,3.0,10.7,normal
1697502440.534,45.277,1800.0,4.0,10.7,normal
1697502441.036,45.764,1800.0,3.5,10.7,normal
1697502441.539,45.277,1800.0,3.5,10.7,normal
1697502442.042,44.79,1800.0,2.0,10.7,normal
1697502442.544,46.251,1800.0,4.0,10.7,normal
1697502443.048,45.764,900.0,4.4,10.7,normal
1697502443.552,44.79,1000.0,4.5,10.7,normal
1697502444.069,45.764,1000.0,12.1,9.6,normal
1697502444.572,45.277,1800.0,39.0,10.5,normal
1697502445.075,46.251,1800.0,22.5,10.6,normal
1697502445.578,46.738,1800.0,3.5,10.6,normal
1697502446.08,46.251,1800.0,3.0,10.6,normal
1697502446.583,45.764,1800.0,3.5,10.6,normal
1697502447.086,45.277,1800.0,3.5,10.6,normal
1697502447.589,46.251,1800.0,4.5,10.6,normal
1697502448.091,45.277,1800.0,2.5,10.6,normal
1697502448.594,46.251,1800.0,2.5,10.6,normal
1697502449.099,45.764,800.0,5.4,10.6,normal
1697502449.603,45.764,900.0,4.5,10.6,normal
1697502450.108,45.277,900.0,5.0,10.6,normal
1697502450.611,46.251,1800.0,25.5,10.4,normal
1697502451.114,45.764,1800.0,29.0,10.6,normal
1697502451.617,46.738,1800.0,4.0,10.6,normal
1697502452.119,46.251,1800.0,3.5,10.6,normal
1697502452.622,46.738,1800.0,4.5,10.6,normal
1697502453.124,46.251,1800.0,3.0,10.6,normal
1697502453.627,45.764,1800.0,4.0,10.6,normal
1697502454.129,46.251,1800.0,3.5,10.6,normal
1697502454.632,45.764,1800.0,3.9,10.6,normal
1697502455.135,45.764,1800.0,3.0,10.7,normal
1697502455.639,45.764,900.0,4.9,10.7,normal
1697502456.145,45.764,600.0,4.0,10.7,normal
1697502456.648,45.764,1800.0,17.5,10.2,normal
1697502457.151,46.738,1800.0,38.0,10.5,normal
1697502457.654,45.764,1800.0,4.5,10.6,normal
1697502458.156,46.251,1800.0,3.5,10.6,normal
1697502458.659,44.79,1800.0,4.0,10.6,normal
1697502459.161,45.764,1800.0,3.5,10.6,normal
1697502459.664,45.277,1800.0,4.0,10.6,normal
1697502460.166,46.251,1800.0,4.0,10.6,normal
1697502460.669,45.764,1800.0,3.5,10.7,normal
1697502461.171,46.251,1800.0,2.5,10.7,normal
1697502461.677,45.277,600.0,2.5,10.7,normal
1697502462.183,45.764,600.0,3.0,10.7,normal
1697502462.686,46.251,1800.0,20.0,10.4,normal
1697502463.188,47.225,1800.0,35.7,10.6,normal
1697502463.691,45.764,1800.0,4.0,10.6,normal
1697502464.194,47.225,1800.0,4.0,10.6,normal
1697502464.696,46.251,1800.0,4.0,10.6,normal
1697502465.199,45.764,1800.0,2.5,10.7,normal
1697502465.701,46.251,1800.0,2.0,10.7,normal
1697502466.204,46.251,1800.0,4.0,10.7,normal
1697502466.706,45.764,1800.0,4.0,10.7,normal
1697502467.209,46.251,1800.0,2.5,10.7,normal
1697502467.713,44.79,900.0,3.0,10.7,normal
1697502468.218,46.251,600.0,3.9,10.7,normal
1697502468.722,45.277,1200.0,15.6,10.1,normal
1697502469.226,46.738,1800.0,35.3,10.6,normal
1697502469.729,46.251,1800.0,5.5,10.7,normal
1697502470.231,46.251,1800.0,6.9,10.7,normal
1697502470.734,45.764,1800.0,4.0,10.7,normal
1697502471.236,45.277,1800.0,4.0,10.7,normal
1697502471.739,45.764,1800.0,3.0,10.7,normal
1697502472.241,45.764,1800.0,3.5,10.7,normal
1697502472.744,46.251,1800.0,3.5,10.7,normal
1697502473.247,45.277,1800.0,4.0,10.7,normal
1697502473.75,45.764,1800.0,4.0,10.7,normal
1697502474.255,45.764,600.0,5.0,10.7,normal
1697502474.762,45.277,600.0,7.4,10.6,normal
1697502475.265,46.738,1800.0,28.4,10.5,normal
1697502475.767,46.251,1800.0,22.9,10.7,normal
1697502476.27,45.764,1800.0,1.5,10.7,normal
1697502476.772,45.277,1800.0,3.0,10.7,normal
1697502477.275,46.251,1800.0,3.5,10.7,normal
1697502477.777,45.764,1800.0,4.0,10.7,normal
1697502478.28,46.251,1800.0,3.5,10.7,normal
1697502478.782,44.79,1800.0,4.5,10.7,normal
1697502479.285,45.277,1800.0,3.0,10.7,normal
1697502479.788,45.764,1800.0,3.9,10.7,normal
1697502480.294,45.764,600.0,4.5,10.7,normal
1697502480.799,44.79,600.0,4.4,10.7,normal
1697502481.304,45.277,1800.0,28.0,10.4,normal
1697502481.806,45.277,1800.0,31.0,10.7,normal
1697502482.309,46.738,1800.0,3.5,10.7,normal
1697502482.811,45.277,1800.0,2.5,10.7,normal
1697502483.314,46.251,1800.0,4.0,10.7,normal
1697502483.817,45.764,1800.0,4.5,10.7,normal
1697502484.319,44.79,1800.0,4.0,10.7,normal
1697502484.822,45.764,1800.0,3.5,10.7,normal
1697502485.324,45.277,1800.0,2.5,10.7,normal
1697502485.827,45.277,1800.0,4.0,10.7,normal
1697502486.332,45.764,600.0,4.0,10.7,normal
1697502486.838,45.764,600.0,5.0,10.7,normal
1697502487.342,46.738,1800.0,28.0,10.5,normal
1697502487.844,46.251,1800.0,28.5,10.7,normal
1697502488.347,45.764,1800.0,4.4,10.7,normal
1697502488.849,46.251,1800.0,4.0,10.7,normal
1697502489.352,45.277,1800.0,3.5,10.7,normal
1697502489.854,46.251,1800.0,4.5,10.7,normal
1697502490.357,45.764,1800.0,3.0,10.7,normal
1697502490.859,46.738,1800.0,2.5,10.7,normal
1697502491.362,45.277,1800.0,3.5,10.7,normal
1697502491.865,45.277,1800.0,3.5,10.7,normal
1697502492.37,44.79,600.0,4.0,10.6,normal
1697502492.876,45.764,600.0,5.9,10.7,normal
1697502493.379,46.251,1800.0,20.5,10.3,normal
1697502493.882,45.764,1800.0,36.6,10.6,normal
1697502494.384,45.277,1800.0,3.5,10.7,normal
1697502494.887,45.764,1800.0,4.0,10.7,normal
1697502495.389,46.251,1800.0,2.5,10.6,normal
1697502495.892,45.277,1800.0,3.5,10.7,normal
1697502496.394,45.764,1800.0,4.0,10.7,normal
1697502496.897,47.712,1800.0,3.0,10.6,normal
1697502497.399,44.303,1800.0,3.5,10.7,normal
1697502497.902,44.303,1800.0,3.5,10.7,normal
1697502498.407,45.277,600.0,4.4,10.6,normal
1697502498.913,44.79,600.0,6.9,10.7,normal
1697502499.416,44.79,1800.0,24.6,10.4,normal
1697502499.919,46.251,1800.0,30.0,10.7,normal
1697502500.421,45.277,1800.0,4.0,10.7,normal
1697502500.924,46.738,1800.0,3.5,10.7,normal
1697502501.427,45.277,1800.0,4.5,10.6,normal
1697502501.93,45.764,1800.0,3.5,10.6,normal
1697502502.433,45.764,1800.0,4.0,10.6,normal
1697502502.935,45.764,1800.0,3.5,10.6,normal
1697502503.438,47.225,1800.0,4.0,10.6,normal
1697502503.94,46.251,1800.0,4.5,10.6,normal
1697502504.446,45.277,700.0,5.0,10.6,normal
1697502504.951,45.277,700.0,5.9,10.6,normal
1697502505.453,46.251,1800.0,18.4,10.3,normal
1697502505.956,46.738,1800.0,36.0,10.7,normal
1697502506.459,46.738,1800.0,4.0,10.7,normal
1697502506.961,45.277,1800.0,1.0,10.7,normal
1697502507.464,46.251,1800.0,2.0,10.6,normal
1697502507.967,45.764,1800.0,6.9,10.7,normal
1697502508.469,46.251,1800.0,4.0,10.6,normal
1697502508.972,46.738,1800.0,3.5,10.7,normal
1697502509.475,45.277,1800.0,3.0,10.6,normal
1697502509.977,47.225,1800.0,4.0,10.7,normal
1697502510.481,45.764,900.0,4.0,10.7,normal
1697502510.986,45.764,700.0,5.4,10.6,normal
1697502511.49,45.764,1800.0,12.4,9.8,normal
1697502511.993,45.764,1800.0,30.7,10.6,normal
1697502512.496,45.764,1800.0,17.4,10.7,normal
1697502512.999,46.251,1800.0,4.5,10.7,normal
1697502513.501,45.764,1800.0,3.5,10.7,normal
1697502514.004,45.764,1800.0,5.0,10.7,normal
1697502514.506,46.251,1800.0,3.5,10.7,normal
1697502515.009,46.251,1800.0,3.5,10.7,normal
1697502515.511,46.251,1800.0,3.0,10.7,normal
1697502516.014,45.277,1800.0,2.5,10.7,normal
1697502516.518,46.251,800.0,2.5,10.6,normal
1697502517.023,45.277,700.0,4.0,10.6,normal
1697502517.527,44.303,1200.0,14.5,10.1,normal
1697502518.031,46.251,1800.0,36.1,10.5,normal
1697502518.533,46.251,1800.0,8.5,10.6,normal
1697502519.036,46.251,1800.0,4.5,10.6,normal
1697502519.538,46.738,1800.0,2.5,10.6,normal
1697502520.041,45.277,1800.0,3.5,10.6,normal
1697502520.544,46.251,1800.0,3.5,10.6,normal
1697502521.046,46.251,1800.0,3.0,10.7,normal
1697502521.549,45.277,1800.0,2.5,10.7,normal
1697502522.051,45.764,1800.0,4.0,10.7,normal
1697502522.556,46.251,700.0,3.4,10.7,normal
1697502523.06,46.251,900.0,2.0,10.7,normal
1697502523.563,46.251,1800.0,16.0,10.2,normal
1697502524.066,45.764,1800.0,39.3,10.6,normal
1697502524.569,46.251,1800.0,3.0,10.6,normal
1697502525.071,45.764,1800.0,2.0,10.7,normal
1697502525.574,46.251,1800.0,2.5,10.6,normal
1697502526.076,45.764,1800.0,2.5,10.7,normal
1697502526.579,45.764,1800.0,4.4,10.7,normal
1697502527.081,45.764,1800.0,2.5,10.7,normal
1697502527.584,45.277,1800.0,2.0,10.7,normal
1697502528.086,45.277,1800.0,3.4,10.7,normal
1697502528.591,46.738,800.0,4.5,10.7,normal
1697502529.095,45.764,800.0,3.5,10.7,normal
1697502529.598,45.764,1800.0,6.5,9.6,normal
1697502530.101,46.251,1800.0,31.5,10.4,normal
1697502530.604,46.738,1800.0,21.5,10.6,normal
1697502531.106,46.738,1800.0,3.5,10.6,normal
1697502531.609,45.764,1800.0,4.0,10.6,normal
1697502532.111,45.277,1800.0,2.5,10.6,normal
1697502532.614,45.277,1800.0,3.5,10.6,normal
1697502533.116,45.764,1800.0,3.0,10.7,normal
1697502533.619,46.251,1800.0,3.0,10.7,normal
1697502534.122,44.79,1800.0,4.0,10.6,normal
1697502534.627,45.277,700.0,3.5,10.7,normal
1697502535.136,44.79,800.0,5.4,10.7,normal
1697502535.646,45.277,1800.0,15.2,10.1,normal
1697502536.151,46.738,1800.0,37.1,10.6,normal
1697502536.654,45.764,1800.0,6.0,10.6,normal
1697502537.157,46.251,1800.0,3.5,10.6,normal
1697502537.659,45.277,1800.0,3.0,10.6,normal
1697502538.162,44.79,1800.0,4.0,10.7,normal
1697502538.664,45.277,1800.0,3.5,10.7,normal
1697502539.167,46.251,1800.0,4.5,10.7,normal
1697502539.67,44.79,1800.0,3.5,10.7,normal
1697502540.177,45.277,1800.0,3.4,10.7,normal
1697502540.682,45.277,700.0,3.5,10.7,normal
1697502541.188,45.277,700.0,6.9,10.7,normal
1697502541.692,44.79,900.0,8.0,9.9,normal
1697502542.195,45.277,1800.0,28.0,10.5,normal
1697502542.698,46.251,1800.0,22.5,10.7,normal
1697502543.2,45.277,1800.0,3.0,10.7,normal
1697502543.703,45.277,1800.0,4.5,10.7,normal
1697502544.205,45.764,1800.0,4.0,10.7,normal
1697502544.708,45.277,1800.0,4.0,10.7,normal
1697502545.214,44.79,1800.0,3.5,10.7,normal
1697502545.716,45.764,1800.0,4.0,10.7,normal
1697502546.219,45.277,1800.0,3.0,10.7,normal
1697502546.721,46.738,1800.0,2.5,10.7,normal
1697502547.227,43.816,600.0,5.0,10.7,normal
1697502547.73,45.277,1800.0,12.4,9.8,normal
1697502548.234,46.738,1800.0,31.3,10.5,normal
1697502548.737,45.764,1800.0,16.1,10.6,normal
1697502549.239,45.764,1800.0,4.0,10.6,normal
1697502549.742,45.277,1800.0,4.5,10.6,normal
1697502550.249,45.764,1800.0,3.4,10.6,normal
1697502550.752,44.79,1800.0,3.0,10.6,normal
1697502551.254,45.764,1800.0,4.0,10.6,normal
1697502551.757,46.251,1800.0,3.5,10.6,normal
1697502552.259,46.738,1800.0,4.0,10.6,normal
1697502552.764,44.79,700.0,3.0,10.6,normal
1697502553.27,46.251,600.0,5.0,10.6,normal
1697502553.773,45.764,1800.0,18.3,10.2,normal
1697502554.276,46.738,1800.0,37.7,10.6,normal
1697502554.778,46.251,1800.0,4.5,10.7,normal
1697502555.284,45.277,1800.0,3.0,10.7,normal
1697502555.786,46.738,1800.0,3.5,10.7,normal
1697502556.289,46.251,1800.0,3.0,10.7,normal
1697502556.791,45.277,1800.0,4.0,10.7,normal
1697502557.294,44.79,1800.0,3.0,10.7,normal
1697502557.796,44.79,1800.0,3.5,10.7,normal
1697502558.299,45.764,1800.0,3.5,10.7,normal
1697502558.803,44.79,800.0,4.5,10.7,normal
1697502559.309,44.79,600.0,3.5,10.7,normal
1697502559.814,45.764,1100.0,9.9,9.7,normal
1697502560.323,46.251,1800.0,29.4,10.6,normal
1697502560.826,45.764,1800.0,17.0,10.7,normal
1697502561.328,45.764,1800.0,3.0,10.7,normal
1697502561.831,45.764,1800.0,3.0,10.7,normal
1697502562.333,45.764,1800.0,3.5,10.7,normal
1697502562.836,45.764,1800.0,4.0,10.7,normal
1697502563.339,45.277,1800.0,3.5,10.7,normal
1697502563.841,46.251,1800.0,3.5,10.7,normal
1697502564.344,45.764,1800.0,3.5,10.7,normal
1697502564.847,45.764,1800.0,3.5,10.6,normal
1697502565.358,44.79,600.0,4.9,10.7,normal
1697502565.861,45.764,1800.0,17.0,10.3,normal
1697502566.364,47.225,1800.0,37.5,10.6,normal
1697502566.866,45.764,1800.0,3.5,10.7,normal
1697502567.369,45.277,1800.0,1.0,10.7,normal
1697502567.871,45.764,1800.0,4.0,10.7,normal
1697502568.374,45.764,1800.0,4.0,10.7,normal
1697502568.876,44.79,1800.0,5.4,10.7,normal
1697502569.379,45.764,1800.0,3.0,10.7,normal
1697502569.881,45.764,1800.0,3.5,10.7,normal
1697502570.389,46.251,1800.0,3.0,10.7,normal
1697502570.894,45.277,600.0,4.0,10.7,normal
1697502571.4,45.277,600.0,4.9,10.7,normal
1697502571.903,46.251,1800.0,11.3,9.7,normal
1697502572.406,45.277,1800.0,29.2,10.6,normal
1697502572.909,47.225,1800.0,20.5,10.6,normal
1697502573.411,46.251,1800.0,4.0,10.6,normal
1697502573.914,45.277,1800.0,4.0,10.6,normal
1697502574.416,45.277,1800.0,4.0,10.6,normal
1697502574.919,46.251,1800.0,3.0,10.6,normal
1697502575.427,45.764,1800.0,5.4,10.6,normal
1697502575.929,45.764,1800.0,3.0,10.7,normal
1697502576.432,44.79,1800.0,4.0,10.7,normal
1697502576.937,45.764,700.0,3.0,10.7,normal
1697502577.443,45.277,600.0,5.9,10.7,normal
1697502577.951,44.79,600.0,6.3,10.7,normal
1697502578.454,44.79,1800.0,27.0,10.4,normal
1697502578.957,47.225,1800.0,28.5,10.7,normal
1697502579.46,45.764,1800.0,5.0,10.7,normal
1697502579.962,46.251,1800.0,3.0,10.7,normal
1697502580.467,45.277,1800.0,3.5,10.7,normal
1697502580.97,46.251,1800.0,4.0,10.6,normal
1697502581.472,45.277,1800.0,2.0,10.6,normal
1697502581.975,45.764,1800.0,5.0,10.6,normal
1697502582.477,46.738,1800.0,3.5,10.6,normal
1697502582.98,45.764,1800.0,4.4,10.6,normal
1697502583.485,46.251,600.0,5.4,10.6,normal
1697502583.99,44.303,800.0,7.9,10.6,normal
1697502584.493,46.251,1800.0,21.8,10.3,normal
1697502584.996,46.251,1800.0,32.7,10.6,normal
1697502585.498,46.251,1800.0,3.5,10.6,normal
1697502586.001,45.277,1800.0,4.5,10.6,normal
1697502586.503,46.251,1800.0,4.0,10.6,normal
1697502587.006,45.277,1800.0,2.0,10.6,normal
1697502587.508,45.764,1800.0,3.0,10.6,normal
1697502588.011,45.764,1800.0,3.4,10.6,normal
1697502588.514,45.764,1800.0,3.0,10.6,normal
1697502589.016,46.251,1800.0,6.4,10.6,normal
1697502589.52,46.738,1000.0,4.5,10.6,normal
1697502590.024,45.277,900.0,5.0,10.6,normal
1697502590.527,46.251,1800.0,13.5,10.1,normal
1697502591.03,46.738,1800.0,37.6,10.6,normal
1697502591.533,46.251,1800.0,7.0,10.7,normal
1697502592.036,45.764,1800.0,3.5,10.7,normal
1697502592.538,46.251,1800.0,4.5,10.7,normal
1697502593.041,45.764,1800.0,3.0,10.6,normal
1697502593.543,44.79,1800.0,3.5,10.7,normal
1697502594.046,46.738,1800.0,5.0,10.6,normal
1697502594.548,45.764,1800.0,2.5,10.6,normal
1697502595.051,46.251,1800.0,3.5,10.7,normal
1697502595.556,45.764,700.0,3.0,10.6,normal
1697502596.06,44.79,1000.0,5.4,10.6,normal
1697502596.563,46.251,1800.0,17.6,10.3,normal
1697502597.065,46.738,1800.0,36.8,10.7,normal
1697502597.567,45.277,1800.0,2.5,10.7,normal
1697502598.07,45.764,1800.0,4.0,10.7,normal
1697502598.572,46.251,1800.0,3.5,10.7,normal
1697502599.075,45.277,1800.0,4.5,10.7,normal
1697502599.578,45.764,1800.0,2.5,10.7,normal
1697502600.08,45.764,1800.0,4.0,10.7,normal
1697502600.583,45.764,1800.0,2.5,10.7,normal
1697502601.085,44.79,1800.0,2.5,10.7,normal
1697502601.589,45.764,900.0,4.5,10.7,normal
1697502602.093,45.277,1100.0,5.4,10.7,normal
1697502602.597,45.764,1800.0,10.0,9.9,normal
1697502603.1,45.764,1800.0,31.8,10.5,normal
1697502603.602,45.764,1800.0,15.9,10.6,normal
1697502604.105,45.277,1800.0,4.5,10.6,normal
1697502604.608,45.277,1800.0,3.5,10.6,normal
1697502605.11,45.764,1800.0,4.0,10.6,normal
1697502605.613,45.277,1800.0,3.5,10.6,normal
1697502606.115,45.764,1800.0,4.0,10.6,normal
1697502606.618,46.251,1800.0,3.0,10.7,normal
1697502607.12,46.251,1800.0,3.5,10.7,normal
1697502607.625,46.251,700.0,3.5,10.7,normal
1697502608.13,44.79,700.0,4.5,10.7,normal
1697502608.635,44.79,800.0,7.4,10.6,normal
1697502609.139,46.738,1800.0,29.9,10.4,normal
1697502609.641,46.738,1800.0,26.4,10.6,normal
1697502610.144,45.277,1800.0,4.9,10.6,normal
1697502610.646,46.251,1800.0,3.5,10.6,normal
1697502611.149,44.79,1800.0,3.0,10.6,normal
1697502611.652,45.764,1800.0,3.5,10.6,normal
1697502612.154,45.764,1800.0,3.5,10.7,normal
1697502612.657,46.251,1800.0,5.0,10.7,normal
1697502613.159,45.764,1800.0,3.9,10.7,normal
1697502613.662,45.764,1800.0,3.5,10.7,normal
1697502614.166,45.764,800.0,6.4,10.7,normal
1697502614.671,45.764,800.0,5.9,10.7,normal
1697502615.174,45.764,1800.0,22.0,10.2,normal
1697502615.676,46.251,1800.0,33.3,10.6,normal
1697502616.179,46.251,1800.0,3.5,10.6,normal
1697502616.682,45.764,1800.0,4.0,10.6,normal
1697502617.184,45.277,1800.0,3.0,10.6,normal
1697502617.687,45.764,1800.0,3.5,10.6,normal
1697502618.189,46.738,1800.0,4.0,10.6,normal
1697502618.692,46.251,1800.0,4.5,10.6,normal
1697502619.195,46.738,1800.0,4.0,10.7,normal
1697502619.697,45.277,1800.0,3.0,10.7,normal
1697502620.203,45.277,600.0,4.5,10.6,normal
1697502620.708,45.764,700.0,5.4,10.7,normal
1697502621.211,46.738,1800.0,26.4,10.5,normal
1697502621.714,46.738,1800.0,26.5,10.7,normal
1697502622.216,46.251,1800.0,3.0,10.7,normal
1697502622.719,46.738,1800.0,4.0,10.7,normal
1697502623.222,46.251,1800.0,3.5,10.7,normal
1697502623.724,46.251,1800.0,4.5,10.7,normal
1697502624.227,46.251,1800.0,3.0,10.7,normal
1697502624.729,47.225,1800.0,3.5,10.7,normal
1697502625.232,45.764,1800.0,2.5,10.7,normal
1697502625.734,45.277,1800.0,3.0,10.7,normal
1697502626.241,46.251,600.0,5.9,10.7,normal
1697502626.745,45.764,800.0,4.5,10.7,normal
1697502627.248,45.277,1800.0,21.9,10.3,normal
1697502627.751,45.764,1800.0,34.3,10.6,normal
1697502628.253,45.277,1800.0,3.5,10.6,normal
1697502628.756,45.277,1800.0,5.0,10.6,normal
1697502629.259,45.764,1800.0,4.0,10.6,normal
1697502629.761,44.79,1800.0,4.0,10.7,normal
1697502630.264,45.277,1800.0,3.5,10.7,normal
1697502630.766,45.764,1800.0,2.5,10.7,normal
1697502631.269,46.251,1800.0,4.5,10.7,normal
1697502631.771,46.738,1800.0,3.5,10.7,normal
1697502632.277,45.277,600.0,2.5,10.7,normal
1697502632.782,45.277,600.0,6.3,10.7,normal
1697502633.285,45.277,1800.0,14.4,10.1,normal
1697502633.788,46.251,1800.0,36.2,10.7,normal
1697502634.291,45.277,1800.0,9.0,10.7,normal
1697502634.794,45.277,1800.0,3.5,10.7,normal
1697502635.296,45.764,1800.0,4.0,10.7,normal
1697502635.799,45.277,1800.0,3.0,10.7,normal
1697502636.301,45.764,1800.0,4.0,10.7,normal
1697502636.804,46.251,1800.0,2.5,10.7,normal
1697502637.306,46.251,1800.0,4.0,10.7,normal
1697502637.809,46.251,1800.0,3.5,10.7,normal
1697502638.314,45.764,700.0,3.0,10.7,normal
1697502638.818,45.277,800.0,7.3,10.7,normal
1697502639.324,45.764,600.0,6.5,10.7,normal
1697502639.827,46.738,1800.0,28.0,10.5,normal
1697502640.33,45.764,1800.0,23.6,10.7,normal
1697502640.832,45.764,1800.0,3.0,10.7,normal
1697502641.335,45.277,1800.0,4.0,10.7,normal
1697502641.837,46.251,1800.0,3.5,10.7,normal
1697502642.34,46.251,1800.0,2.0,10.7,normal
1697502642.842,45.277,1800.0,3.0,10.7,normal
1697502643.345,46.251,1800.0,4.0,10.7,normal
1697502643.847,45.277,1800.0,3.5,10.7,normal
1697502644.35,45.277,1800.0,3.5,10.7,normal
1697502644.856,44.79,600.0,4.9,10.7,normal
1697502645.36,45.764,1100.0,10.0,9.7,normal
1697502645.864,46.251,1800.0,28.9,10.5,normal
1697502646.367,46.251,1800.0,17.9,10.6,normal
1697502646.869,46.251,1800.0,2.5,10.6,normal
1697502647.372,44.79,1800.0,1.5,10.6,normal
1697502647.875,45.764,1800.0,5.0,10.6,normal
1697502648.377,46.251,1800.0,3.0,10.6,normal
1697502648.88,45.764,1800.0,5.0,10.6,normal
1697502649.382,46.251,1800.0,3.5,10.6,normal
1697502649.885,45.764,1800.0,4.0,10.6,normal
1697502650.389,45.764,700.0,3.0,10.6,normal
1697502650.895,45.764,600.0,5.4,10.6,normal
1697502651.398,45.764,1800.0,14.4,10.2,normal
1697502651.901,46.251,1800.0,38.0,10.6,normal
1697502652.404,46.251,1800.0,7.5,10.7,normal
1697502652.906,46.251,1800.0,3.5,10.7,normal
1697502653.409,45.764,1800.0,3.0,10.6,normal
1697502653.911,46.251,1800.0,5.9,10.6,normal
1697502654.414,45.277,1800.0,3.5,10.7,normal
1697502654.916,45.764,1800.0,3.5,10.6,normal
1697502655.419,46.738,1800.0,3.5,10.6,normal
1697502655.922,45.764,1800.0,3.0,10.7,normal
1697502656.426,44.79,800.0,5.4,10.7,normal
1697502656.932,45.764,600.0,4.0,10.7,normal
1697502657.436,44.79,1800.0,8.9,10.4,normal
1697502657.939,47.225,1800.0,29.2,10.6,normal
1697502658.442,45.764,1800.0,22.8,10.7,normal
1697502658.944,45.277,1800.0,4.5,10.7,normal
1697502659.447,45.764,1800.0,3.5,10.7,normal
1697502659.949,46.251,1800.0,2.5,10.7,normal
1697502660.452,47.225,1800.0,5.0,10.7,normal
1697502660.955,45.277,1800.0,3.0,10.7,normal
1697502661.457,45.764,1800.0,4.0,10.7,normal
1697502661.96,46.251,1800.0,3.5,10.7,normal
1697502662.465,44.79,700.0,3.5,10.7,normal
1697502662.97,45.277,600.0,4.5,10.7,normal
1697502663.475,45.764,900.0,4.4,10.7,normal
1697502663.978,46.251,1800.0,26.4,10.4,normal
1697502664.481,45.764,1800.0,30.5,10.7,normal
1697502664.983,46.251,1800.0,3.9,10.7,normal
1697502665.486,44.79,1800.0,3.5,10.7,normal
1697502665.988,45.764,1800.0,3.5,10.7,normal
1697502666.491,45.277,1800.0,3.5,10.7,normal
1697502666.993,46.738,1800.0,3.0,10.7,normal
1697502667.496,45.764,1800.0,3.5,10.7,normal
1697502667.999,45.277,1800.0,2.5,10.7,normal
1697502668.501,45.764,1800.0,4.5,10.7,normal
1697502669.005,46.251,1000.0,5.5,10.7,normal
1697502669.509,46.251,900.0,4.0,10.7,normal
1697502670.012,46.251,1800.0,17.4,10.3,normal
1697502670.515,45.764,1800.0,37.2,10.6,normal
1697502671.017,44.303,1800.0,4.0,10.7,normal
1697502671.52,46.251,1800.0,4.0,10.7,normal
1697502672.022,45.764,1800.0,3.5,10.7,normal
1697502672.525,46.251,1800.0,3.5,10.7,normal
1697502673.028,45.277,1800.0,4.5,10.7,normal
1697502673.53,45.764,1800.0,4.0,10.7,normal
1697502674.033,46.251,1800.0,3.5,10.7,normal
1697502674.535,45.764,1800.0,3.0,10.7,normal
1697502675.04,45.764,775.0,5.4,10.7,normal
1697502675.544,44.79,900.0,4.0,10.7,normal
1697502676.047,46.738,1800.0,21.0,10.3,normal
1697502676.549,45.764,1800.0,31.5,10.6,normal
1697502677.052,47.225,1800.0,4.5,10.6,normal
1697502677.555,46.251,1800.0,3.5,10.6,normal
1697502678.057,45.764,1800.0,3.0,10.6,normal
1697502678.56,45.277,1800.0,3.5,10.7,normal
1697502679.062,45.764,1800.0,5.4,10.7,normal
1697502679.565,45.277,1800.0,3.5,10.7,normal
1697502680.067,46.738,1800.0,4.0,10.7,normal
1697502680.57,45.764,1800.0,3.5,10.7,normal
1697502681.074,46.251,1000.0,4.5,10.7,normal
1697502681.578,45.277,1000.0,4.5,10.7,normal
1697502682.08,46.251,1800.0,15.4,10.1,normal
1697502682.583,46.251,1800.0,36.8,10.6,normal
1697502683.086,46.738,1800.0,5.5,10.6,normal
1697502683.588,46.251,1800.0,4.0,10.6,normal
1697502684.091,45.764,1800.0,3.0,10.6,normal
1697502684.594,45.277,1800.0,2.5,10.6,normal
1697502685.096,45.764,1800.0,2.0,10.6,normal
1697502685.599,46.251,1800.0,3.5,10.7,normal
1697502686.101,46.251,1800.0,3.0,10.6,normal
1697502686.604,45.764,1800.0,2.5,10.6,normal
1697502687.108,45.764,900.0,4.5,10.6,normal
1697502687.612,45.764,900.0,4.5,10.6,normal
1697502688.116,44.79,1200.0,8.5,9.6,normal
1697502688.619,46.251,1800.0,28.9,10.5,normal
1697502689.121,45.764,1800.0,21.6,10.7,normal
1697502689.624,45.764,1800.0,3.0,10.7,normal
1697502690.127,45.277,1800.0,4.0,10.7,normal
1697502690.629,45.764,1800.0,3.5,10.7,normal
1697502691.131,46.251,1800.0,2.5,10.7,normal
1697502691.634,44.79,1800.0,4.0,10.7,normal
1697502692.136,45.764,1800.0,4.0,10.7,normal
1697502692.639,45.764,1800.0,4.0,10.7,normal
1697502693.144,45.764,700.0,3.0,10.7,normal
1697502693.648,46.251,800.0,4.4,10.7,normal
1697502694.151,46.251,1800.0,16.9,10.1,normal
1697502694.655,47.225,1800.0,37.1,10.6,normal
1697502695.158,45.764,1800.0,8.0,10.6,normal
1697502695.66,45.764,1800.0,3.0,10.6,normal
1697502696.163,44.79,1800.0,4.0,10.6,normal
1697502696.665,46.738,1800.0,3.5,10.6,normal
1697502697.168,45.764,1800.0,3.0,10.6,normal
1697502697.671,45.764,1800.0,3.0,10.6,normal
1697502698.173,45.277,1800.0,4.0,10.7,normal
1697502698.676,45.277,1800.0,3.9,10.7,normal
1697502699.181,45.764,700.0,4.5,10.7,normal
1697502699.686,46.251,700.0,4.5,10.7,normal
1697502700.19,45.764,900.0,6.9,10.6,normal
1697502700.693,47.225,1800.0,28.9,10.5,normal
1697502701.196,45.277,1800.0,24.5,10.7,normal
1697502701.698,46.251,1800.0,3.5,10.7,normal
1697502702.201,45.277,1800.0,3.5,10.7,normal
1697502702.703,46.738,1800.0,3.5,10.7,normal
1697502703.206,45.277,1800.0,4.0,10.7,normal
1697502703.708,46.738,1800.0,3.5,10.7,normal
1697502704.211,45.764,1800.0,4.0,10.7,normal
1697502704.714,46.251,1800.0,2.5,10.7,normal
1697502705.216,45.277,1800.0,4.4,10.7,normal
1697502705.721,46.251,700.0,4.0,10.7,normal
1697502706.224,45.764,1800.0,10.0,9.7,normal
1697502706.728,46.738,1800.0,28.2,10.6,normal
1697502707.231,44.79,1800.0,18.0,10.7,normal
1697502707.733,45.277,1800.0,2.5,10.7,normal
1697502708.236,45.764,1800.0,3.9,10.7,normal
1697502708.738,46.738,1800.0,6.0,10.7,normal
1697502709.241,45.277,1800.0,3.0,10.7,normal
1697502709.743,44.79,1800.0,3.0,10.7,normal
1697502710.246,45.764,1800.0,4.0,10.7,normal
1697502710.748,44.79,1800.0,4.0,10.7,normal
1697502711.253,44.79,800.0,3.0,10.7,normal
1697502711.759,45.277,600.0,3.5,10.7,normal
1697502712.265,46.251,600.0,4.5,10.7,normal
1697502712.769,46.738,1800.0,27.9,10.5,normal
1697502713.272,45.277,1800.0,27.1,10.6,normal
1697502713.775,45.764,1800.0,4.0,10.6,normal
1697502714.278,46.251,1800.0,3.5,10.6,normal
1697502714.78,46.251,1800.0,4.5,10.6,normal
1697502715.283,45.764,1800.0,2.5,10.7,normal
1697502715.785,44.79,1800.0,3.5,10.7,normal
1697502716.288,45.277,1800.0,4.0,10.6,normal
1697502716.791,46.251,1800.0,5.0,10.7,normal
1697502717.293,45.764,1800.0,3.5,10.7,normal
1697502717.798,46.251,600.0,2.0,10.7,normal
1697502718.304,45.277,600.0,4.0,10.7,normal
1697502718.808,45.764,1800.0,24.8,10.3,normal
1697502719.31,46.738,1800.0,31.7,10.7,normal
1697502719.813,45.764,1800.0,3.0,10.6,normal
1697502720.316,46.251,1800.0,3.0,10.6,normal
1697502720.818,45.764,1800.0,3.5,10.7,normal
1697502721.321,45.277,1800.0,3.5,10.6,normal
1697502721.823,45.764,1800.0,3.0,10.7,normal
1697502722.326,45.764,1800.0,4.0,10.7,normal
1697502722.828,45.277,1800.0,3.5,10.7,normal
1697502723.331,46.251,1800.0,3.0,10.7,normal
1697502723.833,45.277,1800.0,5.5,10.7,normal
1697502724.336,45.277,1800.0,3.5,10.7,normal
1697502724.839,46.251,1800.0,13.5,10.2,normal
1697502725.341,47.225,1800.0,36.2,10.5,normal
1697502725.844,45.277,1800.0,2.5,10.6,normal
1697502726.347,46.738,1800.0,2.5,10.6,normal
1697502726.849,45.764,1800.0,3.0,10.6,normal
1697502727.352,45.277,1800.0,3.5,10.6,normal
1697502727.854,45.764,1800.0,3.9,10.6,normal
1697502728.357,45.764,1800.0,3.0,10.7,normal
1697502728.862,45.277,700.0,4.0,10.7,normal
1697502729.367,45.277,600.0,4.4,10.7,normal
1697502729.873,44.79,600.0,4.0,10.7,normal
1697502730.379,45.764,600.0,4.9,10.7,normal
1697502730.882,45.764,1800.0,22.0,10.3,normal
1697502731.384,46.251,1800.0,34.2,10.6,normal
1697502731.887,46.738,1800.0,3.9,10.6,normal
1697502732.39,45.277,1800.0,3.5,10.6,normal
1697502732.892,45.277,1800.0,4.0,10.6,normal
1697502733.395,45.764,1800.0,2.5,10.6,normal
1697502733.897,45.764,1800.0,2.0,10.6,normal
1697502734.4,45.764,1800.0,3.0,10.7,normal
1697502734.902,45.277,1800.0,5.0,10.7,normal
1697502735.405,45.764,1800.0,3.5,10.7,normal
1697502735.91,45.277,600.0,3.5,10.7,normal
1697502736.416,45.764,600.0,5.9,10.7,normal
1697502736.92,46.251,1800.0,13.9,10.1,normal
1697502737.423,45.277,1800.0,38.0,10.6,normal
1697502737.927,46.251,1800.0,6.5,10.6,normal
1697502738.43,46.738,1800.0,3.5,10.6,normal
1697502738.932,46.251,1800.0,4.0,10.6,normal
1697502739.435,45.764,1800.0,4.5,10.7,normal
1697502739.938,45.764,1800.0,3.0,10.7,normal
1697502740.44,45.277,1800.0,3.0,10.7,normal
1697502740.943,46.738,1800.0,2.5,10.7,normal
1697502741.446,45.764,1800.0,4.0,10.7,normal
1697502741.951,46.251,600.0,3.9,10.7,normal
1697502742.457,44.79,600.0,5.4,10.7,normal
1697502742.959,46.738,1800.0,18.0,10.3,normal
1697502743.462,45.764,1800.0,35.3,10.7,normal
1697502743.964,46.251,1800.0,5.9,10.7,normal
1697502744.467,46.738,1800.0,3.5,10.7,normal
1697502744.97,46.251,1800.0,3.5,10.7,normal
1697502745.472,45.764,1800.0,4.5,10.7,normal
1697502745.975,45.277,1800.0,4.0,10.7,normal
1697502746.477,46.251,1800.0,3.5,10.7,normal
1697502746.98,46.251,1800.0,2.5,10.7,normal
1697502747.483,45.764,1800.0,5.4,10.7,normal
1697502747.987,45.277,800.0,4.0,10.7,normal
1697502748.492,45.277,600.0,5.4,10.7,normal
1697502748.995,45.277,1800.0,23.8,10.4,normal
1697502749.498,46.738,1800.0,32.7,10.7,normal
1697502750.001,46.251,1800.0,3.0,10.7,normal
1697502750.503,45.277,1800.0,2.5,10.7,normal
1697502751.006,45.764,1800.0,3.9,10.7,normal
1697502751.508,46.251,1800.0,3.0,10.7,normal
1697502752.011,45.277,1800.0,3.0,10.7,normal
1697502752.514,45.764,1800.0,3.5,10.7,normal
1697502753.021,45.277,1800.0,3.4,10.7,normal
1697502753.524,44.79,1800.0,2.5,10.7,normal
1697502754.029,45.277,600.0,6.4,10.7,normal
1697502754.534,45.764,800.0,4.9,10.7,normal
1697502755.037,45.764,1800.0,16.9,10.3,normal
1697502755.54,46.738,1800.0,36.5,10.6,normal
1697502756.042,46.738,1800.0,6.4,10.7,normal
1697502756.545,45.764,1800.0,3.0,10.7,normal
1697502757.048,45.277,1800.0,3.0,10.7,normal
1697502757.55,45.277,1800.0,3.5,10.7,normal
1697502758.053,45.277,1800.0,5.4,10.7,normal
1697502758.555,45.277,1800.0,3.0,10.7,normal
1697502759.058,45.277,1800.0,4.5,10.7,normal
1697502759.56,45.764,1800.0,3.5,10.7,normal
1697502760.065,46.738,800.0,4.5,10.7,normal
1697502760.569,45.277,900.0,4.0,10.7,normal
1697502761.072,46.738,1800.0,21.0,10.3,normal
1697502761.574,45.764,1800.0,34.3,10.7,normal
1697502762.077,46.738,1800.0,2.5,10.7,normal
1697502762.579,46.251,1800.0,1.0,10.7,normal
1697502763.082,44.79,1800.0,1.5,10.7,normal
1697502763.585,44.79,1800.0,1.5,10.7,normal
1697502764.087,45.277,1800.0,3.0,10.7,normal
1697502764.59,45.277,1800.0,8.9,10.7,normal
1697502765.092,46.251,1800.0,0.0,10.7,normal
1697502765.595,45.277,1800.0,4.0,10.7,normal
1697502766.099,45.764,1000.0,5.0,10.7,normal
1697502766.603,45.764,900.0,4.0,10.7,normal
1697502767.106,45.764,1800.0,25.2,10.4,normal
1697502767.609,46.251,1800.0,26.9,10.7,normal
1697502768.111,46.251,1800.0,2.5,10.7,normal
1697502768.614,46.251,1800.0,3.0,10.7,normal
1697502769.116,45.764,1800.0,4.0,10.7,normal
1697502769.619,45.764,1800.0,3.5,10.7,normal
1697502770.121,46.251,1800.0,3.0,10.7,normal
1697502770.624,46.251,1800.0,3.9,10.7,normal
1697502771.126,46.251,1800.0,4.0,10.7,normal
1697502771.629,45.764,1800.0,2.0,10.7,normal
1697502772.133,45.764,800.0,4.5,10.7,normal
1697502772.638,45.277,800.0,6.9,10.5,normal
1697502773.142,45.764,1800.0,28.7,10.5,normal
1697502773.644,45.764,1800.0,24.9,10.7,normal
1697502774.147,46.251,1800.0,4.0,10.7,normal
1697502774.649,46.251,1800.0,3.0,10.7,normal
1697502775.152,46.251,1800.0,4.5,10.7,normal
1697502775.654,46.251,1800.0,3.0,10.7,normal
1697502776.157,45.277,1800.0,3.5,10.7,normal
1697502776.66,46.251,1800.0,3.5,10.7,normal
1697502777.162,45.764,1800.0,3.0,10.7,normal
1697502777.665,45.764,1800.0,1.0,10.7,normal
1697502778.169,45.764,700.0,1.5,10.7,normal
1697502778.672,46.251,1800.0,16.3,10.1,normal
1697502779.183,46.251,1800.0,35.6,10.6,normal
1697502779.686,45.764,1800.0,11.4,10.7,normal
1697502780.188,45.277,1800.0,3.5,10.7,normal
1697502780.691,46.251,1800.0,3.9,10.7,normal
1697502781.193,44.79,1800.0,4.0,10.7,normal
1697502781.696,45.764,1800.0,4.0,10.7,normal
1697502782.198,45.764,1800.0,3.0,10.7,normal
1697502782.701,46.251,1800.0,3.5,10.7,normal
1697502783.203,45.764,1800.0,3.5,10.7,normal
1697502783.709,45.764,600.0,5.4,10.7,normal
1697502784.214,45.764,700.0,6.9,10.7,normal
1697502784.716,46.251,1800.0,17.0,10.3,normal
1697502785.219,45.764,1800.0,37.6,10.7,normal
1697502785.722,46.251,1800.0,4.5,10.7,normal
1697502786.224,45.277,1800.0,4.0,10.6,normal
1697502786.727,45.764,1800.0,3.5,10.6,normal
1697502787.23,46.251,1800.0,2.5,10.6,normal
1697502787.732,45.764,1800.0,3.5,10.6,normal
1697502788.235,44.79,1800.0,4.0,10.6,normal
1697502788.737,46.738,1800.0,4.5,10.6,normal
1697502789.24,46.738,1800.0,3.5,10.6,normal
1697502789.744,44.79,700.0,3.5,10.6,normal
1697502790.25,46.251,600.0,6.4,10.6,normal
1697502790.753,46.738,1800.0,22.1,10.2,normal
1697502791.256,45.764,1800.0,32.7,10.6,normal
1697502791.758,45.277,1800.0,2.5,10.6,normal
1697502792.261,46.251,1800.0,2.0,10.6,normal
1697502792.763,46.251,1800.0,2.5,10.6,normal
1697502793.266,45.277,1800.0,1.5,10.6,normal
1697502793.768,45.277,1800.0,7.5,10.6,normal
1697502794.271,45.764,1800.0,4.5,10.6,normal
1697502794.774,45.764,1800.0,3.5,10.6,normal
1697502795.276,44.79,1800.0,3.5,10.6,normal
1697502795.782,46.251,600.0,3.5,10.6,normal
1697502796.287,45.764,600.0,5.9,10.6,normal
1697502796.791,45.277,1800.0,16.0,10.2,normal
1697502797.293,47.225,1800.0,37.8,10.6,normal
1697502797.796,46.738,1800.0,5.9,10.7,normal
1697502798.299,46.738,1800.0,3.5,10.7,normal
1697502798.801,45.277,1800.0,4.5,10.7,normal
1697502799.303,45.277,1800.0,4.0,10.7,normal
1697502799.806,45.277,1800.0,3.0,10.7,normal
1697502800.308,45.277,1800.0,3.0,10.7,normal
1697502800.811,46.738,1800.0,4.5,10.7,normal
1697502801.314,46.251,1800.0,3.9,10.7,normal
1697502801.819,45.764,600.0,4.5,10.7,normal
1697502802.325,45.277,600.0,3.9,10.7,normal
1697502802.831,44.79,600.0,9.0,10.5,normal
1697502803.334,46.251,1800.0,29.6,10.5,normal
1697502803.837,45.764,1800.0,23.6,10.7,normal
1697502804.339,46.251,1800.0,3.5,10.7,normal
1697502804.842,45.764,1800.0,4.5,10.7,normal
1697502805.344,44.79,1800.0,3.0,10.7,normal
1697502805.847,46.251,1800.0,3.5,10.7,normal
1697502806.349,45.764,1800.0,3.0,10.7,normal
1697502806.852,46.251,1800.0,3.5,10.7,normal
1697502807.354,45.277,1800.0,2.5,10.7,normal
1697502807.857,44.79,1800.0,1.0,10.7,normal
1697502808.36,45.277,1200.0,5.0,10.7,normal
1697502808.865,45.277,700.0,5.9,10.7,normal
1697502809.368,46.251,1800.0,24.9,10.4,normal
1697502809.871,45.764,1800.0,29.6,10.7,normal
1697502810.374,45.764,1800.0,3.0,10.7,normal
1697502810.876,45.277,1800.0,3.5,10.7,normal
1697502811.379,45.764,1800.0,2.0,10.7,normal
1697502811.881,44.79,1800.0,3.5,10.7,normal
1697502812.384,46.251,1800.0,3.5,10.7,normal
1697502812.886,45.764,1800.0,3.0,10.7,normal
1697502813.389,45.764,1800.0,3.9,10.7,normal
1697502813.891,46.251,1800.0,3.5,10.7,normal
1697502814.397,45.277,600.0,3.5,10.7,normal
1697502814.903,46.251,600.0,4.5,10.7,normal
1697502815.406,46.738,1800.0,17.0,10.3,normal
1697502815.908,46.738,1800.0,37.8,10.6,normal
1697502816.411,45.764,1800.0,3.5,10.7,normal
1697502816.914,46.251,1800.0,4.4,10.7,normal
1697502817.416,46.738,1800.0,3.5,10.6,normal
1697502817.919,45.277,1800.0,3.0,10.7,normal
1697502818.421,44.303,1800.0,3.0,10.7,normal
1697502818.924,45.277,1800.0,5.4,10.7,normal
1697502819.427,46.251,1800.0,3.5,10.7,normal
1697502819.93,45.764,1800.0,3.5,10.7,normal
1697502820.435,45.764,600.0,3.0,10.7,normal
1697502820.942,44.303,600.0,5.0,10.7,normal
1697502821.445,45.277,1800.0,22.9,10.4,normal
1697502821.947,46.738,1800.0,31.0,10.6,normal
1697502822.45,45.277,1800.0,1.5,10.6,normal
1697502822.952,46.251,1800.0,1.5,10.6,normal
1697502823.455,46.738,1800.0,6.0,10.7,normal
1697502823.958,46.738,1800.0,4.5,10.7,normal
1697502824.46,45.277,1800.0,2.5,10.7,normal
1697502824.963,45.764,1800.0,2.0,10.7,normal
1697502825.465,45.764,1800.0,3.0,10.7,normal
1697502825.968,45.764,1800.0,4.0,10.7,normal
1697502826.473,44.303,600.0,3.5,10.7,normal
1697502826.978,45.277,800.0,5.9,10.7,normal
1697502827.481,45.277,1800.0,16.3,10.2,normal
1697502827.984,46.251,1800.0,36.7,10.6,normal
1697502828.486,46.251,1800.0,6.4,10.6,normal
1697502828.989,47.225,1800.0,6.4,10.6,normal
1697502829.491,46.738,1800.0,3.0,10.6,normal
1697502829.994,46.251,1800.0,3.5,10.7,normal
1697502830.497,45.764,1800.0,4.0,10.7,normal
1697502830.999,45.764,1800.0,3.5,10.7,normal
1697502831.502,45.764,1800.0,4.0,10.7,normal
1697502832.004,46.251,1800.0,3.0,10.7,normal
1697502832.509,46.251,700.0,3.5,10.7,normal
1697502833.015,45.277,600.0,5.9,10.7,normal
1697502833.519,46.251,1200.0,8.0,9.7,normal
1697502834.022,46.251,1800.0,29.0,10.5,normal
1697502834.524,46.251,1800.0,21.6,10.7,normal
1697502835.027,45.764,1800.0,4.4,10.7,normal
1697502835.53,45.764,1800.0,4.5,10.7,normal
1697502836.032,45.277,1800.0,2.5,10.7,normal
1697502836.535,45.764,1800.0,3.5,10.7,normal
1697502837.037,46.738,1800.0,2.0,10.7,normal
1697502837.54,45.277,1800.0,1.0,10.7,normal
1697502838.042,46.251,1800.0,1.5,10.7,normal
1697502838.545,45.277,1800.0,5.0,10.7,normal
1697502839.048,43.816,1000.0,5.0,10.7,normal
1697502839.552,45.277,1000.0,5.0,10.7,normal
1697502840.055,46.251,1800.0,25.5,10.4,normal
1697502840.558,45.277,1800.0,29.4,10.6,normal
1697502841.06,45.277,1800.0,4.5,10.6,normal
1697502841.563,45.277,1800.0,3.5,10.6,normal
1697502842.066,45.277,1800.0,3.5,10.6,normal
1697502842.568,45.277,1800.0,3.0,10.6,normal
1697502843.071,45.764,1800.0,3.0,10.6,normal
1697502843.573,45.277,1800.0,4.5,10.6,normal
1697502844.076,45.277,1800.0,4.0,10.6,normal
1697502844.579,45.277,1800.0,3.5,10.6,normal
1697502845.082,44.79,1000.0,4.5,10.6,normal
1697502845.586,45.277,1000.0,6.4,10.6,normal
1697502846.089,45.277,1800.0,19.0,10.3,normal
1697502846.592,46.251,1800.0,35.7,10.6,normal
1697502847.094,47.225,1800.0,2.5,10.6,normal
1697502847.597,45.764,1800.0,4.0,10.6,normal
1697502848.099,45.764,1800.0,3.0,10.6,normal
1697502848.602,45.764,1800.0,3.0,10.6,normal
1697502849.104,45.277,1800.0,4.0,10.6,normal
1697502849.607,45.764,1800.0,4.0,10.6,normal
1697502850.11,45.764,1800.0,3.0,10.6,normal
1697502850.612,46.738,1800.0,3.5,10.7,normal
1697502851.116,45.764,900.0,4.0,10.7,normal
1697502851.62,45.277,1000.0,4.0,10.7,normal
1697502852.123,43.816,1800.0,10.9,10.2,normal
1697502852.627,46.251,1800.0,34.7,10.6,normal
1697502853.129,46.738,1800.0,10.0,10.7,normal
1697502853.632,46.251,1800.0,4.0,10.7,normal
1697502854.134,45.764,1800.0,4.5,10.7,normal
1697502854.637,46.251,1800.0,2.5,10.7,normal
1697502855.139,45.764,1800.0,3.0,10.7,normal
1697502855.642,45.764,1800.0,2.5,10.7,normal
1697502856.144,45.277,1800.0,4.5,10.7,normal
1697502856.647,45.764,1800.0,3.5,10.7,normal
1697502857.152,45.277,625.0,3.5,10.7,normal
1697502857.657,45.764,700.0,4.0,10.7,normal
1697502858.163,45.277,800.0,6.9,10.5,normal
1697502858.666,46.251,1800.0,27.9,10.4,normal
1697502859.169,45.277,1800.0,24.6,10.7,normal
1697502859.671,47.225,1800.0,3.5,10.7,normal
1697502860.174,46.251,1800.0,2.5,10.7,normal
1697502860.676,45.764,1800.0,4.0,10.7,normal
1697502861.179,45.764,1800.0,4.0,10.7,normal
1697502861.681,46.738,1800.0,3.0,10.7,normal
1697502862.184,45.764,1800.0,3.5,10.7,normal
1697502862.687,46.251,1800.0,3.5,10.7,normal
1697502863.189,45.764,1800.0,3.5,10.7,normal
1697502863.693,45.764,800.0,3.5,10.7,normal
1697502864.197,45.277,1800.0,12.9,10.0,normal
1697502864.701,46.251,1800.0,33.3,10.5,normal
1697502865.204,46.251,1800.0,14.9,10.6,normal
1697502865.706,45.764,1800.0,3.0,10.6,normal
1697502866.209,45.277,1800.0,3.5,10.6,normal
1697502866.711,45.277,1800.0,2.5,10.6,normal
1697502867.214,44.79,1800.0,3.0,10.6,normal
1697502867.716,45.764,1800.0,1.5,10.6,normal
1697502868.219,46.251,1800.0,1.0,10.6,normal
1697502868.721,45.764,1800.0,7.0,10.7,normal
1697502869.226,45.764,700.0,4.4,10.7,normal
1697502869.731,45.764,800.0,5.4,10.7,normal
1697502870.236,45.277,800.0,5.0,10.6,normal
1697502870.739,47.225,1800.0,28.9,10.4,normal
1697502871.242,45.764,1800.0,25.0,10.7,normal
1697502871.744,46.251,1800.0,4.0,10.6,normal
1697502872.247,45.764,1800.0,3.0,10.7,normal
1697502872.75,46.738,1800.0,3.0,10.7,normal
1697502873.252,45.764,1800.0,4.0,10.7,normal
1697502873.755,46.251,1800.0,4.0,10.7,normal
1697502874.257,46.251,1800.0,3.5,10.6,normal
1697502874.76,45.764,1800.0,2.5,10.6,normal
1697502875.262,45.277,1800.0,3.0,10.7,normal
1697502875.767,45.277,800.0,5.4,10.6,normal
1697502876.272,46.251,600.0,5.4,10.7,normal
1697502876.775,47.225,1800.0,21.9,10.3,normal
1697502877.278,46.251,1800.0,31.7,10.6,normal
1697502877.78,46.738,1800.0,3.5,10.6,normal
1697502878.283,46.738,1800.0,4.0,10.6,normal
1697502878.785,45.277,1800.0,4.5,10.7,normal
1697502879.288,45.764,1800.0,3.0,10.7,normal
1697502879.791,46.251,1800.0,3.5,10.7,normal
1697502880.293,46.738,1800.0,3.0,10.7,normal
1697502880.795,46.738,1800.0,2.5,10.7,normal
1697502881.298,45.764,1800.0,3.0,10.7,normal
1697502881.803,46.251,600.0,3.5,10.7,normal
1697502882.309,44.79,600.0,4.9,10.7,normal
1697502882.812,47.712,1800.0,15.9,10.2,normal
1697502883.315,46.251,1800.0,36.5,10.6,normal
1697502883.817,45.764,1800.0,6.0,10.7,normal
1697502884.32,45.764,1800.0,3.0,10.7,normal
1697502884.823,45.764,1800.0,3.5,10.7,normal
1697502885.326,46.251,1800.0,3.5,10.7,normal
1697502885.828,45.764,1800.0,3.0,10.7,normal
1697502886.331,45.277,1800.0,2.5,10.7,normal
1697502886.833,44.79,1800.0,1.5,10.7,normal
1697502887.336,45.764,1800.0,1.5,10.7,normal
1697502887.841,45.277,600.0,5.4,10.7,normal
1697502888.344,45.277,1800.0,7.4,10.7,normal
1697502888.847,45.277,1800.0,21.4,10.3,normal
1697502889.35,45.764,1800.0,30.0,10.6,normal
1697502889.853,46.251,1800.0,2.5,10.6,normal
1697502890.355,46.251,1800.0,4.5,10.6,normal
1697502890.858,45.764,1800.0,3.0,10.6,normal
1697502891.36,45.764,1800.0,3.5,10.6,normal
1697502891.863,45.277,1800.0,2.5,10.6,normal
1697502892.365,45.277,1800.0,4.4,10.6,normal
1697502892.868,46.251,1800.0,2.0,10.6,normal
1697502893.373,45.277,600.0,4.0,10.7,normal
1697502893.879,43.816,800.0,5.4,10.6,normal
1697502894.381,44.79,1800.0,4.5,10.6,normal
1697502894.884,45.764,1800.0,14.9,10.2,normal
1697502895.387,46.251,1800.0,36.2,10.6,normal
1697502895.889,46.251,1800.0,3.5,10.6,normal
1697502896.392,46.738,1800.0,3.0,10.6,normal
1697502896.894,45.764,1800.0,2.5,10.6,normal
1697502897.397,46.251,1800.0,3.0,10.6,normal
1697502897.9,45.764,1800.0,3.5,10.6,normal
1697502898.402,46.251,1800.0,4.5,10.6,normal
1697502898.905,45.277,1800.0,5.0,10.6,normal
1697502899.41,44.79,600.0,3.5,10.6,normal
1697502899.916,45.764,600.0,4.4,10.6,normal
1697502900.422,46.251,600.0,5.4,10.6,normal
1697502900.927,45.764,1800.0,24.3,10.4,normal
1697502901.432,46.251,1800.0,31.2,10.7,normal
1697502901.934,46.738,1800.0,3.5,10.7,normal
1697502902.437,45.277,1800.0,5.0,10.7,normal
1697502902.939,46.251,1800.0,3.0,10.7,normal
1697502903.442,45.764,1800.0,4.0,10.7,normal
1697502903.944,46.251,1800.0,2.5,10.7,normal
1697502904.447,46.251,1800.0,5.4,10.7,normal
1697502904.949,46.251,1800.0,3.0,10.7,normal
1697502905.452,46.251,1800.0,3.5,10.7,normal
1697502905.958,45.277,600.0,4.4,10.7,normal
1697502906.464,46.251,600.0,5.0,10.6,normal
1697502906.968,47.225,1800.0,29.5,10.5,normal
1697502907.47,46.251,1800.0,25.9,10.7,normal
1697502907.973,45.764,1800.0,4.0,10.7,normal
1697502908.475,44.79,1800.0,3.0,10.7,normal
1697502908.978,45.764,1800.0,4.0,10.7,normal
1697502909.48,46.251,1800.0,3.0,10.7,normal
1697502909.983,46.738,1800.0,4.0,10.7,normal
1697502910.485,45.764,1800.0,3.5,10.7,normal
1697502910.988,45.277,1800.0,3.5,10.7,normal
1697502911.491,45.764,1800.0,3.5,10.7,normal
1697502911.995,46.251,800.0,5.0,10.7,normal
1697502912.498,45.764,1800.0,10.8,9.5,normal
1697502913.001,46.738,1800.0,28.4,10.5,normal
1697502913.504,47.225,1800.0,21.4,10.6,normal
1697502914.007,45.764,1800.0,5.0,10.6,normal
1697502914.509,45.277,1800.0,4.5,10.6,normal
1697502915.011,46.251,1800.0,4.0,10.6,normal
1697502915.514,46.251,1800.0,3.0,10.6,normal
1697502916.016,45.764,1800.0,3.0,10.6,normal
1697502916.519,45.764,1800.0,4.5,10.7,normal
1697502917.022,46.251,1800.0,3.5,10.7,normal
1697502917.526,46.738,700.0,3.9,10.7,normal
1697502918.031,44.79,900.0,5.0,10.7,normal
1697502918.535,45.764,900.0,4.5,10.7,normal
1697502919.038,46.738,1800.0,27.9,10.4,normal
1697502919.541,45.764,1800.0,25.8,10.7,normal
1697502920.044,46.251,1800.0,4.0,10.7,normal
1697502920.546,46.251,1800.0,3.5,10.7,normal
1697502921.049,45.277,1800.0,3.5,10.7,normal
1697502921.551,46.251,1800.0,3.5,10.7,normal
1697502922.054,46.738,1800.0,3.5,10.7,normal
1697502922.556,45.764,1800.0,4.5,10.7,normal
1697502923.059,45.277,1800.0,3.5,10.7,normal
1697502923.561,45.764,1800.0,3.0,10.7,normal
1697502924.066,45.277,800.0,5.4,10.7,normal
1697502924.57,46.251,900.0,5.4,10.7,normal
1697502925.073,45.764,1800.0,21.5,10.3,normal
1697502925.575,45.764,1800.0,33.5,10.7,normal
1697502926.078,46.251,1800.0,3.5,10.6,normal
1697502926.581,46.251,1800.0,4.5,10.6,normal
1697502927.083,44.79,1800.0,4.0,10.6,normal
1697502927.586,46.251,1800.0,3.5,10.6,normal
1697502928.088,45.764,1800.0,3.0,10.6,normal
1697502928.591,46.251,1800.0,4.5,10.6,normal
1697502929.093,45.764,1800.0,4.9,10.6,normal
1697502929.596,45.764,1800.0,3.5,10.6,normal
1697502930.101,45.764,600.0,4.0,10.6,normal
1697502930.605,45.764,1000.0,5.4,10.6,normal
1697502931.108,45.764,1800.0,13.9,10.1,normal
1697502931.612,46.251,1800.0,37.3,10.6,normal
1697502932.115,46.251,1800.0,8.0,10.7,normal
1697502932.618,45.277,1800.0,3.5,10.7,normal
1697502933.12,46.251,1800.0,4.0,10.7,normal
1697502933.623,45.277,1800.0,3.5,10.7,normal
1697502934.125,44.79,1800.0,3.0,10.7,normal
1697502934.628,46.251,1800.0,2.0,10.7,normal
1697502935.13,45.277,1800.0,3.5,10.7,normal
1697502935.633,45.277,1800.0,3.5,10.7,normal
1697502936.138,44.303,700.0,3.0,10.7,normal
1697502936.642,45.764,1000.0,4.5,10.7,normal
1697502937.147,45.764,900.0,6.4,10.6,normal
1697502937.65,45.764,1800.0,28.0,10.5,normal
1697502938.152,45.764,1800.0,23.5,10.7,normal
1697502938.655,45.764,1800.0,3.5,10.7,normal
1697502939.158,46.251,1800.0,5.4,10.7,normal
1697502939.66,45.277,1800.0,3.5,10.7,normal
1697502940.163,45.764,1800.0,3.5,10.7,normal
1697502940.665,45.277,1800.0,3.0,10.7,normal
1697502941.168,46.251,1800.0,4.0,10.7,normal
1697502941.67,45.277,1800.0,4.0,10.7,normal
1697502942.173,44.79,1800.0,4.0,10.7,normal
1697502942.677,45.277,800.0,4.5,10.7,normal
1697502943.181,45.277,800.0,4.0,10.7,normal
1697502943.685,46.251,1800.0,25.2,10.3,normal
1697502944.187,45.764,1800.0,33.8,10.6,normal
1697502944.69,46.251,1800.0,3.0,10.6,normal
1697502945.192,46.251,1800.0,2.0,10.6,normal
1697502945.695,46.251,1800.0,4.9,10.6,normal
1697502946.197,45.277,1800.0,3.5,10.6,normal
1697502946.7,46.251,1800.0,4.0,10.6,normal
1697502947.203,45.764,1800.0,1.0,10.6,normal
1697502947.705,45.764,1800.0,5.0,10.6,normal
1697502948.208,45.764,1800.0,3.5,10.6,normal
1697502948.712,46.738,700.0,5.4,10.6,normal
1697502949.217,45.277,700.0,3.0,10.6,normal
1697502949.72,45.277,1800.0,17.9,10.2,normal
1697502950.223,46.251,1800.0,37.4,10.6,normal
1697502950.726,46.738,1800.0,6.5,10.7,normal
1697502951.228,45.764,1800.0,3.0,10.7,normal
1697502951.731,46.251,1800.0,2.5,10.7,normal
1697502952.233,45.764,1800.0,4.0,10.7,normal
1697502952.736,45.277,1800.0,3.5,10.7,normal
1697502953.239,45.764,1800.0,3.5,10.7,normal
1697502953.741,45.764,1800.0,4.0,10.7,normal
1697502954.244,45.277,1800.0,4.0,10.7,normal
1697502954.748,45.277,700.0,3.0,10.7,normal
1697502955.254,44.79,600.0,4.9,10.7,normal
1697502955.757,47.225,1800.0,19.4,10.4,normal
1697502956.26,47.225,1800.0,36.2,10.7,normal
1697502956.762,46.251,1800.0,3.5,10.7,normal
1697502957.265,46.251,1800.0,3.0,10.7,normal
1697502957.767,45.277,1800.0,3.0,10.7,normal
1697502958.27,46.251,1800.0,4.5,10.7,normal
1697502958.772,45.764,1800.0,3.5,10.7,normal
1697502959.275,45.764,1800.0,4.5,10.7,normal
1697502959.777,46.251,1800.0,3.0,10.7,normal
1697502960.28,45.277,1800.0,5.0,10.7,normal
1697502960.786,45.764,600.0,13.4,10.7,normal
1697502961.291,45.277,600.0,5.4,10.7,normal
1697502961.795,46.251,1800.0,11.4,9.9,normal
1697502962.299,47.712,1800.0,32.8,10.6,normal
1697502962.802,46.738,1800.0,15.0,10.7,normal
1697502963.304,46.251,1800.0,3.5,10.7,normal
1697502963.807,46.738,1800.0,4.9,10.7,normal
1697502964.309,47.225,1800.0,3.5,10.7,normal
1697502964.812,46.251,1800.0,3.0,10.7,normal
1697502965.314,47.225,1800.0,3.5,10.7,normal
1697502965.817,45.764,1800.0,3.5,10.7,normal
1697502966.319,45.764,1800.0,4.0,10.7,normal
1697502966.824,45.764,700.0,3.0,10.7,normal
1697502967.33,45.277,600.0,6.4,10.7,normal
1697502967.835,45.277,600.0,5.0,10.7,normal
1697502968.339,45.764,1800.0,29.2,10.5,normal
1697502968.841,46.738,1800.0,25.8,10.7,normal
1697502969.343,45.764,1800.0,2.5,10.7,normal
1697502969.846,45.764,1800.0,4.0,10.7,normal
1697502970.349,46.251,1800.0,4.0,10.7,normal
1697502970.852,46.251,1800.0,3.5,10.7,normal
1697502971.354,46.251,1800.0,3.0,10.7,normal
1697502971.857,45.764,1800.0,4.0,10.7,normal
1697502972.359,46.251,1800.0,3.5,10.7,normal
1697502972.862,45.764,1800.0,4.0,10.7,normal
1697502973.367,44.79,600.0,3.5,10.7,normal
1697502973.87,45.764,1800.0,10.8,9.5,normal
1697502974.373,47.225,1800.0,28.6,10.5,normal
1697502974.876,45.277,1800.0,20.9,10.7,normal
1697502975.378,45.764,1800.0,3.5,10.6,normal
1697502975.881,44.79,1800.0,2.5,10.7,normal
1697502976.383,45.764,1800.0,3.0,10.7,normal
1697502976.886,46.251,1800.0,4.0,10.7,normal
1697502977.389,45.764,1800.0,2.5,10.7,normal
1697502977.891,45.277,1800.0,2.5,10.7,normal
1697502978.394,45.764,1800.0,3.5,10.7,normal
1697502978.898,45.764,700.0,3.5,10.7,normal
1697502979.405,46.251,600.0,4.9,10.7,normal
1697502979.911,45.764,600.0,4.0,10.7,normal
1697502980.415,46.251,1800.0,29.1,10.4,normal
1697502980.92,46.738,1800.0,28.1,10.6,normal
1697502981.423,46.251,1800.0,3.0,10.6,normal
1697502981.925,45.764,1800.0,3.5,10.6,normal
1697502982.428,46.251,1800.0,4.0,10.6,normal
1697502982.931,45.277,1800.0,4.0,10.6,normal
1697502983.433,45.277,1800.0,3.0,10.6,normal
1697502983.936,45.277,1800.0,3.5,10.6,normal
1697502984.438,45.764,1800.0,4.0,10.6,normal
1697502984.941,46.738,1800.0,4.0,10.6,normal
1697502985.445,44.79,800.0,4.4,10.6,normal
1697502985.951,45.764,700.0,4.4,10.7,normal
1697502986.454,45.764,1800.0,20.6,10.3,normal
1697502986.956,46.251,1800.0,34.2,10.6,normal
1697502987.459,46.738,1800.0,2.5,10.6,normal
1697502987.962,46.251,1800.0,5.0,10.7,normal
1697502988.464,46.251,1800.0,4.0,10.7,normal
1697502988.967,46.251,1800.0,4.0,10.7,normal
1697502989.469,46.738,1800.0,2.0,10.7,normal
1697502989.972,46.251,1800.0,4.4,10.7,normal
1697502990.475,45.764,1800.0,3.5,10.7,normal
1697502990.977,46.251,1800.0,3.0,10.7,normal
1697502991.481,45.764,900.0,4.5,10.7,normal
1697502991.987,45.277,600.0,5.5,10.7,normal
1697502992.49,45.764,1800.0,12.1,10.1,normal
1697502992.993,47.225,1800.0,33.2,10.5,normal
1697502993.496,46.251,1800.0,11.4,10.6,normal
1697502993.999,46.738,1800.0,4.5,10.6,normal
1697502994.501,45.764,1800.0,3.0,10.6,normal
1697502995.004,45.764,1800.0,3.5,10.6,normal
1697502995.506,46.251,1800.0,4.0,10.6,normal
1697502996.009,45.764,1800.0,4.5,10.7,normal
1697502996.511,44.79,1800.0,2.5,10.7,normal
1697502997.014,45.277,1800.0,4.0,10.7,normal
1697502997.518,45.277,800.0,4.0,10.7,normal
1697502998.023,45.277,800.0,5.0,10.7,normal
1697502998.526,46.251,1800.0,16.9,10.1,normal
1697502999.028,47.225,1800.0,38.6,10.5,normal
1697502999.531,45.764,1800.0,3.0,10.6,normal
1697503000.033,45.764,1800.0,3.5,10.6,normal
1697503000.536,46.251,1800.0,3.5,10.6,normal
1697503001.039,46.251,1800.0,3.5,10.6,normal
1697503001.541,45.764,1800.0,3.9,10.6,normal
1697503002.044,45.277,1800.0,3.5,10.6,normal
1697503002.546,46.251,1800.0,3.5,10.6,normal
1697503003.049,44.79,1800.0,3.0,10.6,normal
1697503003.554,46.251,600.0,4.0,10.6,normal
1697503004.058,45.277,1000.0,7.4,10.6,normal
1697503004.562,45.764,1200.0,11.4,9.9,normal
1697503005.066,46.251,1800.0,29.9,10.6,normal
1697503005.569,46.251,1800.0,14.0,10.7,normal
1697503006.071,45.764,1800.0,2.0,10.7,normal
1697503006.574,45.764,1800.0,3.5,10.7,normal
1697503007.076,46.251,1800.0,3.0,10.7,normal
1697503007.579,45.277,1800.0,2.5,10.7,normal
1697503008.082,45.764,1800.0,2.0,10.7,normal
1697503008.584,45.764,1800.0,3.5,10.7,normal
1697503009.087,45.764,1800.0,5.9,10.7,normal
1697503009.591,44.79,700.0,3.5,10.7,normal
1697503010.096,46.251,900.0,4.0,10.6,normal
1697503010.6,45.764,1100.0,6.5,10.6,normal
1697503011.103,45.764,1800.0,27.9,10.4,normal
1697503011.605,45.764,1800.0,24.6,10.6,normal
1697503012.108,45.277,1800.0,3.9,10.6,normal
1697503012.61,44.79,1800.0,3.5,10.6,normal
1697503013.113,46.251,1800.0,3.5,10.6,normal
1697503013.615,45.764,1800.0,3.0,10.6,normal
1697503014.118,46.251,1800.0,4.5,10.6,normal
1697503014.62,45.277,1800.0,3.5,10.7,normal
1697503015.123,45.277,1800.0,3.9,10.7,normal
1697503015.626,45.764,1800.0,2.5,10.7,normal
1697503016.131,46.251,600.0,5.4,10.7,normal
1697503016.635,45.764,900.0,5.4,10.7,normal
1697503017.138,46.251,1800.0,21.6,10.3,normal
1697503017.641,46.738,1800.0,31.7,10.6,normal
1697503018.144,45.764,1800.0,2.0,10.6,normal
1697503018.646,45.277,1800.0,5.0,10.6,normal
1697503019.149,45.764,1800.0,3.5,10.6,normal
1697503019.651,46.251,1800.0,2.5,10.6,normal
1697503020.154,45.277,1800.0,3.5,10.6,normal
1697503020.656,45.764,1800.0,3.0,10.7,normal
1697503021.159,46.251,1800.0,4.5,10.7,normal
1697503021.661,46.251,1800.0,2.5,10.7,normal
1697503022.166,45.764,800.0,4.9,10.7,normal
1697503022.67,45.277,800.0,5.9,10.7,normal
1697503023.173,46.251,1800.0,26.0,10.5,normal
1697503023.676,47.225,1800.0,27.1,10.7,normal
1697503024.178,46.251,1800.0,4.5,10.7,normal
1697503024.681,46.738,1800.0,3.0,10.7,normal
1697503025.183,45.764,1800.0,3.5,10.7,normal
1697503025.686,45.764,1800.0,3.0,10.7,normal
1697503026.189,45.764,1800.0,4.0,10.7,normal
1697503026.691,46.251,1800.0,4.0,10.7,normal
1697503027.194,46.738,1800.0,3.4,10.7,normal
1697503027.696,45.764,1800.0,3.5,10.7,normal
1697503028.2,44.79,900.0,4.5,10.8,normal
1697503028.705,45.277,800.0,5.0,10.8,normal
1697503029.208,46.251,1800.0,21.4,10.3,normal
1697503029.711,45.277,1800.0,34.8,10.7,normal
1697503030.214,46.251,1800.0,3.5,10.7,normal
1697503030.716,45.764,1800.0,3.5,10.6,normal
1697503031.219,45.764,1800.0,4.5,10.6,normal
1697503031.721,45.277,1800.0,4.0,10.7,normal
1697503032.224,45.277,1800.0,2.5,10.6,normal
1697503032.726,46.251,1800.0,4.0,10.6,normal
1697503033.229,44.79,1800.0,4.0,10.7,normal
1697503033.731,46.251,1800.0,4.0,10.6,normal
1697503034.237,45.277,600.0,2.0,10.6,normal
1697503034.743,45.277,600.0,2.5,10.6,normal
1697503035.246,45.277,1800.0,14.9,10.1,normal
1697503035.75,46.251,1800.0,32.3,10.6,normal
1697503036.253,45.277,1800.0,12.9,10.7,normal
1697503036.755,45.277,1800.0,3.0,10.7,normal
1697503037.258,46.738,1800.0,4.4,10.7,normal
1697503037.76,46.251,1800.0,3.0,10.7,normal
1697503038.263,46.251,1800.0,4.0,10.6,normal
1697503038.765,44.79,1800.0,4.9,10.6,normal
1697503039.268,46.738,1800.0,3.0,10.6,normal
1697503039.77,45.764,1800.0,4.9,10.6,normal
1697503040.275,45.764,700.0,4.0,10.6,normal
1697503040.78,45.277,800.0,4.5,10.6,normal
1697503041.285,45.277,800.0,5.5,10.6,normal
1697503041.787,46.251,1800.0,29.0,10.5,normal
1697503042.29,45.764,1800.0,24.0,10.7,normal
1697503042.793,45.277,1800.0,3.5,10.7,normal
1697503043.295,45.764,1800.0,3.0,10.7,normal
1697503043.798,46.251,1800.0,5.0,10.7,normal
1697503044.3,45.277,1800.0,3.5,10.7,normal
1697503044.803,46.251,1800.0,3.0,10.7,normal
1697503045.305,44.79,1800.0,3.5,10.6,normal
1697503045.808,45.764,1800.0,3.5,10.6,normal
1697503046.31,44.79,1800.0,3.0,10.6,normal
1697503046.816,45.764,600.0,5.0,10.6,normal
1697503047.319,45.277,1800.0,9.0,9.6,normal
1697503047.822,46.251,1800.0,29.1,10.4,normal
1697503048.325,45.764,1800.0,20.6,10.6,normal
1697503048.828,46.738,1800.0,4.5,10.6,normal
1697503049.33,45.764,1800.0,2.5,10.6,normal
1697503049.833,46.251,1800.0,4.0,10.6,normal
1697503050.335,45.764,1800.0,4.0,10.6,normal
1697503050.838,46.738,1800.0,3.0,10.6,normal
1697503051.341,45.764,1800.0,3.5,10.6,normal
1697503051.843,46.738,1800.0,3.0,10.6,normal
1697503052.348,46.251,700.0,4.5,10.6,normal
1697503052.854,44.79,600.0,4.9,10.6,normal
1697503053.36,45.764,600.0,4.5,10.7,normal
1697503053.863,46.251,1800.0,26.4,10.3,normal
1697503054.366,47.225,1800.0,29.1,10.6,normal
1697503054.869,46.738,1800.0,2.5,10.6,normal
1697503055.371,43.816,1800.0,3.0,10.6,normal
1697503055.874,45.277,1800.0,3.0,10.6,normal
1697503056.377,46.251,1800.0,2.0,10.6,normal
1697503056.879,46.251,1800.0,4.0,10.6,normal
1697503057.382,46.251,1800.0,3.0,10.6,normal
1697503057.884,46.251,1800.0,3.0,10.6,normal
1697503058.387,45.277,1800.0,3.5,10.6,normal
1697503058.892,45.277,700.0,4.5,10.7,normal
1697503059.398,45.277,600.0,4.5,10.7,normal
1697503059.9,45.764,1800.0,18.0,10.2,normal
1697503060.403,45.277,1800.0,35.0,10.6,normal
1697503060.906,45.277,1800.0,3.0,10.6,normal
1697503061.408,46.251,1800.0,3.5,10.6,normal
1697503061.911,45.764,1800.0,3.0,10.6,normal
1697503062.414,45.764,1800.0,3.0,10.6,normal
1697503062.916,45.764,1800.0,4.4,10.6,normal
1697503063.419,45.764,1800.0,4.0,10.6,normal
1697503063.922,45.764,1800.0,5.4,10.6,normal
1697503064.425,46.251,1800.0,3.5,10.6,normal
1697503064.93,44.79,600.0,2.5,10.6,normal
1697503065.436,45.277,600.0,3.0,10.6,normal
1697503065.939,44.79,1800.0,12.4,10.1,normal
1697503066.455,46.251,1800.0,35.1,10.6,normal
1697503066.957,46.251,1800.0,7.5,10.6,normal
1697503067.46,45.764,1800.0,3.5,10.6,normal
1697503067.963,44.79,1800.0,2.0,10.6,normal
1697503068.465,46.738,1800.0,3.0,10.6,normal
1697503068.968,46.251,1800.0,7.4,10.7,normal
1697503069.47,46.251,1800.0,3.5,10.6,normal
1697503069.973,45.764,1800.0,3.0,10.7,normal
1697503070.475,45.277,1800.0,3.5,10.7,normal
1697503070.98,45.277,800.0,4.5,10.7,normal
1697503071.484,45.277,1000.0,5.0,10.7,normal
1697503071.987,46.251,1800.0,18.4,10.3,normal
1697503072.489,46.738,1800.0,36.3,10.6,normal
1697503072.992,45.277,1800.0,3.0,10.6,normal
1697503073.495,44.79,1800.0,3.5,10.7,normal
1697503073.997,46.738,1800.0,4.9,10.7,normal
1697503074.5,45.764,1800.0,2.0,10.7,normal
1697503075.002,46.251,1800.0,4.4,10.7,normal
1697503075.505,45.764,1800.0,3.5,10.7,normal
1697503076.007,45.764,1800.0,3.0,10.7,normal
1697503076.51,45.764,1800.0,3.5,10.7,normal
1697503077.015,45.764,700.0,3.5,10.7,normal
1697503077.521,45.764,600.0,5.0,10.7,normal
1697503078.024,45.764,1800.0,24.0,10.4,normal
1697503078.526,45.764,1800.0,31.8,10.7,normal
1697503079.029,45.764,1800.0,4.5,10.6,normal
1697503079.532,44.79,1800.0,4.5,10.7,normal
1697503080.034,46.251,1800.0,3.9,10.7,normal
1697503080.537,45.277,1800.0,4.5,10.6,normal
1697503081.039,46.251,1800.0,3.5,10.6,normal
1697503081.542,45.277,1800.0,4.0,10.7,normal
1697503082.044,46.251,1800.0,3.0,10.6,normal
1697503082.547,46.251,1800.0,3.5,10.6,normal
1697503083.051,45.277,900.0,3.5,10.7,normal
1697503083.555,45.277,1000.0,5.9,10.6,normal
1697503084.058,46.738,1800.0,28.4,10.5,normal
1697503084.561,46.251,1800.0,25.8,10.7,normal
1697503085.063,45.764,1800.0,4.0,10.7,normal
1697503085.566,46.738,1800.0,4.0,10.7,normal
1697503086.068,45.764,1800.0,3.5,10.7,normal
1697503086.571,46.251,1800.0,4.0,10.7,normal
1697503087.073,45.277,1800.0,3.5,10.7,normal
1697503087.576,45.764,1800.0,4.5,10.7,normal
1697503088.078,44.79,1800.0,3.0,10.7,normal
1697503088.581,45.764,1800.0,2.5,10.7,normal
1697503089.085,45.764,1000.0,6.0,10.7,normal
1697503089.588,44.79,1000.0,6.4,10.7,normal
1697503090.091,46.251,1800.0,20.6,10.3,normal
1697503090.594,47.712,1800.0,35.2,10.7,normal
1697503091.096,46.251,1800.0,3.0,10.7,normal
1697503091.599,46.251,1800.0,4.0,10.7,normal
1697503092.102,45.764,1800.0,4.0,10.7,normal
1697503092.604,44.79,1800.0,4.5,10.7,normal
1697503093.107,45.764,1800.0,2.5,10.7,normal
1697503093.609,46.251,1800.0,4.0,10.7,normal
1697503094.112,45.277,1800.0,4.5,10.7,normal
1697503094.614,45.277,1800.0,4.0,10.7,normal
1697503095.119,45.764,700.0,4.4,10.7,normal
1697503095.623,46.251,900.0,5.0,10.7,normal
1697503096.126,45.277,1800.0,13.1,10.2,normal
1697503096.63,46.251,1800.0,37.8,10.6,normal
1697503097.132,46.251,1800.0,6.5,10.7,normal
1697503097.635,45.764,1800.0,4.0,10.7,normal
1697503098.137,46.251,1800.0,2.5,10.7,normal
1697503098.64,45.277,1800.0,4.0,10.7,normal
1697503099.142,45.764,1800.0,4.5,10.7,normal
1697503099.645,45.764,1800.0,4.0,10.7,normal
1697503100.148,44.79,1800.0,3.0,10.7,normal
1697503100.65,45.764,1800.0,2.5,10.7,normal
1697503101.155,45.277,700.0,2.5,10.7,normal
1697503101.661,44.303,600.0,5.0,10.7,normal
1697503102.166,45.277,700.0,6.0,10.5,normal
1697503102.67,45.764,1800.0,27.9,10.5,normal
1697503103.172,46.738,1800.0,21.6,10.6,normal
1697503103.675,45.764,1800.0,3.0,10.6,normal
1697503104.177,45.277,1800.0,3.5,10.6,normal
1697503104.68,45.764,1800.0,3.5,10.6,normal
1697503105.183,46.251,1800.0,3.0,10.6,normal
1697503105.685,45.277,1800.0,4.4,10.7,normal
1697503106.188,45.277,1800.0,3.0,10.7,normal
1697503106.69,46.251,1800.0,2.5,10.7,normal
1697503107.193,45.277,1800.0,2.5,10.7,normal
1697503107.698,45.764,600.0,5.9,10.7,normal
1697503108.202,45.277,1800.0,12.4,10.0,normal
1697503108.705,45.764,1800.0,33.3,10.6,normal
1697503109.208,45.764,1800.0,14.9,10.6,normal
1697503109.711,46.251,1800.0,4.0,10.6,normal
1697503110.213,45.277,1800.0,2.5,10.6,normal
1697503110.716,45.764,1800.0,3.5,10.6,normal
1697503111.218,45.764,1800.0,3.0,10.7,normal
1697503111.721,45.764,1800.0,3.0,10.7,normal
1697503112.223,45.764,1800.0,4.0,10.6,normal
1697503112.726,45.277,1800.0,4.4,10.7,normal
1697503113.228,46.251,1800.0,3.0,10.7,normal
1697503113.733,45.277,800.0,6.4,10.6,normal
1697503114.238,45.277,850.0,5.5,10.6,normal
1697503114.74,47.225,1800.0,28.7,10.4,normal
1697503115.243,46.251,1800.0,25.5,10.6,normal
1697503115.746,47.225,1800.0,3.0,10.6,normal
1697503116.248,45.277,1800.0,4.0,10.6,normal
1697503116.751,45.277,1800.0,3.0,10.6,normal
1697503117.253,45.764,1800.0,2.5,10.7,normal
1697503117.756,45.764,1800.0,3.0,10.7,normal
1697503118.258,45.764,1800.0,4.5,10.7,normal
1697503118.761,44.79,1800.0,4.0,10.7,normal
1697503119.263,46.251,1800.0,3.9,10.7,normal
1697503119.768,44.79,800.0,4.5,10.7,normal
1697503120.273,45.277,700.0,4.0,10.7,normal
1697503120.775,45.277,1800.0,21.1,10.3,normal
1697503121.278,45.277,1800.0,34.8,10.6,normal
1697503121.781,45.764,1800.0,2.5,10.6,normal
1697503122.283,45.764,1800.0,4.0,10.6,normal
1697503122.786,45.764,1800.0,3.5,10.6,normal
1697503123.288,45.764,1800.0,3.0,10.7,normal
1697503123.791,45.764,1800.0,4.9,10.6,normal
1697503124.293,45.764,1800.0,3.0,10.6,normal
1697503124.796,45.764,1800.0,4.0,10.6,normal
1697503125.298,45.277,1800.0,3.0,10.6,normal
1697503125.804,45.277,600.0,2.5,10.6,normal
1697503126.309,45.764,600.0,4.9,10.7,normal
1697503126.812,46.251,1800.0,14.9,10.0,normal
1697503127.315,47.225,1800.0,37.6,10.5,normal
1697503127.818,45.764,1800.0,7.4,10.6,normal
1697503128.32,47.225,1800.0,3.0,10.6,normal
1697503128.823,45.764,1800.0,5.4,10.6,normal
1697503129.325,46.738,1800.0,3.0,10.6,normal
1697503129.828,46.251,1800.0,4.0,10.6,normal
1697503130.33,45.764,1800.0,3.0,10.7,normal
1697503130.833,45.277,1800.0,3.0,10.7,normal
1697503131.335,46.251,1800.0,4.5,10.7,normal
1697503131.84,45.277,800.0,3.0,10.7,normal
1697503132.345,45.277,700.0,4.0,10.7,normal
1697503132.848,46.251,1800.0,19.9,10.3,normal
1697503133.35,45.764,1800.0,36.8,10.7,normal
1697503133.853,46.251,1800.0,3.5,10.7,normal
1697503134.355,45.764,1800.0,3.0,10.7,normal
1697503134.858,45.277,1800.0,3.0,10.7,normal
1697503135.36,45.277,1800.0,4.0,10.7,normal
1697503135.863,45.277,1800.0,3.5,10.7,normal
1697503136.366,45.277,1800.0,3.0,10.7,normal
1697503136.868,45.764,1800.0,3.5,10.7,normal
1697503137.371,45.764,1800.0,2.5,10.7,normal
1697503137.876,45.764,700.0,3.9,10.7,normal
1697503138.381,45.764,600.0,5.0,10.7,normal
1697503138.884,45.764,1800.0,25.2,10.3,normal
1697503139.387,46.251,1800.0,30.0,10.6,normal
1697503139.889,45.277,1800.0,3.5,10.6,normal
1697503140.392,45.764,1800.0,3.9,10.6,normal
1697503140.895,45.277,1800.0,2.5,10.6,normal
1697503141.397,46.251,1800.0,3.0,10.7,normal
1697503141.9,45.764,1800.0,3.5,10.7,normal
1697503142.403,46.251,1800.0,3.0,10.7,normal
1697503142.905,45.764,1800.0,2.0,10.7,normal
1697503143.408,45.277,1800.0,2.5,10.7,normal
1697503143.913,45.764,800.0,4.5,10.7,normal
1697503144.424,45.277,600.0,5.3,10.7,normal
1697503144.927,45.764,1800.0,17.9,10.2,normal
1697503145.429,46.738,1800.0,36.4,10.6,normal
1697503145.932,46.251,1800.0,3.0,10.6,normal
1697503146.434,45.764,1800.0,4.5,10.6,normal
1697503146.937,46.738,1800.0,3.5,10.6,normal
1697503147.44,44.79,1800.0,3.0,10.6,normal
1697503147.942,45.277,1800.0,3.5,10.7,normal
1697503148.445,45.277,1800.0,4.0,10.7,normal
1697503148.947,45.764,1800.0,4.5,10.7,normal
1697503149.45,46.251,1800.0,2.5,10.7,normal
1697503149.956,45.764,600.0,4.4,10.7,normal
1697503150.462,45.764,600.0,5.4,10.7,normal
1697503150.965,46.251,1800.0,23.8,10.4,normal
1697503151.468,45.764,1800.0,31.3,10.7,normal
1697503151.97,46.251,1800.0,4.5,10.7,normal
1697503152.473,45.277,1800.0,3.0,10.7,normal
1697503152.975,46.251,1800.0,4.0,10.7,normal
1697503153.478,45.764,1800.0,3.5,10.7,normal
1697503153.981,46.251,1800.0,4.0,10.7,normal
1697503154.483,45.764,1800.0,5.4,10.7,normal
1697503154.986,46.251,1800.0,3.5,10.7,normal
1697503155.488,45.277,1800.0,3.5,10.7,normal
1697503155.992,44.79,1000.0,5.0,10.7,normal
1697503156.496,44.79,1000.0,5.9,10.7,normal
1697503156.999,46.251,1800.0,15.6,10.2,normal
1697503157.502,47.225,1800.0,37.0,10.6,normal
1697503158.004,45.764,1800.0,5.5,10.7,normal
1697503158.507,45.277,1800.0,4.0,10.7,normal
1697503159.009,46.738,1800.0,4.0,10.7,normal
1697503159.512,45.764,1800.0,4.5,10.7,normal
1697503160.014,44.79,1800.0,3.0,10.7,normal
1697503160.517,45.764,1800.0,4.5,10.7,normal
1697503161.019,45.277,1800.0,4.0,10.7,normal
1697503161.522,46.251,1800.0,3.0,10.7,normal
1697503162.026,45.764,900.0,4.0,10.7,normal
1697503162.532,45.277,600.0,4.4,10.7,normal
1697503163.035,45.764,1800.0,19.4,10.2,normal
1697503163.537,47.225,1800.0,36.3,10.7,normal
1697503164.04,46.251,1800.0,4.5,10.7,normal
1697503164.547,45.764,1800.0,3.4,10.7,normal
1697503165.05,45.764,1800.0,4.0,10.7,normal
1697503165.552,45.764,1800.0,3.0,10.7,normal
1697503166.055,45.764,1800.0,3.0,10.7,normal
1697503166.558,45.277,1800.0,3.5,10.7,normal
1697503167.06,45.764,1800.0,4.5,10.7,normal
1697503167.563,46.251,1800.0,4.0,10.7,normal
1697503168.067,44.79,900.0,4.0,10.7,normal
1697503168.571,45.764,800.0,4.5,10.7,normal
1697503169.074,45.277,1800.0,25.5,10.4,normal
1697503169.577,46.251,1800.0,32.8,10.6,normal
1697503170.08,45.277,1800.0,4.4,10.6,normal
1697503170.582,45.764,1800.0,3.0,10.6,normal
1697503171.085,45.277,1800.0,4.0,10.6,normal
1697503171.587,46.738,1800.0,4.0,10.6,normal
1697503172.09,46.738,1800.0,3.5,10.6,normal
1697503172.592,45.277,1800.0,3.5,10.7,normal
1697503173.095,46.738,1800.0,2.5,10.7,normal
1697503173.597,44.79,1800.0,4.4,10.7,normal
1697503174.103,46.738,600.0,4.0,10.7,normal
1697503174.608,45.764,800.0,4.9,10.7,normal
1697503175.111,45.277,1800.0,16.4,10.1,normal
1697503175.613,46.738,1800.0,38.5,10.6,normal
1697503176.116,46.251,1800.0,5.5,10.6,normal
1697503176.619,45.764,1800.0,4.9,10.6,normal
1697503177.121,46.251,1800.0,2.5,10.6,normal
1697503177.624,45.764,1800.0,4.0,10.6,normal
1697503178.126,44.79,1800.0,4.0,10.6,normal
1697503178.629,45.764,1800.0,2.5,10.6,normal
1697503179.131,45.764,1800.0,4.5,10.6,normal
1697503179.634,45.277,1800.0,4.0,10.6,normal
1697503180.139,45.764,700.0,3.5,10.6,normal
1697503180.644,44.79,700.0,4.5,10.6,normal
1697503181.147,45.277,1800.0,7.5,10.1,normal
1697503181.65,45.277,1800.0,27.9,10.5,normal
1697503182.153,45.764,1800.0,22.4,10.6,normal
1697503182.655,46.738,1800.0,4.4,10.6,normal
1697503183.158,45.764,1800.0,3.5,10.6,normal
1697503183.66,45.764,1800.0,2.5,10.7,normal
1697503184.163,46.251,1800.0,5.4,10.7,normal
1697503184.665,45.764,1800.0,2.0,10.7,normal
1697503185.168,45.764,1800.0,2.0,10.7,normal
1697503185.671,44.79,1800.0,4.0,10.7,normal
1697503186.175,45.764,700.0,3.0,10.7,normal
1697503186.68,45.277,800.0,3.0,10.7,normal
1697503187.184,45.277,1800.0,12.9,10.0,normal
1697503187.688,46.738,1800.0,31.5,10.6,normal
1697503188.191,45.764,1800.0,10.1,10.6,normal
1697503188.693,44.79,1800.0,6.0,10.6,normal
1697503189.196,45.764,1800.0,4.0,10.6,normal
1697503189.698,44.79,1800.0,4.0,10.6,normal
1697503190.201,45.764,1800.0,3.0,10.6,normal
1697503190.703,46.251,1800.0,4.5,10.6,normal
1697503191.206,46.738,1800.0,3.0,10.6,normal
1697503191.708,46.251,1800.0,3.9,10.6,normal
1697503192.213,45.277,700.0,3.5,10.6,normal
1697503192.719,45.277,600.0,5.4,10.6,normal
1697503193.224,44.79,800.0,5.9,10.6,normal
1697503193.727,46.738,1800.0,28.9,10.4,normal
1697503194.23,45.764,1800.0,25.0,10.6,normal
1697503194.732,45.764,1800.0,4.0,10.6,normal
1697503195.235,46.251,1800.0,3.9,10.7,normal
1697503195.738,45.764,1800.0,2.5,10.7,normal
1697503196.24,45.764,1800.0,3.0,10.7,normal
1697503196.743,45.764,1800.0,3.5,10.7,normal
1697503197.245,46.251,1800.0,3.0,10.7,normal
1697503197.748,45.277,1800.0,3.5,10.7,normal
1697503198.25,45.764,1800.0,3.9,10.7,normal
1697503198.755,45.277,700.0,5.4,10.7,normal
1697503199.26,45.764,800.0,5.4,10.7,normal
1697503199.763,46.738,1800.0,22.0,10.3,normal
1697503200.266,46.738,1800.0,31.5,10.6,normal
1697503200.768,45.764,1800.0,4.0,10.6,normal
1697503201.271,46.251,1800.0,3.5,10.6,normal
1697503201.774,45.764,1800.0,3.0,10.6,normal
1697503202.276,45.764,1800.0,3.5,10.6,normal
1697503202.779,45.277,1800.0,4.0,10.6,normal
1697503203.281,46.251,1800.0,3.0,10.6,normal
1697503203.784,44.79,1800.0,4.5,10.6,normal
1697503204.286,45.764,1800.0,3.5,10.6,normal
1697503204.791,46.251,800.0,5.5,10.7,normal
1697503205.295,44.79,800.0,4.5,10.6,normal
1697503205.798,45.277,1800.0,17.4,10.3,normal
1697503206.301,46.738,1800.0,36.2,10.6,normal
1697503206.803,46.251,1800.0,4.5,10.6,normal
1697503207.306,45.764,1800.0,4.0,10.6,normal
1697503207.809,45.277,1800.0,3.0,10.6,normal
1697503208.311,44.79,1800.0,3.0,10.6,normal
1697503208.814,46.251,1800.0,4.5,10.6,normal
1697503209.317,45.764,1800.0,3.0,10.6,normal
1697503209.819,46.738,1800.0,3.5,10.6,normal
1697503210.322,45.764,1800.0,3.5,10.6,normal
1697503210.828,44.79,600.0,5.0,10.6,normal
1697503211.332,45.277,900.0,5.4,10.6,normal
1697503211.835,45.764,1800.0,9.9,9.6,normal
1697503212.338,45.764,1800.0,28.5,10.5,normal
1697503212.841,46.251,1800.0,20.5,10.6,normal
1697503213.344,45.764,1800.0,3.5,10.6,normal
1697503213.846,46.251,1800.0,4.5,10.6,normal
1697503214.349,45.277,1800.0,4.0,10.6,normal
1697503214.851,45.764,1800.0,4.0,10.6,normal
1697503215.354,46.251,1800.0,3.5,10.6,normal
1697503215.856,45.277,1800.0,3.5,10.6,normal
1697503216.359,46.251,1800.0,3.0,10.7,normal
1697503216.864,45.764,700.0,4.4,10.7,normal
1697503217.368,44.79,800.0,5.0,10.7,normal
1697503217.875,44.79,600.0,4.4,10.7,normal
1697503218.378,45.764,1800.0,27.0,10.4,normal
1697503218.88,45.764,1800.0,31.0,10.6,normal
1697503219.383,46.738,1800.0,3.5,10.6,normal
1697503219.885,46.738,1800.0,3.5,10.6,normal
1697503220.388,45.764,1800.0,3.0,10.6,normal
1697503220.891,46.251,1800.0,4.0,10.6,normal
1697503221.393,46.251,1800.0,4.0,10.6,normal
1697503221.896,44.303,1800.0,3.0,10.6,normal
1697503222.398,45.764,1800.0,3.5,10.6,normal
1697503222.901,46.251,1800.0,4.0,10.6,normal
1697503223.406,46.251,600.0,4.0,10.6,normal
1697503223.911,44.79,800.0,5.0,10.7,normal
1697503224.414,46.251,1800.0,18.8,10.2,normal
1697503224.917,46.251,1800.0,37.2,10.6,normal
1697503225.42,46.738,1800.0,3.0,10.6,normal
1697503225.923,46.251,1800.0,2.0,10.6,normal
1697503226.426,45.277,1800.0,1.5,10.6,normal
1697503226.929,46.251,1800.0,2.0,10.6,normal
1697503227.431,45.764,1800.0,3.5,10.6,normal
1697503227.934,46.738,1800.0,5.0,10.6,normal
1697503228.437,45.764,1800.0,3.0,10.6,normal
1697503228.939,46.738,1800.0,4.5,10.7,normal
1697503229.445,45.764,600.0,5.4,10.7,normal
1697503229.95,46.251,600.0,6.4,10.7,normal
1697503230.454,45.277,1800.0,11.9,10.0,normal
1697503230.957,46.251,1800.0,31.0,10.6,normal
1697503231.46,47.225,1800.0,16.5,10.6,normal
1697503231.963,45.764,1800.0,3.0,10.6,normal
1697503232.465,46.251,1800.0,3.0,10.6,normal
1697503232.968,46.251,1800.0,4.0,10.6,normal
1697503233.471,46.251,1800.0,3.0,10.6,normal
1697503233.973,45.764,1800.0,4.5,10.7,normal
1697503234.476,46.738,1800.0,3.0,10.7,normal
1697503234.978,46.251,1800.0,2.5,10.7,normal
1697503235.483,45.764,700.0,5.4,10.7,normal
1697503235.988,44.79,700.0,4.9,10.7,normal
1697503236.492,44.303,900.0,5.0,10.6,normal
1697503236.996,46.738,1800.0,28.2,10.5,normal
1697503237.498,46.251,1800.0,25.6,10.7,normal
1697503238.001,46.251,1800.0,4.0,10.7,normal
1697503238.503,46.251,1800.0,2.5,10.7,normal
1697503239.006,45.277,1800.0,4.0,10.7,normal
1697503239.509,46.251,1800.0,4.0,10.7,normal
1697503240.011,45.764,1800.0,3.5,10.7,normal
1697503240.514,46.251,1800.0,3.5,10.7,normal
1697503241.016,46.251,1800.0,3.0,10.7,normal
1697503241.519,46.251,1800.0,5.0,10.7,normal
1697503242.023,45.764,900.0,5.4,10.7,normal
1697503242.526,45.277,1800.0,10.0,9.5,normal
1697503243.029,46.251,1800.0,27.9,10.5,normal
1697503243.531,45.764,1800.0,21.1,10.7,normal
1697503244.034,46.738,1800.0,5.0,10.7,normal
1697503244.536,45.277,1800.0,4.5,10.7,normal
1697503245.039,44.79,1800.0,2.0,10.7,normal
1697503245.541,45.764,1800.0,2.5,10.7,normal
1697503246.044,46.738,1800.0,3.5,10.7,normal
1697503246.547,46.251,1800.0,3.0,10.7,normal
1697503247.049,45.277,1800.0,1.5,10.7,normal
1697503247.552,45.277,1800.0,2.5,10.7,normal
1697503248.057,44.79,600.0,3.9,10.7,normal
1697503248.56,46.251,1800.0,14.1,10.1,normal
1697503249.063,47.712,1800.0,39.0,10.6,normal
1697503249.566,45.764,1800.0,6.5,10.6,normal
1697503250.068,46.251,1800.0,3.5,10.6,normal
1697503250.571,45.764,1800.0,4.0,10.6,normal
1697503251.073,44.79,1800.0,3.0,10.7,normal
1697503251.576,45.277,1800.0,3.0,10.7,normal
1697503252.078,45.277,1800.0,3.5,10.7,normal
1697503252.581,45.764,1800.0,4.0,10.7,normal
1697503253.083,45.277,1800.0,3.5,10.7,normal
1697503253.587,45.764,900.0,4.0,10.7,normal
1697503254.092,45.764,800.0,5.4,10.7,normal
1697503254.595,46.738,1800.0,19.9,10.3,normal
1697503255.098,46.738,1800.0,35.5,10.7,normal
1697503255.6,46.251,1800.0,3.5,10.7,normal
1697503256.103,45.277,1800.0,3.5,10.7,normal
1697503256.605,45.764,1800.0,4.5,10.7,normal
1697503257.108,46.251,1800.0,2.5,10.7,normal
1697503257.61,45.764,1800.0,2.5,10.7,normal
1697503258.113,44.79,1800.0,1.0,10.7,normal
1697503258.615,45.764,1800.0,1.5,10.7,normal
1697503259.118,45.764,1800.0,8.3,10.7,normal
1697503259.623,46.738,900.0,5.0,10.7,normal
1697503260.127,45.277,800.0,4.0,10.7,normal
1697503260.632,45.764,1200.0,12.9,10.1,normal
1697503261.135,46.251,1800.0,33.3,10.6,normal
1697503261.638,46.738,1800.0,15.3,10.6,normal
1697503262.141,46.251,1800.0,3.0,10.6,normal
1697503262.643,46.251,1800.0,3.5,10.6,normal
1697503263.146,45.277,1800.0,4.5,10.6,normal
1697503263.648,46.738,1800.0,3.0,10.6,normal
1697503264.151,45.277,1800.0,4.5,10.7,normal
1697503264.653,45.277,1800.0,2.5,10.7,normal
1697503265.156,46.251,1800.0,4.0,10.6,normal
1697503265.658,45.764,1800.0,4.4,10.7,normal
1697503266.164,45.764,600.0,4.0,10.7,normal
1697503266.67,45.277,600.0,4.0,10.6,normal
1697503267.172,45.277,1800.0,27.6,10.5,normal
1697503267.675,47.225,1800.0,24.5,10.6,normal
1697503268.178,45.764,1800.0,3.0,10.6,normal
1697503268.68,46.251,1800.0,2.0,10.6,normal
1697503269.183,46.251,1800.0,3.5,10.6,normal
1697503269.685,45.764,1800.0,3.0,10.7,normal
1697503270.188,45.277,1800.0,2.0,10.7,normal
1697503270.69,46.251,1800.0,3.5,10.7,normal
1697503271.193,46.738,1800.0,3.0,10.7,normal
1697503271.695,45.277,1800.0,3.0,10.7,normal
1697503272.201,46.251,600.0,4.4,10.7,normal
1697503272.704,45.764,1800.0,9.0,9.6,normal
1697503273.208,46.251,1800.0,29.7,10.5,normal
1697503273.71,45.764,1800.0,19.4,10.6,normal
1697503274.213,45.277,1800.0,4.0,10.6,normal
1697503274.715,45.764,1800.0,3.5,10.6,normal
1697503275.218,45.277,1800.0,3.5,10.6,normal
1697503275.72,45.764,1800.0,4.5,10.6,normal
1697503276.223,45.277,1800.0,3.5,10.6,normal
1697503276.726,46.738,1800.0,3.0,10.6,normal
1697503277.228,45.764,1800.0,3.5,10.7,normal
1697503277.732,44.79,800.0,3.5,10.7,normal
1697503278.237,45.277,800.0,4.5,10.7,normal
1697503278.74,46.251,1800.0,16.4,10.1,normal
1697503279.242,46.738,1800.0,37.6,10.6,normal
1697503279.745,45.764,1800.0,6.0,10.6,normal
1697503280.247,45.277,1800.0,3.5,10.6,normal
1697503280.75,46.738,1800.0,3.0,10.7,normal
1697503281.252,45.764,1800.0,3.5,10.7,normal
1697503281.755,45.764,1800.0,3.0,10.7,normal
1697503282.258,45.764,1800.0,4.5,10.7,normal
1697503282.76,44.79,1800.0,3.5,10.7,normal
1697503283.263,45.764,1800.0,4.0,10.7,normal
1697503283.767,44.79,700.0,5.0,10.7,normal
1697503284.272,45.277,900.0,6.4,10.7,normal
1697503284.775,45.277,1100.0,9.0,9.6,normal
1697503285.278,45.764,1800.0,28.0,10.4,normal
1697503285.781,47.225,1800.0,21.9,10.6,normal
1697503286.284,46.251,1800.0,4.5,10.6,normal
1697503286.786,45.764,1800.0,3.0,10.6,normal
1697503287.288,44.79,1800.0,3.5,10.6,normal
1697503287.791,45.764,1800.0,4.0,10.6,normal
1697503288.294,45.277,1800.0,4.5,10.6,normal
1697503288.796,46.251,1800.0,4.0,10.6,normal
1697503289.299,45.277,1800.0,3.5,10.6,normal
1697503289.801,46.738,1800.0,3.5,10.6,normal
1697503290.306,44.303,700.0,4.5,10.6,normal
1697503290.811,44.79,800.0,5.4,10.6,normal
1697503291.314,46.738,1800.0,26.4,10.4,normal
1697503291.817,46.251,1800.0,28.8,10.7,normal
1697503292.319,45.764,1800.0,4.0,10.7,normal
1697503292.822,46.738,1800.0,3.0,10.7,normal
1697503293.324,45.764,1800.0,3.5,10.7,normal
1697503293.827,45.277,1800.0,3.5,10.7,normal
1697503294.329,46.251,1800.0,4.5,10.7,normal
1697503294.832,45.764,1800.0,3.0,10.7,normal
1697503295.335,44.79,1800.0,3.5,10.7,normal
1697503295.837,45.764,1800.0,4.0,10.7,normal
1697503296.343,45.764,600.0,5.0,10.6,normal
1697503296.848,45.277,900.0,5.0,10.6,normal
1697503297.351,45.764,1800.0,28.4,10.5,normal
1697503297.854,46.251,1800.0,23.5,10.7,normal
1697503298.356,45.764,1800.0,3.0,10.7,normal
1697503298.859,46.251,1800.0,4.5,10.7,normal
1697503299.362,46.738,1800.0,3.0,10.7,normal
1697503299.864,45.277,1800.0,3.5,10.7,normal
1697503300.367,45.764,1800.0,4.5,10.7,normal
1697503300.869,45.764,1800.0,2.5,10.7,normal
1697503301.372,45.764,1800.0,3.0,10.7,normal
1697503301.874,46.251,1800.0,4.0,10.7,normal
1697503302.379,45.764,800.0,5.4,10.7,normal
1697503302.882,45.764,1800.0,11.5,10.1,normal
1697503303.386,46.738,1800.0,33.7,10.6,normal
1697503303.889,45.277,1800.0,14.0,10.7,normal
1697503304.391,46.738,1800.0,4.5,10.7,normal
1697503304.894,46.251,1800.0,3.9,10.7,normal
1697503305.396,45.764,1800.0,2.0,10.7,normal
1697503305.899,45.764,1800.0,3.0,10.7,normal
1697503306.402,45.764,1800.0,3.5,10.7,normal
1697503306.904,44.79,1800.0,1.5,10.7,normal
1697503307.407,45.764,1800.0,4.0,10.7,normal
1697503307.911,45.764,700.0,3.0,10.7,normal
1697503308.417,44.79,600.0,4.0,10.7,normal
1697503308.923,45.764,600.0,9.4,10.6,normal
1697503309.427,46.251,1800.0,27.6,10.4,normal
1697503309.93,45.764,1800.0,25.9,10.6,normal
1697503310.433,46.738,1800.0,2.0,10.6,normal
1697503310.935,46.251,1800.0,4.5,10.6,normal
1697503311.438,46.251,1800.0,3.0,10.7,normal
1697503311.941,46.251,1800.0,3.5,10.7,normal
1697503312.443,45.277,1800.0,3.0,10.7,normal
1697503312.946,45.764,1800.0,3.5,10.7,normal
1697503313.449,45.764,1800.0,3.0,10.7,normal
1697503313.951,47.225,1800.0,4.0,10.7,normal
1697503314.457,45.277,600.0,4.5,10.7,normal
1697503314.963,46.251,600.0,9.0,10.3,normal
1697503315.466,46.251,1800.0,29.1,10.5,normal
1697503315.969,46.738,1800.0,20.7,10.6,normal
1697503316.471,45.764,1800.0,4.5,10.6,normal
1697503316.974,46.251,1800.0,3.0,10.6,normal
1697503317.477,45.277,1800.0,3.0,10.6,normal
1697503317.979,45.764,1800.0,4.5,10.6,normal
1697503318.482,46.251,1800.0,4.5,10.6,normal
1697503318.984,45.277,1800.0,3.5,10.6,normal
1697503319.487,46.251,1800.0,3.0,10.7,normal
1697503319.989,45.277,1800.0,2.0,10.7,normal
1697503320.494,45.764,700.0,5.4,10.7,normal
1697503321.0,45.277,600.0,5.4,10.7,normal
1697503321.504,46.251,1800.0,25.7,10.4,normal
1697503322.007,46.251,1800.0,26.4,10.7,normal
1697503322.51,46.251,1800.0,4.5,10.7,normal
1697503323.012,45.277,1800.0,3.5,10.7,normal
1697503323.515,45.764,1800.0,3.5,10.7,normal
1697503324.017,45.764,1800.0,4.5,10.7,normal
1697503324.52,45.764,1800.0,3.0,10.7,normal
1697503325.022,45.277,1800.0,3.5,10.7,normal
1697503325.525,45.764,1800.0,4.0,10.7,normal
1697503326.027,45.277,1800.0,3.0,10.7,normal
1697503326.531,46.251,900.0,5.5,10.7,normal
1697503327.035,44.79,1000.0,5.0,10.7,normal
1697503327.538,45.277,1800.0,17.9,10.4,normal
1697503328.041,45.764,1800.0,35.7,10.7,normal
1697503328.543,45.764,1800.0,3.0,10.7,normal
1697503329.046,46.251,1800.0,5.0,10.7,normal
1697503329.549,45.764,1800.0,3.5,10.7,normal
1697503330.051,44.79,1800.0,3.0,10.7,normal
1697503330.554,45.277,1800.0,3.0,10.7,normal
1697503331.056,45.764,1800.0,3.5,10.6,normal
1697503331.559,45.277,1800.0,4.0,10.6,normal
1697503332.061,46.251,1800.0,3.0,10.6,normal
1697503332.566,46.251,800.0,4.9,10.6,normal
1697503333.07,45.277,900.0,4.0,10.6,normal
1697503333.574,45.764,1800.0,9.5,9.6,normal
1697503334.078,46.251,1800.0,30.2,10.5,normal
1697503334.581,46.738,1800.0,18.5,10.7,normal
1697503335.083,45.764,1800.0,3.9,10.7,normal
1697503335.586,46.251,1800.0,4.0,10.6,normal
1697503336.088,45.277,1800.0,2.5,10.6,normal
1697503336.591,45.764,1800.0,3.5,10.6,normal
1697503337.093,46.251,1800.0,2.5,10.7,normal
1697503337.596,45.277,1800.0,4.5,10.7,normal
1697503338.098,46.251,1800.0,3.0,10.6,normal
1697503338.603,45.277,700.0,3.0,10.7,normal
1697503339.107,45.277,900.0,5.9,10.7,normal
1697503339.611,45.277,900.0,5.4,10.7,normal
1697503340.115,45.764,1800.0,27.4,10.5,normal
1697503340.618,45.277,1800.0,28.0,10.6,normal
1697503341.12,45.764,1800.0,4.0,10.6,normal
1697503341.623,45.764,1800.0,3.5,10.6,normal
1697503342.125,45.277,1800.0,4.9,10.6,normal
1697503342.628,45.764,1800.0,4.0,10.6,normal
1697503343.13,45.764,1800.0,3.0,10.6,normal
1697503343.633,45.277,1800.0,3.5,10.6,normal
1697503344.135,45.764,1800.0,5.4,10.6,normal
1697503344.638,45.764,1800.0,3.5,10.6,normal
1697503345.143,45.764,800.0,4.5,10.6,normal
1697503345.649,44.79,600.0,4.5,10.7,normal
1697503346.152,46.251,1800.0,21.0,10.3,normal
1697503346.654,47.225,1800.0,35.8,10.7,normal
1697503347.157,45.277,1800.0,3.0,10.7,normal
1697503347.659,45.764,1800.0,4.0,10.7,normal
1697503348.162,45.764,1800.0,4.5,10.7,normal
1697503348.664,45.764,1800.0,3.0,10.7,normal
1697503349.167,45.277,1800.0,4.5,10.7,normal
1697503349.67,46.251,1800.0,3.5,10.7,normal
1697503350.172,46.251,1800.0,3.0,10.7,normal
1697503350.675,46.251,1800.0,4.0,10.7,normal
1697503351.18,45.277,600.0,4.0,10.7,normal
1697503351.685,45.764,700.0,4.4,10.6,normal
1697503352.188,45.277,1800.0,22.5,10.3,normal
1697503352.691,46.251,1800.0,32.7,10.7,normal
1697503353.193,46.251,1800.0,3.0,10.6,normal
1697503353.696,45.764,1800.0,15.4,10.7,normal
1697503354.199,45.277,1800.0,23.8,10.9,normal
1697503354.702,46.738,1800.0,28.5,11.1,normal
1697503355.204,47.712,1800.0,21.0,11.1,normal
1697503355.707,46.738,1800.0,11.9,11.2,normal
1697503356.21,47.225,1800.0,21.1,11.3,normal
1697503356.712,48.199,1800.0,28.6,11.5,normal
1697503357.215,47.225,1800.0,23.3,11.5,normal
1697503357.718,47.225,1800.0,29.4,11.6,normal
1697503358.221,47.712,1800.0,31.7,9.9,normal
1697503358.725,48.199,1800.0,31.5,10.6,normal
1697503359.228,46.251,1800.0,17.2,10.6,normal
1697503359.73,47.225,1800.0,3.0,10.6,normal
1697503360.233,46.738,1800.0,3.0,10.6,normal
1697503360.735,47.225,1800.0,3.0,10.6,normal
1697503361.238,47.225,1800.0,4.0,10.6,normal
1697503361.741,47.225,1800.0,3.5,10.7,normal
1697503362.246,46.251,800.0,4.0,10.7,normal
1697503362.752,45.764,600.0,5.0,10.7,normal
1697503363.256,45.764,900.0,5.9,10.7,normal
1697503363.761,45.277,700.0,5.9,10.7,normal
1697503364.266,45.277,600.0,5.4,10.6,normal
1697503364.77,46.738,1800.0,27.5,10.4,normal
1697503365.272,46.251,1800.0,24.1,10.6,normal
1697503365.775,45.764,1800.0,2.5,10.6,normal
1697503366.278,46.251,1800.0,4.5,10.6,normal
1697503366.78,45.764,1800.0,4.0,10.6,normal
1697503367.283,45.764,1800.0,2.0,10.6,normal
1697503368.763,46.738,1800.0,3.9,10.6,normal
1697503369.266,45.764,1800.0,3.5,10.6,normal
1697503369.77,46.251,800.0,5.0,10.6,normal
1697503370.275,45.764,800.0,4.5,10.6,normal
1697503370.777,45.764,1800.0,21.0,10.3,normal
1697503371.28,46.738,1800.0,34.0,10.7,normal
1697503371.783,45.277,1800.0,4.5,10.7,normal
1697503372.285,45.277,1800.0,3.5,10.7,normal
1697503372.788,45.764,1800.0,3.0,10.7,normal
1697503373.29,46.251,1800.0,3.5,10.7,normal
1697503373.793,46.251,1800.0,5.0,10.7,normal
1697503374.295,46.738,1800.0,3.0,10.7,normal
1697503374.798,45.764,1800.0,3.5,10.7,normal
1697503375.3,46.738,1800.0,3.5,10.7,normal
1697503375.805,44.79,800.0,3.0,10.7,normal
1697503376.31,46.738,700.0,5.0,10.7,normal
1697503376.814,45.764,1800.0,26.4,10.5,normal
1697503377.317,45.764,1800.0,27.6,10.7,normal
1697503377.819,45.277,1800.0,4.0,10.7,normal
1697503378.322,46.738,1800.0,4.5,10.7,normal
1697503378.824,47.225,1800.0,3.5,10.7,normal
1697503379.327,45.277,1800.0,4.0,10.7,normal
1697503379.829,46.251,1800.0,3.0,10.7,normal
1697503380.332,45.764,1800.0,4.0,10.7,normal
1697503380.834,46.251,1800.0,4.0,10.7,normal
1697503381.337,45.277,1800.0,3.5,10.7,normal
1697503381.841,44.79,800.0,3.5,10.7,normal
1697503382.346,45.764,800.0,7.9,10.6,normal
1697503382.849,45.764,1800.0,29.4,10.5,normal
1697503383.351,46.251,1800.0,23.6,10.7,normal
1697503383.854,45.764,1800.0,4.5,10.7,normal
1697503384.357,46.738,1800.0,4.0,10.7,normal
1697503384.859,45.277,1800.0,3.0,10.7,normal
1697503385.362,46.738,1800.0,4.0,10.7,normal
1697503385.864,46.738,1800.0,3.0,10.7,normal
1697503386.367,45.277,1800.0,3.5,10.7,normal
1697503386.869,46.251,1800.0,3.0,10.7,normal
1697503387.372,46.251,1800.0,3.5,10.7,normal
1697503387.877,45.764,600.0,4.5,10.7,normal
1697503388.381,45.764,1800.0,11.4,9.8,normal
1697503388.887,46.738,1800.0,33.0,10.5,normal
1697503389.39,47.712,1800.0,16.1,10.6,normal
1697503389.892,45.764,1800.0,3.5,10.6,normal
1697503390.395,45.764,1800.0,3.0,10.6,normal
1697503390.897,46.251,1800.0,4.5,10.6,normal
1697503391.4,46.251,1800.0,3.0,10.6,normal
1697503391.902,45.764,1800.0,3.0,10.6,normal
1697503392.405,45.764,1800.0,2.5,10.6,normal
1697503392.908,46.738,1800.0,3.0,10.6,normal
1697503393.413,45.277,700.0,2.0,10.6,normal
1697503393.918,44.79,800.0,5.4,10.6,normal
1697503394.424,46.251,1800.0,15.8,10.1,normal
1697503394.927,45.764,1800.0,38.7,10.6,normal
1697503395.429,45.764,1800.0,5.5,10.7,normal
1697503395.932,45.764,1800.0,3.5,10.7,normal
1697503396.435,46.738,1800.0,2.5,10.7,normal
1697503396.937,45.277,1800.0,4.0,10.7,normal
1697503397.44,45.277,1800.0,3.5,10.7,normal
1697503397.943,46.251,1800.0,2.5,10.7,normal
1697503398.445,45.764,1800.0,3.5,10.7,normal
1697503398.948,45.764,1800.0,5.0,10.7,normal
1697503399.452,46.251,700.0,4.4,10.7,normal
1697503399.958,44.79,600.0,4.5,10.7,normal
1697503400.461,45.277,1800.0,20.0,10.3,normal
1697503400.963,45.764,1800.0,35.4,10.7,normal
1697503401.466,45.764,1800.0,3.5,10.7,normal
1697503401.968,45.764,1800.0,3.0,10.7,normal
1697503402.471,45.277,1800.0,3.0,10.7,normal
1697503402.974,46.251,1800.0,5.0,10.7,normal
1697503403.476,46.251,1800.0,3.5,10.7,normal
1697503403.979,47.225,1800.0,4.5,10.7,normal
1697503404.481,45.764,1800.0,4.0,10.7,normal
1697503404.984,45.277,1800.0,3.5,10.7,normal
1697503405.489,45.764,600.0,3.9,10.7,normal
1697503405.995,44.79,600.0,5.4,10.7,normal
1697503406.499,45.764,1800.0,13.4,10.1,normal
1697503407.003,47.225,1800.0,33.0,10.6,normal
1697503407.505,46.738,1800.0,13.5,10.7,normal
1697503408.008,45.764,1800.0,3.9,10.7,normal
1697503408.511,46.251,1800.0,3.5,10.7,normal
1697503409.013,46.738,1800.0,4.0,10.7,normal
1697503409.516,45.277,1800.0,3.5,10.7,normal
1697503410.018,45.764,1800.0,4.0,10.7,normal
1697503410.521,45.764,1800.0,4.0,10.7,normal
1697503411.023,46.738,1800.0,4.5,10.7,normal
1697503411.528,46.251,700.0,3.0,10.7,normal
1697503412.032,45.764,900.0,5.9,10.7,normal
1697503412.535,46.251,1800.0,17.8,10.3,normal
1697503413.038,46.251,1800.0,36.4,10.6,normal
1697503413.54,45.764,1800.0,3.0,10.6,normal
1697503414.043,45.764,1800.0,4.5,10.6,normal
1697503414.545,45.764,1800.0,4.5,10.6,normal
1697503415.048,45.764,1800.0,3.5,10.6,normal
1697503415.55,45.277,1800.0,3.5,10.7,normal
1697503416.053,46.251,1800.0,3.0,10.7,normal
1697503416.555,46.251,1800.0,3.5,10.7,normal
1697503417.058,46.251,1800.0,4.0,10.7,normal
1697503417.562,45.277,900.0,4.0,10.7,normal
1697503418.067,44.79,800.0,4.4,10.7,normal
1697503418.57,45.764,1800.0,11.4,9.7,normal
1697503419.074,47.225,1800.0,30.3,10.5,normal
1697503419.577,46.738,1800.0,18.5,10.6,normal
1697503420.079,45.764,1800.0,3.0,10.6,normal
1697503420.582,46.251,1800.0,4.0,10.6,normal
1697503421.084,46.251,1800.0,3.5,10.6,normal
1697503421.587,45.277,1800.0,2.5,10.6,normal
1697503422.089,46.251,1800.0,3.5,10.7,normal
1697503422.592,46.251,1800.0,3.0,10.7,normal
1697503423.095,46.251,1800.0,4.5,10.7,normal
1697503423.599,46.251,700.0,4.0,10.7,normal
1697503424.105,45.764,600.0,5.0,10.7,normal
1697503424.611,45.764,600.0,4.4,10.6,normal
1697503425.114,46.251,1800.0,27.7,10.5,normal
1697503425.617,46.738,1800.0,26.0,10.7,normal
1697503426.119,46.251,1800.0,3.0,10.7,normal
1697503426.622,46.251,1800.0,2.0,10.7,normal
1697503427.124,46.251,1800.0,2.5,10.7,normal
1697503427.627,46.251,1800.0,3.5,10.7,normal
1697503428.13,45.764,1800.0,3.5,10.7,normal
1697503428.632,45.277,1800.0,4.0,10.7,normal
1697503429.135,45.764,1800.0,4.4,10.7,normal
1697503429.637,45.277,1800.0,4.0,10.7,normal
1697503430.142,45.764,700.0,4.0,10.7,normal
1697503430.646,46.738,800.0,4.9,10.7,normal
1697503431.15,46.738,1800.0,20.0,10.3,normal
1697503431.652,46.251,1800.0,34.8,10.6,normal
1697503432.155,46.251,1800.0,3.0,10.6,normal
1697503432.657,46.251,1800.0,3.5,10.6,normal
1697503433.159,45.764,1800.0,2.5,10.6,normal
1697503433.662,44.79,1800.0,4.5,10.6,normal
1697503434.164,45.764,1800.0,3.5,10.6,normal
1697503434.667,45.764,1800.0,3.0,10.6,normal
1697503435.17,46.251,1800.0,2.5,10.7,normal
1697503435.672,46.251,1800.0,3.5,10.7,normal
1697503436.178,44.303,600.0,4.0,10.7,normal
1697503436.683,45.277,700.0,4.4,10.7,normal
1697503437.186,45.277,1800.0,24.9,10.4,normal
1697503437.689,46.251,1800.0,28.5,10.7,normal
1697503438.192,46.738,1800.0,3.0,10.7,normal
1697503438.694,45.764,1800.0,3.5,10.7,normal
1697503439.197,45.277,1800.0,3.5,10.7,normal
1697503439.699,45.764,1800.0,3.0,10.7,normal
1697503440.202,45.764,1800.0,4.5,10.7,normal
1697503440.704,45.277,1800.0,2.5,10.7,normal
1697503441.207,45.764,1800.0,4.0,10.7,normal
1697503441.709,45.764,1800.0,3.5,10.7,normal
1697503442.215,45.764,600.0,5.9,10.7,normal
1697503442.72,46.251,1000.0,7.4,10.5,normal
1697503443.223,46.251,1800.0,28.1,10.4,normal
1697503443.726,45.764,1800.0,23.0,10.6,normal
1697503444.229,46.251,1800.0,4.5,10.6,normal
1697503444.731,45.764,1800.0,3.5,10.6,normal
1697503445.234,46.251,1800.0,4.4,10.6,normal
1697503445.736,45.277,1800.0,3.5,10.6,normal
1697503446.239,46.251,1800.0,4.0,10.6,normal
1697503446.741,45.764,1800.0,3.5,10.6,normal
1697503447.244,45.764,1800.0,3.9,10.6,normal
1697503447.747,45.764,1800.0,3.0,10.6,normal
1697503448.251,44.79,900.0,4.0,10.6,normal
1697503448.757,45.277,600.0,6.4,10.6,normal
1697503449.261,46.251,1800.0,24.4,10.4,normal
1697503449.764,46.738,1800.0,31.2,10.7,normal
1697503450.266,46.738,1800.0,3.5,10.7,normal
1697503450.769,45.277,1800.0,4.0,10.7,normal
1697503451.271,45.277,1800.0,3.0,10.7,normal
1697503451.774,45.764,1800.0,3.5,10.7,normal
1697503452.276,46.738,1800.0,3.5,10.7,normal
1697503452.779,45.764,1800.0,4.0,10.7,normal
1697503453.281,46.251,1800.0,3.5,10.7,normal
1697503453.784,45.764,1800.0,5.4,10.7,normal
1697503454.288,46.251,800.0,3.0,10.7,normal
1697503454.793,46.738,700.0,5.0,10.7,normal
1697503455.297,45.277,1800.0,28.2,10.4,normal
1697503455.8,46.738,1800.0,28.0,10.6,normal
1697503456.302,44.79,1800.0,3.0,10.6,normal
1697503456.805,46.738,1800.0,3.0,10.6,normal
1697503457.307,44.303,1800.0,3.5,10.7,normal
1697503457.81,46.251,1800.0,3.5,10.7,normal
1697503458.312,45.764,1800.0,3.5,10.7,normal
1697503458.815,45.277,1800.0,4.5,10.7,normal
1697503459.317,46.251,1800.0,4.0,10.7,normal
1697503459.82,46.251,1800.0,4.0,10.7,normal
1697503460.324,44.79,800.0,3.0,10.7,normal
1697503460.829,45.764,700.0,4.9,10.7,normal
1697503461.332,45.277,1800.0,21.4,10.3,normal
1697503461.835,46.251,1800.0,35.0,10.7,normal
1697503462.337,46.738,1800.0,3.5,10.7,normal
1697503462.84,46.738,1800.0,3.5,10.7,normal
1697503463.342,44.79,1800.0,1.5,10.7,normal
1697503463.845,45.277,1800.0,3.0,10.7,normal
1697503464.347,46.738,1800.0,3.5,10.7,normal
1697503464.85,45.764,1800.0,4.0,10.7,normal
1697503465.353,45.764,1800.0,3.5,10.7,normal
1697503465.855,46.251,1800.0,4.0,10.7,normal
1697503466.36,45.764,600.0,3.5,10.7,normal
1697503466.866,45.277,800.0,14.4,10.7,normal
1697503467.37,47.225,1800.0,33.3,10.5,normal
1697503467.872,46.251,1800.0,28.4,10.7,normal
1697503468.375,46.738,1800.0,3.0,10.7,normal
1697503468.878,46.251,1800.0,4.5,10.7,normal
1697503469.38,45.277,1800.0,3.0,10.7,normal
1697503469.883,45.764,1800.0,4.5,10.7,normal
1697503470.385,46.251,1800.0,3.5,10.7,normal
1697503470.888,46.738,1800.0,4.0,10.7,normal
1697503471.39,45.764,1800.0,3.5,10.7,normal
1697503471.893,45.277,1800.0,5.0,10.7,normal
1697503472.398,45.277,600.0,4.4,10.7,normal
1697503472.903,45.764,800.0,3.5,10.7,normal
1697503473.407,47.225,1800.0,21.0,10.3,normal
1697503473.909,45.764,1800.0,34.3,10.6,normal
1697503474.412,45.764,1800.0,3.5,10.7,normal
1697503474.915,45.764,1800.0,4.5,10.7,normal
1697503475.417,44.79,1800.0,3.5,10.7,normal
1697503475.92,45.277,1800.0,2.0,10.7,normal
1697503476.422,46.738,1800.0,3.5,10.7,normal
1697503476.925,45.277,1800.0,2.0,10.7,normal
1697503477.428,46.251,1800.0,3.0,10.7,normal
1697503477.93,45.277,1800.0,2.5,10.7,normal
1697503478.436,45.277,600.0,4.0,10.7,normal
1697503478.941,45.764,800.0,5.0,10.7,normal
1697503479.444,46.251,1800.0,13.4,10.1,normal
1697503479.947,47.712,1800.0,36.0,10.6,normal
1697503480.45,45.764,1800.0,10.0,10.7,normal
1697503480.953,47.225,1800.0,3.5,10.6,normal
1697503481.455,45.277,1800.0,3.0,10.6,normal
1697503481.958,46.251,1800.0,3.5,10.7,normal
1697503482.46,46.251,1800.0,2.5,10.6,normal
1697503482.963,46.251,1800.0,5.9,10.6,normal
1697503483.466,45.764,1800.0,2.5,10.7,normal
1697503483.968,45.277,1800.0,4.0,10.6,normal
1697503484.472,44.79,1000.0,5.4,10.7,normal
1697503484.978,45.277,600.0,2.5,10.7,normal
1697503485.48,46.251,1800.0,17.9,10.2,normal
1697503485.983,46.738,1800.0,38.3,10.7,normal
1697503486.486,46.738,1800.0,2.0,10.7,normal
1697503486.988,46.251,1800.0,2.0,10.7,normal
1697503487.491,46.251,1800.0,4.5,10.7,normal
1697503487.993,46.738,1800.0,2.5,10.7,normal
1697503488.496,45.764,1800.0,4.0,10.7,normal
1697503488.998,45.277,1800.0,5.4,10.7,normal
1697503489.501,45.764,1800.0,3.5,10.7,normal
1697503490.004,45.764,1800.0,3.0,10.7,normal
1697503490.509,46.251,600.0,4.9,10.7,normal
1697503491.013,45.764,900.0,4.5,10.7,normal
1697503491.517,45.277,1800.0,10.5,9.7,normal
1697503492.021,46.738,1800.0,28.9,10.5,normal
1697503492.523,46.251,1800.0,18.6,10.7,normal
1697503493.026,45.764,1800.0,4.0,10.7,normal
1697503493.528,45.277,1800.0,3.5,10.7,normal
1697503494.031,44.79,1800.0,4.0,10.7,normal
1697503494.534,45.764,1800.0,3.0,10.7,normal
1697503495.036,44.79,1800.0,4.5,10.7,normal
1697503495.539,45.764,1800.0,3.5,10.7,normal
1697503496.041,45.277,1800.0,4.0,10.7,normal
1697503496.546,45.764,700.0,3.5,10.7,normal
1697503497.05,45.764,900.0,5.4,10.7,normal
1697503497.553,45.277,1800.0,16.4,10.2,normal
1697503498.055,47.225,1800.0,37.6,10.6,normal
1697503498.558,45.764,1800.0,5.5,10.7,normal
1697503499.061,46.251,1800.0,5.0,10.7,normal
1697503499.563,45.277,1800.0,4.4,10.7,normal
1697503500.066,45.764,1800.0,4.0,10.7,normal
1697503500.568,45.277,1800.0,4.0,10.7,normal
1697503501.071,46.251,1800.0,3.5,10.6,normal
1697503501.573,45.764,1800.0,4.0,10.7,normal
1697503502.076,44.79,1800.0,3.5,10.7,normal
1697503502.58,45.277,700.0,3.0,10.7,normal
1697503503.085,45.764,800.0,4.0,10.7,normal
1697503503.587,47.225,1800.0,20.4,10.3,normal
1697503504.09,47.712,1800.0,35.4,10.7,normal
1697503504.593,46.738,1800.0,4.5,10.7,normal
1697503505.095,45.277,1800.0,3.9,10.7,normal
1697503505.598,46.251,1800.0,5.0,10.7,normal
1697503506.1,45.764,1800.0,3.0,10.7,normal
1697503506.603,45.764,1800.0,3.9,10.7,normal
1697503507.105,45.764,1800.0,3.5,10.7,normal
1697503507.608,46.251,1800.0,4.9,10.7,normal
1697503508.111,45.764,1800.0,3.5,10.7,normal
1697503508.616,45.277,600.0,4.0,10.7,normal
1697503509.12,45.764,900.0,5.9,10.7,normal
1697503509.623,45.764,1800.0,24.0,10.4,normal
1697503510.126,46.738,1800.0,32.0,10.7,normal
1697503510.629,45.764,1800.0,3.0,10.7,normal
1697503511.131,46.251,1800.0,3.5,10.7,normal
1697503511.634,45.277,1800.0,4.0,10.7,normal
1697503512.136,45.764,1800.0,2.5,10.7,normal
1697503512.639,44.79,1800.0,4.4,10.7,normal
1697503513.141,46.251,1800.0,3.5,10.7,normal
1697503513.644,45.764,1800.0,3.5,10.7,normal
1697503514.146,45.764,1800.0,4.0,10.7,normal
1697503514.652,46.251,600.0,4.5,10.7,normal
1697503515.157,44.79,700.0,4.5,10.7,normal
1697503515.66,44.79,1800.0,16.8,10.3,normal
1697503516.163,46.738,1800.0,37.0,10.7,normal
1697503516.665,45.764,1800.0,5.4,10.7,normal
1697503517.168,46.738,1800.0,2.5,10.7,normal
1697503517.67,46.251,1800.0,3.0,10.7,normal
1697503518.173,45.764,1800.0,2.5,10.7,normal
1697503518.675,45.764,1800.0,2.5,10.7,normal
1697503519.178,45.764,1800.0,3.5,10.7,normal
1697503519.68,45.764,1800.0,3.0,10.7,normal
1697503520.183,45.277,1800.0,3.5,10.7,normal
1697503520.688,46.251,600.0,3.4,10.7,normal
1697503521.194,45.277,600.0,5.0,10.7,normal
1697503521.697,46.738,1800.0,20.0,10.4,normal
1697503522.2,47.225,1800.0,34.5,10.7,normal
1697503522.702,46.251,1800.0,3.5,10.7,normal
1697503523.205,46.738,1800.0,3.5,10.7,normal
1697503523.707,45.764,1800.0,4.5,10.7,normal
1697503524.21,46.251,1800.0,3.5,10.7,normal
1697503524.712,46.251,1800.0,3.5,10.7,normal
1697503525.215,46.251,1800.0,2.5,10.7,normal
1697503525.717,45.764,1800.0,4.5,10.7,normal
1697503526.22,45.764,1800.0,3.5,10.7,normal
1697503526.725,45.277,600.0,3.9,10.7,normal
1697503527.231,44.303,600.0,4.4,10.7,normal
1697503527.734,45.277,1800.0,14.0,10.2,normal
1697503528.237,47.225,1800.0,37.5,10.6,normal
1697503528.739,46.251,1800.0,6.5,10.7,normal
1697503529.242,45.764,1800.0,4.0,10.7,normal
1697503529.745,44.79,1800.0,3.5,10.7,normal
1697503530.247,45.277,1800.0,4.5,10.7,normal
1697503530.75,46.251,1800.0,3.5,10.7,normal
1697503531.252,46.251,1800.0,2.5,10.7,normal
1697503531.755,46.251,1800.0,4.0,10.7,normal
1697503532.257,46.251,1800.0,3.5,10.7,normal
1697503532.763,45.764,600.0,3.9,10.7,normal
1697503533.269,45.764,600.0,4.0,10.7,normal
1697503533.772,45.764,1800.0,21.5,10.3,normal
1697503534.274,46.738,1800.0,34.3,10.7,normal
1697503534.777,46.251,1800.0,3.5,10.7,normal
1697503535.279,45.764,1800.0,3.5,10.7,normal
1697503535.782,46.251,1800.0,4.0,10.7,normal
1697503536.284,45.764,1800.0,3.5,10.7,normal
1697503536.787,44.79,1800.0,3.5,10.7,normal
1697503537.289,46.251,1800.0,3.0,10.7,normal
1697503537.792,44.79,1800.0,3.0,10.7,normal
1697503538.295,46.251,1800.0,4.9,10.7,normal
1697503538.8,46.738,700.0,4.5,10.7,normal
1697503539.304,45.764,800.0,5.0,10.7,normal
1697503539.807,45.764,1800.0,15.0,10.2,normal
1697503540.31,45.764,1800.0,38.0,10.6,normal
1697503540.813,45.764,1800.0,7.0,10.7,normal
1697503541.315,45.277,1800.0,3.5,10.7,normal
1697503541.818,45.764,1800.0,4.0,10.7,normal
1697503542.32,45.764,1800.0,4.5,10.6,normal
1697503542.823,44.79,1800.0,3.5,10.7,normal
1697503543.325,45.764,1800.0,3.0,10.7,normal
1697503543.828,45.764,1800.0,3.5,10.7,normal
1697503544.331,45.764,1800.0,5.0,10.7,normal
1697503544.835,44.79,700.0,4.0,10.7,normal
1697503545.341,46.251,600.0,5.0,10.7,normal
1697503545.846,45.277,800.0,8.9,10.5,normal
1697503546.349,46.251,1800.0,26.4,10.5,normal
1697503546.852,46.251,1800.0,23.0,10.7,normal
1697503547.354,46.251,1800.0,3.9,10.7,normal
1697503547.857,45.764,1800.0,3.0,10.6,normal
1697503548.359,46.251,1800.0,2.5,10.6,normal
1697503548.862,45.764,1800.0,5.0,10.6,normal
1697503549.364,45.277,1800.0,3.5,10.6,normal
1697503549.867,45.764,1800.0,2.5,10.6,normal
1697503550.37,44.79,1800.0,3.5,10.7,normal
1697503550.872,46.251,1800.0,4.9,10.6,normal
1697503551.377,45.277,700.0,4.5,10.6,normal
1697503551.882,44.79,600.0,3.5,10.6,normal
1697503552.386,45.277,1800.0,25.2,10.3,normal
1697503552.889,46.251,1800.0,32.5,10.6,normal
1697503553.391,46.251,1800.0,3.5,10.6,normal
1697503553.894,46.251,1800.0,5.0,10.6,normal
1697503554.396,46.251,1800.0,3.5,10.6,normal
1697503554.899,45.764,1800.0,3.5,10.6,normal
1697503555.401,46.738,1800.0,4.0,10.6,normal
1697503555.904,45.277,1800.0,3.9,10.6,normal
1697503556.407,45.277,1800.0,3.0,10.6,normal
1697503556.91,45.277,1800.0,3.5,10.6,normal
1697503557.415,44.79,600.0,4.0,10.6,normal
1697503557.921,45.277,600.0,5.0,10.6,normal
1697503558.424,46.251,1800.0,17.8,10.2,normal
1697503558.927,46.738,1800.0,37.5,10.6,normal
1697503559.43,46.738,1800.0,5.5,10.6,normal
1697503559.933,46.251,1800.0,2.5,10.6,normal
1697503560.435,44.79,1800.0,2.5,10.6,normal
1697503560.938,46.251,1800.0,3.5,10.6,normal
1697503561.44,45.277,1800.0,4.0,10.6,normal
1697503561.943,46.738,1800.0,4.5,10.6,normal
1697503562.445,46.251,1800.0,2.0,10.6,normal
1697503562.948,44.79,1800.0,3.5,10.6,normal
1697503563.453,46.251,800.0,4.5,10.6,normal
1697503563.957,44.303,900.0,4.5,10.6,normal
1697503564.46,46.738,1800.0,21.5,10.3,normal
1697503564.963,47.225,1800.0,32.3,10.6,normal
1697503565.466,45.764,1800.0,4.0,10.6,normal
1697503565.968,45.277,1800.0,3.5,10.6,normal
1697503566.471,46.738,1800.0,3.0,10.6,normal
1697503566.973,46.738,1800.0,3.5,10.6,normal
1697503567.476,45.764,1800.0,4.0,10.6,normal
1697503567.978,45.277,1800.0,3.5,10.6,normal
1697503568.481,45.764,1800.0,4.0,10.6,normal
1697503568.983,46.251,1800.0,4.5,10.6,normal
1697503569.489,45.277,600.0,5.4,10.6,normal
1697503569.994,45.277,800.0,4.4,10.6,normal
1697503570.497,45.764,1800.0,13.1,10.1,normal
1697503571.0,46.251,1800.0,36.1,10.6,normal
1697503571.503,45.277,1800.0,10.3,10.6,normal
1697503572.006,45.764,1800.0,4.0,10.6,normal
1697503572.508,46.251,1800.0,3.0,10.6,normal
1697503573.011,45.277,1800.0,4.0,10.6,normal
1697503573.513,44.79,1800.0,3.5,10.6,normal
1697503574.016,45.277,1800.0,4.5,10.6,normal
1697503574.518,45.764,1800.0,3.5,10.6,normal
1697503575.021,45.764,1800.0,3.5,10.6,normal
1697503575.526,46.251,700.0,3.5,10.6,normal
1697503576.03,45.277,900.0,5.0,10.6,normal
1697503576.535,45.277,1000.0,6.4,10.6,normal
1697503577.038,46.251,1800.0,28.7,10.5,normal
1697503577.54,45.764,1800.0,24.0,10.7,normal
1697503578.043,45.764,1800.0,4.0,10.7,normal
1697503578.546,46.251,1800.0,4.0,10.7,normal
1697503579.048,44.79,1800.0,4.0,10.7,normal
1697503579.551,44.79,1800.0,3.0,10.7,normal
1697503580.053,45.277,1800.0,3.0,10.7,normal
1697503580.556,46.251,1800.0,4.5,10.7,normal
1697503581.058,45.764,1800.0,3.5,10.7,normal
1697503581.561,46.738,1800.0,3.5,10.7,normal
1697503582.065,44.79,800.0,4.5,10.7,normal
1697503582.569,44.79,900.0,3.5,10.7,normal
1697503583.073,46.251,1800.0,24.4,10.4,normal
1697503583.575,46.251,1800.0,31.5,10.7,normal
1697503584.078,45.764,1800.0,4.0,10.7,normal
1697503584.58,46.738,1800.0,3.5,10.7,normal
1697503585.083,46.251,1800.0,4.0,10.7,normal
1697503585.586,45.764,1800.0,3.9,10.7,normal
1697503586.088,46.251,1800.0,3.5,10.7,normal
1697503586.591,45.277,1800.0,3.5,10.7,normal
1697503587.093,46.738,1800.0,3.5,10.7,normal
1697503587.596,45.277,1800.0,4.0,10.7,normal
1697503588.1,46.738,900.0,4.5,10.7,normal
1697503588.606,45.277,600.0,4.0,10.7,normal
1697503589.11,45.764,1800.0,29.2,10.5,normal
1697503589.613,45.277,1800.0,29.5,10.7,normal
1697503590.115,46.251,1800.0,3.0,10.7,normal
1697503590.618,45.764,1800.0,4.5,10.7,normal
1697503591.12,45.277,1800.0,3.5,10.7,normal
1697503591.623,46.251,1800.0,4.0,10.7,normal
1697503592.125,46.251,1800.0,2.5,10.7,normal
1697503592.628,45.764,1800.0,3.9,10.7,normal
1697503593.13,45.764,1800.0,3.5,10.7,normal
1697503593.633,45.277,1800.0,2.0,10.7,normal
1697503594.137,46.738,800.0,5.9,10.6,normal
1697503594.643,44.79,600.0,7.4,10.6,normal
1697503595.146,46.738,1800.0,29.7,10.5,normal
1697503595.649,46.251,1800.0,25.0,10.7,normal
1697503596.151,46.738,1800.0,3.5,10.7,normal
1697503596.654,46.251,1800.0,3.0,10.7,normal
1697503597.156,45.764,1800.0,3.0,10.7,normal
1697503597.659,46.251,1800.0,4.9,10.7,normal
1697503598.161,45.277,1800.0,3.0,10.7,normal
1697503598.664,45.764,1800.0,3.9,10.7,normal
1697503599.167,45.764,1800.0,3.5,10.7,normal
1697503599.669,45.764,1800.0,3.5,10.7,normal
1697503600.174,45.764,700.0,5.9,10.7,normal
1697503600.677,46.251,1800.0,9.0,9.9,normal
1697503601.181,46.251,1800.0,31.3,10.6,normal
1697503601.683,46.738,1800.0,16.0,10.7,normal
1697503602.186,45.764,1800.0,2.5,10.7,normal
1697503602.688,46.251,1800.0,3.0,10.7,normal
1697503603.191,45.764,1800.0,3.5,10.7,normal
1697503603.694,46.251,1800.0,4.0,10.7,normal
1697503604.196,45.764,1800.0,4.0,10.7,normal
1697503604.699,44.303,1800.0,3.5,10.7,normal
1697503605.201,44.79,1800.0,0.0,10.7,normal
1697503605.705,45.764,800.0,3.0,10.7,normal
1697503606.211,45.764,600.0,4.9,10.7,normal
1697503606.714,45.277,1800.0,14.9,10.1,normal
1697503607.217,46.738,1800.0,36.5,10.6,normal
1697503607.719,47.225,1800.0,4.5,10.6,normal
1697503608.222,45.764,1800.0,2.0,10.6,normal
1697503608.724,46.251,1800.0,4.0,10.6,normal
1697503609.227,45.764,1800.0,3.0,10.6,normal
1697503609.73,45.277,1800.0,1.5,10.6,normal
1697503610.232,45.764,1800.0,6.0,10.6,normal
1697503610.735,45.277,1800.0,3.0,10.6,normal
1697503611.237,45.764,1800.0,3.0,10.6,normal
1697503611.742,45.764,600.0,3.4,10.6,normal
1697503612.248,46.251,600.0,5.4,10.6,normal
1697503612.751,45.277,1800.0,8.5,9.6,normal
1697503613.254,45.764,1800.0,28.4,10.5,normal
1697503613.757,46.251,1800.0,20.6,10.6,normal
1697503614.259,45.277,1800.0,4.5,10.6,normal
1697503614.762,45.277,1800.0,3.0,10.6,normal
1697503615.264,46.251,1800.0,3.5,10.6,normal
1697503615.767,46.251,1800.0,3.5,10.6,normal
1697503616.27,45.764,1800.0,4.0,10.6,normal
1697503616.772,46.251,1800.0,3.5,10.6,normal
1697503617.275,45.277,1800.0,4.0,10.6,normal
1697503617.779,45.764,700.0,3.5,10.6,normal
1697503618.284,45.764,800.0,6.9,10.6,normal
1697503618.787,46.738,1800.0,16.9,10.0,normal
1697503619.29,46.738,1800.0,37.0,10.5,normal
1697503619.792,47.225,1800.0,6.5,10.6,normal
1697503620.295,45.277,1800.0,4.4,10.6,normal
1697503620.797,45.277,1800.0,4.0,10.6,normal
1697503621.3,45.764,1800.0,4.5,10.6,normal
1697503621.802,45.764,1800.0,4.0,10.6,normal
1697503622.305,46.251,1800.0,4.0,10.6,normal
1697503622.807,45.277,1800.0,4.0,10.6,normal
1697503623.31,46.738,1800.0,3.5,10.6,normal
1697503623.815,45.764,725.0,4.0,10.6,normal
1697503624.32,45.277,800.0,5.4,10.7,normal
1697503624.822,47.225,1800.0,18.5,10.3,normal
1697503625.325,46.738,1800.0,34.5,10.6,normal
1697503625.828,45.764,1800.0,3.0,10.6,normal
1697503626.33,45.277,1800.0,4.0,10.6,normal
1697503626.833,46.738,1800.0,4.5,10.6,normal
1697503627.335,44.79,1800.0,3.5,10.6,normal
1697503627.838,45.277,1800.0,3.5,10.6,normal
1697503628.34,45.277,1800.0,2.5,10.6,normal
1697503628.843,44.79,1800.0,4.5,10.6,normal
1697503629.346,46.251,1800.0,3.0,10.6,normal
1697503629.85,45.764,800.0,4.0,10.7,normal
1697503630.354,45.277,800.0,5.0,10.6,normal
1697503630.858,44.79,1800.0,11.9,9.8,normal
1697503631.361,45.277,1800.0,32.0,10.5,normal
1697503631.864,45.277,1800.0,16.3,10.6,normal
1697503632.367,45.764,1800.0,4.5,10.6,normal
1697503632.869,45.764,1800.0,3.5,10.6,normal
1697503633.372,45.764,1800.0,3.0,10.6,normal
1697503633.874,45.277,1800.0,3.5,10.6,normal
1697503634.377,46.251,1800.0,4.5,10.6,normal
1697503634.879,46.738,1800.0,4.0,10.6,normal
1697503635.382,46.738,1800.0,4.0,10.6,normal
1697503635.886,45.277,800.0,4.5,10.6,normal
1697503636.391,46.251,800.0,5.4,10.6,normal
1697503636.894,46.251,1800.0,14.9,10.2,normal
1697503637.398,46.251,1800.0,37.3,10.6,normal
1697503637.901,45.764,1800.0,5.5,10.6,normal
1697503638.403,45.764,1800.0,4.0,10.6,normal
1697503638.907,45.277,1800.0,5.0,10.6,normal
1697503639.409,46.251,1800.0,3.0,10.6,normal
1697503639.912,45.277,1800.0,2.5,10.6,normal
1697503640.414,45.277,1800.0,4.5,10.6,normal
1697503640.922,46.251,1800.0,3.4,10.7,normal
1697503641.424,46.738,1800.0,4.0,10.7,normal
1697503641.931,46.251,700.0,3.5,10.6,normal
1697503642.438,45.277,600.0,4.5,10.7,normal
1697503642.941,45.764,1800.0,21.3,10.3,normal
1697503643.443,46.251,1800.0,33.7,10.7,normal
1697503643.946,46.738,1800.0,3.5,10.7,normal
1697503644.448,46.738,1800.0,2.5,10.7,normal
1697503644.951,45.764,1800.0,3.0,10.7,normal
1697503645.453,48.199,1800.0,2.5,10.7,normal
1697503645.956,46.251,1800.0,3.0,10.7,normal
1697503646.459,45.764,1800.0,4.0,10.7,normal
1697503646.961,45.277,1800.0,3.0,10.7,normal
1697503647.463,45.764,1800.0,2.0,10.7,normal
1697503647.969,43.816,600.0,5.4,10.7,normal
1697503648.473,46.738,900.0,5.9,10.7,normal
1697503648.975,46.251,1800.0,14.5,10.2,normal
1697503649.478,47.225,1800.0,37.3,10.6,normal
1697503649.981,46.251,1800.0,7.1,10.7,normal
1697503650.484,45.764,1800.0,4.5,10.7,normal
1697503650.986,45.764,1800.0,3.0,10.7,normal
1697503651.489,44.79,1800.0,3.5,10.7,normal
1697503651.992,45.764,1800.0,2.5,10.7,normal
1697503652.494,45.764,1800.0,3.0,10.7,normal
1697503652.997,45.764,1800.0,4.9,10.7,normal
1697503653.499,45.277,1800.0,2.5,10.6,normal
1697503654.004,45.277,800.0,5.0,10.6,normal
1697503654.508,44.79,900.0,4.0,10.6,normal
1697503655.011,45.764,1800.0,17.0,10.2,normal
1697503655.514,46.738,1800.0,37.6,10.6,normal
1697503656.017,45.277,1800.0,4.0,10.6,normal
1697503656.519,45.277,1800.0,4.0,10.6,normal
1697503657.022,46.251,1800.0,4.9,10.7,normal
1697503657.524,45.764,1800.0,2.5,10.7,normal
1697503658.027,46.251,1800.0,4.4,10.7,normal
1697503658.53,45.764,1800.0,3.5,10.7,normal
1697503659.032,45.764,1800.0,5.4,10.7,normal
1697503659.535,45.764,1800.0,3.5,10.7,normal
1697503660.038,45.277,1000.0,4.5,10.7,normal
1697503660.542,44.79,900.0,5.0,10.7,normal
1697503661.045,46.738,1800.0,20.9,10.3,normal
1697503661.548,46.251,1800.0,34.3,10.7,normal
1697503662.05,46.251,1800.0,4.0,10.7,normal
1697503662.553,46.251,1800.0,4.5,10.7,normal
1697503663.055,44.79,1800.0,2.5,10.7,normal
1697503663.558,45.277,1800.0,4.0,10.7,normal
1697503664.061,46.251,1800.0,3.5,10.7,normal
1697503664.563,45.764,1800.0,3.5,10.7,normal
1697503665.066,46.251,1800.0,3.5,10.7,normal
1697503665.568,47.225,1800.0,2.0,10.7,normal
1697503666.074,45.277,600.0,2.5,10.7,normal
1697503666.578,46.251,800.0,5.0,10.7,normal
1697503667.081,45.277,1800.0,14.0,10.0,normal
1697503667.585,46.738,1800.0,31.8,10.5,normal
1697503668.087,45.764,1800.0,11.9,10.6,normal
1697503668.59,46.251,1800.0,4.0,10.6,normal
1697503669.093,45.764,1800.0,4.5,10.6,normal
1697503669.595,45.277,1800.0,3.0,10.6,normal
1697503670.098,46.251,1800.0,5.0,10.6,normal
1697503670.6,46.251,1800.0,3.5,10.6,normal
1697503671.103,46.251,1800.0,3.5,10.6,normal
1697503671.605,45.764,1800.0,3.5,10.6,normal
1697503672.11,46.251,700.0,4.0,10.6,normal
1697503672.616,45.764,600.0,4.5,10.6,normal
1697503673.119,45.277,1800.0,16.9,10.3,normal
1697503673.621,46.738,1800.0,36.7,10.6,normal
1697503674.124,45.764,1800.0,4.5,10.6,normal
1697503674.627,45.277,1800.0,3.5,10.6,normal
1697503675.129,45.764,1800.0,3.5,10.6,normal
1697503675.632,46.251,1800.0,3.5,10.6,normal
1697503676.134,47.225,1800.0,4.0,10.6,normal
1697503676.637,45.277,1800.0,4.0,10.6,normal
1697503677.139,46.251,1800.0,3.0,10.6,normal
1697503677.642,45.764,1800.0,3.5,10.6,normal
1697503678.147,45.277,600.0,3.5,10.6,normal
1697503678.653,45.764,700.0,5.0,10.6,normal
1697503679.155,46.251,1800.0,25.2,10.4,normal
1697503679.658,46.738,1800.0,32.2,10.7,normal
1697503680.16,46.738,1800.0,3.0,10.7,normal
1697503680.663,46.251,1800.0,4.0,10.6,normal
1697503681.166,45.764,1800.0,3.9,10.6,normal
1697503681.668,46.251,1800.0,4.0,10.7,normal
1697503682.171,44.79,1800.0,4.0,10.6,normal
1697503682.673,46.251,1800.0,3.5,10.6,normal
1697503683.176,45.277,1800.0,3.5,10.7,normal
1697503683.678,45.277,1800.0,4.5,10.6,normal
1697503684.184,44.79,600.0,4.0,10.6,normal
1697503684.689,45.277,600.0,6.4,10.7,normal
1697503685.192,46.738,1800.0,25.4,10.4,normal
1697503685.695,46.251,1800.0,27.9,10.7,normal
1697503686.198,45.277,1800.0,2.5,10.7,normal
1697503686.7,45.764,1800.0,3.0,10.7,normal
1697503687.203,45.764,1800.0,2.5,10.7,normal
1697503687.705,45.764,1800.0,3.0,10.7,normal
1697503688.208,45.764,1800.0,3.0,10.7,normal
1697503688.71,44.79,1800.0,3.0,10.7,normal
1697503689.213,45.277,1800.0,5.0,10.7,normal
1697503689.715,45.277,1800.0,2.5,10.7,normal
1697503690.221,45.277,600.0,4.9,10.7,normal
1697503690.727,46.251,600.0,4.4,10.7,normal
1697503691.23,45.764,1800.0,20.5,10.3,normal
1697503691.732,46.738,1800.0,35.4,10.7,normal
1697503692.235,45.764,1800.0,4.5,10.7,normal
1697503692.738,45.277,1800.0,4.0,10.7,normal
1697503693.24,45.764,1800.0,5.0,10.7,normal
1697503693.743,45.277,1800.0,3.5,10.7,normal
1697503694.245,46.251,1800.0,4.5,10.7,normal
1697503694.748,44.303,1800.0,3.0,10.7,normal
1697503695.25,46.738,1800.0,3.0,10.7,normal
1697503695.753,45.764,1800.0,4.0,10.7,normal
1697503696.258,45.277,600.0,3.0,10.7,normal
1697503696.763,45.764,800.0,5.0,10.7,normal
1697503697.266,46.251,1800.0,12.4,10.1,normal
1697503697.769,47.225,1800.0,35.1,10.6,normal
1697503698.272,46.251,1800.0,10.9,10.6,normal
1697503698.775,45.277,1800.0,4.5,10.6,normal
1697503699.277,45.277,1800.0,3.9,10.6,normal
1697503699.78,45.277,1800.0,4.0,10.6,normal
1697503700.282,46.251,1800.0,3.0,10.6,normal
1697503700.785,45.277,1800.0,3.5,10.7,normal
1697503701.287,46.738,1800.0,3.0,10.7,normal
1697503701.79,45.277,1800.0,4.5,10.7,normal
1697503702.295,44.79,700.0,4.0,10.7,normal
1697503702.8,45.277,700.0,4.4,10.7,normal
1697503703.306,45.277,600.0,6.4,10.6,normal
1697503703.809,46.738,1800.0,29.5,10.5,normal
1697503704.312,46.738,1800.0,24.5,10.7,normal
1697503704.814,45.764,1800.0,2.5,10.7,normal
1697503705.317,45.764,1800.0,3.5,10.7,normal
1697503705.819,46.251,1800.0,3.5,10.7,normal
1697503706.322,45.764,1800.0,4.5,10.7,normal
1697503706.824,45.764,1800.0,3.0,10.7,normal
1697503707.327,45.764,1800.0,3.5,10.7,normal
1697503707.829,45.277,1800.0,3.5,10.7,normal
1697503708.332,45.764,1800.0,3.5,10.7,normal
1697503708.837,45.764,700.0,5.9,10.7,normal
1697503709.341,45.764,900.0,5.0,10.7,normal
1697503709.844,46.738,1800.0,23.9,10.4,normal
1697503710.347,46.251,1800.0,31.5,10.7,normal
1697503710.85,45.764,1800.0,3.5,10.7,normal
1697503711.352,46.251,1800.0,3.5,10.7,normal
1697503711.855,45.764,1800.0,4.4,10.7,normal
1697503712.357,46.251,1800.0,3.0,10.7,normal
1697503712.86,47.225,1800.0,3.5,10.7,normal
1697503713.363,45.764,1800.0,3.0,10.7,normal
1697503713.865,45.277,1800.0,4.5,10.7,normal
1697503714.368,45.764,1800.0,3.5,10.7,normal
1697503714.872,44.79,900.0,4.0,10.7,normal
1697503715.376,44.79,800.0,4.5,10.7,normal
1697503715.879,46.738,1800.0,29.5,10.5,normal
1697503716.382,45.277,1800.0,26.6,10.6,normal
1697503716.885,47.712,1800.0,4.5,10.6,normal
1697503717.387,45.277,1800.0,3.5,10.7,normal
1697503717.89,45.764,1800.0,3.5,10.7,normal
1697503718.392,44.79,1800.0,3.5,10.7,normal
1697503718.895,45.764,1800.0,5.9,10.7,normal
1697503719.398,45.764,1800.0,3.0,10.7,normal
1697503719.901,45.277,1800.0,4.0,10.6,normal
1697503720.404,45.277,1800.0,3.5,10.6,normal
1697503720.909,46.251,800.0,3.0,10.6,normal
1697503721.414,45.764,700.0,6.4,10.6,normal
1697503721.917,46.738,1800.0,22.0,10.4,normal
1697503722.42,46.251,1800.0,32.8,10.7,normal
1697503722.922,45.277,1800.0,2.5,10.7,normal
1697503723.425,46.738,1800.0,4.0,10.7,normal
1697503723.927,45.764,1800.0,4.0,10.7,normal
1697503724.43,45.764,1800.0,2.5,10.7,normal
1697503724.932,45.277,1800.0,0.5,10.7,normal
1697503725.435,46.251,1800.0,5.0,10.7,normal
1697503725.938,45.277,1800.0,1.0,10.7,normal
1697503726.44,45.277,1800.0,3.0,10.7,normal
1697503726.946,46.251,600.0,6.4,10.7,normal
1697503727.45,44.79,800.0,4.5,10.7,normal
1697503727.953,45.764,1800.0,12.0,10.1,normal
1697503728.455,46.251,1800.0,35.3,10.6,normal
1697503728.958,46.738,1800.0,11.1,10.6,normal
1697503729.46,46.251,1800.0,3.5,10.6,normal
1697503729.963,46.738,1800.0,3.5,10.6,normal
1697503730.466,46.251,1800.0,3.5,10.7,normal
1697503730.968,46.251,1800.0,3.5,10.7,normal
1697503731.471,47.225,1800.0,4.0,10.7,normal
1697503731.973,46.738,1800.0,3.5,10.7,normal
1697503732.476,46.738,1800.0,3.0,10.7,normal
1697503732.98,44.303,700.0,3.5,10.7,normal
1697503733.485,45.277,900.0,5.4,10.7,normal
1697503733.991,45.764,600.0,7.9,10.6,normal
1697503734.494,45.764,1800.0,28.5,10.5,normal
1697503734.997,45.764,1800.0,22.7,10.7,normal
1697503735.499,45.764,1800.0,3.5,10.7,normal
1697503736.002,46.251,1800.0,3.5,10.7,normal
1697503736.504,45.764,1800.0,3.0,10.7,normal
1697503737.007,46.251,1800.0,3.4,10.7,normal
1697503737.511,46.251,1800.0,3.5,10.7,normal
1697503738.014,45.764,1800.0,3.5,10.7,normal
1697503738.517,45.277,1800.0,1.5,10.7,normal
1697503739.019,46.738,1800.0,2.5,10.7,normal
1697503739.525,45.764,600.0,1.0,10.7,normal
1697503740.027,46.251,1800.0,17.3,10.1,normal
1697503740.531,46.251,1800.0,34.3,10.6,normal
1697503741.034,45.764,1800.0,12.5,10.7,normal
1697503741.536,45.277,1800.0,4.0,10.7,normal
1697503742.039,46.738,1800.0,3.5,10.7,normal
1697503742.541,45.277,1800.0,4.5,10.7,normal
1697503743.044,45.277,1800.0,3.9,10.7,normal
1697503743.546,45.764,1800.0,3.0,10.7,normal
1697503744.049,45.764,1800.0,4.5,10.7,normal
1697503744.552,45.277,1800.0,4.0,10.7,normal
1697503745.056,45.277,800.0,3.9,10.7,normal
1697503745.561,45.277,800.0,5.4,10.7,normal
1697503746.064,44.79,1800.0,16.0,10.2,normal
1697503746.566,45.764,1800.0,36.7,10.6,normal
1697503747.069,46.251,1800.0,5.0,10.6,normal
1697503747.571,46.738,1800.0,3.5,10.6,normal
1697503748.074,45.277,1800.0,3.5,10.6,normal
1697503748.576,46.251,1800.0,5.4,10.6,normal
1697503749.079,46.251,1800.0,5.4,10.7,normal
1697503749.582,45.764,1800.0,3.5,10.7,normal
1697503750.084,45.764,1800.0,3.5,10.7,normal
1697503750.587,45.277,1800.0,3.5,10.7,normal
1697503751.091,45.764,800.0,4.0,10.7,normal
1697503751.595,45.277,900.0,5.0,10.7,normal
1697503752.098,46.738,1800.0,20.1,10.3,normal
1697503752.601,45.764,1800.0,34.8,10.7,normal
1697503753.103,45.764,1800.0,4.0,10.7,normal
1697503753.606,46.251,1800.0,2.5,10.7,normal
1697503754.108,44.303,1800.0,1.5,10.7,normal
1697503754.611,45.277,1800.0,5.4,10.7,normal
1697503755.113,45.764,1800.0,4.5,10.7,normal
1697503755.616,44.79,1800.0,3.0,10.7,normal
1697503756.119,45.764,1800.0,4.0,10.7,normal
1697503756.621,46.251,1800.0,3.0,10.7,normal
1697503757.125,45.277,1100.0,5.9,10.7,normal
1697503757.63,44.79,600.0,5.9,10.7,normal
1697503758.134,45.764,1800.0,11.9,9.8,normal
1697503758.637,46.738,1800.0,30.3,10.6,normal
1697503759.14,45.764,1800.0,18.8,10.7,normal
1697503759.643,46.738,1800.0,4.0,10.7,normal
1697503760.145,45.277,1800.0,3.5,10.7,normal
1697503760.648,45.764,1800.0,3.0,10.7,normal
1697503761.15,45.764,1800.0,3.5,10.7,normal
1697503761.653,44.79,1800.0,4.0,10.7,normal
1697503762.155,45.764,1800.0,3.5,10.7,normal
1697503762.658,46.251,1800.0,3.5,10.7,normal
1697503763.163,45.764,700.0,4.0,10.7,normal
1697503763.668,44.79,600.0,6.4,10.7,normal
1697503764.174,45.277,600.0,5.4,10.7,normal
1697503764.678,46.251,1800.0,27.5,10.5,normal
1697503765.181,46.251,1800.0,27.4,10.7,normal
1697503765.683,46.251,1800.0,3.5,10.7,normal
1697503766.186,45.277,1800.0,4.4,10.7,normal
1697503766.689,45.277,1800.0,3.5,10.7,normal
1697503767.191,45.277,1800.0,3.5,10.7,normal
1697503767.694,46.251,1800.0,3.0,10.7,normal
1697503768.196,46.251,1800.0,3.0,10.7,normal
1697503768.699,45.764,1800.0,3.0,10.7,normal
1697503769.201,45.764,1800.0,3.5,10.7,normal
1697503769.707,44.303,600.0,4.0,10.7,normal
1697503770.212,45.277,600.0,4.9,10.7,normal
1697503770.715,46.738,1800.0,20.5,10.4,normal
1697503771.218,45.764,1800.0,34.7,10.7,normal
1697503771.721,45.277,1800.0,3.0,10.7,normal
1697503772.223,45.764,1800.0,3.0,10.7,normal
1697503772.726,46.251,1800.0,4.5,10.7,normal
1697503773.228,44.79,1800.0,3.0,10.7,normal
1697503773.731,45.764,1800.0,3.0,10.6,normal
1697503774.233,44.79,1800.0,4.5,10.7,normal
1697503774.736,46.251,1800.0,3.0,10.7,normal
1697503775.239,44.79,1800.0,3.0,10.6,normal
1697503775.744,44.79,600.0,3.9,10.7,normal
1697503776.25,45.764,600.0,5.4,10.7,normal
1697503776.753,45.764,1800.0,25.0,10.4,normal
1697503777.256,47.225,1800.0,30.0,10.6,normal
1697503777.758,45.764,1800.0,3.5,10.6,normal
1697503778.261,45.764,1800.0,3.0,10.6,normal
1697503778.763,46.251,1800.0,5.4,10.6,normal
1697503779.266,45.764,1800.0,3.0,10.6,normal
1697503779.768,45.764,1800.0,3.5,10.7,normal
1697503780.271,45.764,1800.0,3.0,10.7,normal
1697503780.773,45.277,1800.0,3.5,10.7,normal
1697503781.276,45.277,1800.0,4.0,10.7,normal
1697503781.781,45.277,600.0,5.0,10.7,normal
1697503782.286,45.277,800.0,4.5,10.7,normal
1697503782.79,45.764,1200.0,13.4,9.8,normal
1697503783.293,46.251,1800.0,31.2,10.6,normal
1697503783.796,45.764,1800.0,14.9,10.7,normal
1697503784.298,46.251,1800.0,2.0,10.7,normal
1697503784.801,45.764,1800.0,5.0,10.7,normal
1697503785.303,45.764,1800.0,3.0,10.7,normal
1697503785.806,46.251,1800.0,3.0,10.7,normal
1697503786.308,45.764,1800.0,2.0,10.7,normal
1697503786.811,45.764,1800.0,5.0,10.7,normal
1697503787.314,45.764,1800.0,3.0,10.7,normal
1697503787.818,45.277,700.0,2.0,10.7,normal
1697503788.324,44.79,600.0,3.9,10.7,normal
1697503788.829,45.764,800.0,7.5,10.7,normal
1697503789.333,47.225,1800.0,27.9,10.4,normal
1697503789.835,46.251,1800.0,24.9,10.6,normal
1697503790.338,46.251,1800.0,2.0,10.6,normal
1697503790.841,45.764,1800.0,5.4,10.6,normal
1697503791.343,46.251,1800.0,4.5,10.6,normal
1697503791.846,45.277,1800.0,3.5,10.6,normal
1697503792.348,45.764,1800.0,3.0,10.6,normal
1697503792.851,45.764,1800.0,4.4,10.6,normal
1697503793.354,45.764,1800.0,2.5,10.6,normal
1697503793.856,45.764,1800.0,5.0,10.7,normal
1697503794.361,45.277,800.0,3.5,10.6,normal
1697503794.866,45.764,700.0,4.0,10.7,normal
1697503795.369,45.277,1800.0,23.2,10.2,normal
1697503795.871,45.764,1800.0,32.7,10.6,normal
1697503796.374,45.764,1800.0,2.5,10.6,normal
1697503796.876,45.764,1800.0,3.0,10.6,normal
1697503797.379,46.738,1800.0,3.5,10.6,normal
1697503797.882,45.764,1800.0,4.5,10.6,normal
1697503798.384,45.764,1800.0,3.5,10.6,normal
1697503798.887,45.764,1800.0,4.0,10.6,normal
1697503799.389,46.251,1800.0,3.0,10.7,normal
1697503799.892,45.764,1800.0,4.5,10.7,normal
1697503800.397,45.277,800.0,3.0,10.6,normal
1697503800.902,45.277,800.0,4.5,10.7,normal
1697503801.406,45.764,1200.0,17.4,10.2,normal
1697503801.909,45.277,1800.0,37.0,10.6,normal
1697503802.412,46.251,1800.0,8.5,10.7,normal
1697503802.915,45.277,1800.0,3.0,10.7,normal
1697503803.417,45.764,1800.0,3.5,10.7,normal
1697503803.92,46.738,1800.0,5.5,10.7,normal
1697503804.422,46.251,1800.0,4.4,10.7,normal
1697503804.925,45.277,1800.0,3.0,10.7,normal
1697503805.428,46.251,1800.0,3.5,10.7,normal
1697503805.93,46.251,1800.0,4.5,10.7,normal
1697503806.435,46.738,700.0,3.5,10.7,normal
1697503806.94,46.251,800.0,4.4,10.7,normal
1697503807.443,47.225,1800.0,18.9,10.2,normal
1697503807.946,46.251,1800.0,37.6,10.6,normal
1697503808.449,46.738,1800.0,3.5,10.6,normal
1697503808.951,45.764,1800.0,4.5,10.6,normal
1697503809.454,45.764,1800.0,4.0,10.6,normal
1697503809.956,46.251,1800.0,4.0,10.6,normal
1697503810.459,45.764,1800.0,2.5,10.6,normal
1697503810.961,44.79,1800.0,3.0,10.6,normal
1697503811.464,46.251,1800.0,4.0,10.6,normal
1697503811.967,45.764,1800.0,2.0,10.7,normal
1697503812.472,45.764,600.0,4.4,10.6,normal
1697503812.977,45.277,700.0,4.5,10.6,normal
1697503813.481,45.764,1800.0,23.5,10.3,normal
1697503813.983,46.251,1800.0,32.2,10.6,normal
1697503814.486,46.251,1800.0,2.5,10.6,normal
1697503814.988,46.251,1800.0,3.5,10.6,normal
1697503815.491,46.251,1800.0,2.5,10.6,normal
1697503815.994,45.764,1800.0,3.0,10.6,normal
1697503816.496,45.764,1800.0,3.0,10.6,normal
1697503816.999,46.738,1800.0,3.5,10.6,normal
1697503817.501,46.251,1800.0,3.0,10.6,normal
1697503818.004,46.251,1800.0,3.0,10.6,normal
1697503818.508,46.251,900.0,5.9,10.6,normal
1697503819.012,44.79,1100.0,6.5,10.6,normal
1697503819.515,46.251,1800.0,29.2,10.4,normal
1697503820.017,46.251,1800.0,27.0,10.6,normal
1697503820.52,45.764,1800.0,3.4,10.6,normal
1697503821.023,45.764,1800.0,2.5,10.6,normal
1697503821.525,46.251,1800.0,4.0,10.6,normal
1697503822.027,46.251,1800.0,2.0,10.6,normal
1697503822.53,46.251,1800.0,5.0,10.6,normal
1697503823.032,45.764,1800.0,3.9,10.6,normal
1697503823.535,45.764,1800.0,3.5,10.7,normal
1697503824.038,45.764,1800.0,4.9,10.7,normal
1697503824.543,44.79,900.0,3.5,10.7,normal
1697503825.048,45.764,900.0,8.0,9.7,normal
1697503825.552,46.251,1800.0,29.7,10.5,normal
1697503826.054,46.251,1800.0,20.1,10.6,normal
1697503826.557,44.79,1800.0,4.0,10.6,normal
1697503827.059,45.277,1800.0,3.0,10.6,normal
1697503827.562,46.738,1800.0,4.0,10.7,normal
1697503828.065,45.764,1800.0,4.5,10.7,normal
1697503828.567,45.764,1800.0,3.5,10.7,normal
1697503829.07,45.764,1800.0,3.5,10.7,normal
1697503829.572,46.738,1800.0,5.0,10.7,normal
1697503830.077,45.277,800.0,3.5,10.7,normal
1697503830.581,45.764,800.0,4.5,10.7,normal
1697503831.086,45.764,900.0,4.5,10.7,normal
1697503831.588,46.251,1800.0,26.5,10.4,normal
1697503832.091,46.251,1800.0,29.9,10.6,normal
1697503832.594,46.738,1800.0,3.0,10.6,normal
1697503833.096,46.251,1800.0,4.0,10.6,normal
1697503833.604,45.764,1800.0,3.4,10.7,normal
1697503834.106,46.251,1800.0,5.0,10.7,normal
1697503834.609,45.764,1800.0,3.5,10.7,normal
1697503835.111,45.764,1800.0,3.5,10.7,normal
1697503835.614,44.79,1800.0,3.5,10.7,normal
1697503836.116,45.764,1800.0,4.0,10.7,normal
1697503836.622,45.277,600.0,4.5,10.7,normal
1697503837.126,45.277,1200.0,7.4,10.6,normal
1697503837.628,46.251,1800.0,28.0,10.5,normal
1697503838.131,46.251,1800.0,24.0,10.7,normal
1697503838.634,44.79,1800.0,3.0,10.7,normal
1697503839.136,45.277,1800.0,4.5,10.7,normal
1697503839.639,45.277,1800.0,3.5,10.7,normal
1697503840.141,45.764,1800.0,3.5,10.7,normal
1697503840.644,46.738,1800.0,3.5,10.7,normal
1697503841.146,45.764,1800.0,3.5,10.7,normal
1697503841.649,45.764,1800.0,3.5,10.7,normal
1697503842.151,45.277,1800.0,3.5,10.7,normal
1697503842.657,44.303,600.0,5.0,10.7,normal
1697503843.162,46.251,800.0,5.4,10.7,normal
1697503843.665,45.277,1800.0,23.0,10.4,normal
1697503844.167,46.251,1800.0,33.5,10.7,normal
1697503844.67,46.251,1800.0,4.0,10.7,normal
1697503845.173,46.251,1800.0,4.0,10.7,normal
1697503845.675,45.277,1800.0,2.0,10.7,normal
1697503846.178,46.738,1800.0,3.5,10.7,normal
1697503846.68,45.764,1800.0,2.5,10.7,normal
1697503847.183,46.738,1800.0,2.5,10.7,normal
1697503847.685,45.764,1800.0,2.0,10.7,normal
1697503848.188,45.764,1800.0,5.4,10.7,normal
1697503848.692,45.764,900.0,5.5,10.7,normal
1697503849.198,46.251,600.0,6.4,10.7,normal
1697503849.701,46.251,1800.0,16.1,10.2,normal
1697503850.203,46.251,1800.0,38.0,10.6,normal
1697503850.706,45.764,1800.0,3.5,10.6,normal
1697503851.209,46.738,1800.0,4.0,10.6,normal
1697503851.711,45.764,1800.0,3.5,10.6,normal
1697503852.214,45.764,1800.0,3.0,10.6,normal
1697503852.716,46.738,1800.0,2.5,10.6,normal
1697503853.219,45.764,1800.0,4.0,10.6,normal
1697503853.721,46.251,1800.0,2.0,10.6,normal
1697503854.229,45.277,1800.0,4.4,10.7,normal
1697503854.734,45.764,600.0,3.0,10.7,normal
1697503855.24,45.277,600.0,5.0,10.7,normal
1697503855.743,45.277,1800.0,22.4,10.3,normal
1697503856.246,45.764,1800.0,33.0,10.7,normal
1697503856.748,45.764,1800.0,3.0,10.7,normal
1697503857.251,45.277,1800.0,3.5,10.6,normal
1697503857.753,45.764,1800.0,4.0,10.7,normal
1697503858.256,46.251,1800.0,4.0,10.7,normal
1697503858.758,47.712,1800.0,4.0,10.7,normal
1697503859.261,45.277,1800.0,3.0,10.7,normal
1697503859.764,45.277,1800.0,4.4,10.7,normal
1697503860.266,45.764,1800.0,3.5,10.7,normal
1697503860.772,45.764,600.0,3.0,10.6,normal
1697503861.277,44.79,600.0,5.9,10.6,normal
1697503861.78,46.251,1800.0,27.4,10.4,normal
1697503862.283,46.738,1800.0,27.5,10.6,normal
1697503862.785,46.251,1800.0,3.5,10.6,normal
1697503863.288,46.251,1800.0,4.4,10.6,normal
1697503863.791,45.764,1800.0,6.0,10.6,normal
1697503864.293,44.79,1800.0,3.5,10.6,normal
1697503864.796,46.251,1800.0,3.0,10.7,normal
1697503865.298,44.79,1800.0,3.0,10.7,normal
1697503865.801,45.764,1800.0,4.0,10.7,normal
1697503866.303,45.277,1800.0,4.0,10.7,normal
1697503866.809,45.277,600.0,3.5,10.7,normal
1697503867.314,46.251,600.0,3.9,10.7,normal
1697503867.817,45.764,1800.0,19.5,10.3,normal
1697503868.32,46.738,1800.0,36.0,10.7,normal
1697503868.823,45.764,1800.0,4.5,10.7,normal
1697503869.325,46.251,1800.0,2.5,10.7,normal
1697503869.828,46.738,1800.0,4.0,10.7,normal
1697503870.33,46.738,1800.0,4.5,10.7,normal
1697503870.833,45.764,1800.0,4.0,10.7,normal
1697503871.335,46.251,1800.0,3.5,10.7,normal
1697503871.838,45.764,1800.0,3.5,10.7,normal
1697503872.34,46.251,1800.0,5.0,10.7,normal
1697503872.846,45.277,600.0,3.9,10.7,normal
1697503873.351,46.251,800.0,4.0,10.7,normal
1697503873.853,46.251,1800.0,13.5,10.1,normal
1697503874.357,45.764,1800.0,31.8,10.5,normal
1697503874.859,46.738,1800.0,15.0,10.6,normal
1697503875.362,45.764,1800.0,3.5,10.6,normal
1697503875.864,45.277,1800.0,3.5,10.6,normal
1697503876.367,45.764,1800.0,3.9,10.6,normal
1697503876.869,45.764,1800.0,4.0,10.6,normal
1697503877.372,45.764,1800.0,3.5,10.6,normal
1697503877.875,45.764,1800.0,2.5,10.7,normal
1697503878.377,46.251,1800.0,4.4,10.7,normal
1697503878.882,45.764,700.0,4.5,10.6,normal
1697503879.386,44.79,900.0,5.0,10.7,normal
1697503879.891,44.303,800.0,4.5,10.6,normal
1697503880.395,46.738,1800.0,27.9,10.4,normal
1697503880.898,46.251,1800.0,27.6,10.6,normal
1697503881.4,46.251,1800.0,4.4,10.6,normal
1697503881.903,45.764,1800.0,3.5,10.6,normal
1697503882.406,44.79,1800.0,2.5,10.6,normal
1697503882.908,46.251,1800.0,4.5,10.6,normal
1697503883.411,45.277,1800.0,5.9,10.6,normal
1697503883.913,46.251,1800.0,3.0,10.6,normal
1697503884.416,45.764,1800.0,3.5,10.6,normal
1697503884.919,45.277,1800.0,3.5,10.6,normal
1697503885.423,44.79,800.0,5.4,10.6,normal
1697503885.928,45.277,800.0,3.5,10.6,normal
1697503886.431,45.764,1800.0,20.3,10.3,normal
1697503886.933,46.251,1800.0,34.0,10.6,normal
1697503887.436,46.251,1800.0,4.5,10.6,normal
1697503887.938,45.764,1800.0,3.0,10.6,normal
1697503888.441,46.738,1800.0,4.5,10.6,normal
1697503888.944,45.764,1800.0,5.0,10.6,normal
1697503889.446,46.251,1800.0,5.0,10.7,normal
1697503889.949,46.738,1800.0,3.0,10.7,normal
1697503890.451,46.251,1800.0,3.0,10.7,normal
1697503890.954,44.79,1800.0,3.0,10.7,normal
1697503891.458,45.764,800.0,5.0,10.7,normal
1697503891.962,45.277,1100.0,5.4,10.7,normal
1697503892.465,45.277,1800.0,13.4,10.1,normal
1697503892.972,45.764,1800.0,35.6,10.6,normal
1697503893.475,46.251,1800.0,10.5,10.7,normal
1697503893.977,44.79,1800.0,4.0,10.6,normal
1697503894.48,45.277,1800.0,3.0,10.7,normal
1697503894.982,45.764,1800.0,2.0,10.7,normal
1697503895.485,45.764,1800.0,3.0,10.6,normal
1697503895.987,46.251,1800.0,3.5,10.6,normal
1697503896.49,46.738,1800.0,3.0,10.6,normal
1697503896.993,45.277,1800.0,4.0,10.6,normal
1697503897.498,46.251,700.0,4.0,10.6,normal
1697503898.0,45.764,1800.0,4.5,10.6,normal
1697503898.503,45.277,1800.0,16.9,10.3,normal
1697503899.006,46.738,1800.0,36.8,10.7,normal
1697503899.508,46.251,1800.0,3.5,10.7,normal
1697503900.011,46.251,1800.0,4.0,10.7,normal
1697503900.514,47.225,1800.0,3.0,10.7,normal
1697503901.016,46.251,1800.0,3.0,10.7,normal
1697503901.519,46.738,1800.0,4.0,10.7,normal
1697503902.021,46.251,1800.0,3.5,10.7,normal
1697503902.524,46.738,1800.0,3.0,10.7,normal
1697503903.029,45.764,700.0,4.0,10.7,normal
1697503903.532,45.764,1100.0,4.5,10.7,normal
1697503904.036,45.764,900.0,5.5,10.7,normal
1697503904.539,45.277,1800.0,25.2,10.3,normal
1697503905.042,45.764,1800.0,27.3,10.6,normal
1697503905.544,46.738,1800.0,3.5,10.6,normal
1697503906.047,45.277,1800.0,2.0,10.6,normal
1697503906.549,45.764,1800.0,3.4,10.6,normal
1697503907.052,45.277,1800.0,2.5,10.6,normal
1697503907.554,45.277,1800.0,2.0,10.6,normal
1697503908.057,45.764,1800.0,1.5,10.6,normal
1697503908.559,45.764,1800.0,4.0,10.6,normal
1697503909.062,45.764,1800.0,5.5,10.6,normal
1697503909.566,45.764,900.0,4.5,10.6,normal
1697503910.07,45.277,900.0,5.0,10.6,normal
1697503910.573,45.277,1800.0,18.9,10.2,normal
1697503911.075,46.738,1800.0,36.7,10.7,normal
1697503911.578,46.738,1800.0,3.5,10.7,normal
1697503912.08,45.764,1800.0,2.5,10.7,normal
1697503912.583,46.738,1800.0,4.0,10.7,normal
1697503913.086,46.251,1800.0,3.5,10.7,normal
1697503913.588,45.764,1800.0,3.0,10.7,normal
1697503914.091,44.79,1800.0,4.5,10.7,normal
1697503914.593,46.738,1800.0,5.4,10.7,normal
1697503915.096,46.251,1800.0,3.5,10.7,normal
1697503915.6,46.251,900.0,3.5,10.7,normal
1697503916.106,44.79,600.0,4.4,10.7,normal
1697503916.61,44.79,1800.0,12.9,10.1,normal
1697503917.114,46.251,1800.0,34.0,10.7,normal
1697503917.617,45.764,1800.0,11.6,10.8,normal
1697503918.119,45.764,1800.0,3.5,10.8,normal
1697503918.622,45.764,1800.0,3.5,10.8,normal
1697503919.124,45.764,1800.0,4.4,10.8,normal
1697503919.627,45.764,1800.0,3.0,10.8,normal
1697503920.129,46.251,1800.0,4.0,10.7,normal
1697503920.632,46.738,1800.0,4.0,10.8,normal
1697503921.134,45.277,1800.0,4.5,10.7,normal
1697503921.639,44.79,700.0,4.0,10.7,normal
1697503922.145,45.764,600.0,4.9,10.7,normal
1697503922.647,45.764,1800.0,14.5,10.2,normal
1697503923.152,46.251,1800.0,37.3,10.6,normal
1697503923.654,46.251,1800.0,6.5,10.7,normal
1697503924.161,45.764,1800.0,5.4,10.7,normal
1697503924.664,46.251,1800.0,5.0,10.7,normal
1697503925.166,45.764,1800.0,3.0,10.7,normal
1697503925.669,44.79,1800.0,3.0,10.7,normal
1697503926.171,45.764,1800.0,3.5,10.7,normal
1697503926.674,45.277,1800.0,4.9,10.7,normal
1697503927.176,45.764,1800.0,3.0,10.7,normal
1697503927.682,45.277,600.0,3.4,10.7,normal
1697503928.188,45.277,600.0,4.0,10.7,normal
1697503928.691,45.764,1800.0,20.5,10.4,normal
1697503929.197,46.251,1800.0,34.0,10.7,normal
1697503929.699,46.251,1800.0,3.9,10.7,normal
1697503930.202,44.79,1800.0,2.5,10.7,normal
1697503930.704,46.251,1800.0,3.0,10.7,normal
1697503931.207,45.764,1800.0,4.4,10.7,normal
1697503931.71,45.764,1800.0,3.0,10.7,normal
1697503932.212,45.277,1800.0,3.5,10.7,normal
1697503932.715,45.277,1800.0,4.9,10.7,normal
1697503933.217,45.764,1800.0,4.0,10.7,normal
1697503933.723,45.764,600.0,4.9,10.7,normal
1697503934.234,44.303,600.0,5.9,10.7,normal
1697503934.737,45.764,1800.0,15.0,10.1,normal
1697503935.24,47.712,1800.0,38.0,10.6,normal
1697503935.742,46.738,1800.0,4.5,10.6,normal
1697503936.245,45.764,1800.0,3.0,10.6,normal
1697503936.747,46.738,1800.0,3.0,10.6,normal
1697503937.25,45.277,1800.0,2.0,10.6,normal
1697503937.752,44.303,1800.0,2.0,10.6,normal
1697503938.255,44.79,1800.0,3.0,10.6,normal
1697503938.758,45.277,1800.0,3.9,10.7,normal
1697503939.261,44.79,1800.0,4.5,10.7,normal
1697503939.766,46.738,600.0,3.0,10.7,normal
1697503940.272,45.764,600.0,4.4,10.7,normal
1697503940.775,46.251,1800.0,22.4,10.3,normal
1697503941.278,46.251,1800.0,34.2,10.7,normal
1697503941.78,45.764,1800.0,3.5,10.7,normal
1697503942.283,45.764,1800.0,3.9,10.7,normal
1697503942.785,44.79,1800.0,4.0,10.7,normal
1697503943.288,45.277,1800.0,3.9,10.7,normal
1697503943.79,46.251,1800.0,5.0,10.7,normal
1697503944.293,45.764,1800.0,3.5,10.7,normal
1697503944.796,45.764,1800.0,4.5,10.7,normal
1697503945.298,45.764,1800.0,3.0,10.7,normal
1697503945.804,45.277,600.0,3.5,10.7,normal
1697503946.31,44.79,600.0,4.4,10.7,normal
1697503946.813,45.277,1800.0,14.4,10.1,normal
1697503947.316,47.225,1800.0,38.7,10.6,normal
1697503947.818,45.764,1800.0,6.0,10.7,normal
1697503948.321,45.764,1800.0,3.0,10.7,normal
1697503948.823,45.277,1800.0,4.0,10.7,normal
1697503949.326,45.764,1800.0,4.0,10.7,normal
1697503949.828,46.251,1800.0,3.5,10.7,normal
1697503950.331,45.764,1800.0,3.5,10.7,normal
1697503950.834,46.251,1800.0,3.5,10.7,normal
1697503951.336,45.764,1800.0,4.5,10.7,normal
1697503951.841,44.79,700.0,3.0,10.7,normal
1697503952.347,46.738,600.0,5.4,10.7,normal
1697503952.853,46.251,700.0,7.9,10.5,normal
1697503953.355,45.764,1800.0,30.3,10.4,normal
1697503953.858,45.277,1800.0,24.3,10.7,normal
1697503954.361,45.764,1800.0,4.5,10.7,normal
1697503954.863,45.764,1800.0,2.5,10.7,normal
1697503955.366,46.251,1800.0,3.5,10.7,normal
1697503955.868,45.277,1800.0,4.0,10.7,normal
1697503956.371,46.251,1800.0,3.5,10.7,normal
1697503956.873,45.277,1800.0,2.5,10.7,normal
1697503957.376,45.277,1800.0,4.0,10.7,normal
1697503957.878,45.277,1800.0,4.5,10.7,normal
1697503958.384,45.764,600.0,5.9,10.7,normal
1697503958.889,44.79,800.0,5.0,10.7,normal
1697503959.395,46.251,1800.0,26.1,10.5,normal
1697503959.897,46.738,1800.0,30.3,10.7,normal
1697503960.4,45.277,1800.0,4.0,10.7,normal
1697503960.903,45.764,1800.0,3.5,10.7,normal
1697503961.406,46.251,1800.0,2.5,10.7,normal
1697503961.908,46.251,1800.0,5.0,10.7,normal
1697503962.411,46.251,1800.0,4.0,10.7,normal
1697503962.913,46.251,1800.0,2.5,10.7,normal
1697503963.416,46.251,1800.0,3.5,10.7,normal
1697503963.918,45.764,1800.0,5.0,10.7,normal
1697503964.423,45.764,800.0,4.5,10.7,normal
1697503964.928,45.277,850.0,4.9,10.6,normal
1697503965.431,45.764,1800.0,28.5,10.4,normal
1697503965.934,46.738,1800.0,26.6,10.6,normal
1697503966.436,46.738,1800.0,2.5,10.6,normal
1697503966.939,46.251,1800.0,4.0,10.7,normal
1697503967.442,46.251,1800.0,2.5,10.7,normal
1697503967.944,44.79,1800.0,3.0,10.7,normal
1697503968.447,45.764,1800.0,3.5,10.7,normal
1697503968.949,46.251,1800.0,8.8,10.7,normal
1697503969.452,45.764,1800.0,3.0,10.7,normal
1697503969.954,45.764,1800.0,4.5,10.7,normal
1697503970.459,45.277,800.0,5.0,10.7,normal
1697503970.963,45.277,800.0,4.5,10.7,normal
1697503971.466,44.79,1800.0,20.9,10.3,normal
1697503971.969,46.738,1800.0,32.7,10.7,normal
1697503972.471,45.764,1800.0,4.9,10.7,normal
1697503972.974,45.764,1800.0,3.0,10.7,normal
1697503973.477,46.738,1800.0,3.0,10.7,normal
1697503973.979,46.251,1800.0,4.0,10.7,normal
1697503974.482,45.277,1800.0,4.0,10.7,normal
1697503974.984,45.277,1800.0,3.0,10.7,normal
1697503975.487,45.764,1800.0,4.0,10.7,normal
1697503975.989,45.764,1800.0,3.0,10.7,normal
1697503976.493,45.277,1100.0,5.0,10.7,normal
1697503976.997,45.764,900.0,5.4,10.7,normal
1697503977.5,45.277,1800.0,11.1,10.2,normal
1697503978.003,46.251,1800.0,36.0,10.6,normal
1697503978.506,45.277,1800.0,8.0,10.7,normal
1697503979.008,45.764,1800.0,2.5,10.7,normal
1697503979.511,46.251,1800.0,2.5,10.7,normal
1697503980.014,45.764,1800.0,5.5,10.7,normal
1697503980.516,46.251,1800.0,3.5,10.7,normal
1697503981.019,46.251,1800.0,5.0,10.7,normal
1697503981.522,45.764,1800.0,3.0,10.7,normal
1697503982.024,45.764,1800.0,2.5,10.7,normal
1697503982.528,46.251,1100.0,5.0,10.7,normal
1697503983.032,45.277,1000.0,5.0,10.7,normal
1697503983.535,45.764,1800.0,17.8,10.3,normal
1697503984.038,46.738,1800.0,38.0,10.7,normal
1697503984.54,45.277,1800.0,5.0,10.7,normal
1697503985.043,45.764,1800.0,4.0,10.8,normal
1697503985.545,45.764,1800.0,4.0,10.8,normal
1697503986.048,45.764,1800.0,12.4,10.8,normal
1697503986.55,45.764,1800.0,4.4,10.7,normal
1697503987.053,45.764,1800.0,4.5,10.7,normal
1697503987.555,46.251,1800.0,3.0,10.7,normal
1697503988.058,45.764,1800.0,3.5,10.7,normal
1697503988.562,47.225,1000.0,5.0,10.7,normal
1697503989.066,45.764,900.0,6.4,10.7,normal
1697503989.569,45.764,1800.0,20.5,10.4,normal
1697503990.071,46.251,1800.0,35.3,10.7,normal
1697503990.574,46.251,1800.0,3.0,10.7,normal
1697503991.076,46.251,1800.0,4.0,10.7,normal
1697503991.579,45.764,1800.0,4.4,10.7,normal
1697503992.082,45.764,1800.0,2.5,10.7,normal
1697503992.584,45.764,1800.0,3.0,10.7,normal
1697503993.087,44.79,1800.0,4.0,10.7,normal
1697503993.589,46.738,1800.0,3.0,10.7,normal
1697503994.092,46.251,1800.0,4.5,10.7,normal
1697503994.598,46.251,900.0,4.0,10.7,normal
1697503995.106,45.277,800.0,5.3,10.7,normal
1697503995.612,45.277,1100.0,11.9,9.9,normal
1697503996.116,45.764,1800.0,30.2,10.6,normal
1697503996.619,46.251,1800.0,17.5,10.7,normal
1697503997.122,46.251,1800.0,2.5,10.7,normal
1697503997.624,46.251,1800.0,3.0,10.7,normal
1697503998.127,46.251,1800.0,4.0,10.7,normal
1697503998.629,45.764,1800.0,4.0,10.7,normal
1697503999.132,45.764,1800.0,4.5,10.7,normal
1697503999.634,45.764,1800.0,4.5,10.7,normal
1697504000.137,46.251,1800.0,4.0,10.7,normal
1697504000.642,46.251,700.0,3.5,10.7,normal
1697504001.148,45.277,600.0,4.4,10.7,normal
1697504001.651,46.251,1800.0,15.1,10.2,normal
1697504002.154,46.251,1800.0,40.1,10.5,normal
1697504002.656,46.251,1800.0,6.0,10.6,normal
1697504003.159,45.764,1800.0,3.5,10.6,normal
1697504003.661,46.251,1800.0,3.0,10.6,normal
1697504004.164,45.764,1800.0,4.0,10.6,normal
1697504004.666,46.251,1800.0,3.5,10.6,normal
1697504005.169,46.251,1800.0,3.0,10.6,normal
1697504005.671,45.764,1800.0,3.0,10.6,normal
1697504006.174,46.251,1800.0,4.5,10.6,normal
1697504006.68,46.251,600.0,3.5,10.6,normal
1697504007.185,45.764,600.0,4.9,10.7,normal
1697504007.688,46.251,1800.0,20.0,10.2,normal
1697504008.191,46.738,1800.0,36.5,10.6,normal
1697504008.693,45.277,1800.0,4.0,10.6,normal
1697504009.196,45.764,1800.0,4.0,10.6,normal
1697504009.699,46.251,1800.0,3.0,10.6,normal
1697504010.201,46.738,1800.0,4.0,10.7,normal
1697504010.704,46.251,1800.0,3.5,10.7,normal
1697504011.206,46.251,1800.0,4.0,10.7,normal
1697504011.709,45.764,1800.0,2.5,10.7,normal
1697504012.211,46.738,1800.0,4.5,10.7,normal
1697504012.717,45.764,600.0,2.5,10.7,normal
1697504013.223,45.764,600.0,4.4,10.7,normal
1697504013.727,46.738,1800.0,23.0,10.4,normal
1697504014.229,46.251,1800.0,33.0,10.7,normal
1697504014.732,45.764,1800.0,4.9,10.7,normal
1697504015.234,46.251,1800.0,3.0,10.7,normal
1697504015.737,46.251,1800.0,3.0,10.7,normal
1697504016.24,45.764,1800.0,4.0,10.7,normal
1697504016.742,45.764,1800.0,3.0,10.7,normal
1697504017.245,46.251,1800.0,3.5,10.7,normal
1697504017.747,45.764,1800.0,3.5,10.7,normal
1697504018.25,45.764,1800.0,4.0,10.7,normal
1697504018.755,45.277,600.0,3.0,10.7,normal
1697504019.261,44.79,600.0,5.5,10.7,normal
1697504019.763,46.251,1800.0,14.5,10.2,normal
1697504020.266,45.764,1800.0,38.5,10.6,normal
1697504020.769,46.738,1800.0,3.0,10.7,normal
1697504021.271,46.251,1800.0,2.5,10.7,normal
1697504021.774,46.251,1800.0,3.9,10.7,normal
1697504022.276,46.251,1800.0,3.0,10.7,normal
1697504022.779,45.277,1800.0,3.0,10.7,normal
1697504023.282,45.764,1800.0,3.5,10.7,normal
1697504023.784,45.764,1800.0,4.0,10.7,normal
1697504024.287,45.277,1800.0,4.5,10.7,normal
1697504024.792,45.764,600.0,3.5,10.7,normal
1697504025.298,45.277,600.0,4.4,10.7,normal
1697504025.804,46.251,1800.0,8.0,9.7,normal
1697504026.308,45.764,1800.0,31.5,10.6,normal
1697504026.811,46.251,1800.0,16.2,10.7,normal
1697504027.313,45.277,1800.0,3.0,10.7,normal
1697504027.815,46.251,1800.0,2.5,10.7,normal
1697504028.318,45.764,1800.0,3.5,10.7,normal
1697504028.82,46.251,1800.0,4.5,10.6,normal
1697504029.323,45.277,1800.0,3.0,10.6,normal
1697504029.825,45.277,1800.0,4.0,10.6,normal
1697504030.328,45.277,1800.0,3.5,10.6,normal
1697504030.832,45.277,800.0,3.5,10.6,normal
1697504031.338,44.303,600.0,5.4,10.6,normal
1697504031.841,45.764,1800.0,15.1,10.2,normal
1697504032.343,46.251,1800.0,37.5,10.6,normal
1697504032.846,46.738,1800.0,6.9,10.7,normal
1697504033.349,45.764,1800.0,4.0,10.7,normal
1697504033.851,46.251,1800.0,4.9,10.7,normal
1697504034.354,45.764,1800.0,2.5,10.7,normal
1697504034.856,46.251,1800.0,4.4,10.7,normal
1697504035.359,46.251,1800.0,3.0,10.7,normal
1697504035.861,45.764,1800.0,3.0,10.7,normal
1697504036.364,47.225,1800.0,4.0,10.6,normal
1697504036.869,46.738,700.0,5.4,10.6,normal
1697504037.375,44.79,600.0,4.5,10.6,normal
1697504037.878,45.277,1800.0,19.6,10.3,normal
1697504038.38,46.738,1800.0,34.5,10.6,normal
1697504038.883,45.277,1800.0,4.5,10.6,normal
1697504039.385,46.738,1800.0,4.0,10.6,normal
1697504039.888,46.738,1800.0,4.0,10.6,normal
1697504040.391,45.764,1800.0,3.5,10.6,normal
1697504040.894,45.764,1800.0,4.0,10.6,normal
1697504041.397,45.764,1800.0,5.0,10.6,normal
1697504041.899,46.251,1800.0,5.0,10.6,normal
1697504042.402,45.764,1800.0,3.0,10.6,normal
1697504042.907,44.303,600.0,3.0,10.6,normal
1697504043.413,45.277,600.0,7.9,10.6,normal
1697504043.917,45.764,1800.0,26.1,10.3,normal
1697504044.419,46.251,1800.0,30.2,10.6,normal
1697504044.922,45.764,1800.0,3.5,10.6,normal
1697504045.425,45.277,1800.0,4.0,10.6,normal
1697504045.927,45.764,1800.0,3.5,10.6,normal
1697504046.43,46.251,1800.0,3.0,10.6,normal
1697504046.932,45.764,1800.0,4.0,10.6,normal
1697504047.435,45.277,1800.0,3.5,10.6,normal
1697504047.937,45.277,1800.0,3.0,10.6,normal
1697504048.44,45.764,1800.0,3.9,10.7,normal
1697504048.945,45.277,700.0,6.4,10.7,normal
1697504049.449,45.277,800.0,5.9,10.6,normal
1697504049.953,45.764,1800.0,28.9,10.4,normal
1697504050.455,46.251,1800.0,25.8,10.6,normal
1697504050.958,46.738,1800.0,4.9,10.6,normal
1697504051.46,45.277,1800.0,3.0,10.6,normal
1697504051.963,46.251,1800.0,3.5,10.6,normal
1697504052.466,46.738,1800.0,3.0,10.6,normal
1697504052.968,45.764,1800.0,3.0,10.6,normal
1697504053.471,46.738,1800.0,3.5,10.6,normal
1697504053.973,45.764,1800.0,4.5,10.7,normal
1697504054.476,45.764,1800.0,2.5,10.6,normal
1697504054.98,45.277,800.0,4.0,10.7,normal
1697504055.484,45.277,900.0,5.4,10.7,normal
1697504055.987,45.277,1800.0,20.6,10.2,normal
1697504056.49,46.251,1800.0,33.2,10.6,normal
1697504056.992,46.251,1800.0,3.9,10.6,normal
1697504057.495,45.764,1800.0,4.0,10.6,normal
1697504057.997,46.251,1800.0,3.0,10.6,normal
1697504058.5,45.764,1800.0,4.5,10.6,normal
1697504059.002,45.277,1800.0,4.0,10.6,normal
1697504059.505,45.764,1800.0,4.0,10.6,normal
1697504060.007,46.738,1800.0,2.5,10.6,normal
1697504060.51,45.764,1800.0,3.0,10.6,normal
1697504061.014,45.277,900.0,3.0,10.7,normal
1697504061.518,44.303,1000.0,3.5,10.7,normal
1697504062.021,46.251,1800.0,13.5,10.1,normal
1697504062.524,47.712,1800.0,37.1,10.6,normal
1697504063.027,46.251,1800.0,7.5,10.7,normal
1697504063.529,45.764,1800.0,4.4,10.7,normal
1697504064.032,45.764,1800.0,4.9,10.7,normal
1697504064.534,45.764,1800.0,4.0,10.7,normal
1697504065.037,46.251,1800.0,2.0,10.7,normal
1697504065.54,45.277,1800.0,3.5,10.7,normal
1697504066.042,45.277,1800.0,3.5,10.7,normal
1697504066.545,44.79,1800.0,4.0,10.7,normal
1697504067.049,45.277,900.0,3.5,10.7,normal
1697504067.553,44.79,900.0,4.5,10.7,normal
1697504068.057,44.79,1100.0,7.9,10.5,normal
1697504068.559,46.738,1800.0,28.6,10.5,normal
1697504069.062,47.225,1800.0,21.5,10.6,normal
1697504069.564,45.764,1800.0,1.0,10.6,normal
1697504070.067,46.251,1800.0,5.9,10.7,normal
1697504070.57,45.764,1800.0,4.0,10.7,normal
1697504071.072,45.277,1800.0,3.5,10.7,normal
1697504071.575,45.277,1800.0,4.4,10.7,normal
1697504072.077,46.251,1800.0,3.5,10.7,normal
1697504072.58,45.277,1800.0,3.5,10.7,normal
1697504073.084,45.764,800.0,4.0,10.7,normal
1697504073.588,46.251,900.0,4.5,10.7,normal
1697504074.094,45.277,600.0,5.0,10.7,normal
1697504074.597,46.738,1800.0,25.4,10.4,normal
1697504075.1,45.764,1800.0,29.0,10.7,normal
1697504075.602,46.738,1800.0,4.5,10.7,normal
1697504076.105,46.251,1800.0,3.5,10.7,normal
1697504076.607,46.738,1800.0,4.5,10.7,normal
1697504077.11,45.277,1800.0,3.0,10.7,normal
1697504077.612,45.764,1800.0,3.5,10.7,normal
1697504078.115,44.79,1800.0,3.0,10.7,normal
1697504078.617,45.277,1800.0,3.0,10.6,normal
1697504079.12,46.251,1800.0,4.5,10.6,normal
1697504079.626,45.764,600.0,4.4,10.7,normal
1697504080.132,45.277,700.0,6.4,10.5,normal
1697504080.635,46.251,1800.0,28.4,10.5,normal
1697504081.138,46.251,1800.0,24.4,10.6,normal
1697504081.641,45.277,1800.0,2.0,10.6,normal
1697504082.143,45.764,1800.0,3.0,10.6,normal
1697504082.646,46.251,1800.0,4.0,10.6,normal
1697504083.149,45.764,1800.0,4.0,10.6,normal
1697504083.651,46.251,1800.0,3.5,10.6,normal
1697504084.154,46.251,1800.0,4.0,10.6,normal
1697504084.656,45.277,1800.0,3.0,10.6,normal
1697504085.159,45.277,1800.0,3.5,10.6,normal
1697504085.665,44.79,600.0,5.4,10.6,normal
1697504086.174,45.764,1800.0,9.9,9.9,normal
1697504086.68,46.738,1800.0,32.5,10.5,normal
1697504087.183,45.277,1800.0,13.9,10.6,normal
1697504087.685,46.738,1800.0,1.0,10.6,normal
1697504088.188,44.79,1800.0,3.0,10.6,normal
1697504088.69,45.764,1800.0,3.0,10.6,normal
1697504089.193,45.277,1800.0,4.5,10.6,normal
1697504089.695,46.738,1800.0,5.4,10.7,normal
1697504090.198,44.79,1800.0,2.5,10.7,normal
1697504090.7,46.251,1800.0,4.0,10.6,normal
1697504091.205,45.277,800.0,3.5,10.7,normal
1697504091.71,45.764,600.0,6.4,10.6,normal
1697504092.213,46.251,1800.0,17.3,10.1,normal
1697504092.716,46.738,1800.0,36.7,10.6,normal
1697504093.218,45.764,1800.0,3.5,10.6,normal
1697504093.721,45.277,1800.0,4.5,10.6,normal
1697504094.223,45.277,1800.0,4.5,10.6,normal
1697504094.726,45.277,1800.0,3.0,10.6,normal
1697504095.228,46.251,1800.0,3.0,10.6,normal
1697504095.731,46.738,1800.0,3.5,10.6,normal
1697504096.234,45.764,1800.0,4.0,10.6,normal
1697504096.736,45.277,1800.0,3.0,10.6,normal
1697504097.242,44.79,600.0,3.5,10.6,normal
1697504097.747,44.79,600.0,4.4,10.6,normal
1697504098.251,45.277,1525.0,11.0,9.6,normal
1697504098.753,46.251,1800.0,29.1,10.4,normal
1697504099.256,45.764,1800.0,21.6,10.6,normal
1697504099.758,46.251,1800.0,3.5,10.6,normal
1697504100.261,45.764,1800.0,4.0,10.6,normal
1697504100.763,46.738,1800.0,3.5,10.6,normal
1697504101.266,47.225,1800.0,4.0,10.6,normal
1697504101.768,46.251,1800.0,2.5,10.6,normal
1697504102.271,46.251,1800.0,3.0,10.6,normal
1697504102.774,45.764,1800.0,3.0,10.6,normal
1697504103.279,44.79,700.0,3.0,10.6,normal
1697504103.784,45.764,600.0,4.0,10.6,normal
1697504104.29,45.277,600.0,4.9,10.6,normal
1697504104.794,45.764,1800.0,27.7,10.4,normal
1697504105.296,46.251,1800.0,27.3,10.7,normal
1697504105.799,45.277,1800.0,3.0,10.6,normal
1697504106.302,45.277,1800.0,3.5,10.6,normal
1697504106.804,45.764,1800.0,4.5,10.7,normal
1697504107.307,45.277,1800.0,3.0,10.6,normal
1697504107.809,46.251,1800.0,3.0,10.6,normal
1697504108.312,45.277,1800.0,3.0,10.7,normal
1697504108.814,46.251,1800.0,5.0,10.7,normal
1697504109.317,45.277,1800.0,4.0,10.7,normal
1697504109.822,45.764,600.0,3.5,10.7,normal
1697504110.328,45.277,600.0,5.9,10.6,normal
1697504110.832,46.738,1800.0,29.4,10.5,normal
1697504111.334,46.738,1800.0,24.6,10.7,normal
1697504111.837,45.764,1800.0,2.5,10.7,normal
1697504112.339,45.764,1800.0,3.9,10.7,normal
1697504112.842,44.79,1800.0,3.5,10.7,normal
1697504113.344,44.79,1800.0,4.0,10.7,normal
1697504113.847,45.277,1800.0,3.0,10.7,normal
1697504114.35,45.277,1800.0,3.0,10.7,normal
1697504114.852,45.764,1800.0,3.5,10.7,normal
1697504115.355,45.277,1800.0,4.0,10.7,normal
1697504115.86,45.764,600.0,5.0,10.7,normal
1697504116.365,45.764,700.0,10.4,9.5,normal
1697504116.868,45.277,1800.0,28.9,10.4,normal
1697504117.371,45.764,1800.0,21.5,10.6,normal
1697504117.873,45.764,1800.0,2.5,10.6,normal
1697504118.376,45.764,1800.0,3.9,10.6,normal
1697504118.878,45.277,1800.0,4.5,10.6,normal
1697504119.381,45.277,1800.0,3.5,10.6,normal
1697504119.884,45.277,1800.0,4.0,10.6,normal
1697504120.386,45.277,1800.0,4.5,10.6,normal
1697504120.889,44.79,1800.0,3.0,10.6,normal
1697504121.394,45.277,700.0,4.9,10.6,normal
1697504121.9,45.764,600.0,4.5,10.6,normal
1697504122.406,46.251,600.0,4.9,10.6,normal
1697504122.91,46.738,1800.0,25.1,10.4,normal
1697504123.412,46.738,1800.0,31.2,10.6,normal
1697504123.915,46.251,1800.0,5.4,10.6,normal
1697504124.417,45.764,1800.0,3.0,10.6,normal
1697504124.92,45.764,1800.0,3.5,10.6,normal
1697504125.423,45.764,1800.0,4.0,10.6,normal
1697504125.925,45.764,1800.0,3.5,10.6,normal
1697504126.428,45.277,1800.0,3.5,10.6,normal
1697504126.931,45.764,1800.0,3.0,10.6,normal
1697504127.433,46.738,1800.0,4.0,10.6,normal
1697504127.938,44.79,700.0,5.4,10.6,normal
1697504128.443,45.764,800.0,4.9,10.6,normal
1697504128.946,45.764,1800.0,18.0,10.2,normal
1697504129.449,46.251,1800.0,37.5,10.6,normal
1697504129.952,45.764,1800.0,3.0,10.7,normal
1697504130.454,45.764,1800.0,3.9,10.7,normal
1697504130.957,46.251,1800.0,4.0,10.7,normal
1697504131.459,45.764,1800.0,3.0,10.7,normal
1697504131.962,45.277,1800.0,4.0,10.7,normal
1697504132.464,45.764,1800.0,3.0,10.7,normal
1697504132.967,46.738,1800.0,4.5,10.7,normal
1697504133.469,45.277,1800.0,3.0,10.7,normal
1697504133.974,45.277,800.0,4.5,10.7,normal
1697504134.479,45.277,800.0,5.4,10.7,normal
1697504134.982,46.738,1800.0,22.3,10.3,normal
1697504135.484,46.738,1800.0,32.2,10.6,normal
1697504135.987,45.277,1800.0,3.0,10.7,normal
1697504136.49,46.251,1800.0,2.5,10.7,normal
1697504136.992,45.764,1800.0,4.0,10.7,normal
1697504137.495,46.251,1800.0,3.0,10.7,normal
1697504137.997,46.738,1800.0,3.0,10.7,normal
1697504138.5,46.738,1800.0,4.4,10.6,normal
1697504139.002,45.764,1800.0,5.0,10.6,normal
1697504139.505,45.764,1800.0,3.5,10.7,normal
1697504140.009,44.79,1000.0,4.0,10.7,normal
1697504140.513,44.79,900.0,4.9,10.7,normal
1697504141.016,44.79,1800.0,16.9,10.2,normal
1697504141.518,47.225,1800.0,38.5,10.6,normal
1697504142.021,45.764,1800.0,6.0,10.7,normal
1697504142.523,46.738,1800.0,3.0,10.7,normal
1697504143.026,45.764,1800.0,4.0,10.7,normal
1697504143.528,45.277,1800.0,2.0,10.7,normal
1697504144.031,45.277,1800.0,2.5,10.7,normal
1697504144.533,46.251,1800.0,3.5,10.7,normal
1697504145.036,45.277,1800.0,1.5,10.7,normal
1697504145.538,45.764,1800.0,3.5,10.7,normal
1697504146.043,45.277,700.0,2.5,10.7,normal
1697504146.547,45.277,900.0,3.9,10.7,normal
1697504147.052,45.764,900.0,9.0,10.3,normal
1697504147.555,46.251,1800.0,29.2,10.5,normal
1697504148.058,45.277,1800.0,21.1,10.7,normal
1697504148.56,46.738,1800.0,4.0,10.7,normal
1697504149.063,46.738,1800.0,4.5,10.7,normal
1697504149.566,46.251,1800.0,4.5,10.7,normal
1697504150.068,45.277,1800.0,4.0,10.7,normal
1697504150.571,45.277,1800.0,4.0,10.7,normal
1697504151.073,45.277,1800.0,2.5,10.7,normal
1697504151.576,46.251,1800.0,3.5,10.7,normal
1697504152.079,44.79,1800.0,4.5,10.7,normal
1697504152.583,45.277,800.0,3.5,10.7,normal
1697504153.088,44.79,875.0,4.9,10.7,normal
1697504153.591,45.764,1800.0,25.4,10.3,normal
1697504154.094,46.738,1800.0,33.3,10.6,normal
1697504154.597,45.277,1800.0,3.5,10.6,normal
1697504155.099,46.251,1800.0,3.5,10.6,normal
1697504155.602,46.251,1800.0,4.0,10.6,normal
1697504156.104,46.251,1800.0,3.0,10.6,normal
1697504156.607,46.251,1800.0,3.5,10.6,normal
1697504157.109,45.764,1800.0,2.5,10.6,normal
1697504157.612,46.251,1800.0,5.0,10.6,normal
1697504158.114,46.738,1800.0,4.0,10.6,normal
1697504158.619,45.764,800.0,4.4,10.7,normal
1697504159.123,44.79,800.0,6.0,10.6,normal
1697504159.626,46.251,1800.0,15.9,10.2,normal
1697504160.129,48.199,1800.0,38.3,10.6,normal
1697504160.631,45.764,1800.0,5.5,10.6,normal
1697504161.134,46.251,1800.0,4.0,10.6,normal
1697504161.636,45.277,1800.0,3.5,10.6,normal
1697504162.139,45.277,1800.0,4.5,10.6,normal
1697504162.642,45.764,1800.0,3.0,10.6,normal
1697504163.144,46.738,1800.0,3.0,10.6,normal
1697504163.647,46.738,1800.0,3.5,10.6,normal
1697504164.149,46.738,1800.0,5.0,10.6,normal
1697504164.654,45.764,600.0,3.9,10.6,normal
1697504165.16,46.251,600.0,6.4,10.6,normal
1697504165.663,46.738,1800.0,20.8,10.3,normal
1697504166.166,46.251,1800.0,36.8,10.7,normal
1697504166.668,45.277,1800.0,4.5,10.7,normal
1697504167.171,45.277,1800.0,3.5,10.7,normal
1697504167.675,45.277,1800.0,3.0,10.7,normal
1697504168.178,44.79,1800.0,3.5,10.7,normal
1697504168.681,45.764,1800.0,3.0,10.7,normal
1697504169.183,46.251,1800.0,4.0,10.7,normal
1697504169.686,45.764,1800.0,3.0,10.7,normal
1697504170.189,46.251,1800.0,3.0,10.7,normal
1697504170.694,44.79,600.0,4.4,10.7,normal
1697504171.2,46.251,600.0,4.9,10.7,normal
1697504171.703,45.764,1800.0,13.8,10.1,normal
1697504172.206,47.225,1800.0,35.5,10.6,normal
1697504172.709,44.79,1800.0,11.0,10.7,normal
1697504173.212,45.764,1800.0,4.0,10.7,normal
1697504173.714,46.738,1800.0,3.5,10.7,normal
1697504174.217,45.277,1800.0,4.5,10.7,normal
1697504174.719,44.79,1800.0,3.9,10.7,normal
1697504175.222,45.764,1800.0,2.5,10.7,normal
1697504175.724,45.764,1800.0,3.9,10.7,normal
1697504176.227,46.251,1800.0,3.5,10.7,normal
1697504176.73,45.277,1800.0,3.5,10.7,normal
1697504177.236,44.79,600.0,5.0,10.7,normal
1697504177.739,45.764,1800.0,18.8,10.3,normal
1697504178.242,47.225,1800.0,36.0,10.6,normal
1697504178.744,45.764,1800.0,3.0,10.6,normal
1697504179.247,46.251,1800.0,5.4,10.7,normal
1697504179.749,45.764,1800.0,4.0,10.7,normal
1697504180.252,45.764,1800.0,3.0,10.7,normal
1697504180.754,44.303,1800.0,3.9,10.7,normal
1697504181.257,46.251,1800.0,4.5,10.7,normal
1697504181.76,45.277,1800.0,2.5,10.7,normal
1697504182.262,45.277,1800.0,4.5,10.7,normal
1697504182.767,45.764,600.0,3.0,10.7,normal
1697504183.273,45.277,600.0,5.4,10.7,normal
1697504183.777,46.251,1800.0,25.1,10.4,normal
1697504184.279,46.738,1800.0,31.2,10.7,normal
1697504184.782,45.764,1800.0,3.0,10.7,normal
1697504185.285,46.251,1800.0,2.5,10.7,normal
1697504185.787,45.764,1800.0,3.5,10.7,normal
1697504186.29,46.251,1800.0,2.0,10.7,normal
1697504186.792,45.764,1800.0,3.0,10.7,normal
1697504187.295,45.764,1800.0,3.0,10.7,normal
1697504187.797,45.764,1800.0,2.5,10.7,normal
1697504188.3,46.251,1800.0,3.5,10.7,normal
1697504188.805,45.764,600.0,5.0,10.7,normal
1697504189.311,45.277,600.0,3.5,10.7,normal
1697504189.814,46.251,1800.0,18.0,10.3,normal
1697504190.317,45.764,1800.0,37.3,10.7,normal
1697504190.819,46.251,1800.0,3.0,10.7,normal
1697504191.322,45.764,1800.0,3.5,10.7,normal
1697504191.824,46.738,1800.0,3.0,10.7,normal
1697504192.327,46.251,1800.0,3.4,10.7,normal
1697504192.829,45.277,1800.0,3.0,10.7,normal
1697504193.332,46.251,1800.0,4.0,10.7,normal
1697504193.835,46.251,1800.0,4.4,10.7,normal
1697504194.337,44.303,1800.0,3.5,10.7,normal
1697504194.843,45.764,600.0,4.0,10.7,normal
1697504195.348,44.79,600.0,4.4,10.7,normal
1697504195.852,45.764,1800.0,11.5,9.9,normal
1697504196.356,45.764,1800.0,34.2,10.6,normal
1697504196.858,45.277,1800.0,14.4,10.6,normal
1697504197.361,46.251,1800.0,3.5,10.6,normal
1697504197.863,45.277,1800.0,2.5,10.6,normal
1697504198.366,45.764,1800.0,4.5,10.6,normal
1697504198.869,45.277,1800.0,4.5,10.7,normal
1697504199.371,46.738,1800.0,3.0,10.7,normal
1697504199.874,46.251,1800.0,3.5,10.7,normal
1697504200.376,45.277,1800.0,4.5,10.7,normal
1697504200.881,45.764,800.0,3.0,10.7,normal
1697504201.388,44.79,600.0,5.4,10.7,normal
1697504201.892,44.79,1800.0,16.8,10.1,normal
1697504202.395,45.764,1800.0,36.8,10.6,normal
1697504202.897,45.764,1800.0,8.0,10.6,normal
1697504203.4,46.251,1800.0,4.0,10.6,normal
1697504203.902,46.251,1800.0,4.4,10.6,normal
1697504204.405,45.277,1800.0,4.0,10.6,normal
1697504204.908,45.764,1800.0,3.0,10.6,normal
1697504205.41,45.764,1800.0,1.5,10.6,normal
1697504205.913,45.764,1800.0,2.5,10.6,normal
1697504206.415,45.277,1800.0,3.5,10.6,normal
1697504206.92,45.277,700.0,2.0,10.6,normal
1697504207.426,45.277,600.0,2.5,10.6,normal
1697504207.932,44.79,600.0,5.4,10.6,normal
1697504208.436,46.251,1800.0,28.0,10.4,normal
1697504208.939,47.225,1800.0,30.8,10.6,normal
1697504209.441,45.277,1800.0,2.5,10.6,normal
1697504209.944,45.277,1800.0,4.5,10.6,normal
1697504210.446,45.277,1800.0,3.5,10.6,normal
1697504210.949,46.251,1800.0,4.0,10.6,normal
1697504211.451,46.251,1800.0,4.0,10.6,normal
1697504211.954,44.79,1800.0,3.5,10.6,normal
1697504212.456,45.764,1800.0,3.0,10.6,normal
1697504212.959,46.251,1800.0,5.0,10.6,normal
1697504213.463,45.277,800.0,5.9,10.6,normal
1697504213.968,46.251,800.0,5.0,10.6,normal
1697504214.471,46.738,1800.0,22.3,10.3,normal
1697504214.974,46.738,1800.0,33.3,10.6,normal
1697504215.476,45.764,1800.0,3.9,10.6,normal
1697504215.979,46.251,1800.0,3.0,10.6,normal
1697504216.482,46.738,1800.0,3.5,10.6,normal
1697504216.984,45.764,1800.0,4.5,10.6,normal
1697504217.487,46.738,1800.0,3.0,10.6,normal
1697504217.989,45.277,1800.0,3.5,10.6,normal
1697504218.491,46.251,1800.0,3.0,10.7,normal
1697504218.994,45.764,1800.0,4.0,10.7,normal
1697504219.498,45.764,900.0,5.0,10.7,normal
1697504220.002,45.764,1000.0,4.0,10.7,normal
1697504220.505,45.764,1800.0,15.0,10.1,normal
1697504221.011,47.225,1800.0,37.9,10.6,normal
1697504221.513,46.738,1800.0,5.5,10.6,normal
1697504222.016,45.277,1800.0,4.0,10.6,normal
1697504222.519,45.277,1800.0,3.5,10.6,normal
1697504223.021,45.764,1800.0,4.0,10.6,normal
1697504223.524,46.251,1800.0,3.0,10.6,normal
1697504224.026,45.277,1800.0,4.9,10.6,normal
1697504224.529,45.277,1800.0,3.0,10.6,normal
1697504225.031,45.764,1800.0,4.5,10.6,normal
1697504225.535,45.277,800.0,3.0,10.6,normal
1697504226.04,45.277,900.0,4.5,10.6,normal
1697504226.544,45.277,1100.0,7.9,9.6,normal
1697504227.047,46.251,1800.0,28.2,10.5,normal
1697504227.549,45.764,1800.0,20.2,10.6,normal
1697504228.052,44.79,1800.0,3.0,10.6,normal
1697504228.554,45.764,1800.0,2.5,10.7,normal
1697504229.057,46.251,1800.0,4.0,10.7,normal
1697504229.559,45.764,1800.0,2.5,10.7,normal
1697504230.062,46.738,1800.0,3.0,10.7,normal
1697504230.564,44.79,1800.0,3.5,10.7,normal
1697504231.067,45.277,1800.0,3.5,10.7,normal
1697504231.569,46.251,1800.0,3.0,10.7,normal
1697504232.074,45.764,800.0,4.4,10.7,normal
1697504232.578,46.251,1800.0,11.1,10.0,normal
1697504233.082,47.225,1800.0,34.2,10.5,normal
1697504233.584,46.251,1800.0,12.4,10.6,normal
1697504234.087,46.251,1800.0,4.0,10.6,normal
1697504234.59,45.764,1800.0,3.5,10.6,normal
1697504235.092,45.277,1800.0,4.5,10.6,normal
1697504235.595,45.277,1800.0,3.0,10.6,normal
1697504236.097,45.764,1800.0,3.5,10.6,normal
1697504236.6,45.764,1800.0,3.0,10.7,normal
1697504237.102,45.764,1800.0,3.0,10.7,normal
1697504237.607,45.764,700.0,4.4,10.7,normal
1697504238.112,44.303,700.0,3.5,10.7,normal
1697504238.615,45.277,1800.0,17.9,10.2,normal
1697504239.118,46.738,1800.0,38.8,10.6,normal
1697504239.621,45.277,1800.0,5.0,10.6,normal
1697504240.123,45.764,1800.0,4.5,10.6,normal
1697504240.626,46.251,1800.0,3.5,10.6,normal
1697504241.129,45.764,1800.0,3.0,10.6,normal
1697504241.631,46.251,1800.0,3.5,10.6,normal
1697504242.134,45.764,1800.0,3.5,10.6,normal
1697504242.636,46.738,1800.0,3.0,10.6,normal
1697504243.139,45.277,1800.0,4.0,10.7,normal
1697504243.644,45.277,700.0,4.5,10.7,normal
1697504244.149,45.764,700.0,6.9,10.7,normal
1697504244.654,45.277,800.0,9.9,9.7,normal
1697504245.157,45.277,1800.0,28.0,10.5,normal
1697504245.659,47.225,1800.0,24.8,10.7,normal
1697504246.162,46.251,1800.0,4.5,10.7,normal
1697504246.664,46.251,1800.0,3.0,10.7,normal
1697504247.167,45.764,1800.0,3.0,10.6,normal
1697504247.67,46.251,1800.0,4.0,10.7,normal
1697504248.172,45.764,1800.0,3.5,10.7,normal
1697504248.675,46.251,1800.0,3.0,10.6,normal
1697504249.177,47.225,1800.0,5.0,10.7,normal
1697504249.68,45.277,1800.0,3.0,10.7,normal
1697504250.185,45.277,600.0,5.5,10.6,normal
1697504250.691,45.277,600.0,5.4,10.7,normal
1697504251.194,46.738,1800.0,25.0,10.4,normal
1697504251.697,46.738,1800.0,30.2,10.7,normal
1697504252.199,46.738,1800.0,3.5,10.7,normal
1697504252.702,46.251,1800.0,3.0,10.7,normal
1697504253.204,45.277,1800.0,3.5,10.7,normal
1697504253.707,46.251,1800.0,2.5,10.7,normal
1697504254.209,46.251,1800.0,3.5,10.7,normal
1697504254.712,46.251,1800.0,4.4,10.7,normal
1697504255.215,45.277,1800.0,3.0,10.7,normal
1697504255.717,45.277,1800.0,5.9,10.7,normal
1697504256.223,45.764,600.0,4.4,10.7,normal
1697504256.729,45.277,600.0,5.0,10.7,normal
1697504257.232,45.277,1800.0,19.3,10.2,normal
1697504257.734,46.738,1800.0,35.4,10.6,normal
1697504258.237,46.251,1800.0,3.5,10.6,normal
1697504258.739,45.277,1800.0,2.5,10.6,normal
1697504259.242,45.277,1800.0,4.5,10.6,normal
1697504259.744,46.738,1800.0,3.0,10.6,normal
1697504260.247,46.251,1800.0,4.0,10.6,normal
1697504260.75,45.764,1800.0,4.0,10.7,normal
1697504261.252,45.764,1800.0,2.5,10.7,normal
1697504261.755,45.277,1800.0,4.0,10.7,normal
1697504262.26,44.79,600.0,3.5,10.7,normal
1697504262.766,43.816,600.0,4.5,10.7,normal
1697504263.272,46.738,1800.0,24.8,10.3,normal
1697504263.774,46.738,1800.0,32.3,10.7,normal
1697504264.277,45.277,1800.0,5.0,10.7,normal
1697504264.779,46.251,1800.0,4.0,10.6,normal
1697504265.282,45.277,1800.0,3.5,10.6,normal
1697504265.784,46.251,1800.0,2.0,10.7,normal
1697504266.287,46.251,1800.0,3.0,10.7,normal
1697504266.79,45.277,1800.0,2.0,10.7,normal
1697504267.292,46.251,1800.0,3.0,10.7,normal
1697504267.795,45.764,1800.0,2.5,10.7,normal
1697504268.299,44.79,800.0,3.0,10.7,normal
1697504268.805,44.79,600.0,8.9,10.7,normal
1697504269.307,44.79,1800.0,15.4,10.2,normal
1697504269.81,46.251,1800.0,36.5,10.6,normal
1697504270.313,45.764,1800.0,4.5,10.6,normal
1697504270.815,45.764,1800.0,3.0,10.6,normal
1697504271.318,45.764,1800.0,3.0,10.6,normal
1697504271.82,45.764,1800.0,3.0,10.6,normal
1697504272.323,45.277,1800.0,3.5,10.6,normal
1697504272.826,46.738,1800.0,3.5,10.6,normal
1697504273.328,45.277,1800.0,3.5,10.6,normal
1697504273.831,45.277,1800.0,5.0,10.7,normal
1697504274.336,45.277,700.0,3.5,10.7,normal
1697504274.842,45.277,600.0,4.4,10.7,normal
1697504275.348,45.277,600.0,10.8,10.0,normal
1697504275.852,46.251,1800.0,29.4,10.6,normal
1697504276.355,46.251,1800.0,21.4,10.7,normal
1697504276.857,45.764,1800.0,2.5,10.7,normal
1697504277.36,46.251,1800.0,4.0,10.7,normal
1697504277.862,45.764,1800.0,3.5,10.7,normal
1697504278.365,45.764,1800.0,3.0,10.7,normal
1697504278.867,46.738,1800.0,4.9,10.7,normal
1697504279.37,45.764,1800.0,3.0,10.7,normal
1697504279.872,45.277,1800.0,4.9,10.7,normal
1697504280.376,45.764,1800.0,4.0,10.7,normal
1697504280.883,46.251,600.0,4.9,10.7,normal
1697504281.389,44.79,600.0,6.4,10.7,normal
1697504281.893,46.738,1800.0,26.1,10.4,normal
1697504282.396,46.251,1800.0,29.5,10.6,normal
1697504282.898,47.225,1800.0,4.0,10.6,normal
1697504283.401,46.251,1800.0,2.5,10.7,normal
1697504283.903,45.277,1800.0,5.9,10.7,normal
1697504284.406,45.764,1800.0,3.0,10.7,normal
1697504284.908,46.738,1800.0,4.0,10.7,normal
1697504285.411,46.738,1800.0,3.5,10.7,normal
1697504285.914,46.251,1800.0,4.9,10.7,normal
1697504286.416,45.764,1800.0,2.5,10.7,normal
1697504286.92,46.251,900.0,4.5,10.7,normal
1697504287.427,45.277,900.0,6.9,10.5,normal
1697504287.93,46.738,1800.0,30.2,10.5,normal
1697504288.432,45.764,1800.0,23.4,10.6,normal
1697504288.935,45.277,1800.0,4.5,10.6,normal
1697504289.439,46.251,1800.0,3.0,10.6,normal
1697504289.942,45.277,1800.0,4.5,10.7,normal
1697504290.444,47.225,1800.0,4.0,10.7,normal
1697504290.947,45.764,1800.0,2.5,10.7,normal
1697504291.45,45.277,1800.0,2.5,10.7,normal
1697504291.952,45.764,1800.0,5.4,10.7,normal
1697504292.455,45.764,1800.0,3.0,10.7,normal
1697504292.96,45.277,600.0,5.4,10.7,normal
1697504293.464,46.251,1100.0,10.4,9.7,normal
1697504293.967,46.251,1800.0,30.2,10.5,normal
1697504294.47,46.738,1800.0,21.1,10.7,normal
1697504294.973,45.764,1800.0,3.5,10.7,normal
1697504295.476,45.764,1800.0,3.0,10.7,normal
1697504295.978,46.251,1800.0,3.0,10.7,normal
1697504296.481,45.277,1800.0,4.0,10.7,normal
1697504296.984,46.251,1800.0,3.5,10.7,normal
1697504297.487,46.251,1800.0,3.0,10.7,normal
1697504297.989,46.251,1800.0,3.0,10.7,normal
1697504298.491,45.277,1800.0,4.5,10.7,normal
1697504298.996,45.277,800.0,5.9,10.7,normal
1697504299.5,45.764,800.0,4.5,10.7,normal
1697504300.003,47.225,1800.0,26.4,10.5,normal
1697504300.506,45.277,1800.0,27.6,10.7,normal
1697504301.009,46.738,1800.0,2.5,10.7,normal
1697504301.511,46.738,1800.0,3.0,10.7,normal
1697504302.014,46.251,1800.0,3.0,10.7,normal
1697504302.516,44.79,1800.0,3.5,10.7,normal
1697504303.019,45.764,1800.0,4.0,10.7,normal
1697504303.521,45.764,1800.0,3.5,10.7,normal
1697504304.024,45.764,1800.0,5.0,10.7,normal
1697504304.527,46.251,1800.0,3.5,10.7,normal
1697504305.031,44.303,900.0,4.5,10.7,normal
1697504305.536,44.79,700.0,4.0,10.7,normal
1697504306.039,45.277,1800.0,19.1,10.3,normal
1697504306.541,46.738,1800.0,35.5,10.7,normal
1697504307.044,45.764,1800.0,4.0,10.7,normal
1697504307.546,45.764,1800.0,4.5,10.6,normal
1697504308.049,45.277,1800.0,3.5,10.6,normal
1697504308.551,46.251,1800.0,3.0,10.6,normal
1697504309.054,45.277,1800.0,4.5,10.7,normal
1697504309.556,45.764,1800.0,4.0,10.7,normal
1697504310.059,45.764,1800.0,2.5,10.7,normal
1697504310.561,46.251,1800.0,2.0,10.7,normal
1697504311.065,45.277,1000.0,3.9,10.7,normal
1697504311.569,45.277,1000.0,4.5,10.7,normal
1697504312.072,46.251,1800.0,11.0,10.0,normal
1697504312.576,46.251,1800.0,32.3,10.6,normal
1697504313.079,45.764,1800.0,13.6,10.7,normal
1697504313.581,46.251,1800.0,3.5,10.7,normal
1697504314.084,45.764,1800.0,3.5,10.7,normal
1697504314.586,46.251,1800.0,3.0,10.7,normal
1697504315.089,45.764,1800.0,2.5,10.7,normal
1697504315.591,46.738,1800.0,5.0,10.7,normal
1697504316.094,45.277,1800.0,3.5,10.7,normal
1697504316.596,45.764,1800.0,4.0,10.7,normal
1697504317.101,45.277,700.0,3.9,10.7,normal
1697504317.606,45.277,700.0,4.5,10.7,normal
1697504318.111,45.277,800.0,4.5,10.6,normal
1697504318.614,46.251,1800.0,29.2,10.5,normal
1697504319.116,45.764,1800.0,25.3,10.6,normal
1697504319.619,44.79,1800.0,4.5,10.6,normal
1697504320.122,46.251,1800.0,2.5,10.6,normal
1697504320.624,45.277,1800.0,4.0,10.7,normal
1697504321.127,45.764,1800.0,3.5,10.6,normal
1697504321.629,46.251,1800.0,4.0,10.6,normal
1697504322.132,45.277,1800.0,3.5,10.7,normal
1697504322.634,46.251,1800.0,3.0,10.6,normal
1697504323.137,45.764,1800.0,3.0,10.6,normal
1697504323.641,45.764,800.0,4.9,10.7,normal
1697504324.146,44.79,800.0,5.9,10.6,normal
1697504324.649,45.277,1800.0,21.9,10.3,normal
1697504325.152,46.251,1800.0,32.8,10.6,normal
1697504325.654,45.764,1800.0,4.0,10.6,normal
1697504326.157,45.277,1800.0,2.5,10.6,normal
1697504326.659,45.764,1800.0,2.5,10.6,normal
1697504327.162,46.251,1800.0,1.5,10.6,normal
1697504327.665,47.225,1800.0,3.0,10.6,normal
1697504328.167,46.738,1800.0,1.5,10.6,normal
1697504328.67,44.79,1800.0,5.0,10.6,normal
1697504329.172,45.764,1800.0,4.0,10.6,normal
1697504329.678,45.764,600.0,6.9,10.6,normal
1697504330.183,45.277,600.0,4.4,10.6,normal
1697504330.687,45.277,1800.0,26.5,10.4,normal
1697504331.19,45.764,1800.0,27.0,10.6,normal
1697504331.692,45.277,1800.0,4.0,10.6,normal
1697504332.195,45.764,1800.0,3.0,10.6,normal
1697504332.697,46.251,1800.0,2.5,10.6,normal
1697504333.2,46.251,1800.0,3.0,10.6,normal
1697504333.703,45.277,1800.0,5.0,10.6,normal
1697504334.205,45.764,1800.0,4.0,10.6,normal
1697504334.708,46.251,1800.0,2.5,10.6,normal
1697504335.21,44.79,1800.0,3.5,10.6,normal
1697504335.715,44.303,700.0,5.9,10.6,normal
1697504336.221,45.277,600.0,4.4,10.6,normal
1697504336.723,45.277,1800.0,19.6,10.2,normal
1697504337.226,45.764,1800.0,35.2,10.6,normal
1697504337.729,45.764,1800.0,4.0,10.6,normal
1697504338.231,45.764,1800.0,3.5,10.6,normal
1697504338.734,45.277,1800.0,3.0,10.6,normal
1697504339.236,45.764,1800.0,4.0,10.6,normal
1697504339.739,45.277,1800.0,4.9,10.6,normal
1697504340.241,44.79,1800.0,4.0,10.7,normal
1697504340.744,45.764,1800.0,3.5,10.7,normal
1697504341.248,46.738,1800.0,3.0,10.7,normal
1697504341.753,45.277,600.0,4.0,10.7,normal
1697504342.261,45.277,600.0,4.9,10.7,normal
1697504342.765,45.764,1800.0,13.6,10.0,normal
1697504343.268,47.225,1800.0,35.3,10.6,normal
1697504343.772,45.764,1800.0,10.4,10.6,normal
1697504344.275,46.251,1800.0,4.5,10.6,normal
1697504344.777,45.764,1800.0,3.0,10.6,normal
1697504345.28,45.764,1800.0,4.0,10.7,normal
1697504345.782,46.251,1800.0,4.0,10.7,normal
1697504346.285,45.277,1800.0,3.5,10.7,normal
1697504346.787,45.277,1800.0,3.0,10.7,normal
1697504347.29,45.764,1800.0,3.5,10.7,normal
1697504347.795,44.79,700.0,4.4,10.7,normal
1697504348.3,45.277,600.0,4.5,10.7,normal
1697504348.805,46.251,900.0,7.0,10.6,normal
1697504349.307,46.738,1800.0,29.4,10.5,normal
1697504349.815,46.251,1800.0,25.0,10.7,normal
1697504350.318,45.764,1800.0,3.0,10.7,normal
1697504350.82,45.764,1800.0,3.5,10.7,normal
1697504351.323,46.251,1800.0,3.5,10.7,normal
1697504351.825,45.764,1800.0,4.0,10.7,normal
1697504352.328,46.251,1800.0,2.5,10.7,normal
1697504352.83,45.277,1800.0,2.5,10.7,normal
1697504353.333,45.277,1800.0,3.0,10.7,normal
1697504353.835,45.277,1800.0,4.0,10.7,normal
1697504354.341,44.79,600.0,4.0,10.7,normal
1697504354.852,45.277,600.0,4.4,10.7,normal
1697504355.355,45.764,1800.0,23.9,10.4,normal
1697504355.858,45.277,1800.0,30.0,10.6,normal
1697504356.361,45.764,1800.0,4.0,10.6,normal
1697504356.863,46.251,1800.0,2.5,10.6,normal
1697504357.366,45.277,1800.0,3.5,10.6,normal
1697504357.868,45.764,1800.0,3.5,10.6,normal
1697504358.371,46.251,1800.0,4.0,10.7,normal
1697504358.873,45.277,1800.0,5.0,10.7,normal
1697504359.376,44.79,1800.0,3.5,10.7,normal
1697504359.878,45.277,1800.0,3.5,10.7,normal
1697504360.384,45.764,600.0,5.9,10.7,normal
1697504360.89,44.79,600.0,4.9,10.6,normal
1697504361.393,44.79,1800.0,29.9,10.4,normal
1697504361.895,45.764,1800.0,24.7,10.7,normal
1697504362.398,45.764,1800.0,5.0,10.7,normal
1697504362.901,46.251,1800.0,4.0,10.7,normal
1697504363.403,45.764,1800.0,3.9,10.7,normal
1697504363.906,46.251,1800.0,3.5,10.7,normal
1697504364.409,45.764,1800.0,4.5,10.7,normal
1697504364.911,46.251,1800.0,3.0,10.7,normal
1697504365.414,45.764,1800.0,3.0,10.7,normal
1697504365.916,45.277,1800.0,2.0,10.7,normal
1697504366.422,45.764,600.0,6.4,10.7,normal
1697504366.927,45.764,700.0,9.0,10.1,normal
1697504367.431,45.764,1800.0,28.4,10.4,normal
1697504367.934,45.277,1800.0,23.4,10.6,normal
1697504368.436,46.251,1800.0,3.5,10.6,normal
1697504368.939,45.764,1800.0,5.0,10.6,normal
1697504369.442,45.277,1800.0,4.0,10.6,normal
1697504369.944,45.764,1800.0,4.5,10.6,normal
1697504370.447,45.764,1800.0,4.0,10.6,normal
1697504370.949,45.764,1800.0,3.0,10.6,normal
1697504371.452,45.764,1800.0,3.0,10.6,normal
1697504371.954,45.277,1800.0,4.0,10.6,normal
1697504372.46,44.79,600.0,4.9,10.6,normal
1697504372.964,45.764,1800.0,12.0,9.8,normal
1697504373.467,46.738,1800.0,31.0,10.5,normal
1697504373.97,45.277,1800.0,16.4,10.6,normal
1697504374.473,45.277,1800.0,3.5,10.6,normal
1697504374.98,45.764,1800.0,4.0,10.6,normal
1697504375.482,45.764,1800.0,3.5,10.6,normal
1697504375.985,45.764,1800.0,4.5,10.6,normal
1697504376.488,46.738,1800.0,3.0,10.6,normal
1697504376.99,45.277,1800.0,3.5,10.6,normal
1697504377.493,45.277,1800.0,3.5,10.6,normal
1697504377.997,45.764,700.0,3.5,10.7,normal
1697504378.502,46.251,900.0,4.5,10.6,normal
1697504379.006,45.277,900.0,5.5,10.7,normal
1697504379.509,47.225,1800.0,27.2,10.5,normal
1697504380.016,46.251,1800.0,26.7,10.7,normal
1697504380.519,45.764,1800.0,3.5,10.7,normal
1697504381.021,46.251,1800.0,3.0,10.7,normal
1697504381.524,46.251,1800.0,4.4,10.7,normal
1697504382.026,44.79,1800.0,3.5,10.7,normal
1697504382.529,45.764,1800.0,3.5,10.7,normal
1697504383.032,45.764,1800.0,3.0,10.7,normal
1697504383.534,45.764,1800.0,3.5,10.7,normal
1697504384.037,45.764,1800.0,4.5,10.7,normal
1697504384.541,44.79,800.0,4.5,10.7,normal
1697504385.05,45.277,1000.0,5.9,10.6,normal
1697504385.553,45.764,1800.0,28.9,10.5,normal
1697504386.056,46.738,1800.0,23.1,10.7,normal
1697504386.559,45.277,1800.0,3.0,10.7,normal
1697504387.061,46.251,1800.0,2.0,10.7,normal
1697504387.564,46.738,1800.0,2.5,10.7,normal
1697504388.066,46.738,1800.0,3.5,10.7,normal
1697504388.569,45.764,1800.0,3.5,10.7,normal
1697504389.072,46.251,1800.0,6.4,10.7,normal
1697504389.574,46.251,1800.0,3.0,10.7,normal
1697504390.077,45.277,1800.0,3.5,10.7,normal
1697504390.582,45.277,700.0,3.4,10.7,normal
1697504391.086,44.303,900.0,5.0,10.7,normal
1697504391.589,46.251,1800.0,23.1,10.2,normal
1697504392.092,45.764,1800.0,32.2,10.6,normal
1697504392.595,46.251,1800.0,3.9,10.6,normal
1697504393.097,45.764,1800.0,2.5,10.6,normal
1697504393.6,45.764,1800.0,3.0,10.6,normal
1697504394.102,45.764,1800.0,4.0,10.6,normal
1697504394.605,46.251,1800.0,3.0,10.6,normal
1697504395.107,46.251,1800.0,2.5,10.6,normal
1697504395.61,46.738,1800.0,3.0,10.6,normal
1697504396.112,46.251,1800.0,4.0,10.7,normal
1697504396.618,44.79,600.0,3.5,10.7,normal
1697504397.123,45.764,600.0,4.0,10.6,normal
1697504397.627,46.738,1800.0,27.9,10.4,normal
1697504398.13,45.764,1800.0,26.0,10.6,normal
1697504398.632,45.277,1800.0,4.5,10.6,normal
1697504399.135,46.251,1800.0,4.5,10.6,normal
1697504399.637,45.277,1800.0,4.0,10.6,normal
1697504400.14,45.277,1800.0,3.5,10.6,normal
1697504400.642,46.251,1800.0,4.5,10.6,normal
1697504401.145,45.277,1800.0,3.5,10.6,normal
1697504401.647,45.764,1800.0,3.5,10.6,normal
1697504402.15,45.764,1800.0,3.9,10.6,normal
1697504402.654,44.79,800.0,5.0,10.6,normal
1697504403.159,45.764,800.0,5.4,10.6,normal
1697504403.662,46.251,1800.0,21.0,10.3,normal
1697504404.164,45.277,1800.0,34.7,10.6,normal
1697504404.667,45.764,1800.0,5.0,10.6,normal
1697504405.17,45.277,1800.0,4.0,10.6,normal
1697504405.672,45.764,1800.0,3.5,10.6,normal
1697504406.175,46.251,1800.0,3.0,10.7,normal
1697504406.677,45.764,1800.0,3.5,10.7,normal
1697504407.18,45.764,1800.0,4.4,10.7,normal
1697504407.682,45.764,1800.0,3.5,10.7,normal
1697504408.185,45.277,1800.0,4.0,10.7,normal
1697504408.689,45.277,800.0,3.0,10.7,normal
1697504409.193,46.251,900.0,6.9,10.7,normal
1697504409.696,45.277,1800.0,25.5,10.4,normal
1697504410.199,45.764,1800.0,29.6,10.6,normal
1697504410.701,47.225,1800.0,3.0,10.6,normal
1697504411.204,46.251,1800.0,4.0,10.7,normal
1697504411.706,45.277,1800.0,4.0,10.7,normal
1697504412.209,46.251,1800.0,3.5,10.7,normal
1697504412.711,45.277,1800.0,3.0,10.7,normal
1697504413.214,46.738,1800.0,4.5,10.7,normal
1697504413.716,46.251,1800.0,4.0,10.7,normal
1697504414.219,45.277,1800.0,5.0,10.7,normal
1697504414.724,45.277,625.0,4.5,10.7,normal
1697504415.229,45.277,800.0,5.4,10.7,normal
1697504415.732,46.251,1800.0,19.5,10.2,normal
1697504416.235,46.251,1800.0,37.8,10.6,normal
1697504416.737,46.251,1800.0,5.0,10.6,normal
1697504417.24,45.764,1800.0,4.0,10.6,normal
1697504417.742,45.277,1800.0,4.0,10.6,normal
1697504418.245,45.764,1800.0,3.0,10.6,normal
1697504418.747,45.764,1800.0,3.5,10.6,normal
1697504419.25,46.251,1800.0,4.0,10.7,normal
1697504419.752,45.764,1800.0,5.0,10.7,normal
1697504420.255,46.251,1800.0,4.0,10.7,normal
1697504420.759,46.251,800.0,4.0,10.7,normal
1697504421.264,45.764,700.0,4.0,10.7,normal
1697504421.767,46.251,1800.0,21.9,10.4,normal
1697504422.27,46.738,1800.0,32.2,10.7,normal
1697504422.773,46.738,1800.0,5.0,10.7,normal
1697504423.275,46.251,1800.0,3.0,10.7,normal
1697504423.778,45.764,1800.0,4.0,10.7,normal
1697504424.28,46.251,1800.0,4.5,10.7,normal
1697504424.783,45.764,1800.0,4.0,10.7,normal
1697504425.285,46.251,1800.0,4.0,10.7,normal
1697504425.788,46.251,1800.0,3.5,10.7,normal
1697504426.291,46.251,1800.0,3.5,10.6,normal
1697504426.795,46.251,700.0,4.0,10.6,normal
1697504427.301,46.251,600.0,3.5,10.6,normal
1697504427.804,46.251,1800.0,14.9,10.0,normal
1697504428.307,46.738,1800.0,37.5,10.5,normal
1697504428.809,45.277,1800.0,8.0,10.6,normal
1697504429.312,46.251,1800.0,3.5,10.6,normal
1697504429.815,45.764,1800.0,4.0,10.6,normal
1697504430.318,45.764,1800.0,3.0,10.6,normal
1697504430.823,46.251,1800.0,3.0,10.6,normal
1697504431.326,45.277,1800.0,3.0,10.6,normal
1697504431.829,44.79,1800.0,3.0,10.6,normal
1697504432.331,45.764,1800.0,3.0,10.6,normal
1697504432.837,45.277,600.0,3.5,10.6,normal
1697504433.343,44.303,600.0,4.9,10.6,normal
1697504433.847,45.277,800.0,7.4,10.6,normal
1697504434.35,45.277,1800.0,28.5,10.5,normal
1697504434.853,45.277,1800.0,23.7,10.6,normal
1697504435.356,46.251,1800.0,2.5,10.6,normal
1697504435.858,45.764,1800.0,3.0,10.7,normal
1697504436.361,46.251,1800.0,2.5,10.7,normal
1697504436.863,45.277,1800.0,2.0,10.7,normal
1697504437.366,45.277,1800.0,2.5,10.7,normal
1697504437.868,44.79,1800.0,2.0,10.7,normal
1697504438.371,44.79,1800.0,3.0,10.7,normal
1697504438.874,46.251,1800.0,4.5,10.7,normal
1697504439.38,43.816,600.0,4.4,10.7,normal
1697504439.886,45.764,600.0,4.9,10.7,normal
1697504440.39,45.764,1800.0,24.9,10.5,normal
1697504440.893,46.251,1800.0,28.3,10.7,normal
1697504441.395,45.764,1800.0,3.5,10.7,normal
1697504441.898,45.277,1800.0,4.0,10.7,normal
1697504442.4,46.251,1800.0,3.9,10.7,normal
1697504442.903,45.764,1800.0,3.0,10.7,normal
1697504443.406,45.764,1800.0,3.4,10.7,normal
1697504443.909,44.79,1800.0,5.5,10.7,normal
1697504444.411,46.251,1800.0,2.0,10.7,normal
1697504444.914,45.764,1800.0,4.0,10.6,normal
1697504445.42,46.251,600.0,2.5,10.6,normal
1697504445.93,44.79,600.0,4.4,10.6,normal
1697504446.434,45.277,1800.0,18.0,10.3,normal
1697504446.936,46.251,1800.0,35.7,10.6,normal
1697504447.439,45.764,1800.0,2.0,10.6,normal
1697504447.941,44.79,1800.0,1.0,10.6,normal
1697504448.444,45.277,1800.0,5.4,10.6,normal
1697504448.946,45.764,1800.0,7.4,10.6,normal
1697504449.449,45.277,1800.0,3.9,10.6,normal
1697504449.951,45.764,1800.0,3.5,10.7,normal
1697504450.454,45.764,1800.0,5.0,10.7,normal
1697504450.957,45.764,1800.0,3.0,10.7,normal
1697504451.462,45.277,600.0,5.0,10.7,normal
1697504451.968,45.277,600.0,5.0,10.7,normal
1697504452.471,45.764,1800.0,12.5,10.0,normal
1697504452.974,46.251,1800.0,33.3,10.5,normal
1697504453.477,47.225,1800.0,12.9,10.6,normal
1697504453.979,45.277,1800.0,4.5,10.6,normal
1697504454.482,45.277,1800.0,3.0,10.6,normal
1697504454.985,44.79,1800.0,3.0,10.6,normal
1697504455.487,46.738,1800.0,3.0,10.6,normal
1697504455.99,45.277,1800.0,4.0,10.6,normal
1697504456.492,45.277,1800.0,3.0,10.6,normal
1697504456.995,46.251,1800.0,3.5,10.7,normal
1697504457.5,45.764,700.0,3.4,10.7,normal
1697504458.003,44.303,1100.0,5.9,10.6,normal
1697504458.508,45.764,900.0,6.4,10.6,normal
1697504459.011,46.251,1800.0,29.9,10.4,normal
1697504459.513,46.251,1800.0,23.6,10.6,normal
1697504460.016,45.277,1800.0,3.5,10.6,normal
1697504460.518,45.277,1800.0,3.5,10.6,normal
1697504461.021,46.251,1800.0,4.0,10.6,normal
1697504461.523,46.251,1800.0,3.0,10.6,normal
1697504462.026,46.251,1800.0,3.5,10.6,normal
1697504462.528,46.251,1800.0,3.5,10.6,normal
1697504463.031,45.277,1800.0,3.5,10.6,normal
1697504463.534,45.764,1800.0,3.0,10.6,normal
1697504464.038,44.79,800.0,5.9,10.6,normal
1697504464.542,45.277,1100.0,12.4,9.7,normal
1697504465.046,46.251,1800.0,30.0,10.5,normal
1697504465.548,45.764,1800.0,20.9,10.6,normal
1697504466.051,45.764,1800.0,3.0,10.6,normal
1697504466.553,46.251,1800.0,4.5,10.6,normal
1697504467.056,45.277,1800.0,3.0,10.6,normal
1697504467.558,46.251,1800.0,3.0,10.6,normal
1697504468.061,45.277,1800.0,3.0,10.6,normal
1697504468.563,45.764,1800.0,3.5,10.7,normal
1697504469.066,45.277,1800.0,3.5,10.7,normal
1697504469.568,46.738,1800.0,3.5,10.7,normal
1697504470.073,45.764,800.0,4.0,10.7,normal
1697504470.577,45.277,800.0,4.0,10.7,normal
1697504471.081,46.251,1800.0,28.1,10.4,normal
1697504471.584,46.251,1800.0,28.4,10.6,normal
1697504472.087,45.277,1800.0,3.0,10.6,normal
1697504472.589,45.277,1800.0,3.4,10.6,normal
1697504473.092,45.764,1800.0,3.5,10.6,normal
1697504473.594,46.251,1800.0,4.0,10.6,normal
1697504474.097,45.764,1800.0,4.0,10.6,normal
1697504474.599,46.251,1800.0,3.0,10.7,normal
1697504475.102,47.225,1800.0,4.0,10.7,normal
1697504475.604,45.764,1800.0,3.0,10.7,normal
1697504476.109,45.277,700.0,4.5,10.7,normal
1697504476.614,45.764,700.0,4.0,10.7,normal
1697504477.117,45.277,1800.0,18.4,10.2,normal
1697504477.619,46.251,1800.0,34.7,10.7,normal
1697504478.122,45.764,1800.0,3.0,10.6,normal
1697504478.624,46.251,1800.0,3.0,10.6,normal
1697504479.127,44.79,1800.0,4.0,10.6,normal
1697504479.63,45.277,1800.0,3.5,10.6,normal
1697504480.132,45.764,1800.0,3.0,10.6,normal
1697504480.635,44.303,1800.0,3.0,10.6,normal
1697504481.137,44.79,1800.0,3.0,10.6,normal
1697504481.64,45.277,1800.0,4.0,10.6,normal
1697504482.145,45.277,600.0,4.5,10.6,normal
1697504482.649,45.277,1000.0,5.9,10.6,normal
1697504483.152,46.251,1800.0,11.0,10.1,normal
1697504483.656,46.738,1800.0,35.6,10.6,normal
1697504484.158,45.764,1800.0,13.0,10.7,normal
1697504484.661,46.251,1800.0,3.0,10.7,normal
1697504485.163,45.277,1800.0,3.0,10.7,normal
1697504485.666,45.277,1800.0,4.5,10.7,normal
1697504486.169,46.251,1800.0,3.0,10.7,normal
1697504486.671,45.277,1800.0,2.5,10.7,normal
1697504487.174,45.764,1800.0,3.0,10.7,normal
1697504487.676,45.277,1800.0,3.5,10.7,normal
1697504488.181,44.303,700.0,4.5,10.7,normal
1697504488.685,44.79,800.0,4.0,10.7,normal
1697504489.19,45.277,800.0,7.4,10.6,normal
1697504489.693,46.251,1800.0,28.4,10.5,normal
1697504490.196,45.764,1800.0,26.1,10.7,normal
1697504490.699,45.764,1800.0,3.5,10.7,normal
1697504491.201,46.251,1800.0,3.5,10.7,normal
1697504491.704,45.277,1800.0,3.0,10.7,normal
1697504492.206,45.764,1800.0,4.4,10.7,normal
1697504492.709,45.764,1800.0,3.0,10.7,normal
1697504493.211,46.251,1800.0,12.4,10.7,normal
1697504493.714,45.764,1800.0,2.5,10.7,normal
1697504494.216,46.251,1800.0,4.5,10.7,normal
1697504494.721,45.764,800.0,4.5,10.7,normal
1697504495.223,45.764,1800.0,9.4,9.6,normal
1697504495.726,45.764,1800.0,28.9,10.5,normal
1697504496.229,45.764,1800.0,20.6,10.7,normal
1697504496.731,45.277,1800.0,4.9,10.7,normal
1697504497.234,45.764,1800.0,3.0,10.7,normal
1697504497.736,45.764,1800.0,3.5,10.7,normal
1697504498.239,45.764,1800.0,3.0,10.7,normal
1697504498.742,45.277,1800.0,4.4,10.7,normal
1697504499.244,45.764,1800.0,4.0,10.7,normal
1697504499.747,45.277,1800.0,3.5,10.7,normal
1697504500.252,45.277,700.0,3.5,10.7,normal
1697504500.757,45.764,700.0,5.9,10.7,normal
1697504501.262,45.764,700.0,4.5,10.7,normal
1697504501.765,46.251,1800.0,25.9,10.4,normal
1697504502.268,46.251,1800.0,29.9,10.7,normal
1697504502.771,45.764,1800.0,4.0,10.7,normal
1697504503.273,46.251,1800.0,3.0,10.7,normal
1697504503.776,45.277,1800.0,3.0,10.7,normal
1697504504.278,45.277,1800.0,4.0,10.7,normal
1697504504.781,46.251,1800.0,4.0,10.7,normal
1697504505.284,45.277,1800.0,3.4,10.7,normal
1697504505.786,44.79,1800.0,3.5,10.7,normal
1697504506.289,45.277,1800.0,2.0,10.7,normal
1697504506.793,45.277,900.0,5.4,10.7,normal
1697504507.298,45.764,600.0,3.5,10.6,normal
1697504507.802,46.738,1800.0,26.6,10.5,normal
1697504508.304,44.79,1800.0,23.7,10.6,normal
1697504508.807,45.764,1800.0,3.0,10.6,normal
1697504509.31,46.251,1800.0,7.9,10.7,normal
1697504509.812,45.764,1800.0,3.5,10.7,normal
1697504510.315,45.764,1800.0,4.5,10.7,normal
1697504510.817,46.251,1800.0,3.5,10.7,normal
1697504511.32,46.738,1800.0,3.0,10.7,normal
1697504511.822,44.79,1800.0,3.5,10.7,normal
1697504512.325,46.738,1800.0,3.0,10.7,normal
1697504512.83,44.79,600.0,3.0,10.7,normal
1697504513.336,45.277,600.0,4.0,10.7,normal
1697504513.84,46.738,1800.0,24.3,10.4,normal
1697504514.346,45.764,1800.0,31.5,10.6,normal
1697504514.848,44.79,1800.0,4.0,10.6,normal
1697504515.351,45.277,1800.0,3.5,10.6,normal
1697504515.853,45.764,1800.0,4.5,10.6,normal
1697504516.355,45.764,1800.0,2.5,10.6,normal
1697504516.858,46.738,1800.0,3.0,10.6,normal
1697504517.361,46.251,1800.0,3.0,10.6,normal
1697504517.863,46.251,1800.0,2.0,10.6,normal
1697504518.366,46.251,1800.0,2.5,10.6,normal
1697504518.871,45.764,600.0,4.0,10.6,normal
1697504519.377,45.277,600.0,3.5,10.6,normal
1697504519.881,46.251,1800.0,15.4,10.1,normal
1697504520.383,46.738,1800.0,37.6,10.5,normal
1697504520.886,45.277,1800.0,5.5,10.6,normal
1697504521.389,45.764,1800.0,3.5,10.6,normal
1697504521.891,45.277,1800.0,4.4,10.6,normal
1697504522.394,46.738,1800.0,4.0,10.6,normal
1697504522.897,46.251,1800.0,2.0,10.6,normal
1697504523.399,45.764,1800.0,3.5,10.6,normal
1697504523.902,45.764,1800.0,6.4,10.6,normal
1697504524.404,46.251,1800.0,3.5,10.6,normal
1697504524.91,45.277,600.0,4.4,10.7,normal
1697504525.415,44.79,800.0,5.0,10.7,normal
1697504525.918,46.251,1800.0,21.8,10.3,normal
1697504526.42,46.738,1800.0,35.2,10.6,normal
1697504526.923,46.251,1800.0,3.5,10.6,normal
1697504527.426,45.764,1800.0,3.9,10.6,normal
1697504527.928,46.251,1800.0,3.5,10.6,normal
1697504528.431,45.277,1800.0,3.0,10.6,normal
1697504528.933,47.225,1800.0,4.0,10.6,normal
1697504529.436,46.251,1800.0,4.5,10.6,normal
1697504529.938,46.251,1800.0,3.0,10.6,normal
1697504530.441,46.251,1800.0,3.5,10.7,normal
1697504530.947,45.764,600.0,4.0,10.7,normal
1697504531.452,46.251,700.0,5.4,10.7,normal
1697504531.955,45.764,1800.0,13.0,10.1,normal
1697504532.458,45.764,1800.0,37.6,10.6,normal
1697504532.961,45.764,1800.0,7.5,10.6,normal
1697504533.463,47.225,1800.0,4.0,10.6,normal
1697504533.966,46.251,1800.0,4.5,10.6,normal
1697504534.468,44.79,1800.0,3.0,10.6,normal
1697504534.971,46.251,1800.0,3.5,10.6,normal
1697504535.474,45.277,1800.0,4.0,10.6,normal
1697504535.976,46.251,1800.0,3.5,10.6,normal
1697504536.479,45.764,1800.0,3.9,10.6,normal
1697504536.983,44.79,800.0,4.5,10.6,normal
1697504537.488,45.277,800.0,5.4,10.7,normal
1697504537.992,45.764,900.0,6.5,10.5,normal
1697504538.495,46.738,1800.0,28.9,10.4,normal
1697504538.998,46.251,1800.0,23.5,10.7,normal
1697504539.5,46.251,1800.0,4.5,10.7,normal
1697504540.003,45.277,1800.0,3.5,10.7,normal
1697504540.506,45.764,1800.0,3.5,10.7,normal
1697504541.008,45.277,1800.0,3.5,10.7,normal
1697504541.511,46.251,1800.0,4.0,10.7,normal
1697504542.013,45.764,1800.0,3.0,10.7,normal
1697504542.516,46.251,1800.0,3.5,10.7,normal
1697504543.019,44.79,1800.0,2.0,10.7,normal
1697504543.524,45.277,600.0,2.0,10.7,normal
1697504544.03,45.277,600.0,3.4,10.7,normal
1697504544.533,46.251,1800.0,26.4,10.4,normal
1697504545.036,45.764,1800.0,30.2,10.7,normal
1697504545.538,45.764,1800.0,3.5,10.7,normal
1697504546.041,45.277,1800.0,4.0,10.7,normal
1697504546.543,45.277,1800.0,3.0,10.7,normal
1697504547.046,45.277,1800.0,3.5,10.7,normal
1697504547.548,45.764,1800.0,3.5,10.7,normal
1697504548.051,44.79,1800.0,4.5,10.7,normal
1697504548.554,45.764,1800.0,3.5,10.7,normal
1697504549.056,46.738,1800.0,4.9,10.7,normal
1697504549.56,46.251,900.0,4.5,10.7,normal
1697504550.065,44.79,900.0,4.5,10.7,normal
1697504550.568,44.79,1800.0,16.5,10.3,normal
1697504551.071,45.277,1800.0,37.5,10.6,normal
1697504551.573,46.251,1800.0,3.5,10.7,normal
1697504552.076,45.764,1800.0,4.5,10.7,normal
1697504552.579,45.277,1800.0,3.5,10.7,normal
1697504553.081,46.251,1800.0,4.0,10.7,normal
1697504553.584,45.277,1800.0,3.5,10.6,normal
1697504554.086,45.277,1800.0,4.5,10.7,normal
1697504554.589,46.251,1800.0,3.0,10.7,normal
1697504555.091,45.277,1800.0,4.0,10.7,normal
1697504555.597,45.764,600.0,4.0,10.6,normal
1697504556.103,45.277,600.0,5.4,10.7,normal
1697504556.606,45.764,1800.0,22.7,10.3,normal
1697504557.109,46.738,1800.0,31.2,10.7,normal
1697504557.611,46.251,1800.0,3.0,10.7,normal
1697504558.114,46.251,1800.0,4.5,10.7,normal
1697504558.617,45.764,1800.0,3.0,10.7,normal
1697504559.119,46.251,1800.0,4.5,10.7,normal
1697504559.622,45.764,1800.0,3.0,10.7,normal
1697504560.124,45.277,1800.0,1.5,10.7,normal
1697504560.627,45.764,1800.0,2.5,10.7,normal
1697504561.129,45.764,1800.0,3.0,10.7,normal
1697504561.635,45.764,600.0,4.0,10.7,normal
1697504562.142,45.277,600.0,3.9,10.7,normal
1697504562.646,46.738,1800.0,28.2,10.4,normal
1697504563.149,45.764,1800.0,27.5,10.6,normal
1697504563.651,45.764,1800.0,3.5,10.6,normal
1697504564.154,47.225,1800.0,4.5,10.6,normal
1697504564.656,45.764,1800.0,3.5,10.6,normal
1697504565.159,45.277,1800.0,3.5,10.6,normal
1697504565.662,44.303,1800.0,3.0,10.6,normal
1697504566.164,46.738,1800.0,2.5,10.6,normal
1697504566.667,46.251,1800.0,3.0,10.6,normal
1697504567.169,45.764,1800.0,3.5,10.6,normal
1697504567.675,45.277,600.0,3.0,10.6,normal
1697504568.181,45.277,600.0,7.9,10.5,normal
1697504568.684,46.251,1800.0,29.6,10.4,normal
1697504569.187,45.764,1800.0,24.6,10.6,normal
1697504569.689,46.251,1800.0,2.0,10.6,normal
1697504570.192,45.764,1800.0,3.5,10.6,normal
1697504570.694,45.764,1800.0,3.5,10.6,normal
1697504571.197,45.277,1800.0,4.0,10.7,normal
1697504571.699,46.251,1800.0,3.0,10.7,normal
1697504572.202,46.251,1800.0,3.0,10.7,normal
1697504572.704,44.79,1800.0,3.5,10.7,normal
1697504573.207,45.277,1800.0,4.5,10.7,normal
1697504573.713,44.79,600.0,4.5,10.7,normal
1697504574.219,44.303,800.0,6.4,10.7,normal
1697504574.722,44.79,1800.0,23.5,10.3,normal
1697504575.224,46.738,1800.0,31.8,10.6,normal
1697504575.727,46.738,1800.0,2.5,10.6,normal
1697504576.229,45.764,1800.0,4.0,10.6,normal
1697504576.732,45.764,1800.0,3.0,10.6,normal
1697504577.234,45.764,1800.0,4.4,10.6,normal
1697504577.737,45.277,1800.0,4.5,10.6,normal
1697504578.239,45.764,1800.0,3.0,10.6,normal
1697504578.742,45.764,1800.0,5.0,10.6,normal
1697504579.244,45.277,1800.0,4.5,10.6,normal
1697504579.75,46.251,600.0,5.4,10.6,normal
1697504580.255,44.79,800.0,2.0,10.6,normal
1697504580.757,46.251,1800.0,25.9,10.4,normal
1697504581.26,46.251,1800.0,27.8,10.6,normal
1697504581.763,45.764,1800.0,2.0,10.6,normal
1697504582.265,45.764,1800.0,1.5,10.6,normal
1697504582.768,46.251,1800.0,6.5,10.7,normal
1697504583.27,44.303,1800.0,3.5,10.7,normal
1697504583.773,46.251,1800.0,4.0,10.7,normal
1697504584.275,45.764,1800.0,4.5,10.7,normal
1697504584.778,45.277,1800.0,3.5,10.7,normal
1697504585.28,46.251,1800.0,4.0,10.7,normal
1697504585.785,44.79,700.0,4.4,10.7,normal
1697504586.292,44.79,600.0,5.4,10.7,normal
1697504586.795,46.251,1800.0,22.3,10.4,normal
1697504587.298,46.251,1800.0,32.8,10.7,normal
1697504587.8,45.764,1800.0,3.5,10.7,normal
1697504588.303,45.277,1800.0,4.0,10.7,normal
1697504588.805,46.251,1800.0,4.0,10.7,normal
1697504589.308,45.764,1800.0,3.5,10.7,normal
1697504589.81,45.277,1800.0,3.0,10.7,normal
1697504590.313,45.277,1800.0,3.5,10.7,normal
1697504590.816,46.251,1800.0,3.5,10.7,normal
1697504591.318,45.764,1800.0,3.5,10.7,normal
1697504591.823,46.251,700.0,3.5,10.7,normal
1697504592.328,44.79,800.0,5.0,10.7,normal
1697504592.831,45.277,1800.0,23.5,10.3,normal
1697504593.333,45.277,1800.0,30.7,10.6,normal
1697504593.836,45.277,1800.0,3.5,10.6,normal
1697504594.338,45.764,1800.0,2.5,10.6,normal
1697504594.841,46.251,1800.0,3.5,10.6,normal
1697504595.343,45.764,1800.0,2.5,10.6,normal
1697504595.846,46.251,1800.0,4.5,10.6,normal
1697504596.348,45.277,1800.0,2.0,10.7,normal
1697504596.851,45.764,1800.0,4.0,10.7,normal
1697504597.353,44.79,1800.0,2.0,10.7,normal
1697504597.859,44.79,600.0,4.5,10.7,normal
1697504598.365,44.79,600.0,4.9,10.6,normal
1697504598.867,45.764,1800.0,30.0,10.4,normal
1697504599.37,46.251,1800.0,28.4,10.6,normal
1697504599.873,45.764,1800.0,2.5,10.6,normal
1697504600.376,46.738,1800.0,3.0,10.6,normal
1697504600.878,45.764,1800.0,4.4,10.6,normal
1697504601.381,45.764,1800.0,1.5,10.6,normal
1697504601.884,45.764,1800.0,3.0,10.6,normal
1697504602.387,44.79,1800.0,1.5,10.6,normal
1697504602.89,45.764,1800.0,3.0,10.6,normal
1697504603.392,45.277,1800.0,4.0,10.6,normal
1697504603.897,46.251,700.0,4.9,10.6,normal
1697504604.403,44.79,600.0,4.5,10.6,normal
1697504604.906,45.277,1800.0,19.9,10.1,normal
1697504605.409,45.764,1800.0,37.0,10.6,normal
1697504605.911,46.251,1800.0,3.0,10.6,normal
1697504606.414,45.277,1800.0,2.0,10.6,normal
1697504606.916,45.277,1800.0,4.0,10.6,normal
1697504607.419,45.764,1800.0,2.5,10.6,normal
1697504607.921,45.764,1800.0,3.0,10.6,normal
1697504608.424,44.79,1800.0,2.5,10.6,normal
1697504608.927,45.764,1800.0,4.0,10.6,normal
1697504609.43,45.277,1800.0,4.5,10.6,normal
1697504609.935,45.277,700.0,5.0,10.6,normal
1697504610.44,45.277,700.0,4.4,10.6,normal
1697504610.944,44.303,1800.0,10.9,9.8,normal
1697504611.447,46.251,1800.0,30.7,10.6,normal
1697504611.95,45.277,1800.0,17.5,10.7,normal
1697504612.453,45.764,1800.0,4.0,10.7,normal
1697504612.955,46.251,1800.0,3.0,10.7,normal
1697504613.458,45.764,1800.0,5.0,10.7,normal
1697504613.96,45.277,1800.0,3.5,10.7,normal
1697504614.463,46.251,1800.0,3.5,10.7,normal
1697504614.966,45.764,1800.0,3.0,10.7,normal
1697504615.468,46.251,1800.0,4.5,10.7,normal
1697504615.973,46.251,700.0,4.5,10.7,normal
1697504616.477,45.764,900.0,5.0,10.7,normal
1697504616.984,45.277,800.0,4.0,10.7,normal
1697504617.487,45.764,1800.0,27.9,10.4,normal
1697504617.99,45.277,1800.0,26.6,10.7,normal
1697504618.492,46.251,1800.0,4.0,10.7,normal
1697504618.995,46.738,1800.0,4.0,10.7,normal
1697504619.497,46.251,1800.0,4.0,10.7,normal
1697504620.0,46.251,1800.0,4.0,10.7,normal
1697504620.503,45.764,1800.0,3.5,10.7,normal
1697504621.005,45.277,1800.0,3.5,10.7,normal
1697504621.508,45.764,1800.0,4.5,10.7,normal
1697504622.01,46.251,1800.0,4.0,10.7,normal
1697504622.514,45.764,900.0,4.0,10.7,normal
1697504623.019,45.764,900.0,8.0,9.6,normal
1697504623.523,45.277,1800.0,29.4,10.5,normal
1697504624.025,46.251,1800.0,21.7,10.6,normal
1697504624.528,46.251,1800.0,4.9,10.6,normal
1697504625.031,45.277,1800.0,4.0,10.6,normal
1697504625.533,45.277,1800.0,2.5,10.6,normal
1697504626.036,45.277,1800.0,4.0,10.6,normal
1697504626.538,45.277,1800.0,2.0,10.6,normal
1697504627.041,46.251,1800.0,3.5,10.6,normal
1697504627.543,45.277,1800.0,2.5,10.6,normal
1697504628.046,45.764,1800.0,0.5,10.6,normal
1697504628.55,45.277,1800.0,9.0,10.7,normal
1697504629.052,45.764,1800.0,6.0,10.7,normal
1697504629.555,46.251,1800.0,25.9,10.4,normal
1697504630.058,45.764,1800.0,26.6,10.6,normal
1697504630.56,46.251,1800.0,3.5,10.6,normal
1697504631.063,45.764,1800.0,4.5,10.6,normal
1697504631.565,46.738,1800.0,2.5,10.6,normal
1697504632.068,46.251,1800.0,4.0,10.6,normal
1697504632.57,45.277,1800.0,3.5,10.6,normal
1697504633.073,44.79,1800.0,3.0,10.6,normal
1697504633.578,45.277,600.0,3.4,10.7,normal
1697504634.082,44.79,1000.0,6.0,10.6,normal
1697504634.587,44.79,800.0,5.0,10.7,normal
1697504635.092,45.764,700.0,4.5,10.7,normal
1697504635.595,45.764,1800.0,21.5,10.3,normal
1697504636.098,46.738,1800.0,33.2,10.7,normal
1697504636.6,44.79,1800.0,3.5,10.7,normal
1697504637.103,45.277,1800.0,4.0,10.7,normal
1697504637.605,45.764,1800.0,2.5,10.7,normal
1697504638.108,45.277,1800.0,4.0,10.7,normal
1697504638.61,44.79,1800.0,3.5,10.7,normal
1697504639.113,45.764,1800.0,4.5,10.7,normal
1697504639.615,45.277,1800.0,4.0,10.7,normal
1697504640.118,45.764,1800.0,3.0,10.7,normal
1697504640.623,46.738,600.0,4.0,10.7,normal
1697504641.128,45.277,800.0,5.5,10.7,normal
1697504641.631,45.764,1800.0,14.9,10.0,normal
1697504642.135,46.738,1800.0,37.9,10.6,normal
1697504642.638,45.764,1800.0,8.4,10.7,normal
1697504643.14,44.79,1800.0,2.5,10.7,normal
1697504643.643,45.764,1800.0,2.5,10.7,normal
1697504644.146,47.225,1800.0,4.0,10.7,normal
1697504644.648,45.764,1800.0,3.0,10.7,normal
1697504645.151,44.79,1800.0,3.5,10.7,normal
1697504645.653,46.251,1800.0,4.0,10.7,normal
1697504646.156,45.277,1800.0,3.5,10.7,normal
1697504646.66,45.277,800.0,3.0,10.7,normal
1697504647.165,44.303,700.0,4.5,10.6,normal
1697504647.672,43.816,600.0,5.5,10.5,normal
1697504648.175,46.251,1800.0,28.5,10.5,normal
1697504648.678,45.764,1800.0,24.9,10.7,normal
1697504649.18,45.764,1800.0,4.0,10.7,normal
1697504649.683,45.764,1800.0,3.0,10.7,normal
1697504650.186,46.251,1800.0,4.5,10.7,normal
1697504650.688,45.764,1800.0,3.5,10.7,normal
1697504651.191,44.79,1800.0,3.5,10.7,normal
1697504651.693,45.764,1800.0,3.0,10.7,normal
1697504652.196,45.277,1800.0,5.0,10.7,normal
1697504652.698,46.251,1800.0,3.0,10.7,normal
1697504653.204,44.79,600.0,4.0,10.7,normal
1697504653.71,45.277,600.0,4.9,10.7,normal
1697504654.213,46.251,1800.0,26.0,10.3,normal
1697504654.716,46.251,1800.0,31.5,10.6,normal
1697504655.218,46.251,1800.0,3.5,10.6,normal
1697504655.721,45.277,1800.0,3.0,10.6,normal
1697504656.223,45.764,1800.0,4.0,10.6,normal
1697504656.726,45.764,1800.0,4.0,10.6,normal
1697504657.228,45.277,1800.0,3.5,10.6,normal
1697504657.731,45.277,1800.0,3.5,10.6,normal
1697504658.233,45.764,1800.0,3.0,10.6,normal
1697504658.736,45.277,1800.0,3.5,10.6,normal
1697504659.24,44.79,800.0,5.4,10.6,normal
1697504659.745,44.79,800.0,5.0,10.7,normal
1697504660.247,45.764,1800.0,26.9,10.5,normal
1697504660.75,46.251,1800.0,28.1,10.7,normal
1697504661.253,45.764,1800.0,3.0,10.7,normal
1697504661.755,46.738,1800.0,4.4,10.7,normal
1697504662.258,45.764,1800.0,3.5,10.7,normal
1697504662.76,46.251,1800.0,3.5,10.7,normal
1697504663.263,46.251,1800.0,3.0,10.7,normal
1697504663.765,45.764,1800.0,3.5,10.7,normal
1697504664.268,46.251,1800.0,4.5,10.7,normal
1697504664.77,45.764,1800.0,4.0,10.7,normal
1697504665.275,45.764,800.0,5.0,10.7,normal
1697504665.779,44.303,800.0,5.0,10.7,normal
1697504666.282,45.277,1800.0,19.8,10.3,normal
1697504666.785,45.764,1800.0,34.2,10.6,normal
1697504667.288,45.764,1800.0,4.0,10.6,normal
1697504667.79,45.764,1800.0,4.0,10.6,normal
1697504668.293,45.764,1800.0,3.0,10.6,normal
1697504668.795,44.79,1800.0,3.0,10.7,normal
1697504669.298,47.225,1800.0,5.4,10.7,normal
1697504669.8,45.764,1800.0,4.0,10.7,normal
1697504670.303,45.277,1800.0,3.0,10.7,normal
1697504670.806,45.277,1800.0,3.5,10.7,normal
1697504671.311,45.277,600.0,4.5,10.7,normal
1697504671.815,45.277,800.0,5.0,10.7,normal
1697504672.318,45.277,1800.0,24.9,10.4,normal
1697504672.821,46.251,1800.0,29.1,10.7,normal
1697504673.324,45.277,1800.0,4.0,10.7,normal
1697504673.827,45.277,1800.0,4.0,10.7,normal
1697504674.329,45.277,1800.0,4.0,10.7,normal
1697504674.832,46.251,1800.0,2.5,10.7,normal
1697504675.334,45.764,1800.0,4.0,10.7,normal
1697504675.837,45.764,1800.0,4.0,10.7,normal
1697504676.339,45.764,1800.0,2.5,10.7,normal
1697504676.842,45.764,1800.0,4.0,10.7,normal
1697504677.347,45.764,600.0,3.0,10.7,normal
1697504677.852,45.764,700.0,5.0,10.7,normal
1697504678.355,46.251,1800.0,19.0,10.3,normal
1697504678.858,47.225,1800.0,37.6,10.7,normal
1697504679.36,46.738,1800.0,2.5,10.7,normal
1697504679.863,46.251,1800.0,4.0,10.7,normal
1697504680.366,46.251,1800.0,3.5,10.7,normal
1697504680.869,45.277,1800.0,3.5,10.7,normal
1697504681.372,46.251,1800.0,3.0,10.7,normal
1697504681.875,45.764,1800.0,4.0,10.7,normal
1697504682.378,46.251,1800.0,3.0,10.7,normal
1697504682.88,45.764,1800.0,4.5,10.7,normal
1697504683.387,45.764,600.0,3.9,10.7,normal
1697504683.891,45.764,900.0,5.5,10.7,normal
1697504684.395,45.764,1800.0,11.9,10.0,normal
1697504684.899,46.738,1800.0,32.2,10.5,normal
1697504685.402,45.764,1800.0,11.5,10.6,normal
1697504685.904,45.764,1800.0,2.5,10.6,normal
1697504686.407,44.303,1800.0,3.0,10.6,normal
1697504686.91,45.277,1800.0,3.0,10.6,normal
1697504687.412,45.764,1800.0,2.0,10.7,normal
1697504687.915,45.277,1800.0,3.0,10.7,normal
1697504688.417,45.764,1800.0,1.5,10.7,normal
1697504688.92,46.251,1800.0,7.9,10.7,normal
1697504689.425,46.251,700.0,4.0,10.7,normal
1697504689.931,44.79,600.0,4.9,10.7,normal
1697504690.436,45.277,600.0,5.4,10.6,normal
1697504690.939,46.738,1800.0,29.4,10.6,normal
1697504691.442,45.764,1800.0,25.9,10.7,normal
1697504691.944,45.764,1800.0,3.5,10.7,normal
1697504692.447,45.277,1800.0,4.0,10.7,normal
1697504692.95,45.764,1800.0,3.4,10.7,normal
1697504693.452,45.277,1800.0,2.5,10.7,normal
1697504693.955,46.251,1800.0,4.0,10.7,normal
1697504694.462,46.738,1800.0,4.0,10.7,normal
1697504694.965,45.277,1800.0,3.0,10.7,normal
1697504695.467,44.79,1800.0,3.5,10.7,normal
1697504695.971,45.277,900.0,4.5,10.7,normal
1697504696.476,45.764,1000.0,9.5,9.6,normal
1697504696.979,46.251,1800.0,28.9,10.5,normal
1697504697.482,45.277,1800.0,21.1,10.6,normal
1697504697.984,46.251,1800.0,3.9,10.6,normal
1697504698.487,45.277,1800.0,4.0,10.7,normal
1697504698.989,45.764,1800.0,4.5,10.7,normal
1697504699.492,46.738,1800.0,3.0,10.7,normal
1697504699.994,44.79,1800.0,3.5,10.7,normal
1697504700.497,45.764,1800.0,3.0,10.7,normal
1697504700.999,46.251,1800.0,4.5,10.7,normal
1697504701.502,45.277,1800.0,3.5,10.7,normal
1697504702.006,45.764,900.0,5.4,10.7,normal
1697504702.511,44.79,800.0,4.9,10.7,normal
1697504703.013,46.251,1800.0,27.7,10.4,normal
1697504703.516,46.251,1800.0,29.1,10.6,normal
1697504704.019,45.277,1800.0,3.5,10.6,normal
1697504704.521,45.277,1800.0,3.0,10.6,normal
1697504705.024,46.251,1800.0,4.0,10.7,normal
1697504705.526,45.764,1800.0,3.0,10.7,normal
1697504706.029,45.764,1800.0,3.5,10.7,normal
1697504706.531,45.277,1800.0,4.0,10.7,normal
1697504707.034,45.764,1800.0,4.0,10.7,normal
1697504707.536,46.738,1800.0,3.0,10.7,normal
1697504708.04,45.277,900.0,4.5,10.7,normal
1697504708.545,45.277,900.0,4.0,10.7,normal
1697504709.047,46.251,1800.0,19.0,10.2,normal
1697504709.55,44.79,1800.0,36.0,10.6,normal
1697504710.052,46.738,1800.0,4.0,10.6,normal
1697504710.555,46.251,1800.0,3.0,10.6,normal
1697504711.058,45.764,1800.0,3.5,10.6,normal
1697504711.56,46.251,1800.0,3.5,10.6,normal
1697504712.063,45.277,1800.0,3.0,10.6,normal
1697504712.565,46.251,1800.0,3.0,10.6,normal
1697504713.068,45.764,1800.0,3.0,10.7,normal
1697504713.57,45.277,1800.0,5.4,10.7,normal
1697504714.075,45.277,800.0,4.5,10.7,normal
1697504714.58,45.277,600.0,4.0,10.7,normal
1697504715.083,46.251,1800.0,22.8,10.3,normal
1697504715.586,46.738,1800.0,33.3,10.7,normal
1697504716.088,45.277,1800.0,3.0,10.7,normal
1697504716.591,45.764,1800.0,3.5,10.7,normal
1697504717.093,45.764,1800.0,2.5,10.7,normal
1697504717.596,45.764,1800.0,3.5,10.7,normal
1697504718.098,45.764,1800.0,4.0,10.7,normal
1697504718.601,45.277,1800.0,3.0,10.7,normal
1697504719.104,45.277,1800.0,4.0,10.7,normal
1697504719.606,45.277,1800.0,3.5,10.7,normal
1697504720.11,45.764,1100.0,4.0,10.7,normal
1697504720.615,44.79,600.0,5.4,10.7,normal
1697504721.118,45.277,1800.0,12.4,10.0,normal
1697504721.621,46.738,1800.0,35.0,10.5,normal
1697504722.124,45.277,1800.0,12.4,10.6,normal
1697504722.627,45.764,1800.0,3.5,10.6,normal
1697504723.129,45.764,1800.0,3.0,10.6,normal
1697504723.632,46.738,1800.0,3.0,10.6,normal
1697504724.134,46.251,1800.0,4.5,10.6,normal
1697504724.637,45.764,1800.0,3.5,10.6,normal
1697504725.139,44.303,1800.0,3.0,10.6,normal
1697504725.642,45.277,1800.0,2.5,10.6,normal
1697504726.147,45.277,700.0,3.4,10.7,normal
1697504726.652,44.79,700.0,4.0,10.7,normal
1697504727.158,44.79,600.0,6.0,10.6,normal
1697504727.661,45.277,1800.0,27.5,10.4,normal
1697504728.164,45.764,1800.0,24.0,10.6,normal
1697504728.666,46.251,1800.0,3.0,10.6,normal
1697504729.169,46.251,1800.0,4.0,10.6,normal
1697504729.671,45.277,1800.0,3.5,10.6,normal
1697504730.174,46.251,1800.0,3.5,10.7,normal
1697504730.676,46.251,1800.0,3.5,10.7,normal
1697504731.179,45.764,1800.0,3.9,10.7,normal
1697504731.681,45.764,1800.0,3.5,10.7,normal
1697504732.184,45.764,1800.0,4.5,10.7,normal
1697504732.689,45.764,600.0,3.5,10.7,normal
1697504733.193,45.277,1800.0,12.9,9.9,normal
1697504733.7,46.251,1800.0,32.5,10.6,normal
1697504734.203,45.764,1800.0,15.5,10.7,normal
1697504734.706,46.738,1800.0,3.5,10.7,normal
1697504735.208,45.764,1800.0,3.5,10.7,normal
1697504735.711,46.251,1800.0,3.5,10.7,normal
1697504736.213,45.277,1800.0,3.0,10.7,normal
1697504736.716,46.251,1800.0,3.5,10.7,normal
1697504737.218,45.764,1800.0,3.0,10.7,normal
1697504737.721,45.277,1800.0,4.0,10.7,normal
1697504738.226,45.764,700.0,3.0,10.7,normal
1697504738.73,45.277,800.0,5.9,10.7,normal
1697504739.233,45.764,1800.0,17.5,10.2,normal
1697504739.735,46.251,1800.0,37.7,10.6,normal
1697504740.238,45.277,1800.0,4.5,10.7,normal
1697504740.741,46.251,1800.0,3.5,10.7,normal
1697504741.243,46.251,1800.0,4.0,10.7,normal
1697504741.746,46.251,1800.0,3.5,10.7,normal
1697504742.248,45.764,1800.0,3.5,10.7,normal
1697504742.751,45.277,1800.0,4.0,10.7,normal
1697504743.253,45.277,1800.0,3.0,10.7,normal
1697504743.756,45.764,1800.0,2.5,10.7,normal
1697504744.26,46.251,800.0,5.0,10.7,normal
1697504744.764,45.277,900.0,5.5,10.7,normal
1697504745.267,44.79,1800.0,20.0,10.4,normal
1697504745.77,46.251,1800.0,32.2,10.7,normal
1697504746.272,44.79,1800.0,2.0,10.7,normal
1697504746.775,46.738,1800.0,4.5,10.7,normal
1697504747.277,46.738,1800.0,1.0,10.7,normal
1697504747.78,45.764,1800.0,3.5,10.7,normal
1697504748.282,45.277,1800.0,1.5,10.7,normal
1697504748.785,44.79,1800.0,5.0,10.7,normal
1697504749.288,45.764,1800.0,4.5,10.7,normal
1697504749.79,46.251,1800.0,3.9,10.7,normal
1697504750.295,45.277,800.0,4.0,10.7,normal
1697504750.799,45.764,800.0,5.4,10.7,normal
1697504751.302,45.764,1800.0,16.3,10.1,normal
1697504751.805,46.738,1800.0,36.0,10.6,normal
1697504752.307,44.79,1800.0,6.5,10.6,normal
1697504752.81,45.764,1800.0,3.5,10.6,normal
1697504753.312,46.251,1800.0,3.0,10.6,normal
1697504753.815,45.277,1800.0,3.5,10.6,normal
1697504754.318,46.251,1800.0,3.0,10.6,normal
1697504754.82,45.764,1800.0,3.0,10.6,normal
1697504755.323,45.277,1800.0,3.5,10.6,normal
1697504755.825,45.764,1800.0,3.5,10.6,normal
1697504756.33,45.277,700.0,3.9,10.6,normal
1697504756.835,45.764,800.0,4.0,10.6,normal
1697504757.338,46.251,1800.0,19.4,10.2,normal
1697504757.84,45.764,1800.0,35.4,10.6,normal
1697504758.343,45.764,1800.0,3.5,10.6,normal
1697504758.845,44.79,1800.0,3.5,10.7,normal
1697504759.348,46.251,1800.0,4.5,10.6,normal
1697504759.851,44.79,1800.0,3.5,10.6,normal
1697504760.353,44.79,1800.0,3.5,10.7,normal
1697504760.856,45.277,1800.0,3.0,10.7,normal
1697504761.358,45.764,1800.0,5.4,10.7,normal
1697504761.861,45.277,1800.0,3.0,10.7,normal
1697504762.366,46.251,600.0,4.0,10.7,normal
1697504762.872,45.764,600.0,4.4,10.7,normal
1697504763.375,46.738,1800.0,13.5,10.0,normal
1697504763.885,46.251,1800.0,34.2,10.6,normal
1697504764.387,46.251,1800.0,14.7,10.7,normal
1697504764.89,46.251,1800.0,2.5,10.7,normal
1697504765.392,45.277,1800.0,4.5,10.7,normal
1697504765.895,46.251,1800.0,2.5,10.7,normal
1697504766.398,45.764,1800.0,3.0,10.7,normal
1697504766.9,46.251,1800.0,2.0,10.7,normal
1697504767.403,45.277,1800.0,5.9,10.7,normal
1697504767.905,45.277,1800.0,1.5,10.7,normal
1697504768.41,45.764,700.0,3.5,10.7,normal
1697504768.915,45.764,800.0,5.4,10.7,normal
1697504769.42,45.277,800.0,4.5,10.6,normal
1697504769.923,45.764,1800.0,28.7,10.5,normal
1697504770.426,46.251,1800.0,24.7,10.6,normal
1697504770.928,46.251,1800.0,3.0,10.7,normal
1697504771.431,46.251,1800.0,3.5,10.7,normal
1697504771.933,46.738,1800.0,2.5,10.7,normal
1697504772.436,45.277,1800.0,3.0,10.7,normal
1697504772.938,47.225,1800.0,3.0,10.7,normal
1697504773.441,45.764,1800.0,3.0,10.7,normal
1697504773.944,46.251,1800.0,3.5,10.7,normal
1697504774.446,45.277,1800.0,4.0,10.7,normal
1697504774.952,44.79,600.0,2.5,10.7,normal
1697504775.462,45.277,900.0,7.4,10.7,normal
1697504775.965,46.738,1800.0,20.1,10.2,normal
1697504776.468,45.764,1800.0,34.5,10.6,normal
1697504776.97,45.764,1800.0,3.0,10.6,normal
1697504777.473,46.251,1800.0,4.0,10.6,normal
1697504777.975,45.764,1800.0,3.0,10.6,normal
1697504778.478,46.251,1800.0,3.5,10.6,normal
1697504778.98,45.277,1800.0,3.5,10.6,normal
1697504779.483,46.738,1800.0,4.9,10.6,normal
1697504779.986,45.764,1800.0,3.0,10.6,normal
1697504780.488,45.277,1800.0,2.5,10.6,normal
1697504780.992,45.764,900.0,4.5,10.6,normal
1697504781.496,45.764,900.0,5.0,10.6,normal
1697504781.999,46.251,1800.0,14.9,10.1,normal
1697504782.503,46.738,1800.0,37.5,10.5,normal
1697504783.006,46.738,1800.0,8.5,10.6,normal
1697504783.508,45.277,1800.0,2.5,10.6,normal
1697504784.011,46.738,1800.0,5.0,10.6,normal
1697504784.513,44.79,1800.0,3.0,10.6,normal
1697504785.016,45.764,1800.0,3.5,10.6,normal
1697504785.519,46.251,1800.0,2.5,10.6,normal
1697504786.021,45.764,1800.0,4.9,10.6,normal
1697504786.524,45.764,1800.0,3.0,10.6,normal
1697504787.028,45.277,800.0,3.9,10.6,normal
1697504787.532,45.764,800.0,4.5,10.6,normal
1697504788.036,44.303,1200.0,6.5,10.5,normal
1697504788.539,45.277,1800.0,29.7,10.5,normal
1697504789.042,45.277,1800.0,23.6,10.6,normal
1697504789.544,46.738,1800.0,3.9,10.6,normal
1697504790.047,46.251,1800.0,2.5,10.6,normal
1697504790.549,45.277,1800.0,4.0,10.6,normal
1697504791.052,45.277,1800.0,2.5,10.6,normal
1697504791.555,46.251,1800.0,4.0,10.6,normal
1697504792.057,46.251,1800.0,3.0,10.6,normal
1697504792.56,45.764,1800.0,4.5,10.6,normal
1697504793.062,45.764,1800.0,3.5,10.6,normal
1697504793.566,44.79,900.0,4.5,10.7,normal
1697504794.071,45.764,800.0,5.0,10.6,normal
1697504794.574,46.738,1800.0,24.1,10.3,normal
1697504795.076,46.251,1800.0,30.7,10.6,normal
1697504795.579,46.251,1800.0,3.5,10.6,normal
1697504796.081,46.251,1800.0,3.0,10.6,normal
1697504796.584,45.277,1800.0,4.5,10.6,normal
1697504797.086,44.79,1800.0,3.5,10.6,normal
1697504797.589,45.277,1800.0,3.0,10.6,normal
1697504798.092,46.251,1800.0,4.4,10.6,normal
1697504798.594,46.251,1800.0,2.5,10.7,normal
1697504799.097,45.277,1800.0,5.0,10.7,normal
1697504799.601,45.764,700.0,4.0,10.7,normal
1697504800.108,45.277,600.0,4.0,10.6,normal
1697504800.612,45.277,1800.0,27.7,10.4,normal
1697504801.115,45.764,1800.0,28.1,10.7,normal
1697504801.617,46.251,1800.0,3.5,10.7,normal
1697504802.12,46.251,1800.0,3.0,10.7,normal
1697504802.622,44.79,1800.0,3.5,10.7,normal
1697504803.125,46.251,1800.0,4.0,10.7,normal
1697504803.627,45.764,1800.0,3.0,10.7,normal
1697504804.13,45.764,1800.0,3.5,10.7,normal
1697504804.632,45.277,1800.0,3.0,10.7,normal
1697504805.135,45.764,1800.0,1.5,10.7,normal
1697504805.639,45.764,1000.0,5.0,10.7,normal
1697504806.144,44.303,625.0,2.5,10.7,normal
1697504806.647,45.277,1800.0,19.5,10.2,normal
1697504807.15,46.738,1800.0,34.3,10.6,normal
1697504807.652,45.277,1800.0,2.0,10.6,normal
1697504808.155,46.738,1800.0,2.0,10.6,normal
1697504808.657,45.764,1800.0,4.0,10.6,normal
1697504809.16,45.764,1800.0,3.4,10.6,normal
1697504809.663,44.79,1800.0,4.0,10.6,normal
1697504810.165,45.764,1800.0,3.0,10.6,normal
1697504810.668,45.277,1800.0,2.5,10.6,normal
1697504811.17,46.251,1800.0,2.5,10.6,normal
1697504811.676,45.277,600.0,3.9,10.6,normal
1697504812.181,46.251,700.0,4.0,10.6,normal
1697504812.683,46.251,1800.0,23.5,10.3,normal
1697504813.186,45.277,1800.0,32.0,10.6,normal
1697504813.689,45.764,1800.0,3.5,10.6,normal
1697504814.191,45.764,1800.0,4.0,10.6,normal
1697504814.694,45.764,1800.0,3.9,10.6,normal
1697504815.196,46.738,1800.0,2.5,10.6,normal
1697504815.699,45.764,1800.0,3.0,10.6,normal
1697504816.201,45.764,1800.0,3.5,10.6,normal
1697504816.704,44.79,1800.0,2.5,10.6,normal
1697504817.206,45.277,1800.0,3.5,10.6,normal
1697504817.712,46.251,600.0,3.5,10.6,normal
1697504818.218,44.79,600.0,6.4,10.7,normal
1697504818.721,45.277,1800.0,16.5,10.2,normal
1697504819.224,45.277,1800.0,37.8,10.6,normal
1697504819.726,45.277,1800.0,5.5,10.7,normal
1697504820.229,45.764,1800.0,4.0,10.7,normal
1697504820.731,45.764,1800.0,3.0,10.7,normal
1697504821.234,46.251,1800.0,5.0,10.7,normal
1697504821.736,45.764,1800.0,2.5,10.7,normal
1697504822.239,45.277,1800.0,4.9,10.7,normal
1697504822.742,45.764,1800.0,3.0,10.7,normal
1697504823.244,47.225,1800.0,3.5,10.7,normal
1697504823.75,44.303,600.0,3.0,10.7,normal
1697504824.254,44.79,800.0,5.9,10.7,normal
1697504824.757,46.251,1800.0,10.8,9.6,normal
1697504825.259,45.764,1800.0,28.1,10.6,normal
1697504825.762,45.764,1800.0,20.1,10.7,normal
1697504826.265,46.251,1800.0,3.0,10.7,normal
1697504826.767,46.738,1800.0,3.5,10.7,normal
1697504827.27,46.251,1800.0,3.5,10.7,normal
1697504827.772,45.277,1800.0,3.5,10.7,normal
1697504828.275,44.79,1800.0,3.5,10.7,normal
1697504828.778,45.277,1800.0,4.5,10.7,normal
1697504829.28,46.251,1800.0,4.5,10.7,normal
1697504829.784,45.764,800.0,3.5,10.7,normal
1697504830.289,45.277,900.0,5.4,10.7,normal
1697504830.791,46.251,1800.0,16.0,10.0,normal
1697504831.294,46.738,1800.0,37.9,10.6,normal
1697504831.797,46.251,1800.0,6.5,10.6,normal
1697504832.299,45.277,1800.0,2.5,10.6,normal
1697504832.802,45.764,1800.0,4.0,10.6,normal
1697504833.305,45.277,1800.0,3.5,10.6,normal
1697504833.808,45.277,1800.0,3.0,10.6,normal
1697504834.31,44.303,1800.0,4.5,10.6,normal
1697504834.813,45.764,1800.0,4.5,10.7,normal
1697504835.315,46.251,1800.0,3.5,10.7,normal
1697504835.82,45.277,700.0,3.5,10.7,normal
1697504836.325,46.251,800.0,5.0,10.7,normal
1697504836.83,45.277,800.0,9.9,10.3,normal
1697504837.333,46.738,1800.0,28.4,10.5,normal
1697504837.836,46.251,1800.0,22.1,10.7,normal
1697504838.339,45.764,1800.0,3.0,10.7,normal
1697504838.841,46.251,1800.0,5.0,10.7,normal
1697504839.344,45.277,1800.0,3.5,10.7,normal
1697504839.846,45.277,1800.0,3.0,10.7,normal
1697504840.349,45.764,1800.0,3.5,10.7,normal
1697504840.851,45.764,1800.0,4.0,10.7,normal
1697504841.354,45.764,1800.0,4.0,10.7,normal
1697504841.856,45.277,1800.0,3.9,10.7,normal
1697504842.362,44.79,600.0,5.0,10.7,normal
1697504842.869,45.277,1800.0,13.4,10.1,normal
1697504843.372,47.712,1800.0,32.8,10.6,normal
1697504843.875,46.738,1800.0,15.4,10.6,normal
1697504844.377,45.277,1800.0,3.5,10.6,normal
1697504844.88,47.225,1800.0,5.4,10.6,normal
1697504845.383,45.277,1800.0,3.0,10.6,normal
1697504845.885,46.251,1800.0,3.5,10.6,normal
1697504846.388,45.277,1800.0,3.0,10.6,normal
1697504846.89,46.738,1800.0,5.0,10.6,normal
1697504847.393,45.764,1800.0,3.0,10.6,normal
1697504847.897,45.764,700.0,4.9,10.6,normal
1697504848.402,44.79,900.0,5.9,10.6,normal
1697504848.905,46.251,1800.0,18.0,10.1,normal
1697504849.408,46.738,1800.0,36.9,10.6,normal
1697504849.911,46.251,1800.0,7.0,10.7,normal
1697504850.413,46.251,1800.0,4.0,10.7,normal
1697504850.916,46.738,1800.0,2.5,10.7,normal
1697504851.418,46.251,1800.0,2.0,10.7,normal
1697504851.921,46.251,1800.0,2.0,10.7,normal
1697504852.423,45.764,1800.0,3.5,10.7,normal
1697504852.926,46.738,1800.0,3.0,10.7,normal
1697504853.429,46.251,1800.0,3.0,10.7,normal
1697504853.933,45.277,700.0,5.9,10.7,normal
1697504854.438,46.251,800.0,4.5,10.7,normal
1697504854.944,44.79,900.0,5.5,10.6,normal
1697504855.447,46.738,1800.0,28.7,10.4,normal
1697504855.949,46.251,1800.0,22.3,10.6,normal
1697504856.452,46.251,1800.0,5.0,10.6,normal
1697504856.955,45.277,1800.0,2.5,10.6,normal
1697504857.457,46.251,1800.0,3.5,10.6,normal
1697504857.96,46.738,1800.0,3.5,10.6,normal
1697504858.462,46.251,1800.0,4.0,10.6,normal
1697504858.965,45.764,1800.0,3.5,10.6,normal
1697504859.467,45.764,1800.0,3.0,10.6,normal
1697504859.97,45.277,1800.0,3.0,10.6,normal
1697504860.475,45.277,700.0,4.9,10.6,normal
1697504860.981,44.79,700.0,3.5,10.6,normal
1697504861.483,46.738,1800.0,24.4,10.3,normal
1697504861.986,46.738,1800.0,30.3,10.6,normal
1697504862.489,46.251,1800.0,3.0,10.6,normal
1697504862.991,45.277,1800.0,4.0,10.6,normal
1697504863.494,46.738,1800.0,3.0,10.6,normal
1697504863.996,45.277,1800.0,5.0,10.6,normal
1697504864.499,45.277,1800.0,3.0,10.6,normal
1697504865.002,45.764,1800.0,3.5,10.6,normal
1697504865.504,44.79,1800.0,4.0,10.6,normal
1697504866.007,45.277,1800.0,4.0,10.6,normal
1697504866.512,44.79,625.0,2.5,10.6,normal
1697504867.018,45.277,600.0,5.4,10.7,normal
1697504867.521,45.764,1800.0,15.5,10.2,normal
1697504868.024,45.764,1800.0,35.8,10.6,normal
1697504868.526,45.764,1800.0,4.0,10.6,normal
1697504869.029,46.738,1800.0,5.9,10.6,normal
1697504869.531,45.764,1800.0,3.0,10.7,normal
1697504870.034,45.764,1800.0,3.5,10.7,normal
1697504870.537,44.79,1800.0,3.0,10.7,normal
1697504871.039,45.277,1800.0,3.0,10.7,normal
1697504871.542,45.764,1800.0,5.4,10.7,normal
1697504872.044,45.277,1800.0,3.5,10.7,normal
1697504872.548,45.764,900.0,4.5,10.7,normal
1697504873.053,44.79,900.0,4.0,10.7,normal
1697504873.558,45.277,1100.0,10.9,9.6,normal
1697504874.062,45.764,1800.0,30.0,10.5,normal
1697504874.564,45.764,1800.0,20.8,10.6,normal
1697504875.067,45.764,1800.0,3.0,10.6,normal
1697504875.569,45.277,1800.0,3.5,10.6,normal
1697504876.072,45.277,1800.0,2.5,10.7,normal
1697504876.575,46.738,1800.0,4.0,10.6,normal
1697504877.077,45.764,1800.0,2.5,10.6,normal
1697504877.58,45.764,1800.0,3.5,10.7,normal
1697504878.082,46.251,1800.0,4.5,10.7,normal
1697504878.587,45.764,700.0,3.5,10.7,normal
1697504879.092,45.277,800.0,5.5,10.7,normal
1697504879.597,45.764,700.0,4.9,10.7,normal
1697504880.101,46.251,1800.0,27.5,10.4,normal
1697504880.603,45.764,1800.0,26.5,10.7,normal
1697504881.106,45.277,1800.0,4.5,10.7,normal
1697504881.609,46.251,1800.0,3.5,10.7,normal
1697504882.111,45.764,1800.0,4.4,10.7,normal
1697504882.614,45.764,1800.0,4.0,10.7,normal
1697504883.116,46.251,1800.0,3.0,10.7,normal
1697504883.619,45.277,1800.0,4.5,10.7,normal
1697504884.121,45.764,1800.0,5.0,10.7,normal
1697504884.624,45.764,1800.0,3.5,10.7,normal
1697504885.13,44.79,600.0,4.9,10.7,normal
1697504885.635,45.277,600.0,4.5,10.7,normal
1697504886.138,46.738,1800.0,21.2,10.3,normal
1697504886.641,46.738,1800.0,34.7,10.7,normal
1697504887.144,45.764,1800.0,3.0,10.7,normal
1697504887.646,46.251,1800.0,3.9,10.7,normal
1697504888.149,46.251,1800.0,3.5,10.7,normal
1697504888.651,45.764,1800.0,4.0,10.7,normal
1697504889.154,45.277,1800.0,3.9,10.7,normal
1697504889.656,45.277,1800.0,3.5,10.7,normal
1697504890.159,44.79,1800.0,3.5,10.7,normal
1697504890.662,45.764,1800.0,4.5,10.7,normal
1697504891.167,45.277,600.0,4.9,10.7,normal
1697504891.673,45.764,700.0,4.0,10.7,normal
1697504892.176,46.251,1800.0,13.6,10.1,normal
1697504892.679,46.738,1800.0,37.6,10.6,normal
1697504893.181,45.277,1800.0,6.0,10.6,normal
1697504893.684,45.764,1800.0,3.0,10.6,normal
1697504894.186,46.251,1800.0,2.5,10.6,normal
1697504894.689,46.251,1800.0,3.5,10.6,normal
1697504895.191,46.251,1800.0,2.0,10.6,normal
1697504895.694,44.79,1800.0,3.5,10.6,normal
1697504896.196,45.277,1800.0,3.0,10.6,normal
1697504896.699,44.79,1800.0,3.5,10.6,normal
1697504897.204,44.79,700.0,3.5,10.6,normal
1697504897.709,44.79,600.0,5.0,10.6,normal
1697504898.214,45.277,1100.0,7.0,10.5,normal
1697504898.717,44.79,1800.0,28.7,10.5,normal
1697504899.219,45.764,1800.0,25.3,10.7,normal
1697504899.722,46.251,1800.0,3.5,10.7,normal
1697504900.224,46.251,1800.0,3.0,10.7,normal
1697504900.727,45.277,1800.0,4.0,10.7,normal
1697504901.23,44.79,1800.0,4.5,10.7,normal
1697504901.732,45.277,1800.0,3.0,10.7,normal
1697504902.235,46.251,1800.0,3.9,10.7,normal
1697504902.737,46.738,1800.0,3.0,10.7,normal
1697504903.24,46.251,1800.0,4.9,10.7,normal
1697504903.745,45.764,600.0,4.5,10.7,normal
1697504904.248,46.251,1800.0,12.0,9.9,normal
1697504904.751,46.738,1800.0,32.3,10.6,normal
1697504905.254,45.764,1800.0,14.4,10.7,normal
1697504905.757,46.251,1800.0,3.5,10.7,normal
1697504906.259,45.277,1800.0,3.5,10.7,normal
1697504906.762,45.764,1800.0,3.5,10.7,normal
1697504907.264,46.251,1800.0,3.0,10.7,normal
1697504907.767,46.251,1800.0,4.9,10.7,normal
1697504908.269,46.251,1800.0,3.0,10.7,normal
1697504908.772,45.764,1800.0,3.5,10.7,normal
1697504909.276,45.277,800.0,4.5,10.7,normal
1697504909.782,45.764,600.0,5.9,10.7,normal
1697504910.285,45.764,1800.0,16.1,10.3,normal
1697504910.787,46.251,1800.0,37.3,10.7,normal
1697504911.29,44.79,1800.0,4.5,10.7,normal
1697504911.793,45.277,1800.0,4.0,10.7,normal
1697504912.295,45.764,1800.0,4.0,10.7,normal
1697504912.798,45.277,1800.0,3.5,10.7,normal
1697504913.3,45.764,1800.0,3.0,10.7,normal
1697504913.803,46.251,1800.0,3.5,10.7,normal
1697504914.305,45.277,1800.0,5.0,10.7,normal
1697504914.808,45.764,1800.0,3.0,10.7,normal
1697504915.313,45.277,700.0,3.5,10.7,normal
1697504915.818,44.79,600.0,4.0,10.7,normal
1697504916.323,46.251,1000.0,10.9,9.6,normal
1697504916.826,45.764,1800.0,28.9,10.5,normal
1697504917.328,46.251,1800.0,22.5,10.7,normal
1697504917.831,45.277,1800.0,3.4,10.7,normal
1697504918.333,45.764,1800.0,4.0,10.7,normal
1697504918.836,45.764,1800.0,4.5,10.7,normal
1697504919.338,45.764,1800.0,3.0,10.7,normal
1697504919.841,46.251,1800.0,3.5,10.7,normal
1697504920.343,45.277,1800.0,4.5,10.7,normal
1697504920.846,45.764,1800.0,3.9,10.7,normal
1697504921.348,45.277,1800.0,2.5,10.7,normal
1697504921.853,45.277,700.0,3.5,10.7,normal
1697504922.357,45.764,1800.0,12.0,10.1,normal
1697504922.86,46.738,1800.0,33.7,10.6,normal
1697504923.363,46.738,1800.0,13.4,10.7,normal
1697504923.866,46.738,1800.0,4.5,10.7,normal
1697504924.368,46.251,1800.0,3.0,10.7,normal
1697504924.872,45.764,1800.0,4.5,10.7,normal
1697504925.374,45.764,1800.0,3.5,10.7,normal
1697504925.877,45.764,1800.0,3.0,10.7,normal
1697504926.379,45.764,1800.0,2.5,10.7,normal
1697504926.882,45.277,1800.0,2.0,10.7,normal
1697504927.386,45.277,800.0,3.9,10.7,normal
1697504927.892,44.79,600.0,5.4,10.7,normal
1697504928.398,45.277,600.0,2.5,10.7,normal
1697504928.902,46.738,1800.0,31.7,10.5,normal
1697504929.405,46.251,1800.0,27.3,10.6,normal
1697504929.908,46.251,1800.0,1.5,10.6,normal
1697504930.41,45.764,1800.0,2.0,10.6,normal
1697504930.913,45.764,1800.0,5.9,10.6,normal
1697504931.415,45.277,1800.0,3.0,10.6,normal
1697504931.918,44.79,1800.0,3.5,10.6,normal
1697504932.42,46.251,1800.0,2.5,10.6,normal
1697504932.923,47.225,1800.0,4.0,10.6,normal
1697504933.426,46.738,1800.0,3.5,10.6,normal
1697504933.929,45.277,1000.0,5.0,10.6,normal
1697504934.434,46.251,700.0,4.0,10.6,normal
1697504934.937,46.738,1800.0,20.1,10.3,normal
1697504935.44,46.251,1800.0,32.8,10.6,normal
1697504935.942,46.738,1800.0,2.5,10.6,normal
1697504936.445,46.738,1800.0,2.5,10.7,normal
1697504936.947,46.251,1800.0,4.0,10.7,normal
1697504937.45,46.251,1800.0,4.0,10.7,normal
1697504937.953,46.251,1800.0,3.0,10.7,normal
1697504938.455,46.251,1800.0,3.0,10.7,normal
1697504938.958,45.764,1800.0,4.5,10.7,normal
1697504939.46,45.764,1800.0,3.5,10.7,normal
1697504939.964,45.764,900.0,4.0,10.7,normal
1697504940.468,46.251,900.0,4.0,10.7,normal
1697504940.971,46.738,1800.0,26.1,10.3,normal
1697504941.474,46.251,1800.0,29.9,10.6,normal
1697504941.976,47.225,1800.0,4.0,10.6,normal
1697504942.479,46.251,1800.0,3.0,10.6,normal
1697504942.981,46.251,1800.0,3.5,10.6,normal
1697504943.484,45.764,1800.0,3.0,10.6,normal
1697504943.986,45.277,1800.0,4.5,10.6,normal
1697504944.489,45.764,1800.0,3.0,10.6,normal
1697504944.991,45.277,1800.0,3.5,10.6,normal
1697504945.494,45.764,1800.0,3.5,10.6,normal
1697504945.999,45.277,800.0,3.5,10.6,normal
1697504946.503,45.277,800.0,3.9,10.6,normal
1697504947.007,44.79,1800.0,20.1,10.2,normal
1697504947.509,45.277,1800.0,35.2,10.6,normal
1697504948.012,45.764,1800.0,4.4,10.6,normal
1697504948.514,45.764,1800.0,3.0,10.6,normal
1697504949.017,46.251,1800.0,4.5,10.6,normal
1697504949.52,45.764,1800.0,3.5,10.6,normal
1697504950.022,44.79,1800.0,3.5,10.6,normal
1697504950.525,46.738,1800.0,3.0,10.6,normal
1697504951.027,44.79,1800.0,4.5,10.6,normal
1697504951.53,46.251,1800.0,2.5,10.6,normal
1697504952.034,45.764,900.0,4.0,10.6,normal
1697504952.538,45.277,1000.0,5.0,10.6,normal
1697504953.041,45.764,1800.0,13.4,9.8,normal
1697504953.549,46.251,1800.0,32.7,10.5,normal
1697504954.052,45.764,1800.0,14.6,10.6,normal
1697504954.555,45.277,1800.0,3.0,10.6,normal
1697504955.057,44.79,1800.0,4.5,10.6,normal
1697504955.56,46.251,1800.0,3.5,10.6,normal
1697504956.062,45.277,1800.0,2.5,10.6,normal
1697504956.565,45.277,1800.0,3.5,10.7,normal
1697504957.067,45.764,1800.0,3.5,10.7,normal
1697504957.57,46.251,1800.0,4.0,10.7,normal
1697504958.075,44.79,700.0,3.9,10.7,normal
1697504958.579,45.277,800.0,4.5,10.7,normal
1697504959.085,45.764,600.0,5.9,10.6,normal
1697504959.588,46.251,1800.0,28.9,10.5,normal
1697504960.091,46.251,1800.0,25.1,10.7,normal
1697504960.593,45.277,1800.0,3.5,10.7,normal
1697504961.096,45.764,1800.0,3.5,10.7,normal
1697504961.599,46.738,1800.0,4.5,10.7,normal
1697504962.101,45.764,1800.0,4.5,10.7,normal
1697504962.604,45.764,1800.0,3.9,10.7,normal
1697504963.106,45.764,1800.0,3.5,10.7,normal
1697504963.609,45.764,1800.0,4.0,10.7,normal
1697504964.111,45.764,1800.0,4.0,10.7,normal
1697504964.617,45.277,600.0,5.0,10.7,normal
1697504965.122,45.764,600.0,4.5,10.7,normal
1697504965.625,45.764,1800.0,22.9,10.4,normal
1697504966.128,46.251,1800.0,34.7,10.7,normal
1697504966.63,45.764,1800.0,3.0,10.7,normal
1697504967.133,45.277,1800.0,3.0,10.7,normal
1697504967.635,45.277,1800.0,4.0,10.7,normal
1697504968.138,45.277,1800.0,3.5,10.7,normal
1697504968.641,45.764,1800.0,3.5,10.7,normal
1697504969.143,45.764,1800.0,3.5,10.7,normal
1697504969.646,45.764,1800.0,4.0,10.7,normal
1697504970.148,46.251,1800.0,4.5,10.7,normal
1697504970.654,45.277,600.0,4.0,10.7,normal
1697504971.159,45.764,600.0,4.9,10.7,normal
1697504971.663,45.277,1800.0,25.9,10.4,normal
1697504972.166,46.251,1800.0,28.3,10.6,normal
1697504972.668,46.738,1800.0,4.5,10.6,normal
1697504973.171,46.251,1800.0,3.5,10.7,normal
1697504973.673,45.277,1800.0,3.0,10.7,normal
1697504974.176,46.251,1800.0,4.0,10.7,normal
1697504974.678,45.764,1800.0,3.5,10.7,normal
1697504975.181,46.738,1800.0,3.0,10.7,normal
1697504975.683,46.738,1800.0,3.0,10.7,normal
1697504976.186,45.764,1800.0,3.0,10.7,normal
1697504976.691,45.764,600.0,4.5,10.7,normal
1697504977.197,46.251,700.0,5.4,10.6,normal
1697504977.7,46.251,1800.0,27.4,10.6,normal
1697504978.202,46.251,1800.0,23.6,10.7,normal
1697504978.705,46.251,1800.0,3.5,10.7,normal
1697504979.207,45.764,1800.0,5.0,10.7,normal
1697504979.71,46.251,1800.0,3.0,10.7,normal
1697504980.212,45.764,1800.0,4.0,10.7,normal
1697504980.715,45.277,1800.0,3.5,10.7,normal
1697504981.218,45.764,1800.0,3.0,10.7,normal
1697504981.72,45.764,1800.0,3.0,10.7,normal
1697504982.223,45.277,1800.0,3.5,10.7,normal
1697504982.725,45.764,1800.0,6.4,10.7,normal
1697504983.228,45.764,1800.0,3.5,10.7,normal
1697504983.731,45.764,1800.0,23.3,10.4,normal
1697504984.234,47.712,1800.0,30.0,10.7,normal
1697504984.736,45.277,1800.0,4.0,10.7,normal
1697504985.239,46.251,1800.0,4.0,10.7,normal
1697504985.741,47.225,1800.0,3.0,10.7,normal
1697504986.244,46.251,1800.0,1.0,10.7,normal
1697504986.746,45.764,1800.0,3.0,10.7,normal
1697504987.249,45.764,1800.0,1.5,10.7,normal
1697504987.753,46.251,800.0,5.9,10.7,normal
1697504988.259,45.277,600.0,3.5,10.7,normal
1697504988.764,45.277,600.0,6.4,10.7,normal
1697504989.27,44.303,600.0,5.9,10.7,normal
1697504989.773,45.277,1800.0,18.5,10.3,normal
1697504990.276,46.738,1800.0,37.2,10.7,normal
1697504990.778,45.764,1800.0,3.5,10.7,normal
1697504991.281,46.251,1800.0,4.0,10.7,normal
1697504991.783,45.764,1800.0,3.5,10.7,normal
1697504992.286,45.764,1800.0,3.0,10.7,normal
1697504992.788,44.79,1800.0,3.0,10.7,normal
1697504993.291,45.764,1800.0,4.0,10.7,normal
1697504993.793,45.764,1800.0,4.0,10.7,normal
1697504994.296,45.764,1800.0,4.4,10.7,normal
1697504994.801,45.764,600.0,3.0,10.7,normal
1697504995.307,44.79,600.0,6.4,10.7,normal
1697504995.811,47.225,1800.0,23.4,10.4,normal
1697504996.314,45.764,1800.0,32.0,10.7,normal
1697504996.816,45.764,1800.0,3.0,10.7,normal
1697504997.319,46.251,1800.0,5.4,10.7,normal
1697504997.821,45.764,1800.0,3.5,10.7,normal
1697504998.324,45.764,1800.0,3.0,10.7,normal
1697504998.826,45.764,1800.0,3.5,10.7,normal
1697504999.329,46.251,1800.0,4.5,10.7,normal
1697504999.831,45.277,1800.0,3.0,10.7,normal
1697505000.334,45.764,1800.0,3.9,10.7,normal
1697505000.839,44.79,700.0,3.0,10.7,normal
1697505001.343,44.79,800.0,7.9,10.7,normal
1697505001.846,46.251,1800.0,28.5,10.2,normal
1697505002.349,46.738,1800.0,36.7,10.6,normal
1697505002.852,46.251,1800.0,6.0,10.7,normal
1697505003.354,45.277,1800.0,3.0,10.7,normal
1697505003.857,45.764,1800.0,4.9,10.7,normal
1697505004.359,45.764,1800.0,3.5,10.7,normal
1697505004.862,45.764,1800.0,3.5,10.7,normal
1697505005.364,46.251,1800.0,3.0,10.7,normal
1697505005.867,44.79,1800.0,5.4,10.7,normal
1697505006.37,46.251,1800.0,3.0,10.7,normal
1697505006.874,45.277,1000.0,5.4,10.7,normal
1697505007.378,45.764,850.0,5.4,10.7,normal
1697505007.881,45.764,1800.0,20.5,10.3,normal
1697505008.384,46.251,1800.0,35.8,10.7,normal
1697505008.887,46.251,1800.0,5.9,10.6,normal
1697505009.389,46.738,1800.0,3.5,10.7,normal
1697505009.892,45.277,1800.0,4.5,10.7,normal
1697505010.394,46.251,1800.0,3.0,10.7,normal
1697505010.897,46.251,1800.0,3.5,10.7,normal
1697505011.399,46.251,1800.0,3.0,10.7,normal
1697505011.902,46.251,1800.0,3.5,10.7,normal
1697505012.405,46.738,1800.0,3.5,10.7,normal
1697505012.91,45.277,750.0,3.9,10.7,normal
1697505013.413,45.764,1100.0,5.5,10.7,normal
1697505013.916,45.277,1800.0,13.0,9.8,normal
1697505014.42,47.225,1800.0,33.0,10.6,normal
1697505014.923,45.764,1800.0,16.0,10.7,normal
1697505015.425,45.277,1800.0,3.0,10.7,normal
1697505015.928,46.251,1800.0,4.5,10.7,normal
1697505016.43,45.277,1800.0,4.0,10.7,normal
1697505016.933,45.764,1800.0,3.0,10.7,normal
1697505017.436,45.277,1800.0,3.0,10.6,normal
1697505017.938,45.764,1800.0,3.5,10.6,normal
1697505018.441,45.277,1800.0,2.5,10.6,normal
1697505018.945,45.277,700.0,4.5,10.6,normal
1697505019.451,45.764,700.0,3.9,10.6,normal
1697505019.956,44.79,900.0,3.0,10.6,normal
1697505020.459,45.764,1800.0,26.5,10.4,normal
1697505020.962,45.277,1800.0,26.5,10.7,normal
1697505021.465,45.764,1800.0,2.5,10.7,normal
1697505021.967,45.764,1800.0,3.0,10.7,normal
1697505022.47,45.277,1800.0,3.5,10.7,normal
1697505022.972,46.251,1800.0,4.0,10.7,normal
1697505023.475,46.738,1800.0,3.5,10.7,normal
1697505023.978,44.79,1800.0,4.0,10.7,normal
1697505024.48,46.738,1800.0,4.5,10.6,normal
1697505024.983,46.251,1800.0,3.5,10.6,normal
1697505025.487,45.277,900.0,4.0,10.6,normal
1697505025.991,45.277,900.0,4.5,10.7,normal
1697505026.494,45.764,1800.0,20.7,10.3,normal
1697505026.997,46.251,1800.0,35.0,10.7,normal
1697505027.499,44.79,1800.0,3.0,10.7,normal
1697505028.002,45.277,1800.0,3.5,10.7,normal
1697505028.504,46.251,1800.0,3.0,10.7,normal
1697505029.007,45.764,1800.0,5.5,10.6,normal
1697505029.509,44.79,1800.0,2.0,10.7,normal
1697505030.012,46.251,1800.0,3.0,10.7,normal
1697505030.515,47.225,1800.0,2.5,10.6,normal
1697505031.018,45.764,1800.0,4.0,10.6,normal
1697505031.522,46.251,900.0,4.5,10.6,normal
1697505032.027,46.251,900.0,6.4,10.6,normal
1697505032.53,45.764,1800.0,24.0,10.4,normal
1697505033.033,45.277,1800.0,30.8,10.6,normal
1697505033.535,45.764,1800.0,3.0,10.6,normal
1697505034.038,45.277,1800.0,4.0,10.6,normal
1697505034.54,46.251,1800.0,3.5,10.6,normal
1697505035.043,45.277,1800.0,4.5,10.6,normal
1697505035.546,45.764,1800.0,3.0,10.6,normal
1697505036.048,45.764,1800.0,3.5,10.6,normal
1697505036.551,45.764,1800.0,3.0,10.6,normal
1697505037.053,46.251,1800.0,4.5,10.6,normal
1697505037.557,45.277,900.0,5.4,10.6,normal
1697505038.063,45.764,600.0,5.4,10.6,normal
1697505038.566,45.277,1800.0,17.9,10.2,normal
1697505039.068,46.251,1800.0,39.3,10.6,normal
1697505039.571,46.251,1800.0,3.5,10.7,normal
1697505040.073,44.79,1800.0,3.5,10.7,normal
1697505040.576,45.764,1800.0,3.5,10.7,normal
1697505041.079,46.738,1800.0,5.0,10.7,normal
1697505041.581,46.251,1800.0,2.5,10.7,normal
1697505042.084,45.764,1800.0,4.0,10.7,normal
1697505042.586,46.251,1800.0,3.0,10.7,normal
1697505043.089,45.277,1800.0,4.0,10.7,normal
1697505043.594,46.251,600.0,3.5,10.7,normal
1697505044.1,44.79,600.0,5.4,10.7,normal
1697505044.603,45.764,1800.0,21.5,10.3,normal
1697505045.105,46.251,1800.0,36.0,10.7,normal
1697505045.608,46.251,1800.0,2.5,10.7,normal
1697505046.111,44.79,1800.0,3.0,10.7,normal
1697505046.613,45.764,1800.0,2.5,10.7,normal
1697505047.116,46.251,1800.0,4.5,10.7,normal
1697505047.618,45.277,1800.0,2.0,10.7,normal
1697505048.121,45.277,1800.0,3.5,10.7,normal
1697505048.623,45.764,1800.0,2.5,10.7,normal
1697505049.126,45.277,1800.0,6.4,10.7,normal
1697505049.631,45.277,600.0,4.0,10.7,normal
1697505050.137,44.79,600.0,3.5,10.7,normal
1697505050.639,46.738,1800.0,14.0,10.1,normal
1697505051.143,47.225,1800.0,38.5,10.6,normal
1697505051.645,45.277,1800.0,7.0,10.6,normal
1697505052.148,45.764,1800.0,3.9,10.6,normal
1697505052.651,45.764,1800.0,4.0,10.6,normal
1697505053.153,46.251,1800.0,4.5,10.6,normal
1697505053.656,45.764,1800.0,2.5,10.6,normal
1697505054.158,46.251,1800.0,4.0,10.6,normal
1697505054.661,45.277,1800.0,3.5,10.6,normal
1697505055.163,46.251,1800.0,3.5,10.6,normal
1697505055.668,45.277,700.0,3.4,10.6,normal
1697505056.174,45.277,600.0,4.5,10.6,normal
1697505056.678,45.277,1000.0,6.9,10.6,normal
1697505057.181,44.79,1800.0,28.4,10.5,normal
1697505057.683,45.764,1800.0,26.2,10.6,normal
1697505058.186,46.738,1800.0,3.0,10.6,normal
1697505058.688,46.738,1800.0,3.0,10.7,normal
1697505059.191,46.251,1800.0,5.0,10.7,normal
1697505059.694,44.79,1800.0,2.5,10.7,normal
1697505060.196,45.764,1800.0,2.5,10.7,normal
1697505060.699,45.764,1800.0,2.5,10.7,normal
1697505061.201,46.251,1800.0,4.5,10.7,normal
1697505061.704,46.251,1800.0,3.0,10.7,normal
1697505062.209,45.277,600.0,3.5,10.7,normal
1697505062.712,45.277,1800.0,9.0,9.5,normal
1697505063.215,46.251,1800.0,27.5,10.5,normal
1697505063.718,47.225,1800.0,21.5,10.6,normal
1697505064.221,46.251,1800.0,4.0,10.6,normal
1697505064.723,45.764,1800.0,3.0,10.6,normal
1697505065.226,45.764,1800.0,3.5,10.6,normal
1697505065.728,44.79,1800.0,3.0,10.6,normal
1697505066.231,45.277,1800.0,4.0,10.6,normal
1697505066.733,46.251,1800.0,3.0,10.6,normal
1697505067.236,45.277,1800.0,3.0,10.6,normal
1697505067.74,45.764,800.0,5.0,10.6,normal
1697505068.246,44.79,600.0,4.0,10.7,normal
1697505068.752,45.277,600.0,5.4,10.7,normal
1697505069.255,45.277,1800.0,28.4,10.4,normal
1697505069.758,45.764,1800.0,29.6,10.6,normal
1697505070.261,46.251,1800.0,3.0,10.6,normal
1697505070.763,45.277,1800.0,3.0,10.6,normal
1697505071.266,46.251,1800.0,3.0,10.6,normal
1697505071.768,45.764,1800.0,4.0,10.6,normal
1697505072.271,45.277,1800.0,3.0,10.6,normal
1697505072.774,45.764,1800.0,3.5,10.6,normal
1697505073.276,45.277,1800.0,3.0,10.6,normal
1697505073.779,46.738,1800.0,3.5,10.6,normal
1697505074.284,45.277,600.0,4.9,10.7,normal
1697505074.79,45.277,600.0,5.4,10.6,normal
1697505075.293,46.738,1800.0,20.0,10.2,normal
1697505075.795,45.764,1800.0,35.9,10.6,normal
1697505076.298,46.738,1800.0,4.0,10.6,normal
1697505076.8,45.277,1800.0,2.5,10.6,normal
1697505077.303,45.764,1800.0,4.0,10.6,normal
1697505077.806,45.764,1800.0,2.5,10.6,normal
1697505078.308,45.277,1800.0,3.5,10.6,normal
1697505078.811,45.277,1800.0,4.0,10.6,normal
1697505079.313,45.277,1800.0,3.5,10.7,normal
1697505079.816,44.79,1800.0,3.0,10.7,normal
1697505080.321,45.277,600.0,4.0,10.7,normal
1697505080.826,45.277,800.0,6.4,10.7,normal
1697505081.33,45.277,1800.0,12.0,10.1,normal
1697505081.833,46.251,1800.0,33.7,10.6,normal
1697505082.336,45.277,1800.0,13.5,10.7,normal
1697505082.839,45.764,1800.0,3.5,10.7,normal
1697505083.341,45.277,1800.0,4.0,10.7,normal
1697505083.844,45.277,1800.0,3.5,10.7,normal
1697505084.346,46.251,1800.0,3.5,10.7,normal
1697505084.849,45.764,1800.0,3.5,10.7,normal
1697505085.351,44.79,1800.0,3.5,10.7,normal
1697505085.854,45.764,1800.0,4.0,10.7,normal
1697505086.359,44.79,700.0,3.4,10.7,normal
1697505086.865,46.251,700.0,4.4,10.7,normal
1697505087.369,46.251,800.0,5.5,10.6,normal
1697505087.873,46.251,1800.0,29.7,10.4,normal
1697505088.375,45.277,1800.0,25.5,10.6,normal
1697505088.878,46.251,1800.0,4.0,10.6,normal
1697505089.38,45.764,1800.0,5.0,10.6,normal
1697505089.883,46.251,1800.0,3.9,10.7,normal
1697505090.385,45.277,1800.0,3.0,10.7,normal
1697505090.888,45.764,1800.0,3.0,10.7,normal
1697505091.391,45.764,1800.0,5.0,10.7,normal
1697505091.893,45.764,1800.0,3.5,10.7,normal
1697505092.396,45.277,1800.0,3.5,10.7,normal
1697505092.9,44.79,900.0,3.5,10.7,normal
1697505093.404,44.79,800.0,6.9,10.7,normal
1697505093.907,46.251,1800.0,22.9,10.4,normal
1697505094.41,46.251,1800.0,32.8,10.7,normal
1697505094.913,45.277,1800.0,3.0,10.7,normal
1697505095.415,45.277,1800.0,4.5,10.7,normal
1697505095.918,44.79,1800.0,3.0,10.7,normal
1697505096.42,45.277,1800.0,3.5,10.7,normal
1697505096.923,44.79,1800.0,3.0,10.7,normal
1697505097.425,46.251,1800.0,3.5,10.7,normal
1697505097.928,46.251,1800.0,3.5,10.7,normal
1697505098.431,44.79,1800.0,3.9,10.7,normal
1697505098.934,45.764,1100.0,4.0,10.7,normal
1697505099.44,44.79,600.0,4.9,10.7,normal
1697505099.943,47.225,1800.0,14.9,10.1,normal
1697505100.446,46.738,1800.0,36.3,10.6,normal
1697505100.948,45.764,1800.0,5.0,10.6,normal
1697505101.451,45.277,1800.0,3.0,10.6,normal
1697505101.954,46.251,1800.0,3.0,10.6,normal
1697505102.456,46.251,1800.0,3.5,10.6,normal
1697505102.959,45.764,1800.0,3.0,10.6,normal
1697505103.461,46.251,1800.0,3.0,10.6,normal
1697505103.964,46.251,1800.0,4.0,10.7,normal
1697505104.466,45.764,1800.0,3.5,10.7,normal
1697505104.97,46.251,900.0,3.0,10.7,normal
1697505105.476,46.251,600.0,5.0,10.7,normal
1697505105.984,44.79,800.0,8.4,10.6,normal
1697505106.488,46.251,1800.0,27.4,10.5,normal
1697505106.99,46.251,1800.0,23.1,10.6,normal
1697505107.493,45.764,1800.0,2.0,10.6,normal
1697505107.995,46.251,1800.0,3.0,10.6,normal
1697505108.498,45.277,1800.0,3.5,10.6,normal
1697505109.001,45.764,1800.0,6.4,10.6,normal
1697505109.503,46.251,1800.0,3.0,10.7,normal
1697505110.006,45.277,1800.0,4.5,10.7,normal
1697505110.508,46.251,1800.0,3.0,10.7,normal
1697505111.011,46.251,1800.0,3.0,10.7,normal
1697505111.515,45.277,800.0,5.4,10.7,normal
1697505112.019,45.764,900.0,5.0,10.7,normal
1697505112.523,46.251,1800.0,24.3,10.4,normal
1697505113.025,46.738,1800.0,30.5,10.7,normal
1697505113.528,46.251,1800.0,3.5,10.7,normal
1697505114.031,45.764,1800.0,5.4,10.7,normal
1697505114.533,45.764,1800.0,3.0,10.7,normal
1697505115.036,45.277,1800.0,3.5,10.7,normal
1697505115.538,45.277,1800.0,3.5,10.7,normal
1697505116.041,45.277,1800.0,3.0,10.7,normal
1697505116.544,45.277,1800.0,3.0,10.7,normal
1697505117.047,45.277,1800.0,3.5,10.7,normal
1697505117.551,44.79,900.0,3.0,10.7,normal
1697505118.055,45.277,900.0,4.9,10.7,normal
1697505118.558,44.303,1800.0,19.3,10.3,normal
1697505119.061,46.251,1800.0,38.0,10.7,normal
1697505119.564,45.764,1800.0,3.5,10.7,normal
1697505120.066,46.251,1800.0,3.5,10.7,normal
1697505120.569,45.277,1800.0,3.0,10.7,normal
1697505121.071,45.277,1800.0,5.0,10.7,normal
1697505121.574,44.79,1800.0,3.0,10.7,normal
1697505122.076,46.251,1800.0,4.0,10.7,normal
1697505122.579,46.251,1800.0,4.0,10.7,normal
1697505123.082,45.277,1800.0,4.0,10.7,normal
1697505123.587,44.79,700.0,3.4,10.7,normal
1697505124.093,45.277,600.0,6.4,10.7,normal
1697505124.595,45.764,1800.0,10.5,9.7,normal
1697505125.099,45.764,1800.0,30.2,10.5,normal
1697505125.602,44.79,1800.0,17.5,10.6,normal
1697505126.104,45.764,1800.0,3.5,10.6,normal
1697505126.607,46.251,1800.0,3.9,10.7,normal
1697505127.109,45.764,1800.0,4.0,10.7,normal
1697505127.612,45.764,1800.0,4.9,10.7,normal
1697505128.114,44.79,1800.0,3.5,10.7,normal
1697505128.617,45.277,1800.0,3.0,10.7,normal
1697505129.12,45.764,1800.0,4.5,10.7,normal
1697505129.624,45.277,700.0,3.5,10.7,normal
1697505130.13,45.277,600.0,4.9,10.7,normal
1697505130.633,45.764,1800.0,14.5,10.2,normal
1697505131.135,46.251,1800.0,37.5,10.6,normal
1697505131.638,46.251,1800.0,5.5,10.7,normal
1697505132.14,46.251,1800.0,3.0,10.7,normal
1697505132.643,46.251,1800.0,3.0,10.7,normal
1697505133.145,45.764,1800.0,4.5,10.7,normal
1697505133.648,45.764,1800.0,3.5,10.7,normal
1697505134.151,45.764,1800.0,4.0,10.7,normal
1697505134.653,46.251,1800.0,3.0,10.7,normal
1697505135.156,45.764,1800.0,3.0,10.7,normal
1697505135.661,45.764,700.0,4.4,10.7,normal
1697505136.166,45.764,600.0,4.0,10.7,normal
1697505136.672,44.79,600.0,8.4,10.4,normal
1697505137.175,46.251,1800.0,28.0,10.5,normal
1697505137.678,45.764,1800.0,22.9,10.7,normal
1697505138.18,45.764,1800.0,3.5,10.7,normal
1697505138.683,45.277,1800.0,3.5,10.7,normal
1697505139.185,45.764,1800.0,4.0,10.7,normal
1697505139.688,46.251,1800.0,3.5,10.7,normal
1697505140.191,45.764,1800.0,3.5,10.7,normal
1697505140.693,44.79,1800.0,3.0,10.7,normal
1697505141.195,45.764,1800.0,3.0,10.7,normal
1697505141.7,45.764,700.0,4.4,10.7,normal
1697505142.206,45.277,600.0,4.0,10.7,normal
1697505142.709,45.764,1800.0,12.4,10.1,normal
1697505143.213,45.764,1800.0,34.2,10.7,normal
1697505143.716,45.764,1800.0,9.0,10.7,normal
1697505144.218,46.251,1800.0,4.0,10.7,normal
1697505144.721,45.277,1800.0,3.0,10.7,normal
1697505145.223,44.303,1800.0,2.5,10.7,normal
1697505145.726,45.277,1800.0,3.9,10.7,normal
1697505146.228,45.277,1800.0,2.5,10.7,normal
1697505146.731,44.79,1800.0,3.9,10.7,normal
1697505147.233,45.764,1800.0,2.5,10.7,normal
1697505147.738,44.79,700.0,4.9,10.7,normal
1697505148.244,46.738,600.0,5.0,10.7,normal
1697505148.75,45.764,600.0,5.0,10.6,normal
1697505149.253,44.79,1800.0,29.0,10.5,normal
1697505149.756,45.764,1800.0,25.9,10.6,normal
1697505150.258,46.738,1800.0,4.0,10.6,normal
1697505150.761,45.764,1800.0,3.5,10.6,normal
1697505151.264,44.79,1800.0,2.5,10.6,normal
1697505151.766,45.277,1800.0,4.0,10.6,normal
1697505152.269,46.251,1800.0,3.5,10.6,normal
1697505152.771,45.277,1800.0,4.5,10.6,normal
1697505153.274,45.764,1800.0,4.0,10.6,normal
1697505153.776,45.764,1800.0,3.0,10.6,normal
1697505154.282,45.277,600.0,5.4,10.6,normal
1697505154.788,45.764,600.0,4.5,10.6,normal
1697505155.291,45.277,1800.0,21.5,10.3,normal
1697505155.794,46.251,1800.0,32.3,10.7,normal
1697505156.296,45.764,1800.0,4.0,10.7,normal
1697505156.799,44.79,1800.0,4.0,10.7,normal
1697505157.301,46.251,1800.0,3.0,10.7,normal
1697505157.804,45.277,1800.0,4.0,10.7,normal
1697505158.306,45.764,1800.0,3.5,10.7,normal
1697505158.809,45.764,1800.0,4.5,10.7,normal
1697505159.311,45.277,1800.0,4.5,10.7,normal
1697505159.814,45.764,1800.0,3.5,10.7,normal
1697505160.319,45.277,600.0,3.5,10.7,normal
1697505160.825,44.79,600.0,5.9,10.7,normal
1697505161.329,45.764,1800.0,28.2,10.4,normal
1697505161.832,46.251,1800.0,28.0,10.6,normal
1697505162.335,45.764,1800.0,3.5,10.6,normal
1697505162.837,46.738,1800.0,4.5,10.7,normal
1697505163.34,45.764,1800.0,3.5,10.7,normal
1697505163.843,45.277,1800.0,4.0,10.7,normal
1697505164.345,45.764,1800.0,3.5,10.7,normal
1697505164.848,45.764,1800.0,4.0,10.7,normal
1697505165.35,46.251,1800.0,3.5,10.7,normal
1697505165.853,45.764,1800.0,3.5,10.7,normal
1697505166.358,46.251,600.0,3.9,10.7,normal
1697505166.863,45.277,1000.0,7.5,10.3,normal
1697505167.365,46.738,1800.0,27.5,10.5,normal
1697505167.868,45.764,1800.0,20.6,10.7,normal
1697505168.371,46.251,1800.0,2.5,10.7,normal
1697505168.873,47.225,1800.0,5.5,10.6,normal
1697505169.376,45.277,1800.0,5.0,10.7,normal
1697505169.878,45.277,1800.0,4.0,10.7,normal
1697505170.381,46.251,1800.0,3.0,10.7,normal
1697505170.883,45.764,1800.0,3.0,10.7,normal
1697505171.386,46.251,1800.0,5.0,10.7,normal
1697505171.89,45.277,800.0,3.9,10.7,normal
1697505172.394,45.277,900.0,5.0,10.7,normal
1697505172.898,46.251,1800.0,12.3,9.7,normal
1697505173.402,45.764,1800.0,30.9,10.5,normal
1697505173.905,45.277,1800.0,17.7,10.6,normal
1697505174.407,45.764,1800.0,3.5,10.6,normal
1697505174.91,45.764,1800.0,4.4,10.6,normal
1697505175.412,46.738,1800.0,2.5,10.6,normal
1697505175.915,45.764,1800.0,3.5,10.6,normal
1697505176.417,45.764,1800.0,3.5,10.6,normal
1697505176.92,45.277,1800.0,4.5,10.6,normal
1697505177.422,46.251,1800.0,3.5,10.6,normal
1697505177.927,45.764,700.0,3.0,10.6,normal
1697505178.431,45.277,900.0,4.5,10.6,normal
1697505178.934,46.738,1800.0,16.9,10.2,normal
1697505179.437,46.738,1800.0,36.9,10.6,normal
1697505179.94,46.251,1800.0,6.5,10.6,normal
1697505180.442,45.764,1800.0,2.5,10.7,normal
1697505180.945,45.764,1800.0,4.5,10.7,normal
1697505181.447,46.738,1800.0,3.5,10.7,normal
1697505181.95,45.764,1800.0,3.0,10.7,normal
1697505182.452,44.79,1800.0,4.0,10.7,normal
1697505182.955,46.251,1800.0,3.5,10.7,normal
1697505183.458,45.764,1800.0,3.0,10.7,normal
1697505183.962,47.225,700.0,4.4,10.7,normal
1697505184.467,44.79,700.0,4.4,10.7,normal
1697505184.97,45.277,1800.0,17.6,10.2,normal
1697505185.473,46.251,1800.0,35.5,10.6,normal
1697505185.975,45.764,1800.0,1.5,10.6,normal
1697505186.478,46.738,1800.0,3.5,10.6,normal
1697505186.981,45.277,1800.0,3.5,10.6,normal
1697505187.483,45.764,1800.0,4.0,10.6,normal
1697505187.986,46.251,1800.0,4.0,10.6,normal
1697505188.488,45.764,1800.0,3.0,10.6,normal
1697505188.991,46.251,1800.0,5.4,10.6,normal
1697505189.493,45.764,1800.0,3.5,10.6,normal
1697505189.997,45.277,900.0,4.5,10.6,normal
1697505190.501,45.764,900.0,4.9,10.6,normal
1697505191.004,45.764,1800.0,23.4,10.3,normal
1697505191.507,45.764,1800.0,31.8,10.6,normal
1697505192.01,46.251,1800.0,3.5,10.6,normal
1697505192.512,46.251,1800.0,3.5,10.6,normal
1697505193.015,46.251,1800.0,4.0,10.6,normal
1697505193.517,46.738,1800.0,3.5,10.7,normal
1697505194.02,46.738,1800.0,4.5,10.7,normal
1697505194.522,45.764,1800.0,3.0,10.7,normal
1697505195.025,46.251,1800.0,4.0,10.7,normal
1697505195.527,45.764,1800.0,3.0,10.7,normal
1697505196.031,45.277,900.0,4.5,10.7,normal
1697505196.537,44.79,600.0,4.0,10.7,normal
1697505197.04,47.225,1800.0,17.3,10.1,normal
1697505197.543,47.225,1800.0,38.1,10.6,normal
1697505198.045,46.251,1800.0,4.5,10.7,normal
1697505198.548,46.738,1800.0,3.5,10.7,normal
1697505199.051,46.251,1800.0,4.5,10.7,normal
1697505199.553,46.738,1800.0,4.0,10.7,normal
1697505200.056,46.251,1800.0,3.0,10.7,normal
1697505200.558,45.764,1800.0,4.9,10.7,normal
1697505201.061,45.277,1800.0,2.5,10.7,normal
1697505201.563,45.764,1800.0,4.4,10.7,normal
1697505202.069,45.277,600.0,2.5,10.7,normal
1697505202.576,45.277,600.0,4.4,10.7,normal
1697505203.079,45.764,1800.0,22.0,10.3,normal
1697505203.582,46.251,1800.0,34.8,10.6,normal
1697505204.085,45.764,1800.0,4.0,10.6,normal
1697505204.587,45.764,1800.0,3.0,10.6,normal
1697505205.09,45.764,1800.0,3.9,10.6,normal
1697505205.592,46.251,1800.0,3.5,10.6,normal
1697505206.095,45.764,1800.0,3.5,10.6,normal
1697505206.597,46.251,1800.0,3.0,10.6,normal
1697505207.1,45.277,1800.0,3.9,10.7,normal
1697505207.603,45.764,1800.0,3.0,10.7,normal
1697505208.108,45.764,600.0,4.5,10.7,normal
1697505208.614,45.277,600.0,4.5,10.7,normal
1697505209.117,45.764,1800.0,14.9,10.0,normal
1697505209.619,47.225,1800.0,37.3,10.6,normal
1697505210.122,45.277,1800.0,7.9,10.6,normal
1697505210.624,46.251,1800.0,2.5,10.6,normal
1697505211.127,44.79,1800.0,3.5,10.6,normal
1697505211.63,45.764,1800.0,4.0,10.6,normal
1697505212.132,45.277,1800.0,4.4,10.7,normal
1697505212.635,45.277,1800.0,3.0,10.7,normal
1697505213.137,45.764,1800.0,3.0,10.7,normal
1697505213.64,44.79,1800.0,4.0,10.7,normal
1697505214.145,46.251,600.0,5.0,10.7,normal
1697505214.651,45.764,700.0,4.5,10.7,normal
1697505215.154,46.738,1800.0,20.9,10.4,normal
1697505215.657,46.251,1800.0,35.9,10.7,normal
1697505216.159,45.764,1800.0,3.5,10.7,normal
1697505216.662,45.764,1800.0,4.5,10.7,normal
1697505217.164,45.764,1800.0,3.0,10.7,normal
1697505217.667,45.764,1800.0,4.0,10.7,normal
1697505218.169,45.764,1800.0,3.0,10.7,normal
1697505218.672,45.764,1800.0,4.5,10.7,normal
1697505219.174,46.738,1800.0,4.4,10.7,normal
1697505219.677,44.79,1800.0,2.5,10.7,normal
1697505220.183,45.277,600.0,3.5,10.7,normal
1697505220.688,44.303,600.0,4.5,10.7,normal
1697505221.191,44.79,1800.0,11.5,10.1,normal
1697505221.695,46.738,1800.0,33.8,10.6,normal
1697505222.198,45.764,1800.0,12.0,10.7,normal
1697505222.7,45.277,1800.0,3.5,10.7,normal
1697505223.203,45.764,1800.0,3.0,10.7,normal
1697505223.705,46.251,1800.0,4.0,10.7,normal
1697505224.208,44.79,1800.0,4.0,10.7,normal
1697505224.71,45.277,1800.0,2.5,10.7,normal
1697505225.213,45.764,1800.0,4.5,10.7,normal
1697505225.716,45.764,1800.0,1.0,10.7,normal
1697505226.22,45.764,700.0,4.0,10.7,normal
1697505226.726,45.277,600.0,4.9,10.7,normal
1697505227.229,45.277,1800.0,17.4,10.2,normal
1697505227.731,45.764,1800.0,37.0,10.6,normal
1697505228.234,45.764,1800.0,4.0,10.7,normal
1697505228.737,46.738,1800.0,3.5,10.7,normal
1697505229.239,45.764,1800.0,4.0,10.7,normal
1697505229.742,46.251,1800.0,4.0,10.7,normal
1697505230.244,45.277,1800.0,3.0,10.7,normal
1697505230.747,46.251,1800.0,3.5,10.7,normal
1697505231.249,45.764,1800.0,3.5,10.7,normal
1697505231.752,45.277,1800.0,4.0,10.7,normal
1697505232.257,45.764,600.0,3.0,10.7,normal
1697505232.763,44.79,600.0,5.9,10.7,normal
1697505233.266,46.251,1800.0,21.0,10.4,normal
1697505233.769,45.764,1800.0,33.0,10.7,normal
1697505234.271,46.251,1800.0,4.0,10.7,normal
1697505234.774,45.277,1800.0,2.5,10.7,normal
1697505235.276,46.251,1800.0,2.5,10.7,normal
1697505235.779,45.764,1800.0,4.0,10.7,normal
1697505236.281,45.277,1800.0,2.5,10.7,normal
1697505236.784,45.764,1800.0,3.0,10.7,normal
1697505237.287,46.251,1800.0,3.5,10.7,normal
1697505237.789,45.764,1800.0,4.0,10.7,normal
1697505238.295,45.764,600.0,4.5,10.7,normal
1697505238.8,45.764,600.0,4.4,10.7,normal
1697505239.304,45.277,1800.0,28.4,10.5,normal
1697505239.807,46.251,1800.0,28.6,10.7,normal
1697505240.31,46.251,1800.0,3.9,10.7,normal
1697505240.812,45.764,1800.0,3.5,10.7,normal
1697505241.315,45.764,1800.0,3.5,10.7,normal
1697505241.817,45.764,1800.0,3.0,10.7,normal
1697505242.32,45.764,1800.0,4.0,10.7,normal
1697505242.822,45.277,1800.0,3.5,10.7,normal
1697505243.325,46.738,1800.0,3.0,10.7,normal
1697505243.827,44.79,1800.0,3.0,10.7,normal
1697505244.333,44.79,600.0,4.5,10.7,normal
1697505244.839,45.764,600.0,6.4,10.7,normal
1697505245.342,46.251,1800.0,21.8,10.2,normal
1697505245.844,46.738,1800.0,34.2,10.6,normal
1697505246.347,45.764,1800.0,3.5,10.6,normal
1697505246.85,46.738,1800.0,4.0,10.6,normal
1697505247.352,45.277,1800.0,3.0,10.6,normal
1697505247.855,45.764,1800.0,5.0,10.6,normal
1697505248.358,45.764,1800.0,3.5,10.6,normal
1697505248.86,45.277,1800.0,4.5,10.6,normal
1697505249.363,45.764,1800.0,3.5,10.6,normal
1697505249.866,46.738,1800.0,4.0,10.6,normal
1697505250.371,45.764,600.0,3.9,10.6,normal
1697505250.877,45.277,700.0,5.9,10.6,normal
1697505251.379,46.738,1800.0,27.2,10.4,normal
1697505251.882,46.251,1800.0,26.8,10.7,normal
1697505252.385,46.251,1800.0,2.5,10.7,normal
1697505252.887,46.738,1800.0,5.0,10.7,normal
1697505253.39,46.738,1800.0,3.5,10.7,normal
1697505253.892,45.764,1800.0,4.0,10.7,normal
1697505254.395,46.738,1800.0,3.9,10.7,normal
1697505254.897,46.251,1800.0,4.5,10.7,normal
1697505255.4,45.277,1800.0,2.5,10.7,normal
1697505255.902,47.225,1800.0,3.9,10.7,normal
1697505256.407,45.764,800.0,4.0,10.7,normal
1697505256.912,45.764,800.0,9.4,10.5,normal
1697505257.415,46.738,1800.0,28.5,10.5,normal
1697505257.918,46.251,1800.0,21.6,10.6,normal
1697505258.42,46.251,1800.0,4.5,10.6,normal
1697505258.923,45.277,1800.0,4.0,10.6,normal
1697505259.425,46.251,1800.0,3.0,10.7,normal
1697505259.928,45.764,1800.0,3.5,10.7,normal
1697505260.43,45.764,1800.0,4.5,10.7,normal
1697505260.933,46.251,1800.0,2.5,10.7,normal
1697505261.436,45.277,1800.0,4.0,10.7,normal
1697505261.94,45.764,800.0,3.5,10.7,normal
1697505262.445,45.764,800.0,5.0,10.7,normal
1697505262.948,45.277,1100.0,5.4,10.7,normal
1697505263.451,46.738,1800.0,25.9,10.4,normal
1697505263.954,46.251,1800.0,29.1,10.6,normal
1697505264.456,47.225,1800.0,3.0,10.6,normal
1697505264.959,45.764,1800.0,4.0,10.6,normal
1697505265.462,46.251,1800.0,2.5,10.7,normal
1697505265.964,45.764,1800.0,3.4,10.7,normal
1697505266.467,45.764,1800.0,3.0,10.7,normal
1697505266.969,45.277,1800.0,4.0,10.7,normal
1697505267.472,45.764,1800.0,2.5,10.7,normal
1697505267.974,46.251,1800.0,2.5,10.7,normal
1697505268.478,45.764,900.0,3.0,10.7,normal
1697505268.982,45.764,1000.0,5.9,10.7,normal
1697505269.485,46.251,1800.0,16.5,10.2,normal
1697505269.987,46.251,1800.0,36.8,10.6,normal
1697505270.49,45.764,1800.0,4.5,10.6,normal
1697505270.993,47.712,1800.0,4.0,10.6,normal
1697505271.495,45.764,1800.0,2.5,10.6,normal
1697505271.998,45.277,1800.0,4.0,10.6,normal
1697505272.5,46.251,1800.0,2.5,10.6,normal
1697505273.003,45.764,1800.0,4.0,10.6,normal
1697505273.505,45.764,1800.0,3.5,10.6,normal
1697505274.008,46.738,1800.0,4.0,10.7,normal
1697505274.512,45.764,1000.0,4.5,10.7,normal
1697505275.016,44.79,1000.0,5.5,10.7,normal
1697505275.52,45.764,1000.0,9.5,9.6,normal
1697505276.024,46.738,1800.0,28.0,10.5,normal
1697505276.526,45.764,1800.0,20.6,10.7,normal
1697505277.029,46.738,1800.0,4.5,10.7,normal
1697505277.531,44.79,1800.0,3.5,10.7,normal
1697505278.034,46.738,1800.0,4.4,10.7,normal
1697505278.536,45.764,1800.0,3.0,10.7,normal
1697505279.039,45.764,1800.0,5.4,10.7,normal
1697505279.541,46.251,1800.0,3.0,10.7,normal
1697505280.044,45.277,1800.0,4.0,10.7,normal
1697505280.546,46.251,1800.0,4.0,10.7,normal
1697505281.051,46.251,800.0,5.0,10.7,normal
1697505281.554,44.79,1800.0,12.4,9.8,normal
1697505282.058,46.251,1800.0,31.2,10.5,normal
1697505282.56,47.712,1800.0,16.4,10.6,normal
1697505283.063,46.251,1800.0,4.0,10.6,normal
1697505283.565,46.251,1800.0,2.5,10.6,normal
1697505284.068,47.225,1800.0,4.5,10.6,normal
1697505284.571,45.277,1800.0,4.0,10.6,normal
1697505285.073,46.251,1800.0,2.5,10.6,normal
1697505285.576,46.251,1800.0,2.0,10.6,normal
1697505286.078,46.251,1800.0,3.5,10.6,normal
1697505286.583,44.79,800.0,2.5,10.6,normal
1697505287.089,44.303,600.0,4.0,10.6,normal
1697505287.594,45.764,600.0,3.0,10.6,normal
1697505288.098,46.251,1800.0,27.9,10.4,normal
1697505288.6,46.251,1800.0,30.2,10.6,normal
1697505289.103,46.251,1800.0,4.5,10.7,normal
1697505289.605,45.277,1800.0,4.0,10.7,normal
1697505290.108,45.764,1800.0,4.0,10.7,normal
1697505290.611,45.764,1800.0,3.9,10.7,normal
1697505291.113,45.764,1800.0,3.5,10.7,normal
1697505291.616,45.277,1800.0,3.5,10.7,normal
1697505292.118,45.764,1800.0,3.5,10.7,normal
1697505292.621,46.251,1800.0,3.5,10.7,normal
1697505293.126,45.764,600.0,5.4,10.7,normal
1697505293.633,45.277,600.0,9.5,10.6,normal
1697505294.135,47.225,1800.0,28.5,10.5,normal
1697505294.638,46.251,1800.0,22.9,10.6,normal
1697505295.141,45.277,1800.0,3.0,10.6,normal
1697505295.643,46.738,1800.0,3.5,10.6,normal
1697505296.146,45.764,1800.0,3.5,10.6,normal
1697505296.648,45.277,1800.0,3.5,10.6,normal
1697505297.151,45.277,1800.0,3.5,10.6,normal
1697505297.653,45.277,1800.0,4.4,10.7,normal
1697505298.156,45.764,1800.0,3.5,10.7,normal
1697505298.661,45.277,700.0,3.4,10.7,normal
1697505299.166,44.79,600.0,5.0,10.6,normal
1697505299.669,45.764,1800.0,12.5,10.0,normal
1697505300.173,45.764,1800.0,35.8,10.6,normal
1697505300.676,45.764,1800.0,10.4,10.6,normal
1697505301.179,45.277,1800.0,4.0,10.6,normal
1697505301.681,46.251,1800.0,4.5,10.6,normal
1697505302.184,47.225,1800.0,3.5,10.7,normal
1697505302.686,45.277,1800.0,4.0,10.7,normal
1697505303.189,45.764,1800.0,3.0,10.7,normal
1697505303.691,46.251,1800.0,4.5,10.7,normal
1697505304.194,46.251,1800.0,5.0,10.7,normal
1697505304.698,45.764,800.0,3.5,10.7,normal
1697505305.204,45.764,600.0,4.0,10.7,normal
1697505305.707,45.764,1800.0,17.9,10.3,normal
1697505306.21,46.251,1800.0,38.0,10.6,normal
1697505306.712,45.764,1800.0,3.0,10.6,normal
1697505307.215,45.764,1800.0,3.5,10.6,normal
1697505307.717,46.251,1800.0,3.5,10.7,normal
1697505308.22,45.277,1800.0,4.4,10.7,normal
1697505308.722,46.251,1800.0,3.0,10.7,normal
1697505309.225,45.764,1800.0,3.0,10.7,normal
1697505309.727,46.251,1800.0,2.5,10.7,normal
1697505310.23,45.277,1800.0,3.5,10.7,normal
1697505310.735,46.251,600.0,2.5,10.7,normal
1697505311.241,45.764,600.0,4.0,10.7,normal
1697505311.745,46.251,1800.0,10.9,9.9,normal
1697505312.249,46.251,1800.0,33.2,10.6,normal
1697505312.751,46.251,1800.0,13.9,10.7,normal
1697505313.254,45.277,1800.0,3.5,10.7,normal
1697505313.757,45.277,1800.0,4.0,10.7,normal
1697505314.259,45.764,1800.0,3.5,10.7,normal
1697505314.762,45.764,1800.0,4.4,10.7,normal
1697505315.264,45.764,1800.0,3.0,10.7,normal
1697505315.767,45.764,1800.0,3.5,10.7,normal
1697505316.269,45.764,1800.0,3.0,10.7,normal
1697505316.774,45.277,700.0,4.0,10.7,normal
1697505317.28,44.79,600.0,4.4,10.7,normal
1697505317.783,44.79,1800.0,17.8,10.2,normal
1697505318.286,46.251,1800.0,37.3,10.6,normal
1697505318.789,45.277,1800.0,6.5,10.7,normal
1697505319.291,46.251,1800.0,4.9,10.7,normal
1697505319.794,45.277,1800.0,3.5,10.7,normal
1697505320.296,45.277,1800.0,3.0,10.7,normal
1697505320.799,45.277,1800.0,4.5,10.7,normal
1697505321.302,45.764,1800.0,3.5,10.7,normal
1697505321.804,45.764,1800.0,3.5,10.7,normal
1697505322.307,44.79,1800.0,4.0,10.7,normal
1697505322.811,45.277,700.0,3.5,10.7,normal
1697505323.317,45.277,600.0,5.9,10.7,normal
1697505323.823,45.277,700.0,9.4,10.1,normal
1697505324.326,47.225,1800.0,29.2,10.5,normal
1697505324.829,46.738,1800.0,21.2,10.7,normal
1697505325.332,45.277,1800.0,4.4,10.7,normal
1697505325.834,45.764,1800.0,2.5,10.7,normal
1697505326.337,45.764,1800.0,3.5,10.7,normal
1697505326.839,46.251,1800.0,3.5,10.7,normal
1697505327.342,45.277,1800.0,3.5,10.7,normal
1697505327.844,45.277,1800.0,3.0,10.7,normal
1697505328.347,45.764,1800.0,3.0,10.7,normal
1697505328.852,44.79,700.0,4.0,10.7,normal
1697505329.358,45.764,600.0,5.9,10.7,normal
1697505329.861,45.277,1800.0,13.0,10.1,normal
1697505330.365,45.764,1800.0,35.3,10.6,normal
1697505330.867,45.277,1800.0,11.9,10.7,normal
1697505331.37,46.251,1800.0,3.0,10.7,normal
1697505331.872,46.251,1800.0,4.0,10.7,normal
1697505332.375,45.277,1800.0,3.5,10.7,normal
1697505332.877,46.251,1800.0,3.0,10.7,normal
1697505333.38,46.251,1800.0,3.4,10.7,normal
1697505333.883,46.251,1800.0,4.5,10.7,normal
1697505334.385,45.764,1800.0,4.0,10.7,normal
1697505334.895,45.277,700.0,5.4,10.7,normal
1697505335.4,45.764,700.0,4.5,10.7,normal
1697505335.903,45.764,1800.0,17.9,10.2,normal
1697505336.406,46.251,1800.0,37.0,10.6,normal
1697505336.909,46.738,1800.0,4.5,10.7,normal
1697505337.411,47.225,1800.0,3.0,10.7,normal
1697505337.914,46.738,1800.0,5.0,10.7,normal
1697505338.416,46.251,1800.0,4.0,10.7,normal
1697505338.919,45.764,1800.0,4.0,10.7,normal
1697505339.421,46.738,1800.0,3.0,10.7,normal
1697505339.924,46.738,1800.0,4.0,10.7,normal
1697505340.427,45.764,1800.0,3.0,10.7,normal
1697505340.931,45.277,900.0,4.0,10.7,normal
1697505341.435,45.277,800.0,4.0,10.7,normal
1697505341.938,44.79,1800.0,21.8,10.4,normal
1697505342.441,45.764,1800.0,32.0,10.6,normal
1697505342.943,46.251,1800.0,3.0,10.6,normal
1697505343.446,46.738,1800.0,4.0,10.6,normal
1697505343.949,46.251,1800.0,4.5,10.6,normal
1697505344.451,47.225,1800.0,3.5,10.7,normal
1697505344.954,47.225,1800.0,2.5,10.6,normal
1697505345.456,46.251,1800.0,2.5,10.7,normal
1697505345.959,45.764,1800.0,4.0,10.6,normal
1697505346.461,44.79,1800.0,1.0,10.6,normal
1697505346.967,45.764,600.0,4.0,10.6,normal
1697505347.473,45.277,700.0,4.4,10.7,normal
1697505347.975,45.277,1800.0,14.0,10.1,normal
1697505348.478,47.225,1800.0,37.4,10.6,normal
1697505348.981,45.764,1800.0,11.0,10.7,normal
1697505349.483,45.277,1800.0,3.0,10.7,normal
1697505349.986,46.251,1800.0,3.5,10.7,normal
1697505350.488,45.277,1800.0,2.5,10.7,normal
1697505350.991,45.764,1800.0,4.0,10.7,normal
1697505351.494,46.251,1800.0,2.0,10.7,normal
1697505351.996,45.277,1800.0,2.0,10.7,normal
1697505352.499,46.251,1800.0,2.5,10.7,normal
1697505353.003,46.251,700.0,3.5,10.7,normal
1697505353.508,44.79,900.0,3.5,10.7,normal
1697505354.01,45.277,1800.0,7.5,9.7,normal
1697505354.514,46.251,1800.0,28.6,10.6,normal
1697505355.017,46.251,1800.0,21.1,10.7,normal
1697505355.519,46.251,1800.0,4.0,10.7,normal
1697505356.022,45.764,1800.0,3.5,10.7,normal
1697505356.524,45.764,1800.0,3.5,10.7,normal
1697505357.027,45.277,1800.0,3.0,10.8,normal
1697505357.529,44.79,1800.0,3.5,10.7,normal
1697505358.032,46.251,1800.0,3.5,10.7,normal
1697505358.535,45.277,1800.0,3.0,10.8,normal
1697505359.039,44.79,700.0,5.0,10.7,normal
1697505359.544,44.79,800.0,4.0,10.7,normal
1697505360.047,45.764,1800.0,13.9,10.2,normal
1697505360.551,47.712,1800.0,34.7,10.6,normal
1697505361.054,46.251,1800.0,11.5,10.7,normal
1697505361.556,45.277,1800.0,2.5,10.7,normal
1697505362.059,45.764,1800.0,3.5,10.7,normal
1697505362.562,45.277,1800.0,3.5,10.7,normal
1697505363.064,46.251,1800.0,4.5,10.7,normal
1697505363.567,45.764,1800.0,3.0,10.7,normal
1697505364.069,45.277,1800.0,4.0,10.7,normal
1697505364.572,46.738,1800.0,3.9,10.7,normal
1697505365.076,45.764,800.0,5.0,10.7,normal
1697505365.581,46.251,800.0,4.4,10.7,normal
1697505366.087,45.764,600.0,5.0,10.6,normal
1697505366.59,46.251,1800.0,29.4,10.4,normal
1697505367.092,46.251,1800.0,25.7,10.6,normal
1697505367.595,46.251,1800.0,3.0,10.6,normal
1697505368.097,45.764,1800.0,3.4,10.6,normal
1697505368.6,46.738,1800.0,4.0,10.6,normal
1697505369.103,45.277,1800.0,4.5,10.6,normal
1697505369.605,44.79,1800.0,3.0,10.6,normal
1697505370.108,45.764,1800.0,3.0,10.6,normal
1697505370.61,45.764,1800.0,4.0,10.6,normal
1697505371.113,45.277,1800.0,4.0,10.7,normal
1697505371.618,45.277,600.0,4.9,10.7,normal
1697505372.122,45.277,1000.0,9.0,9.6,normal
1697505372.625,46.251,1800.0,28.0,10.5,normal
1697505373.128,45.277,1800.0,21.4,10.6,normal
1697505373.63,46.738,1800.0,3.5,10.7,normal
1697505374.133,45.764,1800.0,3.0,10.7,normal
1697505374.635,45.764,1800.0,3.0,10.7,normal
1697505375.138,46.251,1800.0,4.5,10.7,normal
1697505375.641,44.79,1800.0,2.5,10.7,normal
1697505376.144,45.764,1800.0,3.5,10.7,normal
1697505376.646,45.277,1800.0,3.5,10.7,normal
1697505377.149,45.277,1800.0,4.5,10.7,normal
1697505377.654,45.764,600.0,3.5,10.7,normal
1697505378.157,45.277,1800.0,13.8,10.2,normal
1697505378.66,45.764,1800.0,37.5,10.6,normal
1697505379.163,46.251,1800.0,9.4,10.7,normal
1697505379.666,45.764,1800.0,3.5,10.7,normal
1697505380.168,46.251,1800.0,4.0,10.7,normal
1697505380.671,45.764,1800.0,3.5,10.7,normal
1697505381.173,45.764,1800.0,3.0,10.7,normal
1697505381.676,45.277,1800.0,4.5,10.7,normal
1697505382.178,46.251,1800.0,2.5,10.7,normal
1697505382.681,45.277,1800.0,3.0,10.7,normal
1697505383.185,45.277,700.0,3.0,10.7,normal
1697505383.69,46.251,700.0,4.5,10.7,normal
1697505384.196,45.277,800.0,8.4,10.6,normal
1697505384.699,46.251,1800.0,28.0,10.5,normal
1697505385.202,46.738,1800.0,23.8,10.7,normal
1697505385.704,46.251,1800.0,4.0,10.6,normal
1697505386.207,46.251,1800.0,4.5,10.7,normal
1697505386.709,47.225,1800.0,3.0,10.7,normal
1697505387.212,44.79,1800.0,3.5,10.7,normal
1697505387.714,45.764,1800.0,3.5,10.7,normal
1697505388.217,45.277,1800.0,3.0,10.7,normal
1697505388.719,45.277,1800.0,3.0,10.7,normal
1697505389.222,45.764,1800.0,4.4,10.7,normal
1697505389.727,46.251,600.0,4.9,10.7,normal
1697505390.233,45.764,600.0,4.5,10.7,normal
1697505390.736,47.225,1800.0,25.6,10.4,normal
1697505391.239,45.764,1800.0,30.2,10.7,normal
1697505391.742,46.251,1800.0,4.0,10.7,normal
1697505392.244,45.764,1800.0,4.0,10.7,normal
1697505392.747,45.764,1800.0,2.5,10.7,normal
1697505393.249,46.251,1800.0,2.0,10.7,normal
1697505393.752,46.251,1800.0,3.0,10.7,normal
1697505394.254,45.764,1800.0,4.0,10.7,normal
1697505394.757,45.764,1800.0,3.0,10.7,normal
1697505395.259,46.251,1800.0,2.5,10.7,normal
1697505395.765,46.251,600.0,3.0,10.7,normal
1697505396.271,44.79,600.0,5.0,10.6,normal
1697505396.775,46.738,1800.0,28.9,10.5,normal
1697505397.277,45.277,1800.0,23.7,10.7,normal
1697505397.78,45.764,1800.0,3.0,10.7,normal
1697505398.282,45.277,1800.0,3.5,10.7,normal
1697505398.785,45.277,1800.0,4.0,10.7,normal
1697505399.287,45.764,1800.0,3.5,10.7,normal
1697505399.79,46.251,1800.0,3.5,10.7,normal
1697505400.292,45.277,1800.0,3.0,10.7,normal
1697505400.795,45.277,1800.0,4.5,10.7,normal
1697505401.297,45.764,1800.0,3.5,10.7,normal
1697505401.803,44.79,600.0,4.4,10.7,normal
1697505402.307,45.277,1800.0,8.4,10.5,normal
1697505402.81,46.738,1800.0,29.2,10.5,normal
1697505403.313,46.738,1800.0,23.9,10.6,normal
1697505403.815,45.764,1800.0,3.5,10.6,normal
1697505404.318,45.277,1800.0,3.5,10.6,normal
1697505404.82,45.764,1800.0,3.0,10.6,normal
1697505405.323,46.251,1800.0,0.0,10.6,normal
1697505405.825,45.764,1800.0,3.0,10.7,normal
1697505406.328,45.764,1800.0,3.5,10.7,normal
1697505406.83,45.764,1800.0,4.0,10.7,normal
1697505407.335,45.764,700.0,3.5,10.7,normal
1697505407.839,46.251,900.0,3.5,10.7,normal
1697505408.344,46.251,800.0,4.4,10.7,normal
1697505408.848,47.225,1800.0,26.2,10.4,normal
1697505409.35,46.738,1800.0,32.5,10.6,normal
1697505409.853,44.79,1800.0,3.5,10.7,normal
1697505410.356,45.764,1800.0,3.0,10.7,normal
1697505410.859,45.277,1800.0,4.5,10.7,normal
1697505411.362,46.251,1800.0,4.0,10.7,normal
1697505411.865,45.764,1800.0,3.0,10.7,normal
1697505412.367,46.251,1800.0,4.0,10.7,normal
1697505412.87,45.277,1800.0,5.0,10.7,normal
1697505413.372,44.79,1800.0,2.5,10.7,normal
1697505413.878,45.764,600.0,5.4,10.7,normal
1697505414.384,43.816,600.0,3.0,10.7,normal
1697505414.887,45.277,1800.0,18.5,10.3,normal
1697505415.389,46.738,1800.0,39.3,10.7,normal
1697505415.892,45.764,1800.0,3.0,10.7,normal
1697505416.395,45.764,1800.0,4.0,10.7,normal
1697505416.897,46.251,1800.0,3.0,10.7,normal
1697505417.4,45.277,1800.0,3.0,10.7,normal
1697505417.902,45.764,1800.0,3.5,10.7,normal
1697505418.405,44.79,1800.0,4.5,10.7,normal
1697505418.907,46.738,1800.0,3.5,10.7,normal
1697505419.41,44.79,1800.0,3.5,10.7,normal
1697505419.915,45.764,600.0,4.4,10.7,normal
1697505420.42,45.277,700.0,4.5,10.7,normal
1697505420.923,46.251,1800.0,11.4,9.8,normal
1697505421.427,47.225,1800.0,32.2,10.6,normal
1697505421.93,46.251,1800.0,17.9,10.6,normal
1697505422.433,45.764,1800.0,3.0,10.6,normal
1697505422.935,45.277,1800.0,4.0,10.6,normal
1697505423.438,45.764,1800.0,3.5,10.6,normal
1697505423.94,46.251,1800.0,4.0,10.6,normal
1697505424.443,45.764,1800.0,3.9,10.6,normal
1697505424.946,46.251,1800.0,3.5,10.6,normal
1697505425.448,45.277,1800.0,4.0,10.6,normal
1697505425.953,46.251,700.0,3.5,10.6,normal
1697505426.457,45.764,900.0,5.4,10.6,normal
1697505426.963,44.79,900.0,5.9,10.7,normal
1697505427.465,47.225,1800.0,26.0,10.4,normal
1697505427.968,45.764,1800.0,26.1,10.6,normal
1697505428.471,46.738,1800.0,4.0,10.6,normal
1697505428.973,46.738,1800.0,4.5,10.6,normal
1697505429.476,45.764,1800.0,4.5,10.6,normal
1697505429.978,45.764,1800.0,3.5,10.7,normal
1697505430.481,46.251,1800.0,2.5,10.7,normal
1697505430.983,46.251,1800.0,3.0,10.7,normal
1697505431.486,45.764,1800.0,4.0,10.7,normal
1697505431.988,45.764,1800.0,2.5,10.7,normal
1697505432.493,45.764,900.0,4.4,10.7,normal
1697505432.997,45.764,800.0,4.5,10.7,normal
1697505433.5,46.738,1800.0,20.2,10.3,normal
1697505434.003,46.251,1800.0,33.7,10.6,normal
1697505434.506,46.251,1800.0,3.0,10.6,normal
1697505435.008,45.277,1800.0,3.0,10.6,normal
1697505435.511,45.277,1800.0,3.0,10.6,normal
1697505436.013,45.277,1800.0,2.0,10.6,normal
1697505436.516,45.764,1800.0,2.5,10.6,normal
1697505437.018,45.764,1800.0,3.0,10.6,normal
1697505437.521,45.764,1800.0,3.0,10.7,normal
1697505438.023,45.764,1800.0,2.5,10.7,normal
1697505438.528,46.251,800.0,4.5,10.7,normal
1697505439.032,45.277,800.0,5.4,10.7,normal
1697505439.535,45.764,1800.0,14.4,10.1,normal
1697505440.038,47.225,1800.0,36.5,10.5,normal
1697505440.541,45.764,1800.0,8.5,10.6,normal
1697505441.043,45.764,1800.0,2.5,10.6,normal
1697505441.546,44.79,1800.0,4.4,10.6,normal
1697505442.049,45.764,1800.0,3.5,10.6,normal
1697505442.551,45.277,1800.0,3.5,10.6,normal
1697505443.054,45.764,1800.0,3.5,10.6,normal
1697505443.556,46.251,1800.0,4.0,10.6,normal
1697505444.059,45.277,1800.0,6.4,10.6,normal
1697505444.563,45.277,800.0,3.5,10.6,normal
1697505445.067,44.79,900.0,4.5,10.7,normal
1697505445.573,45.277,800.0,6.5,10.5,normal
1697505446.076,46.251,1800.0,29.2,10.4,normal
1697505446.579,45.764,1800.0,22.1,10.6,normal
1697505447.081,45.764,1800.0,4.0,10.6,normal
1697505447.584,45.764,1800.0,3.9,10.6,normal
1697505448.086,46.251,1800.0,3.5,10.6,normal
1697505448.589,45.764,1800.0,4.0,10.6,normal
1697505449.091,46.738,1800.0,4.5,10.6,normal
1697505449.594,46.251,1800.0,3.5,10.6,normal
1697505450.096,45.277,1800.0,3.5,10.7,normal
1697505450.601,45.764,700.0,4.5,10.7,normal
1697505451.107,45.277,600.0,5.4,10.7,normal
1697505451.61,46.738,1800.0,13.9,10.1,normal
1697505452.114,46.251,1800.0,34.7,10.6,normal
1697505452.616,46.738,1800.0,11.9,10.6,normal
1697505453.119,46.251,1800.0,3.5,10.6,normal
1697505453.621,47.225,1800.0,4.0,10.6,normal
1697505454.124,45.764,1800.0,5.0,10.6,normal
1697505454.626,46.251,1800.0,4.0,10.6,normal
1697505455.129,45.764,1800.0,3.5,10.6,normal
1697505455.631,45.764,1800.0,3.0,10.7,normal
1697505456.134,45.277,1800.0,3.5,10.6,normal
1697505456.639,45.764,700.0,4.5,10.6,normal
1697505457.144,45.277,600.0,4.5,10.7,normal
1697505457.65,45.277,600.0,6.9,10.6,normal
1697505458.154,45.764,1800.0,28.0,10.5,normal
1697505458.656,45.764,1800.0,26.3,10.6,normal
1697505459.159,45.764,1800.0,3.9,10.6,normal
1697505459.677,46.738,1800.0,3.9,10.6,normal
1697505460.18,45.764,1800.0,3.0,10.6,normal
1697505460.682,46.251,1800.0,4.0,10.6,normal
1697505461.185,44.79,1800.0,3.0,10.7,normal
1697505461.687,45.764,1800.0,3.5,10.7,normal
1697505462.19,45.277,1800.0,3.0,10.6,normal
1697505462.693,44.79,1800.0,3.0,10.6,normal
1697505463.199,45.277,600.0,4.9,10.6,normal
1697505463.705,45.277,600.0,5.4,10.6,normal
1697505464.208,45.764,1800.0,20.0,10.2,normal
1697505464.711,46.251,1800.0,36.4,10.7,normal
1697505465.214,45.277,1800.0,3.9,10.7,normal
1697505465.716,46.251,1800.0,2.0,10.7,normal
1697505466.219,45.764,1800.0,3.0,10.7,normal
1697505466.721,45.277,1800.0,2.5,10.7,normal
1697505467.224,44.303,1800.0,4.4,10.7,normal
1697505467.726,46.251,1800.0,2.5,10.7,normal
1697505468.229,45.764,1800.0,2.5,10.7,normal
1697505468.731,45.764,1800.0,3.5,10.7,normal
1697505469.237,45.764,600.0,4.5,10.7,normal
1697505469.748,45.277,600.0,4.4,10.7,normal
1697505470.251,46.738,1800.0,25.6,10.4,normal
1697505470.754,47.225,1800.0,31.8,10.7,normal
1697505471.257,45.764,1800.0,2.5,10.7,normal
1697505471.759,46.251,1800.0,3.0,10.7,normal
1697505472.262,45.277,1800.0,4.0,10.7,normal
1697505472.764,45.277,1800.0,4.5,10.7,normal
1697505473.267,45.764,1800.0,3.5,10.7,normal
1697505473.769,45.277,1800.0,3.0,10.7,normal
1697505474.272,45.277,1800.0,3.5,10.7,normal
1697505474.774,45.277,1800.0,4.0,10.7,normal
1697505475.28,44.79,600.0,4.0,10.7,normal
1697505475.785,44.303,600.0,4.9,10.7,normal
1697505476.288,47.225,1800.0,28.2,10.4,normal
1697505476.791,46.251,1800.0,27.0,10.6,normal
1697505477.294,45.277,1800.0,2.5,10.6,normal
1697505477.796,46.251,1800.0,3.0,10.6,normal
1697505478.299,45.764,1800.0,2.5,10.6,normal
1697505478.801,45.277,1800.0,3.5,10.6,normal
1697505479.304,45.764,1800.0,2.5,10.6,normal
1697505479.806,45.764,1800.0,3.0,10.6,normal
1697505480.309,46.251,1800.0,3.0,10.7,normal
1697505480.811,45.277,1800.0,3.5,10.7,normal
1697505481.317,45.764,600.0,5.4,10.7,normal
1697505481.823,45.277,600.0,4.9,10.7,normal
1697505482.326,46.251,1800.0,21.4,10.3,normal
1697505482.828,46.251,1800.0,34.3,10.6,normal
1697505483.331,45.277,1800.0,3.5,10.6,normal
1697505483.833,45.764,1800.0,4.4,10.6,normal
1697505484.336,44.79,1800.0,5.0,10.6,normal
1697505484.839,46.251,1800.0,3.5,10.6,normal
1697505485.341,47.225,1800.0,3.5,10.6,normal
1697505485.844,45.764,1800.0,2.5,10.6,normal
1697505486.346,45.764,1800.0,3.5,10.6,normal
1697505486.849,46.251,1800.0,4.5,10.6,normal
1697505487.354,45.764,600.0,3.9,10.6,normal
1697505487.86,45.277,600.0,4.5,10.6,normal
1697505488.365,46.251,1800.0,25.9,10.4,normal
1697505488.868,45.277,1800.0,28.9,10.7,normal
1697505489.37,46.251,1800.0,4.5,10.7,normal
1697505489.875,45.277,1800.0,4.4,10.7,normal
1697505490.377,45.764,1800.0,2.5,10.7,normal
1697505490.88,45.277,1800.0,4.0,10.7,normal
1697505491.383,45.277,1800.0,5.4,10.7,normal
1697505491.885,46.738,1800.0,3.5,10.6,normal
1697505492.388,44.79,1800.0,3.5,10.6,normal
1697505492.89,46.251,1800.0,2.5,10.6,normal
1697505493.396,45.764,600.0,5.9,10.6,normal
1697505493.901,46.251,800.0,5.0,10.6,normal
1697505494.403,45.764,1800.0,19.0,10.3,normal
1697505494.906,47.225,1800.0,35.5,10.6,normal
1697505495.409,45.764,1800.0,2.5,10.6,normal
1697505495.911,46.738,1800.0,4.0,10.6,normal
1697505496.414,45.277,1800.0,3.5,10.6,normal
1697505496.916,45.764,1800.0,3.5,10.6,normal
1697505497.419,46.251,1800.0,4.5,10.6,normal
1697505497.921,45.277,1800.0,2.5,10.7,normal
1697505498.424,46.251,1800.0,3.5,10.7,normal
1697505498.926,46.251,1800.0,4.5,10.7,normal
1697505499.431,46.251,900.0,5.0,10.7,normal
1697505499.936,44.79,600.0,6.4,10.7,normal
1697505500.439,45.764,1800.0,13.0,10.0,normal
1697505500.944,45.764,1800.0,33.5,10.5,normal
1697505501.447,45.764,1800.0,13.0,10.6,normal
1697505501.95,46.251,1800.0,4.5,10.6,normal
1697505502.452,46.251,1800.0,3.0,10.6,normal
1697505502.955,45.277,1800.0,4.0,10.6,normal
1697505503.457,46.251,1800.0,3.0,10.6,normal
1697505503.96,44.79,1800.0,4.5,10.7,normal
1697505504.462,44.79,1800.0,4.0,10.7,normal
1697505504.965,46.738,1800.0,3.5,10.7,normal
1697505505.47,46.251,800.0,3.0,10.7,normal
1697505505.974,45.277,800.0,5.4,10.7,normal
1697505506.477,44.79,1800.0,15.4,10.2,normal
1697505506.98,46.251,1800.0,37.6,10.6,normal
1697505507.482,46.251,1800.0,5.5,10.7,normal
1697505507.985,45.764,1800.0,4.0,10.7,normal
1697505508.487,45.277,1800.0,3.5,10.7,normal
1697505508.99,45.277,1800.0,4.0,10.7,normal
1697505509.492,45.277,1800.0,3.5,10.7,normal
1697505509.995,46.251,1800.0,2.5,10.7,normal
1697505510.497,45.277,1800.0,4.0,10.7,normal
1697505511.0,44.79,1800.0,3.5,10.7,normal
1697505511.504,46.251,900.0,4.0,10.7,normal
1697505512.009,45.277,800.0,4.5,10.7,normal
1697505512.511,45.764,1800.0,19.9,10.3,normal
1697505513.014,47.712,1800.0,36.8,10.7,normal
1697505513.516,45.277,1800.0,3.0,10.7,normal
1697505514.019,45.764,1800.0,4.9,10.7,normal
1697505514.522,45.764,1800.0,3.5,10.7,normal
1697505515.024,46.738,1800.0,3.5,10.7,normal
1697505515.527,45.277,1800.0,3.5,10.7,normal
1697505516.029,45.277,1800.0,3.5,10.7,normal
1697505516.532,45.764,1800.0,3.5,10.7,normal
1697505517.034,45.277,1800.0,3.5,10.7,normal
1697505517.538,45.764,1100.0,4.5,10.7,normal
1697505518.042,46.251,900.0,4.0,10.7,normal
1697505518.546,45.277,1800.0,24.9,9.6,normal
1697505519.049,45.764,1800.0,29.5,10.5,normal
1697505519.551,45.277,1800.0,19.5,10.7,normal
1697505520.054,45.764,1800.0,3.5,10.7,normal
1697505520.556,45.277,1800.0,3.0,10.7,normal
1697505521.059,45.764,1800.0,4.4,10.7,normal
1697505521.562,44.79,1800.0,3.0,10.7,normal
1697505522.064,45.277,1800.0,2.5,10.7,normal
1697505522.567,45.764,1800.0,3.0,10.7,normal
1697505523.069,45.277,1800.0,4.0,10.7,normal
1697505523.574,45.764,800.0,3.0,10.7,normal
1697505524.078,44.303,800.0,5.4,10.7,normal
1697505524.581,45.277,1800.0,15.5,10.1,normal
1697505525.084,47.225,1800.0,36.9,10.6,normal
1697505525.586,45.764,1800.0,7.0,10.6,normal
1697505526.089,46.251,1800.0,3.0,10.6,normal
1697505526.592,46.251,1800.0,2.5,10.6,normal
1697505527.094,45.764,1800.0,4.0,10.6,normal
1697505527.597,45.764,1800.0,1.0,10.6,normal
1697505528.099,45.764,1800.0,4.4,10.6,normal
1697505528.602,46.251,1800.0,4.0,10.6,normal
1697505529.105,45.277,1800.0,4.5,10.6,normal
1697505529.61,45.277,700.0,4.0,10.6,normal
1697505530.114,45.764,800.0,4.5,10.6,normal
1697505530.619,45.764,800.0,6.9,10.5,normal
1697505531.122,46.251,1800.0,28.9,10.4,normal
1697505531.625,45.277,1800.0,23.6,10.7,normal
1697505532.127,46.251,1800.0,3.5,10.7,normal
1697505532.63,45.764,1800.0,3.0,10.7,normal
1697505533.132,46.251,1800.0,4.0,10.7,normal
1697505533.635,45.764,1800.0,4.5,10.7,normal
1697505534.138,45.764,1800.0,5.0,10.7,normal
1697505534.64,45.277,1800.0,5.0,10.7,normal
1697505535.143,45.764,1800.0,3.5,10.7,normal
1697505535.645,45.277,1800.0,3.0,10.6,normal
1697505536.151,45.277,600.0,5.9,10.6,normal
1697505536.654,45.277,1800.0,12.5,10.1,normal
1697505537.157,46.738,1800.0,34.3,10.6,normal
1697505537.66,45.277,1800.0,11.9,10.7,normal
1697505538.162,45.277,1800.0,4.5,10.7,normal
1697505538.665,46.738,1800.0,3.0,10.7,normal
1697505539.167,46.738,1800.0,4.0,10.7,normal
1697505539.67,45.764,1800.0,3.5,10.7,normal
1697505540.173,44.79,1800.0,3.5,10.7,normal
1697505540.675,45.764,1800.0,3.5,10.7,normal
1697505541.178,46.251,1800.0,4.0,10.7,normal
1697505541.682,45.764,750.0,4.4,10.7,normal
1697505542.188,46.251,600.0,4.5,10.7,normal
1697505542.691,46.738,1800.0,17.4,10.2,normal
1697505543.193,46.738,1800.0,37.8,10.6,normal
1697505543.696,45.277,1800.0,2.5,10.6,normal
1697505544.199,45.764,1800.0,3.0,10.6,normal
1697505544.701,46.738,1800.0,5.4,10.6,normal
1697505545.204,45.764,1800.0,3.5,10.6,normal
1697505545.706,45.764,1800.0,3.0,10.6,normal
1697505546.209,46.738,1800.0,2.5,10.6,normal
1697505546.711,47.225,1800.0,4.5,10.6,normal
1697505547.214,46.738,1800.0,3.9,10.7,normal
1697505547.719,46.251,600.0,4.5,10.7,normal
1697505548.225,45.764,600.0,4.9,10.7,normal
1697505548.729,46.251,1800.0,12.9,9.8,normal
1697505549.232,46.738,1800.0,31.3,10.5,normal
1697505549.735,45.277,1800.0,17.0,10.6,normal
1697505550.238,45.764,1800.0,4.0,10.6,normal
1697505550.74,45.764,1800.0,3.5,10.6,normal
1697505551.243,45.764,1800.0,3.5,10.6,normal
1697505551.745,45.764,1800.0,2.5,10.6,normal
1697505552.248,45.277,1800.0,3.0,10.6,normal
1697505552.751,45.764,1800.0,3.5,10.6,normal
1697505553.253,46.251,1800.0,3.5,10.6,normal
1697505553.758,45.277,700.0,3.0,10.6,normal
1697505554.264,45.764,600.0,5.4,10.6,normal
1697505554.77,45.277,600.0,4.0,10.6,normal
1697505555.273,46.251,1800.0,29.2,10.5,normal
1697505555.775,45.277,1800.0,26.1,10.7,normal
1697505556.278,46.251,1800.0,3.0,10.7,normal
1697505556.781,45.277,1800.0,2.5,10.7,normal
1697505557.283,45.277,1800.0,4.0,10.7,normal
1697505557.786,45.764,1800.0,3.0,10.7,normal
1697505558.288,45.277,1800.0,2.5,10.7,normal
1697505558.791,44.79,1800.0,4.0,10.7,normal
1697505559.293,45.764,1800.0,4.5,10.7,normal
1697505559.796,45.764,1800.0,3.0,10.7,normal
1697505560.301,45.277,600.0,3.5,10.7,normal
1697505560.807,45.764,600.0,3.0,10.7,normal
1697505561.311,45.764,1800.0,23.3,10.4,normal
1697505561.813,46.738,1800.0,32.2,10.7,normal
1697505562.316,44.79,1800.0,3.0,10.7,normal
1697505562.818,45.277,1800.0,3.5,10.7,normal
1697505563.321,44.79,1800.0,3.0,10.7,normal
1697505563.823,45.277,1800.0,2.5,10.7,normal
1697505564.326,44.79,1800.0,5.0,10.7,normal
1697505564.828,45.764,1800.0,4.0,10.7,normal
1697505565.331,45.764,1800.0,4.0,10.7,normal
1697505565.834,45.764,1800.0,3.0,10.7,normal
1697505566.339,45.277,600.0,3.9,10.7,normal
1697505566.845,44.303,600.0,4.9,10.7,normal
1697505567.348,45.764,1800.0,16.9,10.2,normal
1697505567.85,45.764,1800.0,37.8,10.6,normal
1697505568.353,45.764,1800.0,6.0,10.7,normal
1697505568.855,44.79,1800.0,3.5,10.7,normal
1697505569.358,45.764,1800.0,5.9,10.7,normal
1697505569.86,45.764,1800.0,2.0,10.7,normal
1697505570.363,45.764,1800.0,3.5,10.7,normal
1697505570.865,45.277,1800.0,3.5,10.7,normal
1697505571.368,44.79,1800.0,4.0,10.7,normal
1697505571.871,45.764,1800.0,4.0,10.7,normal
1697505572.375,45.277,700.0,3.0,10.7,normal
1697505572.882,46.738,600.0,4.5,10.7,normal
1697505573.388,45.277,600.0,8.5,10.6,normal
1697505573.891,45.764,1800.0,29.2,10.5,normal
1697505574.394,46.251,1800.0,22.4,10.6,normal
1697505574.897,46.251,1800.0,4.5,10.7,normal
1697505575.399,46.738,1800.0,3.5,10.7,normal
1697505575.902,46.738,1800.0,3.4,10.7,normal
1697505576.404,45.764,1800.0,3.5,10.7,normal
1697505576.907,45.764,1800.0,4.0,10.7,normal
1697505577.41,46.251,1800.0,3.5,10.7,normal
1697505577.912,45.277,1800.0,2.5,10.7,normal
1697505578.415,45.764,1800.0,3.5,10.7,normal
1697505578.919,45.277,800.0,5.5,10.7,normal
1697505579.425,45.277,600.0,4.9,10.7,normal
1697505579.928,46.251,1800.0,24.9,10.4,normal
1697505580.431,45.764,1800.0,30.0,10.7,normal
1697505580.933,45.764,1800.0,4.5,10.7,normal
1697505581.436,45.764,1800.0,3.5,10.7,normal
1697505581.939,46.251,1800.0,2.5,10.7,normal
1697505582.441,45.764,1800.0,3.0,10.7,normal
1697505582.944,46.251,1800.0,4.0,10.6,normal
1697505583.446,45.277,1800.0,3.0,10.6,normal
1697505583.949,45.277,1800.0,3.0,10.6,normal
1697505584.451,45.277,1800.0,3.0,10.6,normal
1697505584.956,44.79,800.0,3.0,10.6,normal
1697505585.462,45.277,600.0,5.0,10.6,normal
1697505585.964,45.764,1800.0,17.9,10.2,normal
1697505586.467,45.277,1800.0,35.2,10.6,normal
1697505586.97,45.277,1800.0,4.0,10.6,normal
1697505587.475,46.251,1800.0,2.0,10.6,normal
1697505587.977,45.764,1800.0,2.5,10.6,normal
1697505588.48,46.251,1800.0,2.5,10.6,normal
1697505588.982,45.277,1800.0,6.9,10.6,normal
1697505589.485,45.764,1800.0,2.0,10.6,normal
1697505589.987,46.251,1800.0,5.0,10.6,normal
1697505590.49,45.277,1800.0,3.0,10.6,normal
1697505590.995,45.277,800.0,3.5,10.6,normal
1697505591.499,45.277,900.0,6.4,10.6,normal
1697505592.002,44.79,1800.0,21.4,10.2,normal
1697505592.505,46.251,1800.0,33.2,10.7,normal
1697505593.007,45.277,1800.0,3.0,10.6,normal
1697505593.51,46.251,1800.0,4.4,10.6,normal
1697505594.012,45.764,1800.0,3.5,10.7,normal
1697505594.515,44.79,1800.0,4.0,10.6,normal
1697505595.017,46.738,1800.0,3.5,10.6,normal
1697505595.52,46.251,1800.0,3.5,10.7,normal
1697505596.023,45.277,1800.0,4.0,10.6,normal
1697505596.525,45.764,1800.0,2.5,10.6,normal
1697505597.029,45.764,1100.0,5.0,10.7,normal
1697505597.533,45.277,800.0,5.9,10.6,normal
1697505598.035,45.764,1800.0,13.9,10.2,normal
1697505598.538,46.251,1800.0,38.0,10.7,normal
1697505599.041,45.764,1800.0,8.0,10.7,normal
1697505599.543,45.764,1800.0,3.5,10.7,normal
1697505600.046,44.79,1800.0,3.5,10.7,normal
1697505600.549,45.277,1800.0,3.9,10.7,normal
1697505601.051,45.277,1800.0,3.5,10.7,normal
1697505601.554,46.251,1800.0,3.0,10.7,normal
1697505602.056,45.277,1800.0,2.5,10.7,normal
1697505602.559,45.764,1800.0,2.5,10.7,normal
1697505603.064,44.79,700.0,3.4,10.7,normal
1697505603.569,44.303,900.0,4.5,10.7,normal
1697505604.075,46.251,700.0,8.4,10.5,normal
1697505604.579,45.277,1800.0,27.5,10.4,normal
1697505605.081,46.738,1800.0,24.1,10.6,normal
1697505605.584,45.764,1800.0,4.4,10.6,normal
1697505606.087,45.764,1800.0,3.0,10.6,normal
1697505606.589,45.764,1800.0,2.5,10.6,normal
1697505607.092,45.277,1800.0,3.5,10.6,normal
1697505607.595,45.277,1800.0,3.5,10.6,normal
1697505608.097,45.764,1800.0,3.5,10.7,normal
1697505608.6,45.277,1800.0,3.5,10.7,normal
1697505609.102,45.764,1800.0,5.0,10.7,normal
1697505609.606,46.251,1000.0,4.5,10.7,normal
1697505610.111,44.79,800.0,4.4,10.7,normal
1697505610.614,45.277,1800.0,23.9,10.3,normal
1697505611.116,45.764,1800.0,32.7,10.7,normal
1697505611.619,44.79,1800.0,3.5,10.7,normal
1697505612.122,45.764,1800.0,3.5,10.7,normal
1697505612.624,45.277,1800.0,3.5,10.7,normal
1697505613.127,46.251,1800.0,3.5,10.7,normal
1697505613.629,45.764,1800.0,3.0,10.7,normal
1697505614.132,44.79,1800.0,5.0,10.7,normal
1697505614.634,46.738,1800.0,4.9,10.7,normal
1697505615.137,46.251,1800.0,3.5,10.7,normal
1697505615.641,44.79,800.0,4.5,10.7,normal
1697505616.147,44.79,600.0,4.5,10.7,normal
1697505616.65,46.251,1800.0,14.4,10.2,normal
1697505617.153,46.251,1800.0,36.4,10.6,normal
1697505617.656,45.277,1800.0,7.0,10.6,normal
1697505618.158,45.277,1800.0,3.0,10.6,normal
1697505618.661,45.764,1800.0,3.0,10.6,normal
1697505619.163,45.764,1800.0,5.0,10.6,normal
1697505619.666,46.251,1800.0,4.4,10.6,normal
1697505620.168,46.251,1800.0,3.0,10.7,normal
1697505620.671,45.277,1800.0,3.0,10.7,normal
1697505621.174,45.764,1800.0,3.5,10.7,normal
1697505621.678,44.79,700.0,4.4,10.7,normal
1697505622.184,44.79,600.0,5.0,10.7,normal
1697505622.687,45.764,1800.0,20.3,10.3,normal
1697505623.19,46.738,1800.0,36.2,10.7,normal
1697505623.693,45.764,1800.0,3.0,10.7,normal
1697505624.195,47.225,1800.0,5.0,10.7,normal
1697505624.698,45.277,1800.0,3.5,10.7,normal
1697505625.2,45.764,1800.0,2.5,10.7,normal
1697505625.703,45.764,1800.0,4.5,10.7,normal
1697505626.205,45.764,1800.0,2.5,10.7,normal
1697505626.708,45.764,1800.0,3.9,10.7,normal
1697505627.211,47.225,1800.0,4.0,10.7,normal
1697505627.715,43.816,800.0,4.5,10.7,normal
1697505628.221,45.277,600.0,4.9,10.7,normal
1697505628.724,46.251,1800.0,24.5,10.4,normal
1697505629.227,45.277,1800.0,30.7,10.6,normal
1697505629.729,45.764,1800.0,4.0,10.6,normal
1697505630.232,46.738,1800.0,3.0,10.6,normal
1697505630.734,46.738,1800.0,4.0,10.6,normal
1697505631.237,46.251,1800.0,3.5,10.6,normal
1697505631.739,46.738,1800.0,4.4,10.6,normal
1697505632.242,46.251,1800.0,3.5,10.6,normal
1697505632.744,46.251,1800.0,3.0,10.6,normal
1697505633.247,45.764,1800.0,3.0,10.6,normal
1697505633.752,45.277,600.0,3.9,10.6,normal
1697505634.258,44.79,600.0,5.4,10.7,normal
1697505634.761,44.79,1800.0,18.4,10.3,normal
1697505635.264,45.764,1800.0,36.8,10.7,normal
1697505635.766,46.738,1800.0,3.5,10.7,normal
1697505636.269,45.764,1800.0,3.5,10.7,normal
1697505636.771,45.277,1800.0,2.5,10.7,normal
1697505637.274,46.251,1800.0,3.0,10.7,normal
1697505637.776,45.277,1800.0,3.5,10.6,normal
1697505638.279,45.277,1800.0,4.0,10.6,normal
1697505638.782,44.79,1800.0,3.0,10.7,normal
1697505639.284,45.277,1800.0,3.5,10.6,normal
1697505639.79,44.303,600.0,3.9,10.6,normal
1697505640.296,45.277,600.0,4.4,10.7,normal
1697505640.799,46.738,1800.0,20.9,10.4,normal
1697505641.302,46.251,1800.0,30.5,10.7,normal
1697505641.804,44.79,1800.0,1.5,10.7,normal
1697505642.307,44.79,1800.0,2.0,10.7,normal
1697505642.809,46.251,1800.0,2.5,10.7,normal
1697505643.312,44.79,1800.0,5.0,10.7,normal
1697505643.814,45.277,1800.0,3.0,10.7,normal
1697505644.317,44.79,1800.0,3.5,10.7,normal
1697505644.819,44.79,1800.0,3.0,10.7,normal
1697505645.322,45.764,1800.0,3.5,10.7,normal
1697505645.826,45.277,800.0,5.4,10.7,normal
1697505646.332,45.764,600.0,3.0,10.7,normal
1697505646.835,46.251,1800.0,15.5,10.2,normal
1697505647.338,47.712,1800.0,36.8,10.6,normal
1697505647.841,45.764,1800.0,5.5,10.7,normal
1697505648.343,45.277,1800.0,3.0,10.7,normal
1697505648.847,46.738,1800.0,3.5,10.7,normal
1697505649.349,46.251,1800.0,4.4,10.6,normal
1697505649.851,45.764,1800.0,3.5,10.7,normal
1697505650.354,45.764,1800.0,3.5,10.6,normal
1697505650.857,45.277,1800.0,3.0,10.6,normal
1697505651.359,46.251,1800.0,4.5,10.6,normal
1697505651.865,45.277,600.0,3.0,10.6,normal
1697505652.371,44.79,600.0,4.9,10.6,normal
1697505652.876,45.277,1100.0,7.5,9.7,normal
1697505653.38,45.764,1800.0,29.9,10.5,normal
1697505653.883,45.764,1800.0,22.0,10.6,normal
1697505654.386,45.277,1800.0,4.0,10.6,normal
1697505654.888,45.277,1800.0,4.0,10.7,normal
1697505655.391,46.251,1800.0,3.5,10.7,normal
1697505655.893,45.764,1800.0,3.0,10.7,normal
1697505656.395,46.738,1800.0,4.4,10.7,normal
1697505656.898,46.251,1800.0,4.0,10.7,normal
1697505657.401,45.764,1800.0,4.0,10.7,normal
1697505657.903,45.277,1800.0,3.5,10.7,normal
1697505658.408,46.251,600.0,4.0,10.7,normal
1697505658.911,46.251,1800.0,11.9,10.1,normal
1697505659.415,46.251,1800.0,34.7,10.6,normal
1697505659.918,45.764,1800.0,14.5,10.7,normal
1697505660.42,45.277,1800.0,3.0,10.7,normal
1697505660.923,46.738,1800.0,3.0,10.6,normal
1697505661.426,45.764,1800.0,4.5,10.6,normal
1697505661.928,45.277,1800.0,3.0,10.6,normal
1697505662.431,45.764,1800.0,3.0,10.6,normal
1697505662.933,46.251,1800.0,3.5,10.6,normal
1697505663.436,46.251,1800.0,4.5,10.6,normal
1697505663.941,44.79,700.0,5.0,10.6,normal
1697505664.446,45.764,700.0,5.4,10.6,normal
1697505664.95,45.764,700.0,5.5,10.6,normal
1697505665.453,45.764,1800.0,29.4,10.4,normal
1697505665.956,46.738,1800.0,25.9,10.6,normal
1697505666.458,45.277,1800.0,3.0,10.6,normal
1697505666.961,45.764,1800.0,3.0,10.6,normal
1697505667.463,45.764,1800.0,4.5,10.6,normal
1697505667.966,45.764,1800.0,3.5,10.6,normal
1697505668.468,46.251,1800.0,3.5,10.7,normal
1697505668.971,45.277,1800.0,4.5,10.7,normal
1697505669.474,45.277,1800.0,4.5,10.7,normal
1697505669.976,45.277,1800.0,3.0,10.7,normal
1697505670.481,46.251,800.0,4.4,10.7,normal
1697505670.985,45.764,900.0,4.5,10.7,normal
1697505671.488,46.738,1800.0,22.9,10.2,normal
1697505671.99,45.764,1800.0,33.0,10.6,normal
1697505672.493,45.277,1800.0,2.5,10.7,normal
1697505672.995,46.251,1800.0,3.0,10.7,normal
1697505673.498,45.277,1800.0,4.9,10.7,normal
1697505674.001,45.764,1800.0,4.5,10.7,normal
1697505674.503,46.251,1800.0,3.0,10.7,normal
1697505675.006,45.277,1800.0,4.0,10.7,normal
1697505675.508,45.764,1800.0,4.0,10.7,normal
1697505676.011,45.764,1800.0,3.5,10.7,normal
1697505676.515,45.764,900.0,4.5,10.7,normal
1697505677.019,45.277,800.0,4.4,10.7,normal
1697505677.522,45.764,1800.0,15.4,10.0,normal
1697505678.028,46.251,1800.0,37.3,10.6,normal
1697505678.53,45.764,1800.0,8.0,10.6,normal
1697505679.033,45.277,1800.0,4.5,10.7,normal
1697505679.535,45.764,1800.0,4.5,10.7,normal
1697505680.038,46.251,1800.0,3.5,10.7,normal
1697505680.54,45.277,1800.0,2.5,10.7,normal
1697505681.043,45.277,1800.0,2.5,10.7,normal
1697505681.545,45.277,1800.0,4.4,10.7,normal
1697505682.048,45.764,1800.0,3.0,10.7,normal
1697505682.553,46.251,700.0,3.5,10.7,normal
1697505683.058,46.251,600.0,4.5,10.7,normal
1697505683.561,45.764,1800.0,18.9,10.3,normal
1697505684.064,46.251,1800.0,38.3,10.6,normal
1697505684.566,46.251,1800.0,3.0,10.6,normal
1697505685.069,45.764,1800.0,3.5,10.6,normal
1697505685.572,45.764,1800.0,4.5,10.6,normal
1697505686.074,45.764,1800.0,2.5,10.7,normal
1697505686.577,45.764,1800.0,1.5,10.7,normal
1697505687.079,44.79,1800.0,3.4,10.7,normal
1697505687.582,45.277,1800.0,3.0,10.7,normal
1697505688.084,44.79,1800.0,3.5,10.7,normal
1697505688.59,46.251,600.0,3.5,10.7,normal
1697505689.094,44.79,1100.0,5.4,10.7,normal
1697505689.596,45.764,1800.0,12.4,10.1,normal
1697505690.1,46.251,1800.0,36.3,10.6,normal
1697505690.603,46.251,1800.0,8.0,10.6,normal
1697505691.105,45.277,1800.0,3.5,10.6,normal
1697505691.608,45.764,1800.0,4.0,10.6,normal
1697505692.11,45.764,1800.0,3.0,10.6,normal
1697505692.613,45.764,1800.0,4.0,10.6,normal
1697505693.115,45.764,1800.0,3.0,10.6,normal
1697505693.618,45.764,1800.0,4.9,10.6,normal
1697505694.12,44.79,1800.0,4.0,10.6,normal
1697505694.625,46.251,800.0,3.5,10.7,normal
1697505695.129,45.764,800.0,5.4,10.6,normal
1697505695.636,45.277,700.0,6.9,10.5,normal
1697505696.139,46.251,1800.0,28.7,10.5,normal
1697505696.641,46.251,1800.0,23.0,10.6,normal
1697505697.144,45.277,1800.0,3.0,10.6,normal
1697505697.646,45.277,1800.0,3.0,10.6,normal
1697505698.149,45.277,1800.0,4.0,10.6,normal
1697505698.652,45.764,1800.0,3.5,10.7,normal
1697505699.154,45.277,1800.0,4.5,10.7,normal
1697505699.657,45.764,1800.0,2.5,10.7,normal
1697505700.159,45.277,1800.0,4.5,10.7,normal
1697505700.662,45.764,1800.0,3.5,10.7,normal
1697505701.166,45.764,800.0,5.0,10.7,normal
1697505701.67,45.277,1800.0,11.4,9.8,normal
1697505702.174,47.225,1800.0,32.2,10.6,normal
1697505702.677,46.738,1800.0,15.2,10.6,normal
1697505703.18,46.251,1800.0,3.0,10.7,normal
1697505703.682,45.764,1800.0,4.4,10.7,normal
1697505704.185,45.764,1800.0,5.0,10.7,normal
1697505704.687,45.277,1800.0,3.5,10.7,normal
1697505705.19,45.277,1800.0,3.0,10.7,normal
1697505705.692,45.764,1800.0,5.0,10.7,normal
1697505706.195,45.277,1800.0,2.0,10.7,normal
1697505706.7,44.79,700.0,1.0,10.7,normal
1697505707.205,44.303,700.0,6.9,10.7,normal
1697505707.707,45.277,1800.0,14.0,10.2,normal
1697505708.21,46.251,1800.0,36.0,10.6,normal
1697505708.713,45.764,1800.0,6.0,10.7,normal
1697505709.216,45.764,1800.0,5.9,10.7,normal
1697505709.718,45.764,1800.0,4.0,10.7,normal
1697505710.221,46.251,1800.0,3.5,10.7,normal
1697505710.723,47.225,1800.0,4.0,10.7,normal
1697505711.226,45.277,1800.0,3.5,10.7,normal
1697505711.729,45.764,1800.0,3.0,10.7,normal
1697505712.231,45.764,1800.0,4.5,10.7,normal
1697505712.736,45.764,800.0,4.5,10.7,normal
1697505713.24,45.277,800.0,4.9,10.7,normal
1697505713.746,45.277,600.0,9.4,10.5,normal
1697505714.249,46.738,1800.0,29.4,10.5,normal
1697505714.752,44.79,1800.0,21.6,10.7,normal
1697505715.254,45.764,1800.0,4.5,10.7,normal
1697505715.757,46.251,1800.0,3.0,10.7,normal
1697505716.259,45.277,1800.0,3.0,10.7,normal
1697505716.762,45.764,1800.0,3.5,10.7,normal
1697505717.264,46.251,1800.0,4.0,10.7,normal
1697505717.767,45.764,1800.0,4.4,10.7,normal
1697505718.27,45.277,1800.0,3.0,10.7,normal
1697505718.774,45.277,700.0,3.0,10.7,normal
1697505719.279,45.277,800.0,7.4,10.7,normal
1697505719.784,45.277,800.0,3.5,10.7,normal
1697505720.287,46.738,1800.0,25.7,10.4,normal
1697505720.79,45.764,1800.0,31.2,10.7,normal
1697505721.292,45.764,1800.0,5.9,10.7,normal
1697505721.795,45.277,1800.0,4.0,10.7,normal
1697505722.297,46.738,1800.0,3.0,10.7,normal
1697505722.799,46.251,1800.0,3.5,10.7,normal
1697505723.302,45.764,1800.0,3.0,10.7,normal
1697505723.805,44.79,1800.0,3.5,10.7,normal
1697505724.307,45.764,1800.0,5.0,10.7,normal
1697505724.81,45.764,1800.0,3.0,10.6,normal
1697505725.316,45.277,600.0,3.9,10.7,normal
1697505725.822,44.79,600.0,6.4,10.6,normal
1697505726.325,46.738,1800.0,29.0,10.5,normal
1697505726.831,46.251,1800.0,24.4,10.7,normal
1697505727.334,44.79,1800.0,2.5,10.7,normal
1697505727.836,45.277,1800.0,3.0,10.7,normal
1697505728.339,46.738,1800.0,3.0,10.7,normal
1697505728.842,45.764,1800.0,2.5,10.7,normal
1697505729.344,45.277,1800.0,4.5,10.7,normal
1697505729.847,45.764,1800.0,4.0,10.7,normal
1697505730.35,45.764,1800.0,4.0,10.7,normal
1697505730.853,46.251,1800.0,3.0,10.7,normal
1697505731.359,45.277,600.0,4.0,10.7,normal
1697505731.864,45.277,600.0,4.4,10.7,normal
1697505732.368,45.764,1800.0,22.5,10.3,normal
1697505732.871,46.738,1800.0,34.0,10.6,normal
1697505733.374,45.764,1800.0,3.0,10.6,normal
1697505733.877,45.277,1800.0,2.5,10.6,normal
1697505734.379,46.251,1800.0,6.4,10.6,normal
1697505734.882,45.277,1800.0,3.5,10.6,normal
1697505735.384,46.251,1800.0,3.0,10.7,normal
1697505735.887,47.225,1800.0,3.5,10.7,normal
1697505736.389,45.764,1800.0,4.0,10.7,normal
1697505736.892,46.251,1800.0,3.5,10.7,normal
1697505737.398,45.277,600.0,4.0,10.7,normal
1697505737.903,44.79,700.0,5.4,10.7,normal
1697505738.406,45.764,1800.0,16.8,10.3,normal
1697505738.909,46.738,1800.0,38.0,10.6,normal
1697505739.411,45.764,1800.0,6.4,10.7,normal
1697505739.914,46.251,1800.0,2.0,10.7,normal
1697505740.417,46.251,1800.0,5.0,10.7,normal
1697505740.919,45.764,1800.0,4.0,10.7,normal
1697505741.422,44.79,1800.0,3.5,10.7,normal
1697505741.924,45.764,1800.0,3.5,10.7,normal
1697505742.427,44.79,1800.0,3.5,10.7,normal
1697505742.929,46.738,1800.0,4.0,10.7,normal
1697505743.434,45.764,700.0,4.0,10.7,normal
1697505743.939,44.79,900.0,6.9,10.7,normal
1697505744.442,46.251,1800.0,20.0,10.2,normal
1697505744.944,45.764,1800.0,35.3,10.6,normal
1697505745.447,45.277,1800.0,3.5,10.6,normal
1697505745.949,46.251,1800.0,3.5,10.6,normal
1697505746.452,46.251,1800.0,4.0,10.6,normal
1697505746.954,45.277,1800.0,4.0,10.6,normal
1697505747.457,45.764,1800.0,3.5,10.7,normal
1697505747.96,46.251,1800.0,3.0,10.7,normal
1697505748.462,44.79,1800.0,4.0,10.7,normal
1697505748.965,45.277,1800.0,3.5,10.7,normal
1697505749.469,45.764,900.0,4.5,10.7,normal
1697505749.973,45.764,900.0,5.0,10.7,normal
1697505750.476,46.251,1800.0,13.4,10.1,normal
1697505750.978,47.712,1800.0,38.3,10.6,normal
1697505751.481,46.251,1800.0,7.0,10.6,normal
1697505751.984,45.277,1800.0,4.0,10.6,normal
1697505752.486,45.277,1800.0,3.5,10.6,normal
1697505752.989,46.251,1800.0,3.5,10.6,normal
1697505753.491,46.251,1800.0,3.0,10.6,normal
1697505753.994,45.764,1800.0,4.9,10.6,normal
1697505754.496,45.277,1800.0,3.0,10.6,normal
1697505754.999,45.764,1800.0,4.9,10.6,normal
1697505755.504,46.251,700.0,3.0,10.6,normal
1697505756.008,45.277,900.0,5.0,10.6,normal
1697505756.511,46.738,1800.0,18.8,10.2,normal
1697505757.014,45.764,1800.0,37.5,10.6,normal
1697505757.516,45.764,1800.0,3.0,10.6,normal
1697505758.019,46.251,1800.0,3.5,10.6,normal
1697505758.522,46.251,1800.0,2.5,10.6,normal
1697505759.024,45.277,1800.0,5.9,10.6,normal
1697505759.527,46.251,1800.0,4.0,10.6,normal
1697505760.029,45.764,1800.0,3.5,10.6,normal
1697505760.532,45.277,1800.0,3.0,10.6,normal
1697505761.034,46.251,1800.0,4.0,10.7,normal
1697505761.539,45.277,700.0,3.5,10.7,normal
1697505762.044,45.764,800.0,5.4,10.7,normal
1697505762.547,46.738,1800.0,21.1,10.2,normal
1697505763.049,46.738,1800.0,34.8,10.6,normal
1697505763.552,45.277,1800.0,3.0,10.6,normal
1697505764.055,45.764,1800.0,4.5,10.6,normal
1697505764.557,46.251,1800.0,3.5,10.6,normal
1697505765.06,45.277,1800.0,5.4,10.6,normal
1697505765.562,46.251,1800.0,4.5,10.7,normal
1697505766.065,45.277,1800.0,0.5,10.7,normal
1697505766.567,45.764,1800.0,2.0,10.7,normal
1697505767.07,44.79,1800.0,3.5,10.7,normal
1697505767.574,45.764,900.0,4.0,10.7,normal
1697505768.079,45.277,600.0,3.0,10.7,normal
1697505768.582,45.277,1800.0,14.3,10.1,normal
1697505769.09,46.251,1800.0,37.2,10.6,normal
1697505769.592,46.251,1800.0,9.0,10.6,normal
1697505770.095,45.764,1800.0,1.5,10.6,normal
1697505770.597,45.764,1800.0,2.5,10.6,normal
1697505771.1,46.251,1800.0,4.0,10.7,normal
1697505771.603,45.277,1800.0,3.5,10.7,normal
1697505772.105,45.764,1800.0,2.0,10.7,normal
1697505772.608,45.764,1800.0,3.5,10.7,normal
1697505773.11,45.277,1800.0,3.0,10.7,normal
1697505773.616,44.303,600.0,3.9,10.7,normal
1697505774.121,44.79,600.0,5.0,10.7,normal
1697505774.624,46.738,1800.0,18.4,10.3,normal
1697505775.127,46.738,1800.0,38.3,10.6,normal
1697505775.63,45.277,1800.0,4.5,10.7,normal
1697505776.132,46.251,1800.0,3.5,10.7,normal
1697505776.635,45.764,1800.0,3.5,10.7,normal
1697505777.138,44.79,1800.0,4.0,10.7,normal
1697505777.64,45.764,1800.0,3.5,10.7,normal
1697505778.143,45.764,1800.0,3.5,10.7,normal
1697505778.645,45.764,1800.0,3.0,10.7,normal
1697505779.147,45.764,1800.0,5.0,10.7,normal
1697505779.653,45.277,600.0,3.5,10.7,normal
1697505780.157,45.277,800.0,4.0,10.7,normal
1697505780.662,44.79,900.0,9.0,9.6,normal
1697505781.165,46.251,1800.0,29.5,10.5,normal
1697505781.667,46.251,1800.0,21.0,10.7,normal
1697505782.17,45.764,1800.0,3.0,10.7,normal
1697505782.672,44.79,1800.0,3.0,10.7,normal
1697505783.175,45.764,1800.0,5.0,10.7,normal
1697505783.677,45.764,1800.0,3.5,10.7,normal
1697505784.18,45.764,1800.0,5.0,10.7,normal
1697505784.683,45.764,1800.0,2.5,10.7,normal
1697505785.185,45.764,1800.0,4.0,10.7,normal
1697505785.69,46.251,700.0,1.0,10.7,normal
1697505786.195,44.303,700.0,6.4,10.7,normal
1697505786.7,45.277,800.0,3.5,10.7,normal
1697505787.203,46.738,1800.0,27.0,10.4,normal
1697505787.706,45.277,1800.0,28.9,10.7,normal
1697505788.209,45.277,1800.0,3.0,10.7,normal
1697505788.711,45.277,1800.0,4.0,10.7,normal
1697505789.214,45.764,1800.0,4.5,10.7,normal
1697505789.716,45.764,1800.0,3.5,10.7,normal
1697505790.219,45.277,1800.0,3.0,10.7,normal
1697505790.721,45.764,1800.0,3.0,10.7,normal
1697505791.224,46.251,1800.0,3.0,10.7,normal
1697505791.726,45.277,1800.0,4.0,10.7,normal
1697505792.231,46.251,800.0,4.4,10.7,normal
1697505792.735,45.764,800.0,5.0,10.7,normal
1697505793.238,46.251,1800.0,20.5,10.3,normal
1697505793.741,46.251,1800.0,35.5,10.7,normal
1697505794.243,46.251,1800.0,5.5,10.7,normal
1697505794.746,46.251,1800.0,4.4,10.7,normal
1697505795.282,46.738,1800.0,2.8,10.7,normal
1697505795.784,45.764,1800.0,4.0,10.7,normal
1697505796.287,46.738,1800.0,3.5,10.7,normal
1697505796.789,46.251,1800.0,3.5,10.7,normal
1697505797.292,45.277,1800.0,3.0,10.7,normal
1697505797.795,45.277,1800.0,3.5,10.7,normal
1697505798.299,45.277,800.0,4.9,10.7,normal
1697505798.804,44.303,700.0,4.5,10.7,normal
1697505799.308,45.764,1800.0,24.8,10.4,normal
1697505799.81,45.764,1800.0,31.5,10.7,normal
1697505800.313,46.251,1800.0,4.0,10.7,normal
1697505800.815,45.764,1800.0,3.0,10.7,normal
1697505801.318,45.764,1800.0,3.5,10.7,normal
1697505801.82,45.277,1800.0,4.0,10.7,normal
1697505802.323,46.738,1800.0,3.0,10.7,normal
1697505802.825,46.251,1800.0,3.5,10.7,normal
1697505803.328,46.251,1800.0,3.5,10.7,normal
1697505803.831,45.277,1800.0,4.4,10.7,normal
1697505804.335,45.764,800.0,4.5,10.7,normal
1697505804.84,45.277,700.0,5.4,10.7,normal
1697505805.344,46.251,1800.0,16.4,10.2,normal
1697505805.848,47.712,1800.0,37.0,10.6,normal
1697505806.351,45.277,1800.0,5.4,10.7,normal
1697505806.854,45.764,1800.0,4.9,10.7,normal
1697505807.356,46.738,1800.0,3.0,10.7,normal
1697505807.859,45.764,1800.0,3.5,10.7,normal
1697505808.361,45.764,1800.0,3.0,10.7,normal
1697505808.864,46.738,1800.0,4.5,10.7,normal
1697505809.367,45.764,1800.0,5.0,10.7,normal
1697505809.869,46.251,1800.0,3.9,10.7,normal
1697505810.375,45.277,600.0,3.0,10.7,normal
1697505810.881,45.277,600.0,4.5,10.7,normal
1697505811.387,45.277,700.0,9.4,10.2,normal
1697505811.889,45.764,1800.0,27.4,10.5,normal
1697505812.392,45.764,1800.0,21.1,10.7,normal
1697505812.895,45.764,1800.0,3.0,10.7,normal
1697505813.397,45.764,1800.0,3.5,10.7,normal
1697505813.9,45.277,1800.0,3.9,10.7,normal
1697505814.403,46.251,1800.0,4.0,10.7,normal
1697505814.905,45.764,1800.0,2.5,10.7,normal
1697505815.408,46.251,1800.0,3.5,10.7,normal
1697505815.91,45.277,1800.0,3.9,10.7,normal
1697505816.415,45.277,700.0,3.4,10.7,normal
1697505816.92,45.764,800.0,4.5,10.7,normal
1697505817.423,45.277,1800.0,11.0,9.7,normal
1697505817.926,45.277,1800.0,27.7,10.6,normal
1697505818.429,45.764,1800.0,19.3,10.7,normal
1697505818.931,46.251,1800.0,5.0,10.7,normal
1697505819.434,46.738,1800.0,3.5,10.7,normal
1697505819.936,44.79,1800.0,3.5,10.7,normal
1697505820.439,46.251,1800.0,4.5,10.7,normal
1697505820.942,45.277,1800.0,3.5,10.7,normal
1697505821.444,46.251,1800.0,4.0,10.6,normal
1697505821.947,46.738,1800.0,3.5,10.6,normal
1697505822.452,46.251,700.0,4.4,10.7,normal
1697505822.956,44.79,900.0,4.5,10.6,normal
1697505823.459,45.764,1800.0,15.9,10.1,normal
1697505823.962,46.738,1800.0,37.8,10.6,normal
1697505824.465,46.251,1800.0,8.4,10.6,normal
1697505824.968,45.277,1800.0,3.5,10.6,normal
1697505825.47,45.277,1800.0,3.5,10.6,normal
1697505825.973,46.251,1800.0,2.5,10.6,normal
1697505826.475,45.277,1800.0,3.0,10.7,normal
1697505826.978,46.251,1800.0,2.0,10.7,normal
1697505827.48,46.251,1800.0,2.0,10.6,normal
1697505827.983,45.277,1800.0,2.5,10.6,normal
1697505828.488,44.79,700.0,3.0,10.6,normal
1697505828.992,45.764,1000.0,10.3,10.6,normal
1697505829.495,46.251,1800.0,18.0,10.3,normal
1697505829.997,46.738,1800.0,37.4,10.6,normal
1697505830.5,46.251,1800.0,3.5,10.7,normal
1697505831.002,45.764,1800.0,4.0,10.7,normal
1697505831.505,44.79,1800.0,2.5,10.7,normal
1697505832.008,46.251,1800.0,4.5,10.7,normal
1697505832.51,45.764,1800.0,3.0,10.7,normal
1697505833.013,45.764,1800.0,3.0,10.7,normal
1697505833.515,45.764,1800.0,3.5,10.7,normal
1697505834.018,46.251,1800.0,4.5,10.7,normal
1697505834.521,45.277,1000.0,5.0,10.7,normal
1697505835.026,44.79,900.0,4.9,10.7,normal
1697505835.529,45.764,1200.0,10.1,9.6,normal
1697505836.032,45.764,1800.0,29.5,10.5,normal
1697505836.535,46.738,1800.0,19.9,10.7,normal
1697505837.038,46.738,1800.0,3.5,10.7,normal
1697505837.54,45.277,1800.0,3.5,10.7,normal
1697505838.043,46.251,1800.0,3.5,10.7,normal
1697505838.545,46.251,1800.0,4.5,10.7,normal
1697505839.048,47.225,1800.0,4.5,10.7,normal
1697505839.551,44.79,1800.0,4.4,10.7,normal
1697505840.053,46.738,1800.0,4.0,10.7,normal
1697505840.558,45.277,700.0,4.0,10.7,normal
1697505841.063,44.79,700.0,5.5,10.7,normal
1697505841.569,46.251,600.0,5.9,10.7,normal
1697505842.071,45.277,1800.0,27.0,10.4,normal
1697505842.574,46.738,1800.0,28.6,10.6,normal
1697505843.077,46.251,1800.0,3.5,10.6,normal
1697505843.579,45.764,1800.0,3.0,10.7,normal
1697505844.082,46.251,1800.0,5.0,10.7,normal
1697505844.584,45.764,1800.0,4.0,10.7,normal
1697505845.087,45.277,1800.0,3.0,10.7,normal
1697505845.589,45.764,1800.0,3.5,10.7,normal
1697505846.092,46.738,1800.0,3.0,10.7,normal
1697505846.594,45.277,1800.0,3.5,10.7,normal
1697505847.1,46.251,600.0,5.0,10.7,normal
1697505847.606,44.79,600.0,4.9,10.7,normal
1697505848.108,45.764,1800.0,19.4,10.3,normal
1697505848.611,47.712,1800.0,35.9,10.7,normal
1697505849.114,45.764,1800.0,5.4,10.7,normal
1697505849.616,45.764,1800.0,3.5,10.7,normal
1697505850.119,46.738,1800.0,3.0,10.7,normal
1697505850.621,45.277,1800.0,3.0,10.6,normal
1697505851.124,45.764,1800.0,4.0,10.7,normal
1697505851.626,45.764,1800.0,3.0,10.7,normal
1697505852.129,45.764,1800.0,2.5,10.7,normal
1697505852.631,46.738,1800.0,3.0,10.7,normal
1697505853.137,45.764,600.0,3.9,10.7,normal
1697505853.642,44.79,600.0,4.5,10.7,normal
1697505854.145,45.277,1800.0,11.6,10.2,normal
1697505854.651,46.251,1800.0,36.0,10.6,normal
1697505855.153,45.764,1800.0,9.0,10.6,normal
1697505855.656,45.277,1800.0,2.5,10.6,normal
1697505856.158,47.225,1800.0,3.5,10.6,normal
1697505856.661,45.277,1800.0,3.5,10.6,normal
1697505857.163,45.764,1800.0,3.0,10.6,normal
1697505857.666,44.303,1800.0,4.0,10.6,normal
1697505858.168,47.225,1800.0,3.0,10.7,normal
1697505858.671,44.79,1800.0,3.0,10.6,normal
1697505859.176,45.764,700.0,4.9,10.7,normal
1697505859.682,45.764,600.0,5.9,10.7,normal
1697505860.188,44.79,600.0,7.4,10.6,normal
1697505860.691,45.277,1800.0,27.9,10.5,normal
1697505861.193,45.764,1800.0,24.9,10.6,normal
1697505861.696,45.277,1800.0,3.0,10.6,normal
1697505862.199,45.764,1800.0,3.9,10.6,normal
1697505862.701,45.764,1800.0,3.0,10.6,normal
1697505863.204,45.764,1800.0,3.5,10.6,normal
1697505863.706,45.764,1800.0,2.5,10.7,normal
1697505864.209,44.79,1800.0,5.0,10.7,normal
1697505864.711,45.764,1800.0,3.0,10.7,normal
1697505865.214,45.277,1800.0,3.5,10.7,normal
1697505865.719,44.79,600.0,3.5,10.7,normal
1697505866.225,45.764,600.0,5.0,10.7,normal
1697505866.728,45.764,1800.0,21.6,10.3,normal
1697505867.23,46.738,1800.0,32.8,10.7,normal
1697505867.733,45.764,1800.0,3.0,10.7,normal
1697505868.235,46.738,1800.0,4.5,10.7,normal
1697505868.738,46.251,1800.0,4.5,10.7,normal
1697505869.24,45.764,1800.0,4.0,10.7,normal
1697505869.743,46.251,1800.0,3.5,10.7,normal
1697505870.246,45.277,1800.0,3.5,10.7,normal
1697505870.748,45.277,1800.0,3.0,10.7,normal
1697505871.251,45.764,1800.0,3.5,10.7,normal
1697505871.755,45.277,800.0,4.0,10.7,normal
1697505872.259,45.764,900.0,5.0,10.7,normal
1697505872.762,46.251,1800.0,27.5,10.4,normal
1697505873.265,45.764,1800.0,29.1,10.6,normal
1697505873.767,45.764,1800.0,3.0,10.6,normal
1697505874.27,46.251,1800.0,4.5,10.6,normal
1697505874.772,46.251,1800.0,4.5,10.6,normal
1697505875.275,45.764,1800.0,3.9,10.6,normal
1697505875.778,45.764,1800.0,4.0,10.6,normal
1697505876.28,45.764,1800.0,3.0,10.6,normal
1697505876.783,45.764,1800.0,4.0,10.6,normal
1697505877.285,45.277,1800.0,3.0,10.6,normal
1697505877.79,45.277,800.0,4.4,10.6,normal
1697505878.295,45.277,700.0,3.5,10.7,normal
1697505878.798,45.764,1800.0,18.9,10.3,normal
1697505879.3,47.225,1800.0,36.7,10.6,normal
1697505879.803,45.764,1800.0,3.9,10.6,normal
1697505880.305,45.764,1800.0,3.0,10.6,normal
1697505880.808,46.738,1800.0,4.5,10.6,normal
1697505881.311,45.764,1800.0,3.5,10.6,normal
1697505881.813,45.764,1800.0,3.0,10.7,normal
1697505882.316,45.764,1800.0,3.5,10.7,normal
1697505882.818,45.277,1800.0,4.0,10.7,normal
1697505883.321,46.738,1800.0,3.0,10.7,normal
1697505883.825,45.764,800.0,3.5,10.7,normal
1697505884.33,44.79,800.0,5.9,10.7,normal
1697505884.833,46.738,1800.0,25.2,10.3,normal
1697505885.335,46.738,1800.0,31.5,10.7,normal
1697505885.838,46.738,1800.0,5.0,10.7,normal
1697505886.34,45.764,1800.0,2.0,10.7,normal
1697505886.843,44.79,1800.0,2.5,10.7,normal
1697505887.346,44.79,1800.0,3.0,10.7,normal
1697505887.848,45.277,1800.0,3.0,10.7,normal
1697505888.351,45.764,1800.0,2.5,10.7,normal
1697505888.853,45.764,1800.0,6.0,10.7,normal
1697505889.356,46.251,1800.0,4.5,10.7,normal
1697505889.86,45.764,900.0,4.5,10.7,normal
1697505890.365,45.277,800.0,4.5,10.7,normal
1697505890.868,46.738,1800.0,28.5,10.5,normal
1697505891.371,45.764,1800.0,24.6,10.6,normal
1697505891.873,44.79,1800.0,4.0,10.6,normal
1697505892.376,45.277,1800.0,3.5,10.6,normal
1697505892.878,45.764,1800.0,3.5,10.6,normal
1697505893.381,45.764,1800.0,3.0,10.6,normal
1697505893.883,46.251,1800.0,3.0,10.6,normal
1697505894.386,45.764,1800.0,4.5,10.6,normal
1697505894.888,45.277,1800.0,2.5,10.6,normal
1697505895.391,44.79,1800.0,2.0,10.6,normal
1697505895.896,45.764,700.0,4.0,10.6,normal
1697505896.402,45.764,900.0,9.9,9.6,normal
1697505896.91,46.251,1800.0,27.7,10.5,normal
1697505897.413,45.764,1800.0,21.6,10.7,normal
1697505897.915,45.764,1800.0,4.4,10.7,normal
1697505898.418,45.764,1800.0,3.0,10.7,normal
1697505898.92,46.251,1800.0,3.5,10.7,normal
1697505899.423,45.277,1800.0,4.0,10.7,normal
1697505899.926,46.251,1800.0,4.0,10.7,normal
1697505900.428,45.277,1800.0,4.0,10.7,normal
1697505900.931,45.277,1800.0,3.0,10.7,normal
1697505901.433,46.251,1800.0,4.0,10.7,normal
1697505901.937,45.764,900.0,4.5,10.7,normal
1697505902.441,44.79,1000.0,5.0,10.7,normal
1697505902.944,45.764,1800.0,24.9,10.4,normal
1697505903.447,44.79,1800.0,29.5,10.7,normal
1697505903.95,46.738,1800.0,4.5,10.7,normal
1697505904.452,44.79,1800.0,3.5,10.7,normal
1697505904.955,45.764,1800.0,3.0,10.7,normal
1697505905.458,45.277,1800.0,3.0,10.7,normal
1697505905.961,46.251,1800.0,3.5,10.7,normal
1697505906.463,45.277,1800.0,4.0,10.7,normal
1697505906.966,44.79,1800.0,3.0,10.7,normal
1697505907.468,45.764,1800.0,3.0,10.7,normal
1697505907.973,45.764,900.0,4.5,10.7,normal
1697505908.477,44.79,800.0,5.4,10.7,normal
1697505908.98,45.277,1800.0,19.5,10.2,normal
1697505909.483,46.738,1800.0,37.3,10.7,normal
1697505909.985,45.764,1800.0,3.0,10.7,normal
1697505910.488,45.764,1800.0,3.5,10.7,normal
1697505910.99,45.764,1800.0,3.0,10.7,normal
1697505911.493,46.251,1800.0,2.5,10.6,normal
1697505911.995,45.277,1800.0,3.5,10.7,normal
1697505912.498,45.277,1800.0,2.5,10.7,normal
1697505913.0,46.251,1800.0,4.5,10.7,normal
1697505913.503,45.277,1800.0,4.0,10.7,normal
1697505914.007,45.277,900.0,4.5,10.7,normal
1697505914.511,45.277,900.0,5.0,10.6,normal
1697505915.014,46.738,1800.0,22.4,10.2,normal
1697505915.517,47.225,1800.0,32.2,10.6,normal
1697505916.019,46.251,1800.0,3.0,10.6,normal
1697505916.522,45.764,1800.0,4.0,10.6,normal
1697505917.025,45.764,1800.0,4.0,10.6,normal
1697505917.527,46.251,1800.0,2.0,10.6,normal
1697505918.03,45.764,1800.0,3.5,10.6,normal
1697505918.532,44.79,1800.0,3.5,10.6,normal
1697505919.035,45.764,1800.0,4.0,10.6,normal
1697505919.537,45.764,1800.0,4.0,10.6,normal
1697505920.041,45.277,900.0,4.5,10.6,normal
1697505920.546,45.764,800.0,4.4,10.6,normal
1697505921.05,44.303,1800.0,15.9,10.1,normal
1697505921.552,46.251,1800.0,38.0,10.6,normal
1697505922.055,46.251,1800.0,5.0,10.6,normal
1697505922.558,45.277,1800.0,4.0,10.6,normal
1697505923.06,46.251,1800.0,2.5,10.6,normal
1697505923.563,45.764,1800.0,1.5,10.6,normal
1697505924.065,45.277,1800.0,2.0,10.6,normal
1697505924.568,46.251,1800.0,5.0,10.6,normal
1697505925.07,45.277,1800.0,4.0,10.6,normal
1697505925.573,44.79,1800.0,3.0,10.6,normal
1697505926.078,45.277,700.0,4.9,10.6,normal
1697505926.584,45.764,600.0,5.4,10.6,normal
1697505927.087,45.277,1800.0,8.5,9.5,normal
1697505927.59,46.251,1800.0,28.4,10.5,normal
1697505928.092,46.251,1800.0,20.0,10.6,normal
1697505928.595,46.251,1800.0,2.5,10.6,normal
1697505929.098,45.764,1800.0,3.5,10.6,normal
1697505929.6,46.251,1800.0,3.0,10.7,normal
1697505930.103,45.764,1800.0,4.0,10.6,normal
1697505930.605,45.764,1800.0,2.5,10.6,normal
1697505931.108,46.251,1800.0,2.5,10.7,normal
1697505931.61,45.277,1800.0,4.0,10.6,normal
1697505932.115,46.251,700.0,4.0,10.6,normal
1697505932.62,45.277,700.0,5.4,10.7,normal
1697505933.123,45.764,1800.0,13.5,10.1,normal
1697505933.626,46.251,1800.0,38.5,10.6,normal
1697505934.129,45.764,1800.0,7.5,10.6,normal
1697505934.631,46.251,1800.0,3.5,10.6,normal
1697505935.134,44.79,1800.0,3.5,10.6,normal
1697505935.636,44.303,1800.0,2.5,10.6,normal
1697505936.139,44.79,1800.0,3.5,10.6,normal
1697505936.641,46.251,1800.0,2.5,10.6,normal
1697505937.144,45.764,1800.0,2.5,10.6,normal
1697505937.646,46.251,1800.0,3.5,10.6,normal
1697505938.152,44.79,600.0,2.0,10.6,normal
1697505938.657,45.277,600.0,4.9,10.6,normal
1697505939.163,44.79,800.0,9.5,10.0,normal
1697505939.666,46.738,1800.0,28.7,10.5,normal
1697505940.168,45.764,1800.0,21.6,10.6,normal
1697505940.671,45.764,1800.0,3.5,10.6,normal
1697505941.173,45.764,1800.0,2.5,10.6,normal
1697505941.676,45.277,1800.0,4.0,10.6,normal
1697505942.179,45.764,1800.0,3.9,10.6,normal
1697505942.681,46.251,1800.0,3.0,10.6,normal
1697505943.184,44.79,1800.0,3.5,10.6,normal
1697505943.686,45.277,1800.0,3.0,10.6,normal
1697505944.189,45.277,1800.0,3.5,10.6,normal
1697505944.694,44.79,600.0,5.5,10.6,normal
1697505945.199,44.303,800.0,5.4,10.6,normal
1697505945.702,46.738,1800.0,23.4,10.3,normal
1697505946.205,45.764,1800.0,28.8,10.6,normal
1697505946.707,45.764,1800.0,0.0,10.6,normal
1697505947.21,45.764,1800.0,4.0,10.6,normal
1697505947.712,45.764,1800.0,5.0,10.6,normal
1697505948.215,45.277,1800.0,2.0,10.6,normal
1697505948.718,45.277,1800.0,4.0,10.7,normal
1697505949.22,45.277,1800.0,4.5,10.7,normal
1697505949.723,46.251,1800.0,5.0,10.7,normal
1697505950.225,44.79,1800.0,3.0,10.7,normal
1697505950.731,45.764,600.0,4.0,10.7,normal
1697505951.236,45.764,900.0,7.4,10.5,normal
1697505951.739,46.251,1800.0,29.0,10.4,normal
1697505952.242,45.764,1800.0,25.6,10.6,normal
1697505952.744,45.764,1800.0,3.5,10.6,normal
1697505953.247,46.251,1800.0,3.5,10.6,normal
1697505953.749,45.764,1800.0,3.5,10.6,normal
1697505954.252,45.764,1800.0,4.5,10.6,normal
1697505954.754,46.251,1800.0,3.5,10.6,normal
1697505955.257,45.764,1800.0,4.0,10.7,normal
1697505955.759,45.277,1800.0,4.0,10.7,normal
1697505956.262,45.277,1800.0,3.0,10.7,normal
1697505956.766,44.79,800.0,4.9,10.7,normal
1697505957.271,45.277,800.0,8.5,9.6,normal
1697505957.774,46.251,1800.0,29.0,10.6,normal
1697505958.277,46.251,1800.0,21.9,10.7,normal
1697505958.779,46.738,1800.0,3.5,10.7,normal
1697505959.282,45.764,1800.0,3.5,10.7,normal
1697505959.784,45.764,1800.0,5.0,10.7,normal
1697505960.287,45.277,1800.0,3.5,10.7,normal
1697505960.789,45.277,1800.0,2.5,10.7,normal
1697505961.292,46.251,1800.0,3.9,10.7,normal
1697505961.795,45.764,1800.0,4.0,10.7,normal
1697505962.297,45.277,1800.0,3.5,10.7,normal
1697505962.802,44.79,700.0,4.9,10.7,normal
1697505963.305,45.277,1800.0,13.4,10.1,normal
1697505963.808,46.738,1800.0,35.0,10.6,normal
1697505964.311,45.764,1800.0,12.9,10.7,normal
1697505964.814,46.251,1800.0,3.5,10.7,normal
1697505965.316,44.79,1800.0,3.5,10.7,normal
1697505965.819,45.764,1800.0,4.0,10.7,normal
1697505966.321,45.764,1800.0,2.5,10.7,normal
1697505966.824,45.764,1800.0,3.5,10.7,normal
1697505967.326,46.251,1800.0,4.0,10.7,normal
1697505967.829,45.277,1800.0,3.0,10.7,normal
1697505968.334,44.303,700.0,4.4,10.7,normal
1697505968.839,44.303,700.0,5.9,10.7,normal
1697505969.344,45.277,800.0,5.0,10.6,normal
1697505969.848,46.738,1800.0,30.3,10.4,normal
1697505970.35,46.738,1800.0,26.1,10.6,normal
1697505970.853,46.251,1800.0,4.0,10.6,normal
1697505971.355,46.251,1800.0,3.5,10.6,normal
1697505971.858,45.764,1800.0,2.5,10.6,normal
1697505972.361,46.251,1800.0,5.0,10.6,normal
1697505972.863,46.738,1800.0,3.0,10.6,normal
1697505973.366,45.764,1800.0,3.5,10.6,normal
1697505973.869,46.738,1800.0,2.5,10.6,normal
1697505974.371,45.277,1800.0,5.4,10.6,normal
1697505974.875,45.277,800.0,4.5,10.6,normal
1697505975.38,44.79,900.0,4.5,10.6,normal
1697505975.884,46.251,1800.0,22.5,10.4,normal
1697505976.386,47.225,1800.0,31.8,10.7,normal
1697505976.889,46.738,1800.0,3.0,10.7,normal
1697505977.391,46.251,1800.0,3.0,10.7,normal
1697505977.894,46.251,1800.0,3.5,10.7,normal
1697505978.397,46.738,1800.0,2.5,10.7,normal
1697505978.899,46.251,1800.0,2.5,10.7,normal
1697505979.402,45.764,1800.0,3.5,10.7,normal
1697505979.904,46.251,1800.0,4.0,10.7,normal
1697505980.407,45.764,1800.0,4.0,10.7,normal
1697505980.911,45.277,900.0,4.5,10.6,normal
1697505981.414,45.277,1100.0,4.0,10.7,normal
1697505981.917,45.764,1800.0,26.5,10.5,normal
1697505982.42,46.738,1800.0,25.5,10.6,normal
1697505982.923,46.251,1800.0,3.5,10.6,normal
1697505983.425,46.738,1800.0,3.5,10.6,normal
1697505983.928,46.738,1800.0,4.0,10.6,normal
1697505984.431,45.764,1800.0,3.5,10.6,normal
1697505984.933,45.764,1800.0,3.0,10.6,normal
1697505985.436,45.764,1800.0,3.0,10.6,normal
1697505985.938,45.277,1800.0,4.9,10.6,normal
1697505986.441,46.251,1800.0,3.0,10.6,normal
1697505986.944,45.277,600.0,3.5,10.6,normal
1697505987.45,44.79,800.0,8.9,9.6,normal
1697505987.954,45.277,1800.0,29.9,10.6,normal
1697505988.456,46.251,1800.0,21.5,10.7,normal
1697505988.959,46.251,1800.0,5.0,10.7,normal
1697505989.462,46.251,1800.0,3.0,10.7,normal
1697505989.964,44.79,1800.0,5.4,10.7,normal
1697505990.467,45.277,1800.0,3.0,10.7,normal
1697505990.969,45.764,1800.0,3.0,10.7,normal
1697505991.472,45.764,1800.0,3.0,10.7,normal
1697505991.974,45.764,1800.0,4.0,10.7,normal
1697505992.479,46.251,700.0,3.5,10.7,normal
1697505992.989,46.251,900.0,4.4,10.7,normal
1697505993.491,45.277,1800.0,13.5,10.1,normal
1697505993.995,46.738,1800.0,37.3,10.6,normal
1697505994.498,45.764,1800.0,10.0,10.7,normal
1697505995.0,45.764,1800.0,3.5,10.7,normal
1697505995.503,46.251,1800.0,3.0,10.7,normal
1697505996.006,45.764,1800.0,4.0,10.7,normal
1697505996.508,44.79,1800.0,4.5,10.7,normal
1697505997.011,45.764,1800.0,4.0,10.7,normal
1697505997.513,45.277,1800.0,4.0,10.7,normal
1697505998.016,45.764,1800.0,5.0,10.7,normal
1697505998.521,45.764,700.0,3.0,10.7,normal
1697505999.026,46.738,700.0,5.4,10.7,normal
1697505999.53,45.764,900.0,6.4,10.6,normal
1697506000.033,46.251,1800.0,27.9,10.6,normal
1697506000.536,46.738,1800.0,23.5,10.7,normal
1697506001.038,45.277,1800.0,4.4,10.7,normal
1697506001.541,45.277,1800.0,2.5,10.7,normal
1697506002.043,45.764,1800.0,3.5,10.7,normal
1697506002.546,45.277,1800.0,4.0,10.7,normal
1697506003.048,46.251,1800.0,3.0,10.7,normal
1697506003.551,45.277,1800.0,4.5,10.7,normal
1697506004.054,45.277,1800.0,3.5,10.7,normal
1697506004.558,46.251,700.0,4.9,10.7,normal
1697506005.064,45.277,600.0,5.4,10.7,normal
1697506005.57,44.79,600.0,0.5,10.7,normal
1697506006.073,45.764,1800.0,27.4,10.4,normal
1697506006.576,45.277,1800.0,29.6,10.7,normal
1697506007.078,46.738,1800.0,2.5,10.7,normal
1697506007.581,45.764,1800.0,3.0,10.7,normal
1697506008.083,45.764,1800.0,1.0,10.7,normal
1697506008.586,46.251,1800.0,4.0,10.7,normal
1697506009.089,45.764,1800.0,5.5,10.7,normal
1697506009.591,46.251,1800.0,4.0,10.7,normal
1697506010.094,45.764,1800.0,3.5,10.7,normal
1697506010.596,45.277,1800.0,2.5,10.7,normal
1697506011.102,44.79,600.0,6.4,10.7,normal
1697506011.608,45.764,600.0,4.0,10.7,normal
1697506012.111,44.79,1800.0,18.9,10.3,normal
1697506012.613,46.251,1800.0,37.2,10.6,normal
1697506013.116,45.764,1800.0,4.5,10.6,normal
1697506013.618,45.764,1800.0,4.0,10.6,normal
1697506014.121,44.303,1800.0,4.0,10.6,normal
1697506014.623,45.277,1800.0,4.0,10.6,normal
1697506015.126,45.277,1800.0,4.5,10.6,normal
1697506015.629,45.764,1800.0,2.0,10.6,normal
1697506016.131,45.764,1800.0,4.0,10.7,normal
1697506016.634,45.277,1800.0,3.0,10.7,normal
1697506017.139,45.764,600.0,3.9,10.7,normal
1697506017.645,45.277,600.0,4.9,10.7,normal
1697506018.148,45.764,1800.0,23.1,10.3,normal
1697506018.651,46.251,1800.0,32.2,10.6,normal
1697506019.154,46.251,1800.0,4.0,10.6,normal
1697506019.656,45.764,1800.0,3.0,10.6,normal
1697506020.159,44.79,1800.0,3.5,10.6,normal
1697506020.661,45.277,1800.0,3.0,10.6,normal
1697506021.164,45.764,1800.0,3.0,10.6,normal
1697506021.666,44.79,1800.0,3.0,10.6,normal
1697506022.169,45.277,1800.0,3.5,10.6,normal
1697506022.671,46.251,1800.0,3.0,10.6,normal
1697506023.177,44.303,600.0,4.5,10.6,normal
1697506023.683,44.79,600.0,4.5,10.7,normal
1697506024.187,45.764,1200.0,15.4,10.1,normal
1697506024.69,47.225,1800.0,36.4,10.6,normal
1697506025.192,45.277,1800.0,7.5,10.6,normal
1697506025.695,45.277,1800.0,3.5,10.6,normal
1697506026.197,45.764,1800.0,4.0,10.6,normal
1697506026.7,45.277,1800.0,2.5,10.6,normal
1697506027.202,46.251,1800.0,3.5,10.6,normal
1697506027.705,46.251,1800.0,2.5,10.7,normal
1697506028.207,46.738,1800.0,13.4,10.6,normal
1697506028.71,45.764,1800.0,3.0,10.6,normal
1697506029.213,45.277,1800.0,4.0,10.6,normal
1697506029.719,46.251,600.0,4.4,10.7,normal
1697506030.222,45.764,1800.0,19.4,10.3,normal
1697506030.724,45.764,1800.0,36.5,10.6,normal
1697506031.227,46.251,1800.0,4.5,10.6,normal
1697506031.729,46.738,1800.0,4.0,10.6,normal
1697506032.232,45.764,1800.0,4.5,10.6,normal
1697506032.734,45.764,1800.0,3.5,10.6,normal
1697506033.237,45.764,1800.0,3.5,10.6,normal
1697506033.739,45.277,1800.0,3.5,10.6,normal
1697506034.242,45.764,1800.0,4.5,10.6,normal
1697506034.745,45.764,1800.0,4.5,10.6,normal
1697506035.25,45.764,600.0,3.5,10.6,normal
1697506035.756,44.303,600.0,4.0,10.7,normal
1697506036.26,45.277,1800.0,11.4,9.9,normal
1697506036.764,45.764,1800.0,32.5,10.6,normal
1697506037.266,45.764,1800.0,15.4,10.7,normal
1697506037.769,45.764,1800.0,4.0,10.7,normal
1697506038.272,46.251,1800.0,2.5,10.7,normal
1697506038.774,45.277,1800.0,4.5,10.7,normal
1697506039.277,45.764,1800.0,4.5,10.7,normal
1697506039.779,46.738,1800.0,3.5,10.7,normal
1697506040.282,44.303,1800.0,4.5,10.7,normal
1697506040.784,46.251,1800.0,3.5,10.7,normal
1697506041.289,44.79,700.0,3.5,10.7,normal
1697506041.795,45.277,675.0,5.4,10.7,normal
1697506042.3,45.277,700.0,5.4,10.6,normal
1697506042.803,45.764,1800.0,28.7,10.4,normal
1697506043.306,46.251,1800.0,25.3,10.6,normal
1697506043.809,45.764,1800.0,3.0,10.6,normal
1697506044.311,46.738,1800.0,4.5,10.7,normal
1697506044.814,44.79,1800.0,3.5,10.7,normal
1697506045.316,45.764,1800.0,4.4,10.7,normal
1697506045.819,45.764,1800.0,3.5,10.7,normal
1697506046.321,45.277,1800.0,3.0,10.7,normal
1697506046.824,46.738,1800.0,3.0,10.7,normal
1697506047.326,45.764,1800.0,4.0,10.7,normal
1697506047.831,45.277,700.0,4.0,10.7,normal
1697506048.336,45.277,800.0,4.0,10.7,normal
1697506048.84,45.764,1800.0,22.1,10.4,normal
1697506049.343,45.764,1800.0,34.3,10.7,normal
1697506049.845,44.79,1800.0,3.0,10.7,normal
1697506050.348,45.764,1800.0,4.5,10.7,normal
1697506050.85,45.764,1800.0,3.9,10.7,normal
1697506051.353,46.251,1800.0,2.0,10.7,normal
1697506051.855,45.277,1800.0,4.0,10.7,normal
1697506052.358,45.277,1800.0,4.4,10.7,normal
1697506052.861,45.277,1800.0,2.0,10.7,normal
1697506053.363,45.277,1800.0,2.0,10.7,normal
1697506053.868,46.738,900.0,4.5,10.7,normal
1697506054.373,45.764,700.0,7.9,10.7,normal
1697506054.875,45.277,1800.0,12.9,10.1,normal
1697506055.38,46.251,1800.0,37.8,10.6,normal
1697506055.882,45.764,1800.0,8.0,10.6,normal
1697506056.385,45.764,1800.0,2.5,10.6,normal
1697506056.887,45.764,1800.0,3.0,10.6,normal
1697506057.39,46.251,1800.0,4.4,10.6,normal
1697506057.893,45.764,1800.0,4.0,10.6,normal
1697506058.395,45.764,1800.0,3.5,10.6,normal
1697506058.898,45.764,1800.0,3.0,10.6,normal
1697506059.4,44.79,1800.0,5.0,10.6,normal
1697506059.904,45.277,1100.0,4.9,10.6,normal
1697506060.408,45.277,900.0,4.0,10.6,normal
1697506060.915,45.764,600.0,6.4,10.5,normal
1697506061.418,47.225,1800.0,29.4,10.4,normal
1697506061.92,45.764,1800.0,24.4,10.6,normal
1697506062.423,45.764,1800.0,2.5,10.6,normal
1697506062.925,46.251,1800.0,2.5,10.6,normal
1697506063.428,46.738,1800.0,4.4,10.6,normal
1697506063.931,45.764,1800.0,3.5,10.6,normal
1697506064.433,46.251,1800.0,3.5,10.7,normal
1697506064.936,45.764,1800.0,3.0,10.6,normal
1697506065.438,45.764,1800.0,2.0,10.6,normal
1697506065.941,45.764,1800.0,3.5,10.6,normal
1697506066.446,45.764,600.0,1.0,10.7,normal
1697506066.952,45.277,600.0,5.4,10.6,normal
1697506067.455,46.738,1800.0,22.9,10.4,normal
1697506067.958,46.251,1800.0,30.2,10.7,normal
1697506068.461,45.764,1800.0,3.5,10.7,normal
1697506068.963,45.277,1800.0,7.4,10.7,normal
1697506069.466,46.251,1800.0,4.0,10.7,normal
1697506069.968,46.738,1800.0,3.5,10.7,normal
1697506070.471,45.764,1800.0,4.0,10.7,normal
1697506070.973,45.277,1800.0,4.0,10.7,normal
1697506071.476,45.764,1800.0,4.0,10.7,normal
1697506071.978,45.764,1800.0,3.5,10.7,normal
1697506072.483,45.764,800.0,4.0,10.7,normal
1697506072.988,45.277,1000.0,5.9,10.7,normal
1697506073.49,44.79,1800.0,17.0,10.3,normal
1697506073.993,46.738,1800.0,37.9,10.6,normal
1697506074.496,46.738,1800.0,4.4,10.7,normal
1697506074.999,46.738,1800.0,3.0,10.7,normal
1697506075.502,45.277,1800.0,4.0,10.7,normal
1697506076.004,46.251,1800.0,3.5,10.7,normal
1697506076.507,45.764,1800.0,3.0,10.7,normal
1697506077.01,45.764,1800.0,3.5,10.7,normal
1697506077.512,44.79,1800.0,3.5,10.7,normal
1697506078.015,44.79,1800.0,3.5,10.7,normal
1697506078.519,45.277,900.0,4.5,10.6,normal
1697506079.023,45.277,900.0,5.0,10.7,normal
1697506079.528,44.79,1100.0,10.0,9.6,normal
1697506080.031,45.764,1800.0,29.0,10.5,normal
1697506080.533,46.251,1800.0,19.6,10.7,normal
1697506081.036,45.764,1800.0,3.5,10.7,normal
1697506081.538,45.277,1800.0,4.0,10.7,normal
1697506082.041,45.764,1800.0,3.0,10.7,normal
1697506082.543,46.738,1800.0,3.5,10.7,normal
1697506083.046,45.764,1800.0,4.0,10.7,normal
1697506083.548,45.277,1800.0,4.5,10.7,normal
1697506084.051,44.79,1800.0,4.4,10.7,normal
1697506084.556,46.251,700.0,3.5,10.7,normal
1697506085.062,45.277,600.0,4.4,10.7,normal
1697506085.564,45.764,1800.0,14.1,10.1,normal
1697506086.068,46.738,1800.0,36.3,10.6,normal
1697506086.571,45.764,1800.0,9.0,10.6,normal
1697506087.073,46.738,1800.0,2.5,10.6,normal
1697506087.576,44.79,1800.0,4.5,10.6,normal
1697506088.078,45.277,1800.0,3.0,10.6,normal
1697506088.581,45.764,1800.0,4.0,10.7,normal
1697506089.083,45.764,1800.0,4.5,10.7,normal
1697506089.586,46.251,1800.0,3.5,10.7,normal
1697506090.088,45.277,1800.0,3.0,10.7,normal
1697506090.593,43.816,700.0,3.4,10.7,normal
1697506091.099,45.764,600.0,4.9,10.7,normal
1697506091.602,45.277,1800.0,18.5,10.3,normal
1697506092.105,45.277,1800.0,37.9,10.6,normal
1697506092.607,45.764,1800.0,3.5,10.7,normal
1697506093.11,46.251,1800.0,3.5,10.7,normal
1697506093.612,45.277,1800.0,3.5,10.7,normal
1697506094.115,46.251,1800.0,5.4,10.7,normal
1697506094.617,45.764,1800.0,3.0,10.6,normal
1697506095.12,45.277,1800.0,4.5,10.6,normal
1697506095.622,44.79,1800.0,3.0,10.6,normal
1697506096.125,45.764,1800.0,4.4,10.6,normal
1697506096.63,46.251,600.0,3.0,10.6,normal
1697506097.136,44.79,600.0,5.4,10.6,normal
1697506097.639,45.764,1800.0,22.0,10.2,normal
1697506098.142,45.764,1800.0,32.7,10.6,normal
1697506098.644,46.251,1800.0,3.5,10.6,normal
1697506099.147,45.764,1800.0,5.4,10.6,normal
1697506099.649,45.764,1800.0,3.0,10.6,normal
1697506100.152,46.251,1800.0,3.5,10.6,normal
1697506100.654,45.764,1800.0,3.5,10.6,normal
1697506101.157,44.79,1800.0,3.0,10.6,normal
1697506101.659,46.251,1800.0,3.0,10.6,normal
1697506102.162,46.738,1800.0,3.5,10.6,normal
1697506102.667,46.251,600.0,3.5,10.6,normal
1697506103.173,46.251,600.0,3.5,10.6,normal
1697506103.676,45.764,1800.0,13.9,10.1,normal
1697506104.179,45.764,1800.0,38.3,10.6,normal
1697506104.681,46.251,1800.0,5.5,10.6,normal
1697506105.184,45.277,1800.0,3.0,10.6,normal
1697506105.686,46.251,1800.0,2.5,10.6,normal
1697506106.189,44.79,1800.0,2.0,10.6,normal
1697506106.692,45.277,1800.0,3.0,10.7,normal
1697506107.194,46.251,1800.0,4.0,10.7,normal
1697506107.697,44.79,1800.0,2.5,10.7,normal
1697506108.199,44.79,1800.0,3.0,10.7,normal
1697506108.705,44.79,600.0,3.0,10.7,normal
1697506109.207,45.764,1800.0,5.5,10.7,normal
1697506109.71,46.738,1800.0,19.7,10.3,normal
1697506110.213,45.764,1800.0,33.7,10.6,normal
1697506110.715,46.251,1800.0,3.5,10.6,normal
1697506111.218,45.277,1800.0,4.0,10.7,normal
1697506111.72,46.251,1800.0,2.5,10.6,normal
1697506112.223,45.764,1800.0,3.5,10.7,normal
1697506112.725,46.251,1800.0,3.5,10.7,normal
1697506113.228,46.251,1800.0,4.0,10.7,normal
1697506113.731,45.277,1800.0,2.5,10.7,normal
1697506114.236,45.764,600.0,5.9,10.7,normal
1697506114.741,44.79,800.0,4.0,10.6,normal
1697506115.246,44.79,600.0,3.5,10.7,normal
1697506115.749,44.79,1800.0,15.3,10.2,normal
1697506116.252,46.738,1800.0,38.0,10.7,normal
1697506116.754,46.738,1800.0,4.5,10.7,normal
1697506117.257,45.277,1800.0,4.9,10.7,normal
1697506117.759,45.277,1800.0,4.5,10.7,normal
1697506118.262,45.277,1800.0,3.0,10.7,normal
1697506118.764,46.251,1800.0,3.5,10.7,normal
1697506119.267,45.764,1800.0,4.5,10.7,normal
1697506119.769,46.251,1800.0,4.9,10.7,normal
1697506120.272,45.277,1800.0,3.0,10.7,normal
1697506120.777,45.277,600.0,3.4,10.7,normal
1697506121.283,46.251,600.0,5.0,10.7,normal
1697506121.786,45.764,1800.0,21.3,10.3,normal
1697506122.289,46.738,1800.0,34.5,10.7,normal
1697506122.791,46.738,1800.0,3.5,10.7,normal
1697506123.294,45.764,1800.0,3.4,10.7,normal
1697506123.796,46.251,1800.0,3.0,10.7,normal
1697506124.299,45.764,1800.0,5.5,10.7,normal
1697506124.802,45.764,1800.0,3.0,10.7,normal
1697506125.304,45.277,1800.0,4.0,10.7,normal
1697506125.807,45.277,1800.0,2.5,10.7,normal
1697506126.309,45.277,1800.0,3.0,10.7,normal
1697506126.813,45.764,900.0,4.0,10.7,normal
1697506127.319,44.79,600.0,3.0,10.7,normal
1697506127.822,45.764,1800.0,11.0,10.2,normal
1697506128.325,46.738,1800.0,35.0,10.6,normal
1697506128.828,46.251,1800.0,10.4,10.7,normal
1697506129.331,45.764,1800.0,5.9,10.7,normal
1697506129.834,44.79,1800.0,3.0,10.7,normal
1697506130.336,45.764,1800.0,4.4,10.7,normal
1697506130.839,45.277,1800.0,3.0,10.7,normal
1697506131.342,44.79,1800.0,5.0,10.7,normal
1697506131.844,46.738,1800.0,2.0,10.7,normal
1697506132.347,45.764,1800.0,4.5,10.7,normal
1697506132.852,45.764,700.0,3.0,10.7,normal
1697506133.356,45.277,800.0,6.4,10.8,normal
1697506133.859,46.251,1800.0,17.4,10.3,normal
1697506134.362,46.251,1800.0,39.2,10.6,normal
1697506134.865,46.738,1800.0,4.5,10.7,normal
1697506135.367,45.764,1800.0,3.5,10.7,normal
1697506135.87,47.225,1800.0,3.0,10.7,normal
1697506136.372,46.251,1800.0,3.5,10.7,normal
1697506136.875,46.738,1800.0,4.0,10.7,normal
1697506137.377,47.225,1800.0,3.5,10.7,normal
1697506137.88,45.764,1800.0,3.5,10.7,normal
1697506138.383,46.738,1800.0,3.9,10.7,normal
1697506138.887,45.277,800.0,4.0,10.7,normal
1697506139.39,45.764,1800.0,5.9,10.7,normal
1697506139.894,45.764,1800.0,21.9,10.4,normal
1697506140.396,45.764,1800.0,30.2,10.6,normal
1697506140.899,47.225,1800.0,3.5,10.6,normal
1697506141.402,45.764,1800.0,4.5,10.6,normal
1697506141.904,46.251,1800.0,4.4,10.6,normal
1697506142.407,45.764,1800.0,2.5,10.6,normal
1697506142.909,46.251,1800.0,4.0,10.6,normal
1697506143.412,46.251,1800.0,3.0,10.7,normal
1697506143.914,45.277,1800.0,3.0,10.7,normal
1697506144.42,45.277,600.0,5.5,10.7,normal
1697506144.924,46.738,800.0,4.5,10.7,normal
1697506145.429,45.277,900.0,4.0,10.6,normal
1697506145.932,46.738,1800.0,27.9,10.5,normal
1697506146.435,46.738,1800.0,23.0,10.7,normal
1697506146.937,45.764,1800.0,4.0,10.7,normal
1697506147.44,45.764,1800.0,3.0,10.7,normal
1697506147.942,45.764,1800.0,4.0,10.7,normal
1697506148.445,46.251,1800.0,2.5,10.7,normal
1697506148.947,44.303,1800.0,4.0,10.7,normal
1697506149.45,45.277,1800.0,4.5,10.7,normal
1697506149.952,45.764,1800.0,3.0,10.7,normal
1697506150.455,45.764,1800.0,3.5,10.7,normal
1697506150.959,45.764,900.0,4.5,10.7,normal
1697506151.463,44.303,1000.0,5.5,10.7,normal
1697506151.966,46.251,1800.0,22.9,10.4,normal
1697506152.469,46.738,1800.0,30.8,10.7,normal
1697506152.971,45.277,1800.0,3.5,10.7,normal
1697506153.474,46.251,1800.0,4.0,10.7,normal
1697506153.976,45.764,1800.0,4.0,10.7,normal
1697506154.479,45.764,1800.0,3.5,10.7,normal
1697506154.982,44.79,1800.0,3.5,10.7,normal
1697506155.484,45.764,1800.0,4.0,10.7,normal
1697506155.987,46.251,1800.0,3.5,10.7,normal
1697506156.489,45.277,1800.0,2.5,10.7,normal
1697506156.994,45.277,600.0,3.5,10.7,normal
1697506157.499,46.251,900.0,5.0,10.7,normal
1697506158.002,44.79,1800.0,16.0,10.2,normal
1697506158.504,45.764,1800.0,37.0,10.6,normal
1697506159.007,45.764,1800.0,5.5,10.7,normal
1697506159.51,45.764,1800.0,3.0,10.7,normal
1697506160.012,46.738,1800.0,4.9,10.7,normal
1697506160.515,45.764,1800.0,3.5,10.7,normal
1697506161.017,45.764,1800.0,2.5,10.7,normal
1697506161.52,45.277,1800.0,4.0,10.7,normal
1697506162.023,44.79,1800.0,4.0,10.7,normal
1697506162.525,45.764,1800.0,3.5,10.7,normal
1697506163.029,46.251,900.0,4.5,10.7,normal
1697506163.534,44.79,900.0,4.0,10.7,normal
1697506164.037,45.277,1800.0,22.9,10.4,normal
1697506164.539,46.738,1800.0,33.7,10.7,normal
1697506165.042,46.251,1800.0,4.5,10.7,normal
1697506165.544,45.764,1800.0,2.5,10.7,normal
1697506166.047,44.79,1800.0,3.5,10.7,normal
1697506166.55,45.764,1800.0,5.0,10.7,normal
1697506167.052,45.277,1800.0,2.5,10.7,normal
1697506167.555,45.277,1800.0,4.0,10.7,normal
1697506168.057,45.277,1800.0,3.0,10.7,normal
1697506168.56,45.764,1800.0,4.0,10.7,normal
1697506169.065,45.277,600.0,5.0,10.7,normal
1697506169.571,45.277,600.0,5.9,10.7,normal
1697506170.074,45.764,1800.0,24.4,10.3,normal
1697506170.576,46.251,1800.0,31.2,10.6,normal
1697506171.079,45.764,1800.0,3.9,10.6,normal
1697506171.582,46.251,1800.0,3.0,10.6,normal
1697506172.084,46.251,1800.0,3.5,10.6,normal
1697506172.587,45.764,1800.0,4.0,10.6,normal
1697506173.089,46.251,1800.0,2.5,10.6,normal
1697506173.592,45.764,1800.0,3.5,10.6,normal
1697506174.094,45.764,1800.0,4.0,10.6,normal
1697506174.597,45.764,1800.0,3.5,10.6,normal
1697506175.102,45.277,600.0,5.9,10.6,normal
1697506175.608,45.764,600.0,4.4,10.6,normal
1697506176.111,45.277,1800.0,27.6,10.5,normal
1697506176.614,46.251,1800.0,27.5,10.7,normal
1697506177.117,46.738,1800.0,3.5,10.7,normal
1697506177.619,45.764,1800.0,3.5,10.6,normal
1697506178.122,45.277,1800.0,3.5,10.7,normal
1697506178.624,45.277,1800.0,3.5,10.7,normal
1697506179.127,46.251,1800.0,4.0,10.7,normal
1697506179.629,46.251,1800.0,2.5,10.7,normal
1697506180.132,45.764,1800.0,3.5,10.7,normal
1697506180.634,45.277,1800.0,4.5,10.7,normal
1697506181.14,45.277,600.0,5.4,10.7,normal
1697506181.645,45.277,600.0,4.0,10.7,normal
1697506182.148,46.251,1800.0,22.3,10.3,normal
1697506182.651,46.738,1800.0,35.5,10.6,normal
1697506183.153,45.764,1800.0,3.5,10.6,normal
1697506183.656,45.277,1800.0,3.5,10.6,normal
1697506184.159,45.277,1800.0,3.0,10.6,normal
1697506184.661,45.764,1800.0,4.0,10.6,normal
1697506185.163,44.79,1800.0,4.0,10.6,normal
1697506185.666,45.764,1800.0,4.0,10.7,normal
1697506186.168,45.764,1800.0,3.0,10.6,normal
1697506186.671,45.277,1800.0,1.0,10.6,normal
1697506187.176,45.277,600.0,0.0,10.6,normal
1697506187.682,45.277,600.0,1.0,10.6,normal
1697506188.185,45.764,1800.0,26.5,10.4,normal
1697506188.688,45.764,1800.0,29.4,10.7,normal
1697506189.191,46.251,1800.0,4.9,10.7,normal
1697506189.693,44.79,1800.0,2.5,10.7,normal
1697506190.196,44.79,1800.0,3.4,10.7,normal
1697506190.698,45.277,1800.0,3.5,10.7,normal
1697506191.201,45.764,1800.0,3.0,10.7,normal
1697506191.703,46.251,1800.0,3.5,10.7,normal
1697506192.206,45.764,1800.0,3.5,10.7,normal
1697506192.708,44.79,1800.0,3.0,10.7,normal
1697506193.214,45.277,600.0,4.9,10.7,normal
1697506193.719,45.277,600.0,5.0,10.7,normal
1697506194.222,45.764,1800.0,18.4,10.2,normal
1697506194.725,45.764,1800.0,37.4,10.6,normal
1697506195.228,46.251,1800.0,4.0,10.6,normal
1697506195.73,45.764,1800.0,3.0,10.6,normal
1697506196.233,46.251,1800.0,3.0,10.6,normal
1697506196.735,45.277,1800.0,4.0,10.6,normal
1697506197.238,46.738,1800.0,3.0,10.6,normal
1697506197.74,45.764,1800.0,3.5,10.7,normal
1697506198.243,46.738,1800.0,4.5,10.7,normal
1697506198.746,45.764,1800.0,4.5,10.7,normal
1697506199.251,45.764,600.0,4.9,10.7,normal
1697506199.757,45.277,600.0,3.5,10.7,normal
1697506200.26,46.251,1800.0,24.9,10.4,normal
1697506200.763,46.738,1800.0,32.2,10.7,normal
1697506201.265,45.764,1800.0,4.5,10.7,normal
1697506201.768,45.764,1800.0,3.0,10.7,normal
1697506202.27,45.764,1800.0,4.0,10.7,normal
1697506202.773,45.277,1800.0,5.0,10.7,normal
1697506203.275,45.277,1800.0,3.5,10.7,normal
1697506203.778,45.277,1800.0,4.0,10.7,normal
1697506204.28,46.251,1800.0,4.0,10.7,normal
1697506204.783,44.79,1800.0,3.4,10.7,normal
1697506205.288,45.277,600.0,4.0,10.7,normal
1697506205.794,44.303,600.0,5.9,10.7,normal
1697506206.297,45.277,1800.0,15.1,10.1,normal
1697506206.799,46.738,1800.0,37.2,10.6,normal
1697506207.302,45.277,1800.0,5.5,10.6,normal
1697506207.805,45.277,1800.0,3.0,10.6,normal
1697506208.307,45.764,1800.0,3.5,10.6,normal
1697506208.81,45.764,1800.0,3.0,10.6,normal
1697506209.312,46.738,1800.0,5.0,10.6,normal
1697506209.815,45.277,1800.0,3.5,10.6,normal
1697506210.318,45.764,1800.0,2.5,10.7,normal
1697506210.82,45.277,1800.0,3.5,10.7,normal
1697506211.324,45.277,800.0,4.9,10.6,normal
1697506211.83,44.79,600.0,5.4,10.6,normal
1697506212.336,44.79,900.0,10.5,9.5,normal
1697506212.839,46.738,1800.0,28.2,10.5,normal
1697506213.342,46.251,1800.0,20.6,10.7,normal
1697506213.845,45.277,1800.0,4.5,10.7,normal
1697506214.347,46.738,1800.0,4.0,10.7,normal
1697506214.85,46.251,1800.0,4.0,10.7,normal
1697506215.352,45.277,1800.0,3.0,10.7,normal
1697506215.855,45.277,1800.0,5.0,10.7,normal
1697506216.357,47.225,1800.0,3.0,10.7,normal
1697506216.86,45.764,1800.0,3.5,10.7,normal
1697506217.365,46.738,800.0,3.0,10.7,normal
1697506217.87,44.79,700.0,5.4,10.7,normal
1697506218.374,45.764,800.0,5.4,10.7,normal
1697506218.877,45.764,1800.0,27.1,10.4,normal
1697506219.38,45.764,1800.0,30.0,10.7,normal
1697506219.882,45.764,1800.0,4.0,10.7,normal
1697506220.385,46.251,1800.0,3.5,10.7,normal
1697506220.887,45.764,1800.0,3.0,10.7,normal
1697506221.39,46.251,1800.0,3.0,10.7,normal
1697506221.893,45.764,1800.0,2.0,10.7,normal
1697506222.395,45.277,1800.0,2.0,10.7,normal
1697506222.898,44.79,1800.0,6.4,10.7,normal
1697506223.4,45.277,1800.0,4.9,10.7,normal
1697506223.904,45.277,1000.0,5.4,10.7,normal
1697506224.408,44.79,1100.0,5.9,10.7,normal
1697506224.91,46.738,1800.0,19.3,10.2,normal
1697506225.413,46.738,1800.0,36.0,10.7,normal
1697506225.915,45.764,1800.0,4.5,10.7,normal
1697506226.418,45.277,1800.0,4.0,10.7,normal
1697506226.92,45.764,1800.0,2.5,10.7,normal
1697506227.423,46.251,1800.0,4.0,10.7,normal
1697506227.926,44.79,1800.0,3.0,10.7,normal
1697506228.428,45.764,1800.0,2.0,10.7,normal
1697506228.931,46.251,1800.0,3.4,10.7,normal
1697506229.434,45.277,1800.0,3.5,10.7,normal
1697506229.938,46.251,700.0,4.5,10.7,normal
1697506230.442,43.329,1000.0,4.4,10.7,normal
1697506230.945,46.251,1800.0,22.5,10.3,normal
1697506231.448,46.251,1800.0,31.0,10.6,normal
1697506231.95,45.277,1800.0,3.5,10.6,normal
1697506232.453,45.277,1800.0,4.0,10.6,normal
1697506232.955,46.251,1800.0,3.9,10.6,normal
1697506233.458,44.79,1800.0,3.5,10.6,normal
1697506233.96,45.764,1800.0,3.5,10.6,normal
1697506234.463,45.764,1800.0,4.0,10.6,normal
1697506234.966,45.277,1800.0,4.0,10.6,normal
1697506235.468,45.764,1800.0,2.5,10.6,normal
1697506235.972,45.277,900.0,5.0,10.7,normal
1697506236.476,45.277,1100.0,5.0,10.7,normal
1697506236.979,46.738,1800.0,16.3,10.1,normal
1697506237.482,46.251,1800.0,35.0,10.6,normal
1697506237.985,46.251,1800.0,4.5,10.6,normal
1697506238.487,45.764,1800.0,1.0,10.6,normal
1697506238.99,45.764,1800.0,2.5,10.6,normal
1697506239.492,46.251,1800.0,5.0,10.7,normal
1697506239.995,45.277,1800.0,3.5,10.7,normal
1697506240.497,44.79,1800.0,3.5,10.7,normal
1697506241.0,45.277,1800.0,4.0,10.7,normal
1697506241.503,46.251,1800.0,3.0,10.7,normal
1697506242.008,45.764,700.0,4.0,10.7,normal
1697506242.512,44.79,900.0,4.4,10.7,normal
1697506243.014,47.225,1800.0,20.3,10.2,normal
1697506243.517,45.764,1800.0,36.4,10.6,normal
1697506244.02,46.251,1800.0,4.5,10.7,normal
1697506244.522,46.251,1800.0,3.5,10.7,normal
1697506245.025,45.764,1800.0,4.0,10.7,normal
1697506245.528,46.251,1800.0,4.0,10.7,normal
1697506246.03,45.764,1800.0,3.0,10.7,normal
1697506246.533,45.764,1800.0,3.0,10.7,normal
1697506247.035,45.764,1800.0,2.0,10.7,normal
1697506247.538,46.251,1800.0,2.0,10.7,normal
1697506248.043,44.79,600.0,3.5,10.7,normal
1697506248.549,44.303,600.0,5.9,10.7,normal
1697506249.053,45.277,1800.0,14.4,10.0,normal
1697506249.557,46.738,1800.0,34.2,10.6,normal
1697506250.059,45.277,1800.0,13.9,10.6,normal
1697506250.562,45.764,1800.0,4.5,10.6,normal
1697506251.064,46.251,1800.0,3.0,10.6,normal
1697506251.567,45.764,1800.0,4.9,10.6,normal
1697506252.07,46.251,1800.0,3.5,10.7,normal
1697506252.572,46.738,1800.0,3.0,10.7,normal
1697506253.075,46.251,1800.0,3.0,10.7,normal
1697506253.577,44.79,1800.0,3.5,10.7,normal
1697506254.082,45.764,700.0,4.0,10.7,normal
1697506254.588,44.79,600.0,5.4,10.7,normal
1697506255.091,44.79,1800.0,14.0,10.2,normal
1697506255.594,45.764,1800.0,38.0,10.6,normal
1697506256.096,45.764,1800.0,6.5,10.6,normal
1697506256.599,44.79,1800.0,3.0,10.6,normal
1697506257.101,46.738,1800.0,2.5,10.6,normal
1697506257.604,45.764,1800.0,3.5,10.6,normal
1697506258.107,46.251,1800.0,4.0,10.6,normal
1697506258.609,44.303,1800.0,4.0,10.7,normal
1697506259.112,45.277,1800.0,5.0,10.7,normal
1697506259.614,45.764,1800.0,3.5,10.7,normal
1697506260.12,44.79,600.0,4.5,10.7,normal
1697506260.625,45.277,600.0,5.9,10.7,normal
1697506261.132,45.764,700.0,8.9,10.5,normal
1697506261.635,45.764,1800.0,28.9,10.5,normal
1697506262.138,46.251,1800.0,23.4,10.7,normal
1697506262.64,45.764,1800.0,4.4,10.7,normal
1697506263.143,46.251,1800.0,3.5,10.7,normal
1697506263.645,45.764,1800.0,2.5,10.7,normal
1697506264.148,45.764,1800.0,4.0,10.7,normal
1697506264.65,45.277,1800.0,5.4,10.6,normal
1697506265.153,45.277,1800.0,3.0,10.7,normal
1697506265.655,45.764,1800.0,2.5,10.7,normal
1697506266.159,44.79,1800.0,3.0,10.7,normal
1697506266.664,45.277,600.0,4.9,10.7,normal
1697506267.17,45.277,600.0,5.0,10.7,normal
1697506267.673,45.764,1800.0,25.9,10.4,normal
1697506268.176,46.738,1800.0,29.7,10.7,normal
1697506268.678,45.764,1800.0,3.5,10.7,normal
1697506269.181,46.251,1800.0,4.5,10.7,normal
1697506269.683,45.277,1800.0,2.0,10.7,normal
1697506270.186,45.764,1800.0,2.5,10.7,normal
1697506270.688,45.277,1800.0,3.0,10.7,normal
1697506271.191,45.764,1800.0,3.5,10.7,normal
1697506271.693,45.764,1800.0,2.5,10.7,normal
1697506272.196,45.277,1800.0,4.4,10.7,normal
1697506272.701,45.764,600.0,4.4,10.7,normal
1697506273.208,44.303,600.0,7.4,10.6,normal
1697506273.711,46.738,1800.0,29.0,10.5,normal
1697506274.214,45.764,1800.0,25.5,10.6,normal
1697506274.716,45.277,1800.0,4.0,10.6,normal
1697506275.219,45.764,1800.0,5.0,10.6,normal
1697506275.721,45.764,1800.0,3.0,10.6,normal
1697506276.224,46.251,1800.0,3.5,10.6,normal
1697506276.726,45.764,1800.0,3.0,10.6,normal
1697506277.229,46.251,1800.0,4.9,10.7,normal
1697506277.731,45.277,1800.0,3.9,10.7,normal
1697506278.234,45.764,1800.0,3.0,10.7,normal
1697506278.739,45.764,600.0,4.4,10.7,normal
1697506279.245,46.738,800.0,12.4,9.5,normal
1697506279.748,46.738,1800.0,28.4,10.5,normal
1697506280.25,45.277,1800.0,20.8,10.7,normal
1697506280.753,46.251,1800.0,4.0,10.7,normal
1697506281.255,45.277,1800.0,4.5,10.7,normal
1697506281.758,46.251,1800.0,4.0,10.7,normal
1697506282.261,46.251,1800.0,4.0,10.7,normal
1697506282.763,45.277,1800.0,4.0,10.7,normal
1697506283.266,44.79,1800.0,4.5,10.7,normal
1697506283.768,45.764,1800.0,2.5,10.7,normal
1697506284.273,45.277,700.0,4.9,10.7,normal
1697506284.779,45.277,600.0,5.4,10.7,normal
1697506285.285,46.251,600.0,6.4,10.6,normal
1697506285.787,45.764,1800.0,28.4,10.4,normal
1697506286.29,46.738,1800.0,26.3,10.7,normal
1697506286.793,46.251,1800.0,3.0,10.7,normal
1697506287.295,46.738,1800.0,4.9,10.7,normal
1697506287.798,44.79,1800.0,3.5,10.7,normal
1697506288.3,45.764,1800.0,3.5,10.7,normal
1697506288.803,44.79,1800.0,4.0,10.7,normal
1697506289.305,45.277,1800.0,5.0,10.7,normal
1697506289.808,45.277,1800.0,2.5,10.7,normal
1697506290.311,45.764,1800.0,5.0,10.7,normal
1697506290.816,44.303,600.0,4.0,10.7,normal
1697506291.322,45.277,600.0,6.9,10.7,normal
1697506291.827,45.277,1800.0,22.4,10.3,normal
1697506292.329,45.277,1800.0,32.7,10.7,normal
1697506292.833,45.764,1800.0,4.0,10.7,normal
1697506293.336,45.764,1800.0,5.0,10.7,normal
1697506293.838,45.764,1800.0,3.9,10.7,normal
1697506294.341,46.251,1800.0,4.5,10.7,normal
1697506294.843,47.225,1800.0,3.5,10.7,normal
1697506295.346,46.251,1800.0,4.5,10.7,normal
1697506295.848,45.277,1800.0,2.5,10.7,normal
1697506296.351,45.764,1800.0,4.0,10.7,normal
1697506296.856,45.764,700.0,2.5,10.7,normal
1697506297.362,45.277,600.0,4.4,10.7,normal
1697506297.864,45.277,1800.0,23.4,10.5,normal
1697506298.367,46.251,1800.0,27.0,10.7,normal
1697506298.87,45.764,1800.0,1.5,10.7,normal
1697506299.373,45.277,1800.0,4.5,10.7,normal
1697506299.875,46.738,1800.0,5.5,10.7,normal
1697506300.378,46.251,1800.0,3.0,10.7,normal
1697506300.88,45.277,1800.0,3.5,10.7,normal
1697506301.383,45.764,1800.0,4.0,10.7,normal
1697506301.885,45.277,1800.0,3.5,10.7,normal
1697506302.388,45.277,1800.0,4.0,10.7,normal
1697506302.892,44.79,800.0,4.0,10.7,normal
1697506303.397,44.79,1000.0,7.4,10.5,normal
1697506303.9,47.225,1800.0,28.9,10.5,normal
1697506304.403,46.738,1800.0,26.0,10.7,normal
1697506304.906,47.225,1800.0,3.0,10.7,normal
1697506305.408,45.764,1800.0,1.0,10.7,normal
1697506305.911,45.764,1800.0,3.0,10.7,normal
1697506306.413,45.277,1800.0,3.0,10.7,normal
1697506306.916,46.251,1800.0,1.5,10.7,normal
1697506307.419,45.764,1800.0,3.0,10.7,normal
1697506307.921,44.79,1800.0,2.5,10.7,normal
1697506308.424,44.79,1800.0,2.5,10.7,normal
1697506308.927,45.277,1100.0,7.5,10.7,normal
1697506309.432,45.764,700.0,5.5,10.5,normal
1697506309.936,46.738,1800.0,27.5,10.4,normal
1697506310.438,45.764,1800.0,22.2,10.6,normal
1697506310.941,46.251,1800.0,1.5,10.6,normal
1697506311.443,46.251,1800.0,4.5,10.7,normal
1697506311.946,46.251,1800.0,3.9,10.6,normal
1697506312.448,45.277,1800.0,1.5,10.6,normal
1697506312.951,46.251,1800.0,3.0,10.7,normal
1697506313.454,45.277,1800.0,3.0,10.6,normal
1697506313.956,46.251,1800.0,4.5,10.6,normal
1697506314.459,45.764,1800.0,3.5,10.7,normal
1697506314.963,44.79,900.0,4.9,10.6,normal
1697506315.467,45.277,900.0,4.0,10.6,normal
1697506315.971,45.764,1800.0,24.4,10.4,normal
1697506316.473,46.251,1800.0,31.2,10.6,normal
1697506316.976,45.764,1800.0,4.0,10.7,normal
1697506317.479,45.764,1800.0,3.0,10.7,normal
1697506317.981,46.738,1800.0,3.5,10.6,normal
1697506318.484,45.764,1800.0,3.0,10.7,normal
1697506318.986,46.251,1800.0,5.4,10.7,normal
1697506319.489,45.277,1800.0,2.5,10.6,normal
1697506319.991,46.251,1800.0,3.5,10.7,normal
1697506320.494,46.251,1800.0,4.5,10.7,normal
1697506320.998,45.277,900.0,4.5,10.6,normal
1697506321.502,45.277,800.0,5.4,10.6,normal
1697506322.006,45.764,1800.0,29.2,10.4,normal
1697506322.509,46.738,1800.0,27.0,10.6,normal
1697506323.011,47.225,1800.0,2.5,10.6,normal
1697506323.514,46.251,1800.0,3.0,10.6,normal
1697506324.016,44.79,1800.0,5.0,10.6,normal
1697506324.519,45.764,1800.0,3.5,10.6,normal
1697506325.021,45.764,1800.0,3.5,10.6,normal
1697506325.524,44.79,1800.0,3.0,10.6,normal
1697506326.027,46.738,1800.0,4.0,10.6,normal
1697506326.529,45.277,1800.0,3.0,10.6,normal
1697506327.033,45.764,800.0,4.5,10.6,normal
1697506327.539,45.277,600.0,4.5,10.7,normal
1697506328.042,45.764,1800.0,21.0,10.3,normal
1697506328.545,46.738,1800.0,34.7,10.7,normal
1697506329.047,45.764,1800.0,3.5,10.7,normal
1697506329.55,45.277,1800.0,3.0,10.7,normal
1697506330.052,44.303,1800.0,3.5,10.7,normal
1697506330.555,46.251,1800.0,3.0,10.7,normal
1697506331.058,46.251,1800.0,2.5,10.7,normal
1697506331.56,44.79,1800.0,3.5,10.7,normal
1697506332.063,44.79,1800.0,4.0,10.7,normal
1697506332.565,45.277,1800.0,3.5,10.7,normal
1697506333.071,45.764,600.0,4.4,10.7,normal
1697506333.577,45.277,600.0,5.4,10.7,normal
1697506334.08,46.251,1800.0,26.0,10.4,normal
1697506334.583,45.764,1800.0,30.0,10.6,normal
1697506335.085,46.738,1800.0,3.0,10.6,normal
1697506335.588,45.764,1800.0,4.0,10.6,normal
1697506336.09,45.764,1800.0,4.0,10.6,normal
1697506336.593,46.251,1800.0,2.5,10.6,normal
1697506337.095,45.277,1800.0,4.4,10.6,normal
1697506337.598,44.79,1800.0,4.0,10.6,normal
1697506338.1,45.277,1800.0,3.5,10.6,normal
1697506338.603,45.277,1800.0,4.0,10.6,normal
1697506339.108,45.277,700.0,5.9,10.6,normal
1697506339.613,46.251,700.0,4.5,10.6,normal
1697506340.116,46.251,1800.0,18.5,10.3,normal
1697506340.618,46.251,1800.0,36.7,10.7,normal
1697506341.121,46.251,1800.0,4.0,10.7,normal
1697506341.623,45.764,1800.0,3.9,10.7,normal
1697506342.126,46.251,1800.0,4.0,10.7,normal
1697506342.629,45.277,1800.0,3.0,10.6,normal
1697506343.131,45.764,1800.0,4.5,10.6,normal
1697506343.634,44.79,1800.0,2.0,10.6,normal
1697506344.136,45.277,1800.0,4.5,10.6,normal
1697506344.639,45.277,1800.0,3.5,10.6,normal
1697506345.144,45.277,600.0,3.0,10.6,normal
1697506345.65,45.764,600.0,5.4,10.6,normal
1697506346.154,45.277,1800.0,12.4,10.1,normal
1697506346.657,45.764,1800.0,33.8,10.6,normal
1697506347.16,45.277,1800.0,11.5,10.6,normal
1697506347.662,45.277,1800.0,4.0,10.6,normal
1697506348.165,46.251,1800.0,3.5,10.6,normal
1697506348.667,45.277,1800.0,3.5,10.6,normal
1697506349.17,45.764,1800.0,4.9,10.6,normal
1697506349.673,45.764,1800.0,3.5,10.6,normal
1697506350.175,45.764,1800.0,3.5,10.6,normal
1697506350.678,45.277,1800.0,3.5,10.6,normal
1697506351.182,45.277,700.0,3.0,10.7,normal
1697506351.688,45.764,600.0,5.0,10.7,normal
1697506352.194,45.277,600.0,5.4,10.6,normal
1697506352.697,46.738,1800.0,28.4,10.4,normal
1697506353.2,45.764,1800.0,25.6,10.6,normal
1697506353.703,46.251,1800.0,2.5,10.6,normal
1697506354.205,46.251,1800.0,5.0,10.6,normal
1697506354.708,46.251,1800.0,3.0,10.6,normal
1697506355.21,45.764,1800.0,2.5,10.6,normal
1697506355.713,45.277,1800.0,3.0,10.6,normal
1697506356.215,45.277,1800.0,3.5,10.6,normal
1697506356.718,45.277,1800.0,3.5,10.6,normal
1697506357.221,44.79,1800.0,4.0,10.6,normal
1697506357.726,45.277,600.0,4.5,10.6,normal
1697506358.232,45.764,600.0,5.9,10.6,normal
1697506358.735,45.764,1800.0,22.7,10.4,normal
1697506359.237,46.251,1800.0,34.3,10.7,normal
1697506359.74,45.764,1800.0,3.5,10.7,normal
1697506360.243,45.764,1800.0,4.5,10.7,normal
1697506360.745,44.79,1800.0,4.0,10.7,normal
1697506361.248,45.764,1800.0,2.5,10.7,normal
1697506361.75,46.251,1800.0,3.5,10.7,normal
1697506362.253,44.79,1800.0,3.0,10.7,normal
1697506362.755,45.764,1800.0,4.5,10.7,normal
1697506363.258,46.251,1800.0,3.0,10.7,normal
1697506363.763,45.764,600.0,3.0,10.7,normal
1697506364.269,44.79,600.0,5.9,10.7,normal
1697506364.772,45.277,1800.0,15.0,10.2,normal
1697506365.275,46.251,1800.0,37.3,10.6,normal
1697506365.778,45.764,1800.0,7.5,10.6,normal
1697506366.28,45.277,1800.0,2.0,10.7,normal
1697506366.783,45.277,1800.0,3.5,10.7,normal
1697506367.285,45.764,1800.0,3.0,10.7,normal
1697506367.788,46.251,1800.0,2.5,10.7,normal
1697506368.29,45.277,1800.0,3.5,10.7,normal
1697506368.793,45.764,1800.0,3.0,10.7,normal
1697506369.295,45.277,1800.0,5.0,10.7,normal
1697506369.801,45.764,600.0,3.5,10.7,normal
1697506370.307,45.277,600.0,4.9,10.7,normal
1697506370.81,45.764,1800.0,19.4,10.2,normal
1697506371.312,46.738,1800.0,37.9,10.7,normal
1697506371.815,45.764,1800.0,3.5,10.7,normal
1697506372.317,45.277,1800.0,4.0,10.7,normal
1697506372.82,45.277,1800.0,3.5,10.7,normal
1697506373.323,45.277,1800.0,4.0,10.7,normal
1697506373.826,45.277,1800.0,3.5,10.7,normal
1697506374.329,46.251,1800.0,4.0,10.7,normal
1697506374.831,45.277,1800.0,3.5,10.7,normal
1697506375.334,45.277,1800.0,5.0,10.7,normal
1697506375.84,46.251,600.0,3.9,10.7,normal
1697506376.347,46.251,600.0,6.4,10.7,normal
1697506376.851,44.79,1800.0,11.4,9.9,normal
1697506377.354,46.251,1800.0,32.8,10.5,normal
1697506377.857,47.225,1800.0,15.2,10.6,normal
1697506378.359,46.251,1800.0,4.0,10.6,normal
1697506378.862,46.738,1800.0,4.0,10.6,normal
1697506379.365,45.764,1800.0,5.4,10.6,normal
1697506379.867,46.251,1800.0,3.5,10.6,normal
1697506380.37,45.764,1800.0,3.9,10.6,normal
1697506380.872,46.251,1800.0,3.5,10.6,normal
1697506381.375,44.79,1800.0,3.5,10.6,normal
1697506381.88,46.251,700.0,4.4,10.6,normal
1697506382.384,46.251,800.0,4.5,10.6,normal
1697506382.886,46.251,1800.0,17.3,10.3,normal
1697506383.389,46.738,1800.0,37.7,10.6,normal
1697506383.892,45.277,1800.0,4.0,10.7,normal
1697506384.394,45.764,1800.0,3.5,10.7,normal
1697506384.897,47.712,1800.0,4.4,10.7,normal
1697506385.4,45.764,1800.0,3.0,10.6,normal
1697506385.902,44.79,1800.0,3.0,10.7,normal
1697506386.405,45.764,1800.0,3.0,10.7,normal
1697506386.907,45.764,1800.0,4.0,10.6,normal
1697506387.41,45.764,1800.0,4.0,10.6,normal
1697506387.914,45.277,800.0,5.0,10.6,normal
1697506388.418,45.764,1000.0,4.5,10.6,normal
1697506388.922,45.764,900.0,10.9,9.5,normal
1697506389.427,46.251,1800.0,29.7,10.5,normal
1697506389.929,45.764,1800.0,20.6,10.6,normal
1697506390.432,45.764,1800.0,3.5,10.6,normal
1697506390.935,47.712,1800.0,4.0,10.7,normal
1697506391.437,45.764,1800.0,3.0,10.7,normal
1697506391.94,44.79,1800.0,3.5,10.7,normal
1697506392.442,45.277,1800.0,4.4,10.7,normal
1697506392.945,45.764,1800.0,3.5,10.7,normal
1697506393.447,45.764,1800.0,3.5,10.7,normal
1697506393.952,45.764,700.0,4.5,10.7,normal
1697506394.456,44.303,900.0,4.5,10.7,normal
1697506394.959,46.251,1800.0,13.5,10.1,normal
1697506395.462,45.764,1800.0,36.0,10.6,normal
1697506395.965,47.712,1800.0,7.9,10.7,normal
1697506396.468,45.764,1800.0,2.5,10.7,normal
1697506396.97,45.764,1800.0,4.0,10.7,normal
1697506397.473,45.764,1800.0,3.5,10.7,normal
1697506397.975,45.764,1800.0,4.0,10.7,normal
1697506398.478,46.251,1800.0,3.0,10.7,normal
1697506398.98,46.251,1800.0,5.0,10.8,normal
1697506399.483,46.738,1800.0,3.5,10.8,normal
1697506399.987,44.79,1000.0,3.5,10.7,normal
1697506400.491,46.738,800.0,4.0,10.8,normal
1697506400.997,45.277,1400.0,8.9,10.6,normal
1697506401.5,45.764,1800.0,28.5,10.5,normal
1697506402.003,46.251,1800.0,21.4,10.7,normal
1697506402.506,45.764,1800.0,3.5,10.7,normal
1697506403.008,45.764,1800.0,4.5,10.7,normal
1697506403.511,46.251,1800.0,3.5,10.7,normal
1697506404.013,45.764,1800.0,4.0,10.7,normal
1697506404.516,45.764,1800.0,3.0,10.7,normal
1697506405.018,46.251,1800.0,4.5,10.7,normal
1697506405.521,46.738,1800.0,2.5,10.7,normal
1697506406.026,45.764,700.0,3.5,10.7,normal
1697506406.531,45.277,800.0,4.9,10.7,normal
1697506407.035,45.764,900.0,5.0,10.7,normal
1697506407.539,46.251,1800.0,26.9,10.4,normal
1697506408.042,45.277,1800.0,27.6,10.7,normal
1697506408.544,45.277,1800.0,3.5,10.7,normal
1697506409.047,44.79,1800.0,3.5,10.7,normal
1697506409.549,46.738,1800.0,3.5,10.7,normal
1697506410.052,45.764,1800.0,3.5,10.7,normal
1697506410.555,45.277,1800.0,3.5,10.7,normal
1697506411.058,45.764,1800.0,3.0,10.7,normal
1697506411.561,46.251,1800.0,4.5,10.7,normal
1697506412.063,46.251,1800.0,3.0,10.7,normal
1697506412.569,45.764,600.0,5.0,10.7,normal
1697506413.074,46.251,700.0,4.0,10.7,normal
1697506413.577,46.251,1800.0,19.9,10.3,normal
1697506414.079,47.712,1800.0,36.7,10.7,normal
1697506414.582,44.79,1800.0,3.5,10.7,normal
1697506415.084,45.764,1800.0,3.5,10.7,normal
1697506415.587,45.277,1800.0,4.9,10.7,normal
1697506416.09,45.277,1800.0,2.5,10.7,normal
1697506416.592,45.764,1800.0,3.5,10.7,normal
1697506417.095,45.277,1800.0,3.0,10.7,normal
1697506417.597,45.277,1800.0,2.5,10.7,normal
1697506418.1,46.251,1800.0,3.5,10.7,normal
1697506418.607,43.816,600.0,4.4,10.7,normal
1697506419.113,45.277,700.0,6.4,10.7,normal
1697506419.617,44.79,1800.0,12.9,10.1,normal
1697506420.12,46.251,1800.0,34.5,10.6,normal
1697506420.622,45.764,1800.0,11.0,10.7,normal
1697506421.125,45.764,1800.0,3.0,10.7,normal
1697506421.627,44.79,1800.0,4.0,10.7,normal
1697506422.13,46.251,1800.0,4.0,10.7,normal
1697506422.633,45.277,1800.0,3.0,10.7,normal
1697506423.135,45.277,1800.0,3.5,10.7,normal
1697506423.638,46.738,1800.0,4.0,10.7,normal
1697506424.14,45.277,1800.0,5.0,10.7,normal
1697506424.645,45.277,700.0,3.5,10.7,normal
1697506425.151,44.79,600.0,5.4,10.7,normal
1697506425.654,45.764,1800.0,18.4,10.2,normal
1697506426.157,46.738,1800.0,37.2,10.7,normal
1697506426.659,45.764,1800.0,6.0,10.7,normal
1697506427.162,46.251,1800.0,3.5,10.7,normal
1697506427.668,46.251,1800.0,1.5,10.7,normal
1697506428.17,45.764,1800.0,3.0,10.7,normal
1697506428.673,46.251,1800.0,4.0,10.7,normal
1697506429.175,45.277,1800.0,4.5,10.7,normal
1697506429.678,45.764,1800.0,4.0,10.7,normal
1697506430.18,45.277,1800.0,3.5,10.7,normal
1697506430.685,45.764,700.0,4.0,10.7,normal
1697506431.191,45.277,600.0,4.9,10.7,normal
1697506431.694,44.303,1800.0,9.0,9.6,normal
1697506432.197,45.277,1800.0,28.9,10.5,normal
1697506432.699,46.738,1800.0,21.4,10.7,normal
1697506433.202,46.251,1800.0,4.5,10.7,normal
1697506433.704,45.277,1800.0,3.0,10.7,normal
1697506434.207,45.764,1800.0,4.5,10.7,normal
1697506434.709,45.277,1800.0,2.5,10.7,normal
1697506435.212,45.277,1800.0,4.5,10.7,normal
1697506435.714,46.251,1800.0,3.0,10.6,normal
1697506436.217,45.764,1800.0,3.0,10.7,normal
1697506436.72,46.251,1800.0,2.5,10.7,normal
1697506437.226,45.277,600.0,4.9,10.7,normal
1697506437.731,45.277,600.0,3.5,10.7,normal
1697506438.235,45.764,1800.0,26.7,10.4,normal
1697506438.738,46.738,1800.0,27.6,10.6,normal
1697506439.241,45.277,1800.0,4.0,10.6,normal
1697506439.743,46.738,1800.0,3.5,10.6,normal
1697506440.246,46.251,1800.0,3.5,10.7,normal
1697506440.748,45.764,1800.0,2.0,10.7,normal
1697506441.251,46.251,1800.0,4.0,10.7,normal
1697506441.753,45.764,1800.0,4.0,10.7,normal
1697506442.256,45.277,1800.0,3.0,10.7,normal
1697506442.759,46.251,1800.0,3.0,10.7,normal
1697506443.264,45.277,600.0,4.0,10.7,normal
1697506443.77,45.764,600.0,5.0,10.7,normal
1697506444.273,45.764,1800.0,20.3,10.4,normal
1697506444.776,46.251,1800.0,34.3,10.7,normal
1697506445.278,45.764,1800.0,4.4,10.7,normal
1697506445.781,46.251,1800.0,3.0,10.7,normal
1697506446.283,46.738,1800.0,3.5,10.7,normal
1697506446.786,45.764,1800.0,3.9,10.7,normal
1697506447.288,46.251,1800.0,2.5,10.7,normal
1697506447.791,45.764,1800.0,1.5,10.7,normal
1697506448.294,46.251,1800.0,3.5,10.7,normal
1697506448.796,46.251,1800.0,3.5,10.7,normal
1697506449.302,45.277,600.0,4.5,10.7,normal
1697506449.807,44.79,600.0,5.4,10.7,normal
1697506450.311,47.225,1800.0,26.2,10.4,normal
1697506450.813,44.79,1800.0,29.6,10.7,normal
1697506451.316,46.251,1800.0,3.0,10.7,normal
1697506451.818,45.277,1800.0,4.0,10.7,normal
1697506452.321,45.764,1800.0,4.0,10.7,normal
1697506452.823,45.277,1800.0,2.5,10.7,normal
1697506453.326,45.277,1800.0,3.5,10.7,normal
1697506453.828,44.79,1800.0,3.0,10.7,normal
1697506454.331,44.79,1800.0,4.5,10.7,normal
1697506454.834,45.277,1800.0,4.5,10.7,normal
1697506455.34,45.764,600.0,4.5,10.7,normal
1697506455.846,45.277,700.0,5.9,10.7,normal
1697506456.349,44.79,1800.0,20.4,10.3,normal
1697506456.851,46.251,1800.0,38.0,10.7,normal
1697506457.354,46.251,1800.0,3.0,10.6,normal
1697506457.856,44.79,1800.0,2.0,10.6,normal
1697506458.359,45.277,1800.0,4.5,10.7,normal
1697506458.861,45.764,1800.0,4.0,10.6,normal
1697506459.364,45.277,1800.0,4.0,10.6,normal
1697506459.867,46.251,1800.0,3.5,10.7,normal
1697506460.369,46.738,1800.0,4.0,10.6,normal
1697506460.872,46.251,1800.0,3.0,10.7,normal
1697506461.377,46.738,600.0,3.5,10.6,normal
1697506461.882,45.764,700.0,4.4,10.6,normal
1697506462.385,44.303,1800.0,9.0,9.7,normal
1697506462.888,46.738,1800.0,32.8,10.5,normal
1697506463.391,46.251,1800.0,18.3,10.6,normal
1697506463.893,47.225,1800.0,3.5,10.6,normal
1697506464.396,45.277,1800.0,4.0,10.6,normal
1697506464.898,45.764,1800.0,4.9,10.6,normal
1697506465.401,46.251,1800.0,2.5,10.6,normal
1697506465.903,45.764,1800.0,3.5,10.6,normal
1697506466.406,46.251,1800.0,3.5,10.6,normal
1697506466.908,45.764,1800.0,4.5,10.7,normal
1697506467.413,45.277,800.0,3.5,10.7,normal
1697506467.917,45.277,800.0,4.5,10.7,normal
1697506468.422,45.277,800.0,4.0,10.7,normal
1697506468.925,46.251,1800.0,28.4,10.5,normal
1697506469.427,46.251,1800.0,27.4,10.6,normal
1697506469.93,46.251,1800.0,2.5,10.6,normal
1697506470.432,45.764,1800.0,3.5,10.6,normal
1697506470.935,45.764,1800.0,5.0,10.6,normal
1697506471.437,45.277,1800.0,2.5,10.6,normal
1697506471.94,46.738,1800.0,4.0,10.6,normal
1697506472.443,45.764,1800.0,3.0,10.6,normal
1697506472.945,45.764,1800.0,5.0,10.6,normal
1697506473.448,45.764,1800.0,3.5,10.6,normal
1697506473.952,44.79,800.0,5.4,10.6,normal
1697506474.456,45.277,800.0,4.0,10.6,normal
1697506474.959,46.251,1800.0,22.5,10.3,normal
1697506475.462,45.764,1800.0,33.7,10.6,normal
1697506475.965,45.764,1800.0,3.0,10.6,normal
1697506476.467,45.764,1800.0,3.5,10.6,normal
1697506476.97,44.79,1800.0,2.0,10.6,normal
1697506477.472,45.277,1800.0,2.0,10.6,normal
1697506477.975,45.277,1800.0,3.0,10.7,normal
1697506478.477,46.251,1800.0,1.5,10.7,normal
1697506478.98,45.764,1800.0,4.0,10.7,normal
1697506479.482,44.79,1800.0,2.5,10.7,normal
1697506479.987,44.79,1000.0,3.9,10.7,normal
1697506480.491,46.251,800.0,4.5,10.7,normal
1697506480.995,44.79,1800.0,12.4,9.9,normal
1697506481.499,46.738,1800.0,33.0,10.5,normal
1697506482.002,46.251,1800.0,14.4,10.6,normal
1697506482.504,45.764,1800.0,2.5,10.6,normal
1697506483.007,45.764,1800.0,4.0,10.6,normal
1697506483.509,45.277,1800.0,3.5,10.6,normal
1697506484.012,45.764,1800.0,4.5,10.6,normal
1697506484.514,45.277,1800.0,3.0,10.6,normal
1697506485.017,45.277,1800.0,3.5,10.6,normal
1697506485.519,46.251,1800.0,3.0,10.6,normal
1697506486.024,44.303,700.0,3.5,10.6,normal
1697506486.53,45.764,600.0,4.9,10.6,normal
1697506487.035,45.277,800.0,3.5,10.6,normal
1697506487.538,46.738,1800.0,28.2,10.4,normal
1697506488.041,45.277,1800.0,24.0,10.6,normal
1697506488.543,45.764,1800.0,0.5,10.6,normal
1697506489.051,45.277,1800.0,3.4,10.6,normal
1697506489.553,46.738,1800.0,4.5,10.6,normal
1697506490.056,45.277,1800.0,3.0,10.6,normal
1697506490.558,45.764,1800.0,4.0,10.6,normal
1697506491.061,45.764,1800.0,3.5,10.6,normal
1697506491.563,45.277,1800.0,3.5,10.6,normal
1697506492.066,45.764,1800.0,2.5,10.6,normal
1697506492.571,45.277,600.0,1.5,10.6,normal
1697506493.074,45.277,1800.0,6.0,10.7,normal
1697506493.577,46.738,1800.0,22.9,10.4,normal
1697506494.085,46.738,1800.0,30.9,10.6,normal
1697506494.587,45.764,1800.0,2.0,10.6,normal
1697506495.09,45.277,1800.0,3.5,10.6,normal
1697506495.593,45.764,1800.0,4.5,10.6,normal
1697506496.095,45.764,1800.0,3.5,10.6,normal
1697506496.598,46.251,1800.0,3.5,10.6,normal
1697506497.1,46.251,1800.0,3.0,10.6,normal
1697506497.603,45.277,1800.0,4.0,10.6,normal
1697506498.108,44.79,600.0,3.5,10.7,normal
1697506498.614,45.764,600.0,5.4,10.7,normal
1697506499.124,44.79,800.0,5.9,10.7,normal
1697506499.627,45.764,1800.0,20.4,10.2,normal
1697506500.129,46.251,1800.0,35.2,10.6,normal
1697506500.632,45.764,1800.0,3.0,10.6,normal
1697506501.135,46.251,1800.0,4.0,10.6,normal
1697506501.637,44.303,1800.0,4.5,10.7,normal
1697506502.14,45.277,1800.0,1.5,10.7,normal
1697506502.642,45.277,1800.0,2.5,10.7,normal
1697506503.145,45.764,1800.0,4.5,10.7,normal
1697506503.647,46.251,1800.0,4.5,10.7,normal
1697506504.15,46.738,1800.0,3.5,10.7,normal
1697506504.655,44.79,700.0,4.0,10.7,normal
1697506505.16,46.251,700.0,4.0,10.7,normal
1697506505.663,46.251,1800.0,12.9,10.0,normal
1697506506.169,46.738,1800.0,32.7,10.6,normal
1697506506.671,46.738,1800.0,13.5,10.7,normal
1697506507.174,46.251,1800.0,2.5,10.7,normal
1697506507.677,46.251,1800.0,1.5,10.7,normal
1697506508.179,46.251,1800.0,3.0,10.7,normal
1697506508.682,45.277,1800.0,3.5,10.7,normal
1697506509.185,45.764,1800.0,4.0,10.7,normal
1697506509.687,44.79,1800.0,3.0,10.7,normal
1697506510.19,45.764,1800.0,5.0,10.7,normal
1697506510.695,45.764,700.0,3.5,10.7,normal
1697506511.2,44.79,600.0,4.9,10.7,normal
1697506511.703,46.251,1800.0,18.5,10.2,normal
1697506512.206,46.738,1800.0,38.1,10.6,normal
1697506512.708,45.277,1800.0,3.5,10.6,normal
1697506513.211,46.251,1800.0,4.0,10.6,normal
1697506513.713,46.251,1800.0,3.5,10.6,normal
1697506514.216,45.277,1800.0,5.0,10.7,normal
1697506514.719,45.277,1800.0,4.0,10.7,normal
1697506515.221,45.764,1800.0,4.0,10.7,normal
1697506515.724,45.277,1800.0,3.5,10.7,normal
1697506516.226,44.79,1800.0,4.0,10.7,normal
1697506516.732,45.764,600.0,4.4,10.7,normal
1697506517.238,46.251,600.0,4.5,10.7,normal
1697506517.741,45.764,1800.0,10.5,9.6,normal
1697506518.245,46.251,1800.0,29.9,10.5,normal
1697506518.748,45.764,1800.0,19.0,10.6,normal
1697506519.255,46.738,1800.0,4.4,10.6,normal
1697506519.758,45.764,1800.0,3.0,10.6,normal
1697506520.26,44.79,1800.0,3.5,10.6,normal
1697506520.763,45.277,1800.0,3.0,10.6,normal
1697506521.265,45.277,1800.0,2.5,10.6,normal
1697506521.768,45.277,1800.0,2.0,10.6,normal
1697506522.27,45.277,1800.0,4.0,10.6,normal
1697506522.773,46.251,1800.0,3.5,10.6,normal
1697506523.278,44.79,600.0,4.5,10.6,normal
1697506523.781,47.225,1800.0,14.0,10.1,normal
1697506524.29,46.738,1800.0,38.6,10.5,normal
1697506524.792,46.251,1800.0,7.4,10.6,normal
1697506525.295,46.251,1800.0,3.5,10.6,normal
1697506525.797,44.79,1800.0,4.0,10.6,normal
1697506526.3,46.251,1800.0,3.5,10.6,normal
1697506526.802,45.277,1800.0,4.0,10.6,normal
1697506527.305,45.277,1800.0,2.5,10.6,normal
1697506527.807,45.764,1800.0,3.0,10.6,normal
1697506528.31,45.764,1800.0,4.4,10.6,normal
1697506528.814,44.79,700.0,4.5,10.6,normal
1697506529.324,44.79,600.0,6.3,10.6,normal
1697506529.833,44.79,600.0,8.0,10.5,normal
1697506530.336,46.251,1800.0,28.5,10.6,normal
1697506530.839,47.225,1800.0,23.8,10.7,normal
1697506531.342,45.277,1800.0,4.0,10.7,normal
1697506531.844,45.277,1800.0,3.5,10.7,normal
1697506532.347,45.764,1800.0,3.5,10.7,normal
1697506532.849,45.764,1800.0,2.5,10.7,normal
1697506533.352,45.764,1800.0,4.5,10.7,normal
1697506533.854,46.251,1800.0,3.5,10.7,normal
1697506534.357,45.764,1800.0,4.5,10.7,normal
1697506534.862,44.79,700.0,3.0,10.7,normal
1697506535.367,45.277,600.0,5.9,10.7,normal
1697506535.87,46.738,1800.0,13.4,10.1,normal
1697506536.373,45.764,1800.0,33.3,10.6,normal
1697506536.876,45.764,1800.0,12.9,10.6,normal
1697506537.379,44.79,1800.0,4.5,10.6,normal
1697506537.881,45.277,1800.0,3.5,10.6,normal
1697506538.383,45.764,1800.0,4.0,10.6,normal
1697506538.886,45.277,1800.0,2.5,10.6,normal
1697506539.388,45.764,1800.0,4.9,10.6,normal
1697506539.891,46.251,1800.0,4.5,10.6,normal
1697506540.393,45.764,1800.0,3.0,10.6,normal
1697506540.898,45.764,700.0,3.9,10.6,normal
1697506541.403,46.251,900.0,5.9,10.6,normal
1697506541.905,44.79,1800.0,16.4,10.2,normal
1697506542.408,47.225,1800.0,37.0,10.6,normal
1697506542.91,46.738,1800.0,4.0,10.6,normal
1697506543.413,45.764,1800.0,4.5,10.6,normal
1697506543.916,45.277,1800.0,3.0,10.6,normal
1697506544.418,46.738,1800.0,13.5,10.6,normal
1697506544.921,45.764,1800.0,2.5,10.6,normal
1697506545.423,46.251,1800.0,5.0,10.6,normal
1697506545.926,45.277,1800.0,3.5,10.6,normal
1697506546.428,46.251,1800.0,3.0,10.7,normal
1697506546.933,45.277,700.0,2.0,10.7,normal
1697506547.437,45.764,1000.0,4.0,10.7,normal
1697506547.939,44.79,1800.0,12.0,9.9,normal
1697506548.443,45.764,1800.0,31.2,10.6,normal
1697506548.946,46.251,1800.0,18.6,10.6,normal
1697506549.448,45.764,1800.0,3.5,10.6,normal
1697506549.951,45.764,1800.0,4.4,10.6,normal
1697506550.454,45.277,1800.0,2.5,10.6,normal
1697506550.956,45.764,1800.0,3.5,10.7,normal
1697506551.459,45.764,1800.0,3.5,10.7,normal
1697506551.961,45.277,1800.0,2.5,10.7,normal
1697506552.464,45.277,1800.0,5.5,10.7,normal
1697506552.969,45.764,700.0,4.0,10.7,normal
1697506553.473,45.277,800.0,4.0,10.7,normal
1697506553.976,45.764,1800.0,17.2,10.2,normal
1697506554.483,46.738,1800.0,37.0,10.6,normal
1697506554.986,46.251,1800.0,6.5,10.7,normal
1697506555.489,45.764,1800.0,3.5,10.7,normal
1697506555.991,46.738,1800.0,3.0,10.7,normal
1697506556.494,45.764,1800.0,3.5,10.7,normal
1697506556.996,46.738,1800.0,3.5,10.7,normal
1697506557.499,45.277,1800.0,4.0,10.7,normal
1697506558.001,46.251,1800.0,3.5,10.7,normal
1697506558.504,46.251,1800.0,3.0,10.7,normal
1697506559.008,46.738,800.0,5.4,10.7,normal
1697506559.518,46.251,800.0,3.9,10.7,normal
1697506560.022,45.277,1100.0,8.9,9.6,normal
1697506560.526,46.738,1800.0,30.3,10.5,normal
1697506561.029,46.738,1800.0,22.2,10.6,normal
1697506561.531,45.764,1800.0,3.0,10.6,normal
1697506562.034,45.764,1800.0,2.5,10.6,normal
1697506562.536,45.764,1800.0,3.0,10.6,normal
1697506563.039,45.764,1800.0,3.5,10.6,normal
1697506563.541,47.225,1800.0,3.0,10.7,normal
1697506564.044,45.764,1800.0,3.5,10.7,normal
1697506564.551,45.277,1800.0,4.4,10.7,normal
1697506565.056,46.251,800.0,3.5,10.7,normal
1697506565.561,44.79,700.0,5.4,10.7,normal
1697506566.063,46.738,1800.0,12.9,10.1,normal
1697506566.566,45.764,1800.0,36.5,10.6,normal
1697506567.069,45.277,1800.0,7.0,10.7,normal
1697506567.571,46.738,1800.0,4.0,10.7,normal
1697506568.074,46.738,1800.0,3.0,10.7,normal
1697506568.576,45.764,1800.0,3.5,10.7,normal
1697506569.079,46.251,1800.0,4.5,10.7,normal
1697506569.586,46.251,1800.0,4.9,10.7,normal
1697506570.089,45.277,1800.0,3.5,10.7,normal
1697506570.591,46.738,1800.0,3.0,10.7,normal
1697506571.096,44.79,800.0,3.0,10.7,normal
1697506571.601,44.79,800.0,5.0,10.7,normal
1697506572.107,45.764,900.0,7.0,10.3,normal
1697506572.61,45.764,1800.0,28.4,10.5,normal
1697506573.113,46.251,1800.0,22.5,10.7,normal
1697506573.615,45.764,1800.0,4.5,10.7,normal
1697506574.118,46.251,1800.0,4.0,10.7,normal
1697506574.62,45.764,1800.0,3.0,10.7,normal
1697506575.123,46.251,1800.0,3.5,10.7,normal
1697506575.626,45.764,1800.0,4.0,10.7,normal
1697506576.128,45.764,1800.0,3.0,10.7,normal
1697506576.631,45.764,1800.0,3.0,10.7,normal
1697506577.133,45.277,1800.0,4.0,10.7,normal
1697506577.638,45.764,700.0,5.0,10.7,normal
1697506578.143,45.277,800.0,5.4,10.7,normal
1697506578.645,46.738,1800.0,25.9,10.3,normal
1697506579.148,46.251,1800.0,30.7,10.6,normal
1697506579.651,45.277,1800.0,4.4,10.6,normal
1697506580.153,46.251,1800.0,2.5,10.6,normal
1697506580.656,45.277,1800.0,3.5,10.6,normal
1697506581.158,45.764,1800.0,3.5,10.6,normal
1697506581.661,45.277,1800.0,3.5,10.7,normal
1697506582.163,45.277,1800.0,3.5,10.7,normal
1697506582.666,46.738,1800.0,3.0,10.7,normal
1697506583.169,45.764,1800.0,2.5,10.7,normal
1697506583.673,45.764,900.0,6.9,10.7,normal
1697506584.178,45.277,800.0,6.9,10.7,normal
1697506584.681,45.764,1800.0,15.7,10.3,normal
1697506585.184,46.251,1800.0,37.0,10.7,normal
1697506585.686,46.251,1800.0,5.4,10.7,normal
1697506586.189,45.764,1800.0,3.0,10.7,normal
1697506586.692,45.764,1800.0,3.0,10.7,normal
1697506587.194,45.277,1800.0,3.9,10.7,normal
1697506587.697,45.764,1800.0,4.5,10.7,normal
1697506588.199,45.764,1800.0,3.5,10.7,normal
1697506588.702,45.277,1800.0,3.0,10.7,normal
1697506589.204,45.764,1800.0,3.5,10.7,normal
1697506589.71,45.277,600.0,4.9,10.7,normal
1697506590.216,45.277,600.0,4.4,10.7,normal
1697506590.721,44.79,700.0,9.0,9.7,normal
1697506591.224,46.738,1800.0,28.5,10.5,normal
1697506591.727,46.251,1800.0,22.0,10.7,normal
1697506592.23,45.764,1800.0,2.5,10.7,normal
1697506592.732,45.277,1800.0,4.0,10.7,normal
1697506593.235,45.277,1800.0,4.0,10.7,normal
1697506593.737,45.764,1800.0,3.5,10.7,normal
1697506594.24,45.277,1800.0,5.9,10.7,normal
1697506594.742,44.79,1800.0,3.5,10.7,normal
1697506595.245,45.277,1800.0,3.5,10.7,normal
1697506595.75,45.277,700.0,5.4,10.7,normal
1697506596.255,45.277,600.0,4.0,10.7,normal
1697506596.759,45.277,1800.0,12.9,9.8,normal
1697506597.263,47.225,1800.0,31.5,10.5,normal
1697506597.766,45.764,1800.0,16.0,10.6,normal
1697506598.268,45.764,1800.0,2.5,10.6,normal
1697506598.771,45.277,1800.0,4.0,10.6,normal
1697506599.273,45.277,1800.0,4.0,10.6,normal
1697506599.776,45.764,1800.0,4.0,10.6,normal
1697506600.279,45.277,1800.0,3.0,10.6,normal
1697506600.782,44.79,1800.0,3.0,10.6,normal
1697506601.285,45.277,1800.0,3.9,10.6,normal
1697506601.789,45.764,700.0,4.0,10.7,normal
1697506602.295,44.303,600.0,4.9,10.7,normal
1697506602.801,44.303,600.0,4.4,10.6,normal
1697506603.304,45.764,1800.0,28.1,10.5,normal
1697506603.807,46.251,1800.0,27.6,10.6,normal
1697506604.309,46.251,1800.0,3.0,10.6,normal
1697506604.812,45.277,1800.0,2.5,10.6,normal
1697506605.314,46.251,1800.0,3.0,10.6,normal
1697506605.817,45.277,1800.0,3.0,10.7,normal
1697506606.319,45.764,1800.0,2.0,10.7,normal
1697506606.822,45.764,1800.0,3.0,10.7,normal
1697506607.324,45.277,1800.0,3.0,10.7,normal
1697506607.827,45.277,1800.0,3.0,10.7,normal
1697506608.331,45.277,900.0,4.0,10.7,normal
1697506608.836,44.79,1200.0,10.4,10.1,normal
1697506609.339,47.225,1800.0,31.0,10.5,normal
1697506609.842,45.277,1800.0,22.1,10.6,normal
1697506610.345,45.764,1800.0,5.4,10.6,normal
1697506610.847,46.251,1800.0,3.0,10.6,normal
1697506611.35,46.251,1800.0,3.0,10.6,normal
1697506611.852,45.764,1800.0,2.0,10.6,normal
1697506612.355,44.79,1800.0,5.0,10.6,normal
1697506612.858,45.277,1800.0,3.5,10.6,normal
1697506613.36,45.764,1800.0,4.0,10.6,normal
1697506613.863,46.251,1800.0,3.0,10.6,normal
1697506614.368,45.764,700.0,4.9,10.7,normal
1697506614.872,46.251,1800.0,11.5,9.6,normal
1697506615.376,46.738,1800.0,29.4,10.6,normal
1697506615.879,46.738,1800.0,18.9,10.7,normal
1697506616.381,46.251,1800.0,4.5,10.7,normal
1697506616.884,46.251,1800.0,4.5,10.7,normal
1697506617.387,45.764,1800.0,2.5,10.7,normal
1697506617.889,46.251,1800.0,3.5,10.7,normal
1697506618.392,45.764,1800.0,4.0,10.7,normal
1697506618.894,45.277,1800.0,3.5,10.7,normal
1697506619.397,46.738,1800.0,3.5,10.7,normal
1697506619.901,45.277,800.0,3.0,10.7,normal
1697506620.407,45.277,600.0,5.4,10.7,normal
1697506620.913,45.277,700.0,5.0,10.7,normal
1697506621.416,45.764,1800.0,27.5,10.4,normal
1697506621.918,45.764,1800.0,29.2,10.7,normal
1697506622.421,46.738,1800.0,3.5,10.7,normal
1697506622.924,45.277,1800.0,3.5,10.7,normal
1697506623.426,45.764,1800.0,3.5,10.7,normal
1697506623.929,45.764,1800.0,3.5,10.7,normal
1697506624.431,45.277,1800.0,4.5,10.7,normal
1697506624.934,46.251,1800.0,3.5,10.7,normal
1697506625.436,45.764,1800.0,3.5,10.6,normal
1697506625.939,46.251,1800.0,3.0,10.7,normal
1697506626.443,44.79,800.0,5.0,10.7,normal
1697506626.948,45.277,900.0,6.4,10.7,normal
1697506627.451,45.764,1800.0,19.5,10.3,normal
1697506627.953,45.764,1800.0,35.2,10.7,normal
1697506628.456,46.251,1800.0,4.0,10.7,normal
1697506628.958,45.764,1800.0,4.0,10.7,normal
1697506629.461,46.251,1800.0,4.5,10.7,normal
1697506629.963,46.251,1800.0,3.0,10.7,normal
1697506630.466,45.277,1800.0,3.5,10.7,normal
1697506630.968,45.277,1800.0,3.5,10.7,normal
1697506631.471,45.764,1800.0,3.0,10.6,normal
1697506631.973,46.251,1800.0,3.5,10.7,normal
1697506632.478,44.79,900.0,4.0,10.7,normal
1697506632.982,44.79,900.0,6.4,10.7,normal
1697506633.485,46.251,1800.0,12.9,10.1,normal
1697506633.988,46.738,1800.0,34.5,10.6,normal
1697506634.491,44.79,1800.0,13.5,10.6,normal
1697506634.993,45.764,1800.0,3.5,10.7,normal
1697506635.496,46.738,1800.0,3.5,10.7,normal
1697506635.998,45.277,1800.0,3.5,10.7,normal
1697506636.501,45.764,1800.0,3.0,10.7,normal
1697506637.003,44.79,1800.0,3.5,10.7,normal
1697506637.506,45.277,1800.0,4.0,10.7,normal
1697506638.008,44.79,1800.0,3.0,10.7,normal
1697506638.511,45.277,1800.0,3.9,10.7,normal
1697506639.016,44.79,800.0,6.4,10.7,normal
1697506639.519,45.764,1800.0,17.5,10.3,normal
1697506640.022,45.764,1800.0,37.0,10.7,normal
1697506640.524,45.277,1800.0,4.0,10.7,normal
1697506641.027,46.251,1800.0,4.4,10.7,normal
1697506641.53,45.764,1800.0,4.0,10.7,normal
1697506642.032,46.251,1800.0,4.4,10.7,normal
1697506642.535,45.764,1800.0,3.0,10.7,normal
1697506643.037,45.277,1800.0,3.5,10.7,normal
1697506643.54,45.764,1800.0,4.0,10.7,normal
1697506644.043,45.764,1800.0,4.5,10.7,normal
1697506644.546,44.79,1000.0,3.5,10.7,normal
1697506645.052,44.79,600.0,5.4,10.7,normal
1697506645.556,46.738,1800.0,10.4,9.7,normal
1697506646.06,45.764,1800.0,30.5,10.5,normal
1697506646.562,47.225,1800.0,15.0,10.6,normal
1697506647.065,45.764,1800.0,3.0,10.6,normal
1697506647.567,46.251,1800.0,4.0,10.6,normal
1697506648.07,45.764,1800.0,2.5,10.6,normal
1697506648.573,45.764,1800.0,2.5,10.7,normal
1697506649.075,45.764,1800.0,4.0,10.7,normal
1697506649.578,45.764,1800.0,4.0,10.7,normal
1697506650.08,46.738,1800.0,3.0,10.7,normal
1697506650.585,45.764,700.0,3.0,10.7,normal
1697506651.09,46.251,600.0,4.5,10.7,normal
1697506651.596,45.764,700.0,4.5,10.6,normal
1697506652.099,46.251,1800.0,28.9,10.4,normal
1697506652.602,45.277,1800.0,25.5,10.6,normal
1697506653.105,45.277,1800.0,3.0,10.6,normal
1697506653.607,45.764,1800.0,3.5,10.6,normal
1697506654.11,46.738,1800.0,5.9,10.6,normal
1697506654.612,45.764,1800.0,2.0,10.7,normal
1697506655.115,44.79,1800.0,4.0,10.7,normal
1697506655.617,46.251,1800.0,3.0,10.7,normal
1697506656.12,44.79,1800.0,3.9,10.7,normal
1697506656.622,45.277,1800.0,3.5,10.7,normal
1697506657.127,44.79,800.0,4.0,10.7,normal
1697506657.632,44.79,800.0,8.5,10.2,normal
1697506658.136,45.764,1800.0,28.9,10.5,normal
1697506658.638,46.738,1800.0,22.0,10.6,normal
1697506659.141,45.277,1800.0,4.0,10.6,normal
1697506659.643,46.738,1800.0,3.5,10.6,normal
1697506660.146,45.277,1800.0,3.0,10.7,normal
1697506660.649,45.764,1800.0,3.5,10.7,normal
1697506661.151,45.764,1800.0,3.0,10.7,normal
1697506661.654,45.277,1800.0,3.5,10.7,normal
1697506662.156,45.764,1800.0,4.0,10.7,normal
1697506662.661,45.277,700.0,4.4,10.7,normal
1697506663.166,46.251,800.0,4.0,10.7,normal
1697506663.669,45.764,1800.0,14.4,10.1,normal
1697506664.171,47.225,1800.0,37.7,10.6,normal
1697506664.674,47.225,1800.0,7.5,10.7,normal
1697506665.177,45.764,1800.0,4.5,10.7,normal
1697506665.679,45.277,1800.0,2.0,10.7,normal
1697506666.182,46.251,1800.0,5.0,10.7,normal
1697506666.684,45.764,1800.0,3.0,10.7,normal
1697506667.187,45.764,1800.0,2.0,10.7,normal
1697506667.689,46.251,1800.0,2.5,10.7,normal
1697506668.192,44.79,1800.0,2.5,10.7,normal
1697506668.697,45.277,700.0,3.5,10.7,normal
1697506669.201,45.277,900.0,3.5,10.7,normal
1697506669.705,44.79,800.0,10.3,10.5,normal
1697506670.209,44.79,1800.0,28.4,10.5,normal
1697506670.711,45.764,1800.0,23.0,10.6,normal
1697506671.214,45.764,1800.0,2.5,10.6,normal
1697506671.717,45.764,1800.0,4.0,10.6,normal
1697506672.219,45.277,1800.0,3.0,10.7,normal
1697506672.722,45.764,1800.0,3.9,10.7,normal
1697506673.229,45.277,1800.0,3.4,10.7,normal
1697506673.732,45.277,1800.0,4.4,10.7,normal
1697506674.235,46.251,1800.0,4.0,10.7,normal
1697506674.738,46.251,1800.0,3.0,10.7,normal
1697506675.244,45.277,600.0,5.4,10.7,normal
1697506675.749,45.277,600.0,5.9,10.7,normal
1697506676.252,46.251,1800.0,23.5,10.3,normal
1697506676.755,45.764,1800.0,32.8,10.6,normal
1697506677.257,45.764,1800.0,2.5,10.6,normal
1697506677.76,45.764,1800.0,4.5,10.6,normal
1697506678.268,45.277,1800.0,3.0,10.7,normal
1697506678.77,45.764,1800.0,3.5,10.7,normal
1697506679.273,45.764,1800.0,4.5,10.7,normal
1697506679.775,45.277,1800.0,4.0,10.7,normal
1697506680.278,46.251,1800.0,3.5,10.7,normal
1697506680.78,46.251,1800.0,3.0,10.7,normal
1697506681.286,46.251,600.0,5.4,10.7,normal
1697506681.792,44.79,600.0,5.5,10.7,normal
1697506682.296,46.738,1800.0,28.6,10.4,normal
1697506682.799,45.764,1800.0,27.1,10.7,normal
1697506683.301,45.764,1800.0,3.5,10.7,normal
1697506683.803,46.251,1800.0,3.5,10.7,normal
1697506684.306,46.251,1800.0,5.4,10.7,normal
1697506684.808,44.79,1800.0,3.0,10.7,normal
1697506685.311,45.764,1800.0,3.0,10.7,normal
1697506685.814,44.79,1800.0,3.5,10.7,normal
1697506686.317,46.251,1800.0,3.5,10.7,normal
1697506686.82,46.251,1800.0,3.0,10.7,normal
1697506687.326,45.764,600.0,2.5,10.7,normal
1697506687.832,45.277,600.0,4.9,10.7,normal
1697506688.335,44.79,1800.0,22.4,10.3,normal
1697506688.838,47.225,1800.0,33.8,10.6,normal
1697506689.341,46.738,1800.0,2.5,10.6,normal
1697506689.843,45.764,1800.0,4.4,10.7,normal
1697506690.346,46.251,1800.0,3.5,10.7,normal
1697506690.848,46.738,1800.0,3.0,10.7,normal
1697506691.351,45.764,1800.0,4.4,10.7,normal
1697506691.854,46.251,1800.0,4.0,10.7,normal
1697506692.356,45.277,1800.0,3.0,10.7,normal
1697506692.859,45.277,1800.0,3.0,10.7,normal
1697506693.365,46.251,600.0,4.9,10.7,normal
1697506693.87,46.251,600.0,5.0,10.7,normal
1697506694.373,45.764,1800.0,16.0,10.1,normal
1697506694.876,46.738,1800.0,37.1,10.6,normal
1697506695.379,46.251,1800.0,6.5,10.6,normal
1697506695.882,45.277,1800.0,3.5,10.6,normal
1697506696.384,45.277,1800.0,4.5,10.6,normal
1697506696.887,45.764,1800.0,3.0,10.6,normal
1697506697.389,45.277,1800.0,5.0,10.6,normal
1697506697.892,45.764,1800.0,3.0,10.6,normal
1697506698.394,46.251,1800.0,3.0,10.6,normal
1697506698.897,45.764,1800.0,4.0,10.6,normal
1697506699.401,45.764,800.0,5.9,10.6,normal
1697506699.906,45.764,900.0,3.0,10.6,normal
1697506700.41,45.277,1000.0,6.0,10.6,normal
1697506700.912,45.277,1800.0,29.2,10.5,normal
1697506701.415,45.764,1800.0,25.7,10.6,normal
1697506701.918,46.251,1800.0,4.0,10.6,normal
1697506702.42,46.738,1800.0,4.5,10.6,normal
1697506702.923,46.738,1800.0,3.9,10.6,normal
1697506703.425,45.764,1800.0,4.5,10.6,normal
1697506703.928,44.303,1800.0,3.5,10.6,normal
1697506704.43,46.251,1800.0,4.0,10.6,normal
1697506704.933,45.277,1800.0,3.0,10.6,normal
1697506705.435,45.764,1800.0,4.0,10.6,normal
1697506705.939,45.277,900.0,5.0,10.6,normal
1697506706.444,45.764,900.0,8.5,9.9,normal
1697506706.947,46.251,1800.0,29.7,10.5,normal
1697506707.45,45.764,1800.0,22.4,10.7,normal
1697506707.953,45.764,1800.0,3.5,10.7,normal
1697506708.455,45.764,1800.0,3.0,10.7,normal
1697506708.958,45.277,1800.0,4.5,10.7,normal
1697506709.46,46.251,1800.0,4.5,10.7,normal
1697506709.963,45.277,1800.0,3.5,10.7,normal
1697506710.465,46.738,1800.0,3.0,10.7,normal
1697506710.968,45.764,1800.0,3.5,10.7,normal
1697506711.471,45.277,1800.0,3.9,10.7,normal
1697506711.975,45.764,1000.0,5.5,10.7,normal
1697506712.479,46.251,900.0,5.0,10.7,normal
1697506712.982,46.738,1800.0,25.9,10.4,normal
1697506713.485,46.738,1800.0,29.5,10.7,normal
1697506713.987,46.738,1800.0,5.0,10.7,normal
1697506714.49,45.764,1800.0,4.0,10.7,normal
1697506714.993,46.251,1800.0,3.5,10.7,normal
1697506715.495,45.764,1800.0,3.5,10.7,normal
1697506715.998,45.277,1800.0,4.5,10.7,normal
1697506716.5,46.738,1800.0,3.5,10.7,normal
1697506717.003,45.764,1800.0,4.0,10.7,normal
1697506717.505,45.277,1800.0,4.0,10.7,normal
1697506718.011,45.277,600.0,5.4,10.7,normal
1697506718.516,45.764,800.0,6.4,10.5,normal
1697506719.019,45.277,1800.0,29.7,10.5,normal
1697506719.522,46.251,1800.0,25.2,10.6,normal
1697506720.024,46.251,1800.0,4.0,10.6,normal
1697506720.527,44.79,1800.0,4.0,10.6,normal
1697506721.03,46.251,1800.0,3.0,10.6,normal
1697506721.532,45.277,1800.0,3.5,10.6,normal
1697506722.035,45.277,1800.0,3.5,10.6,normal
1697506722.537,45.764,1800.0,4.0,10.6,normal
1697506723.04,46.251,1800.0,3.0,10.6,normal
1697506723.542,45.764,1800.0,3.9,10.6,normal
1697506724.047,45.277,800.0,5.5,10.7,normal
1697506724.551,45.764,900.0,10.9,9.6,normal
1697506725.055,45.764,1800.0,28.9,10.5,normal
1697506725.557,45.277,1800.0,20.2,10.7,normal
1697506726.06,45.764,1800.0,3.0,10.7,normal
1697506726.562,45.277,1800.0,3.0,10.7,normal
1697506727.065,45.764,1800.0,3.5,10.7,normal
1697506727.567,45.764,1800.0,4.0,10.7,normal
1697506728.07,45.277,1800.0,2.0,10.7,normal
1697506728.572,45.764,1800.0,3.0,10.7,normal
1697506729.075,45.764,1800.0,3.5,10.7,normal
1697506729.579,45.277,1800.0,2.5,10.7,normal
1697506730.084,45.764,600.0,3.0,10.7,normal
1697506730.59,45.277,600.0,7.9,10.7,normal
1697506731.094,46.251,1800.0,25.1,10.3,normal
1697506731.596,46.251,1800.0,29.7,10.6,normal
1697506732.099,46.251,1800.0,3.0,10.6,normal
1697506732.601,45.764,1800.0,3.5,10.6,normal
1697506733.104,46.738,1800.0,3.5,10.6,normal
1697506733.606,45.764,1800.0,3.5,10.6,normal
1697506734.109,45.277,1800.0,4.0,10.6,normal
1697506734.611,45.764,1800.0,3.0,10.6,normal
1697506735.114,45.764,1800.0,4.4,10.6,normal
1697506735.617,44.79,1800.0,3.5,10.6,normal
1697506736.122,45.764,600.0,4.0,10.6,normal
1697506736.627,45.277,700.0,5.0,10.6,normal
1697506737.13,46.251,1800.0,29.2,10.5,normal
1697506737.633,45.764,1800.0,25.1,10.6,normal
1697506738.136,45.764,1800.0,3.5,10.6,normal
1697506738.638,45.277,1800.0,3.5,10.6,normal
1697506739.141,46.251,1800.0,4.0,10.6,normal
1697506739.643,45.277,1800.0,3.5,10.6,normal
1697506740.146,45.277,1800.0,4.5,10.7,normal
1697506740.648,46.251,1800.0,3.0,10.7,normal
1697506741.151,45.764,1800.0,3.5,10.7,normal
1697506741.654,45.764,1800.0,4.9,10.7,normal
1697506742.158,45.764,800.0,5.0,10.7,normal
1697506742.662,46.251,1800.0,10.4,9.7,normal
1697506743.166,45.764,1800.0,29.9,10.6,normal
1697506743.668,46.251,1800.0,17.7,10.7,normal
1697506744.171,45.277,1800.0,4.0,10.7,normal
1697506744.673,45.764,1800.0,3.5,10.7,normal
1697506745.176,45.764,1800.0,3.5,10.7,normal
1697506745.678,45.764,1800.0,3.5,10.7,normal
1697506746.181,46.251,1800.0,2.0,10.7,normal
1697506746.683,45.764,1800.0,3.9,10.7,normal
1697506747.186,45.764,1800.0,3.5,10.7,normal
1697506747.691,46.251,700.0,3.5,10.7,normal
1697506748.195,44.79,900.0,5.0,10.7,normal
1697506748.698,45.277,1800.0,17.3,10.3,normal
1697506749.201,46.738,1800.0,38.3,10.6,normal
1697506749.703,46.251,1800.0,4.5,10.6,normal
1697506750.206,45.764,1800.0,4.5,10.6,normal
1697506750.709,46.251,1800.0,3.5,10.6,normal
1697506751.211,45.277,1800.0,3.0,10.7,normal
1697506751.714,45.764,1800.0,3.5,10.7,normal
1697506752.216,45.277,1800.0,4.0,10.7,normal
1697506752.719,45.764,1800.0,3.0,10.7,normal
1697506753.221,46.251,1800.0,3.5,10.7,normal
1697506753.726,45.764,800.0,4.0,10.7,normal
1697506754.23,45.764,800.0,5.4,10.7,normal
1697506754.735,45.277,800.0,9.5,9.5,normal
1697506755.238,46.251,1800.0,28.4,10.5,normal
1697506755.741,45.764,1800.0,20.1,10.6,normal
1697506756.243,46.251,1800.0,3.5,10.6,normal
1697506756.746,45.764,1800.0,4.0,10.7,normal
1697506757.249,45.764,1800.0,4.0,10.7,normal
1697506757.751,46.251,1800.0,3.5,10.7,normal
1697506758.254,45.764,1800.0,3.0,10.7,normal
1697506758.756,45.277,1800.0,4.5,10.6,normal
1697506759.259,45.277,1800.0,4.9,10.6,normal
1697506759.762,45.764,1800.0,3.5,10.6,normal
1697506760.266,44.79,800.0,4.5,10.6,normal
1697506760.77,46.738,1800.0,12.9,10.0,normal
1697506761.274,45.277,1800.0,31.3,10.6,normal
1697506761.776,46.251,1800.0,15.4,10.7,normal
1697506762.279,46.251,1800.0,1.5,10.7,normal
1697506762.781,46.738,1800.0,5.0,10.7,normal
1697506763.284,45.764,1800.0,4.5,10.7,normal
1697506763.787,45.277,1800.0,3.5,10.7,normal
1697506764.289,45.277,1800.0,4.5,10.6,normal
1697506764.792,46.251,1800.0,3.0,10.6,normal
1697506765.294,45.764,1800.0,3.5,10.6,normal
1697506765.799,45.277,800.0,4.4,10.6,normal
1697506766.304,45.277,600.0,4.4,10.6,normal
1697506766.807,47.225,1800.0,17.0,10.3,normal
1697506767.31,46.738,1800.0,38.0,10.6,normal
1697506767.813,45.764,1800.0,4.0,10.7,normal
1697506768.316,46.251,1800.0,4.0,10.7,normal
1697506768.819,46.738,1800.0,3.5,10.7,normal
1697506769.322,45.764,1800.0,5.0,10.7,normal
1697506769.825,45.764,1800.0,1.5,10.7,normal
1697506770.328,45.277,1800.0,3.5,10.7,normal
1697506770.83,45.277,1800.0,2.5,10.7,normal
1697506771.333,45.277,1800.0,1.5,10.7,normal
1697506771.839,45.277,600.0,3.5,10.7,normal
1697506772.344,46.251,800.0,4.0,10.7,normal
1697506772.847,46.251,1800.0,9.5,9.6,normal
1697506773.351,46.251,1800.0,28.4,10.5,normal
1697506773.854,46.738,1800.0,20.9,10.7,normal
1697506774.356,45.764,1800.0,3.5,10.7,normal
1697506774.859,45.764,1800.0,4.0,10.7,normal
1697506775.362,45.764,1800.0,3.5,10.7,normal
1697506775.864,45.764,1800.0,4.0,10.7,normal
1697506776.367,45.277,1800.0,3.9,10.7,normal
1697506776.87,45.277,1800.0,3.0,10.7,normal
1697506777.372,45.764,1800.0,4.0,10.7,normal
1697506777.877,45.277,700.0,4.9,10.7,normal
1697506778.381,45.277,1000.0,5.4,10.7,normal
1697506778.884,45.277,1800.0,13.5,10.2,normal
1697506779.387,46.251,1800.0,35.6,10.7,normal
1697506779.89,46.738,1800.0,10.6,10.7,normal
1697506780.392,45.277,1800.0,4.0,10.7,normal
1697506780.895,44.79,1800.0,3.0,10.7,normal
1697506781.398,46.738,1800.0,3.0,10.7,normal
1697506781.9,45.764,1800.0,3.5,10.7,normal
1697506782.403,46.251,1800.0,3.5,10.7,normal
1697506782.905,46.251,1800.0,3.5,10.7,normal
1697506783.408,44.79,1800.0,4.5,10.7,normal
1697506783.912,46.251,700.0,5.9,10.8,normal
1697506784.417,45.764,900.0,5.0,10.7,normal
1697506784.922,45.277,900.0,6.5,10.6,normal
1697506785.425,46.738,1800.0,29.7,10.5,normal
1697506785.927,45.764,1800.0,22.1,10.7,normal
1697506786.43,45.764,1800.0,2.0,10.7,normal
1697506786.932,46.251,1800.0,4.0,10.7,normal
1697506787.435,45.277,1800.0,1.5,10.7,normal
1697506787.937,45.764,1800.0,1.5,10.7,normal
1697506788.44,46.251,1800.0,4.0,10.7,normal
1697506788.943,46.738,1800.0,5.4,10.7,normal
1697506789.445,45.764,1800.0,4.5,10.7,normal
1697506789.948,46.738,1800.0,3.0,10.7,normal
1697506790.452,44.303,800.0,4.5,10.7,normal
1697506790.958,44.303,600.0,5.9,10.7,normal
1697506791.461,46.251,1800.0,23.1,10.4,normal
1697506791.963,46.251,1800.0,31.0,10.6,normal
1697506792.466,45.277,1800.0,4.0,10.6,normal
1697506792.968,44.79,1800.0,3.5,10.6,normal
1697506793.471,45.277,1800.0,3.0,10.6,normal
1697506793.973,45.277,1800.0,4.5,10.7,normal
1697506794.476,45.277,1800.0,4.0,10.7,normal
1697506794.979,46.251,1800.0,3.4,10.7,normal
1697506795.481,46.738,1800.0,2.5,10.7,normal
1697506795.984,45.764,1800.0,3.5,10.7,normal
1697506796.488,45.277,900.0,4.9,10.7,normal
1697506796.991,45.277,1000.0,5.5,10.7,normal
1697506797.495,46.251,1800.0,27.0,10.4,normal
1697506797.998,45.277,1800.0,27.9,10.6,normal
1697506798.501,45.764,1800.0,3.5,10.6,normal
1697506799.003,45.764,1800.0,5.0,10.6,normal
1697506799.506,45.764,1800.0,3.0,10.6,normal
1697506800.009,45.277,1800.0,3.5,10.6,normal
1697506800.511,44.79,1800.0,3.0,10.6,normal
1697506801.015,45.277,1800.0,5.0,10.6,normal
1697506801.518,45.764,1800.0,3.5,10.6,normal
1697506802.021,46.251,1800.0,3.5,10.6,normal
1697506802.525,45.277,700.0,3.5,10.6,normal
1697506803.03,44.79,800.0,8.0,10.2,normal
1697506803.533,46.738,1800.0,28.4,10.4,normal
1697506804.036,46.251,1800.0,25.0,10.6,normal
1697506804.539,46.738,1800.0,4.0,10.6,normal
1697506805.041,45.277,1800.0,3.5,10.6,normal
1697506805.543,44.79,1800.0,3.5,10.7,normal
1697506806.046,45.277,1800.0,3.5,10.7,normal
1697506806.548,45.764,1800.0,2.0,10.7,normal
1697506807.051,45.764,1800.0,3.5,10.7,normal
1697506807.554,45.764,1800.0,4.0,10.7,normal
1697506808.056,45.764,1800.0,3.5,10.7,normal
1697506808.561,45.277,600.0,4.0,10.7,normal
1697506809.064,45.764,1800.0,12.3,9.7,normal
1697506809.567,45.764,1800.0,28.9,10.5,normal
1697506810.07,45.277,1800.0,20.9,10.7,normal
1697506810.572,46.251,1800.0,2.5,10.7,normal
1697506811.075,46.251,1800.0,3.5,10.7,normal
1697506811.577,45.277,1800.0,3.0,10.7,normal
1697506812.08,45.764,1800.0,3.0,10.7,normal
1697506812.582,44.79,1800.0,3.0,10.7,normal
1697506813.085,46.251,1800.0,3.0,10.7,normal
1697506813.587,45.764,1800.0,3.0,10.7,normal
1697506814.092,45.277,700.0,3.5,10.7,normal
1697506814.598,44.79,600.0,4.0,10.7,normal
1697506815.101,46.251,1800.0,14.5,10.2,normal
1697506815.603,46.738,1800.0,37.6,10.7,normal
1697506816.106,46.251,1800.0,6.5,10.7,normal
1697506816.609,45.764,1800.0,3.0,10.7,normal
1697506817.111,46.738,1800.0,4.0,10.7,normal
1697506817.614,46.251,1800.0,3.0,10.7,normal
1697506818.116,45.277,1800.0,4.5,10.7,normal
1697506818.619,45.764,1800.0,2.5,10.7,normal
1697506819.121,45.764,1800.0,5.0,10.7,normal
1697506819.624,45.277,1800.0,3.5,10.7,normal
1697506820.129,45.277,700.0,4.0,10.7,normal
1697506820.634,44.79,600.0,5.4,10.6,normal
1697506821.141,44.79,600.0,6.5,10.5,normal
1697506821.644,45.277,1800.0,29.1,10.6,normal
1697506822.147,45.764,1800.0,21.6,10.7,normal
1697506822.65,46.251,1800.0,3.9,10.7,normal
1697506823.152,45.277,1800.0,4.0,10.7,normal
1697506823.655,45.764,1800.0,3.5,10.7,normal
1697506824.157,45.764,1800.0,3.5,10.7,normal
1697506824.66,45.277,1800.0,4.5,10.7,normal
1697506825.162,46.251,1800.0,3.5,10.7,normal
1697506825.665,45.764,1800.0,4.0,10.7,normal
1697506826.17,45.277,700.0,3.4,10.7,normal
1697506826.674,45.764,900.0,5.9,10.7,normal
1697506827.177,45.764,1800.0,14.4,10.1,normal
1697506827.681,46.738,1800.0,34.5,10.7,normal
1697506828.184,45.764,1800.0,10.0,10.7,normal
1697506828.686,46.251,1800.0,4.4,10.7,normal
1697506829.189,45.277,1800.0,4.5,10.7,normal
1697506829.691,45.277,1800.0,3.0,10.7,normal
1697506830.194,46.738,1800.0,3.5,10.7,normal
1697506830.696,45.277,1800.0,3.0,10.7,normal
1697506831.199,45.277,1800.0,4.9,10.7,normal
1697506831.701,45.277,1800.0,3.5,10.7,normal
1697506832.206,46.251,700.0,3.5,10.7,normal
1697506832.711,44.303,800.0,5.4,10.7,normal
1697506833.214,46.251,1800.0,18.4,10.3,normal
1697506833.716,46.738,1800.0,36.4,10.6,normal
1697506834.219,45.764,1800.0,4.5,10.6,normal
1697506834.722,46.251,1800.0,3.0,10.6,normal
1697506835.224,45.764,1800.0,4.0,10.6,normal
1697506835.727,45.277,1800.0,3.5,10.6,normal
1697506836.229,45.764,1800.0,4.5,10.6,normal
1697506836.732,46.251,1800.0,3.0,10.6,normal
1697506837.235,45.764,1800.0,4.0,10.6,normal
1697506837.737,45.764,1800.0,3.5,10.6,normal
1697506838.241,45.277,800.0,3.5,10.6,normal
1697506838.746,45.277,800.0,4.0,10.6,normal
1697506839.249,45.764,1800.0,10.0,9.6,normal
1697506839.751,46.251,1800.0,28.4,10.5,normal
1697506840.254,46.251,1800.0,20.7,10.6,normal
1697506840.756,45.764,1800.0,3.5,10.6,normal
1697506841.259,44.79,1800.0,3.5,10.6,normal
1697506841.762,45.764,1800.0,4.0,10.6,normal
1697506842.264,45.277,1800.0,3.0,10.6,normal
1697506842.767,46.251,1800.0,3.0,10.6,normal
1697506843.269,45.277,1800.0,3.0,10.6,normal
1697506843.772,44.79,1800.0,3.5,10.7,normal
1697506844.277,45.277,700.0,5.0,10.7,normal
1697506844.783,45.764,600.0,4.9,10.7,normal
1697506845.287,46.251,800.0,5.0,10.7,normal
1697506845.792,46.251,1800.0,27.0,10.4,normal
1697506846.294,46.251,1800.0,27.5,10.6,normal
1697506846.797,45.764,1800.0,3.5,10.6,normal
1697506847.3,45.764,1800.0,3.0,10.6,normal
1697506847.802,45.277,1800.0,3.0,10.6,normal
1697506848.305,46.251,1800.0,3.5,10.6,normal
1697506848.807,46.251,1800.0,5.5,10.7,normal
1697506849.311,45.277,1800.0,5.0,10.6,normal
1697506849.813,45.277,1800.0,3.5,10.6,normal
1697506850.316,46.251,1800.0,5.0,10.7,normal
1697506850.823,46.251,700.0,3.9,10.7,normal
1697506851.327,45.277,1050.0,6.0,10.6,normal
1697506851.83,46.738,1800.0,29.4,10.5,normal
1697506852.333,45.764,1800.0,23.1,10.7,normal
1697506852.836,45.764,1800.0,4.0,10.7,normal
1697506853.338,45.277,1800.0,3.0,10.7,normal
1697506853.841,45.764,1800.0,2.5,10.7,normal
1697506854.343,45.277,1800.0,3.0,10.7,normal
1697506854.846,45.764,1800.0,4.5,10.7,normal
1697506855.348,45.764,1800.0,3.0,10.7,normal
1697506855.851,45.277,1800.0,2.0,10.7,normal
1697506856.353,45.764,1800.0,3.0,10.7,normal
1697506856.857,45.277,1000.0,5.0,10.7,normal
1697506857.359,46.251,1800.0,9.0,9.6,normal
1697506857.862,46.251,1800.0,28.4,10.5,normal
1697506858.365,45.764,1800.0,18.6,10.7,normal
1697506858.867,45.277,1800.0,4.0,10.7,normal
1697506859.37,46.738,1800.0,4.9,10.7,normal
1697506859.873,46.251,1800.0,3.0,10.7,normal
1697506860.376,45.277,1800.0,3.0,10.7,normal
1697506860.878,45.764,1800.0,3.5,10.7,normal
1697506861.381,46.251,1800.0,4.0,10.7,normal
1697506861.883,46.738,1800.0,4.0,10.7,normal
1697506862.388,44.79,700.0,4.5,10.7,normal
1697506862.894,45.764,600.0,5.9,10.7,normal
1697506863.397,45.764,1800.0,14.0,10.1,normal
1697506863.9,47.712,1800.0,36.7,10.6,normal
1697506864.402,46.738,1800.0,9.4,10.6,normal
1697506864.905,45.764,1800.0,3.5,10.6,normal
1697506865.407,44.79,1800.0,3.5,10.7,normal
1697506865.91,45.277,1800.0,3.0,10.7,normal
1697506866.413,45.277,1800.0,2.0,10.7,normal
1697506866.915,46.738,1800.0,4.0,10.7,normal
1697506867.418,45.277,1800.0,4.0,10.7,normal
1697506867.92,45.277,1800.0,3.5,10.7,normal
1697506868.425,45.277,700.0,4.0,10.7,normal
1697506868.929,45.277,900.0,4.5,10.7,normal
1697506869.434,45.277,1100.0,8.4,10.6,normal
1697506869.937,46.251,1800.0,28.7,10.5,normal
1697506870.44,46.251,1800.0,23.1,10.7,normal
1697506870.942,46.738,1800.0,3.5,10.7,normal
1697506871.445,46.251,1800.0,4.5,10.7,normal
1697506871.947,45.277,1800.0,2.5,10.7,normal
1697506872.45,44.79,1800.0,3.0,10.7,normal
1697506872.952,45.277,1800.0,3.5,10.7,normal
1697506873.455,45.764,1800.0,4.5,10.7,normal
1697506873.957,46.251,1800.0,3.5,10.7,normal
1697506874.46,45.764,1800.0,4.0,10.7,normal
1697506874.965,46.251,600.0,3.5,10.7,normal
1697506875.469,45.764,1800.0,13.4,10.0,normal
1697506875.973,47.225,1800.0,33.0,10.6,normal
1697506876.475,46.251,1800.0,13.0,10.7,normal
1697506876.978,46.251,1800.0,3.0,10.7,normal
1697506877.48,45.764,1800.0,3.0,10.7,normal
1697506877.983,45.277,1800.0,4.5,10.7,normal
1697506878.486,45.764,1800.0,3.0,10.7,normal
1697506878.988,45.764,1800.0,4.5,10.7,normal
1697506879.491,45.764,1800.0,3.5,10.7,normal
1697506879.993,45.277,1800.0,4.0,10.7,normal
1697506880.498,44.79,700.0,3.5,10.7,normal
1697506881.003,44.303,800.0,5.4,10.7,normal
1697506881.508,45.277,800.0,4.0,10.7,normal
1697506882.011,45.764,1800.0,30.2,10.5,normal
1697506882.514,46.251,1800.0,24.7,10.7,normal
1697506883.016,46.251,1800.0,2.5,10.7,normal
1697506883.519,46.738,1800.0,4.5,10.7,normal
1697506884.022,45.277,1800.0,5.0,10.7,normal
1697506884.524,45.277,1800.0,3.0,10.7,normal
1697506885.027,45.764,1800.0,3.9,10.7,normal
1697506885.529,45.764,1800.0,3.0,10.7,normal
1697506886.032,45.764,1800.0,3.5,10.7,normal
1697506886.534,46.251,1800.0,3.5,10.7,normal
1697506887.04,45.277,600.0,4.0,10.7,normal
1697506887.544,45.764,1800.0,10.0,9.6,normal
1697506888.048,46.251,1800.0,29.7,10.5,normal
1697506888.55,45.764,1800.0,19.0,10.6,normal
1697506889.053,45.764,1800.0,4.0,10.6,normal
1697506889.555,45.764,1800.0,3.5,10.6,normal
1697506890.058,45.277,1800.0,3.9,10.6,normal
1697506890.56,46.738,1800.0,4.5,10.6,normal
1697506891.063,45.277,1800.0,3.5,10.6,normal
1697506891.565,45.277,1800.0,3.5,10.6,normal
1697506892.068,45.764,1800.0,3.0,10.6,normal
1697506892.573,45.764,700.0,4.0,10.6,normal
1697506893.078,44.79,600.0,5.0,10.6,normal
1697506893.582,46.251,1800.0,14.9,10.2,normal
1697506894.084,46.738,1800.0,38.8,10.6,normal
1697506894.587,46.738,1800.0,6.4,10.7,normal
1697506895.089,45.764,1800.0,3.0,10.7,normal
1697506895.592,46.251,1800.0,2.5,10.7,normal
1697506896.094,45.277,1800.0,4.4,10.7,normal
1697506896.597,45.764,1800.0,2.5,10.7,normal
1697506897.099,46.251,1800.0,2.0,10.7,normal
1697506897.602,45.764,1800.0,3.9,10.7,normal
1697506898.105,45.764,1800.0,2.5,10.7,normal
1697506898.61,45.277,700.0,3.5,10.7,normal
1697506899.115,45.764,800.0,5.4,10.6,normal
1697506899.618,45.277,1800.0,8.9,10.1,normal
1697506900.121,45.277,1800.0,27.0,10.5,normal
1697506900.624,45.764,1800.0,22.5,10.7,normal
1697506901.126,45.764,1800.0,3.5,10.7,normal
1697506901.629,46.251,1800.0,2.5,10.7,normal
1697506902.131,46.738,1800.0,3.5,10.7,normal
1697506902.634,45.277,1800.0,4.9,10.7,normal
1697506903.136,45.277,1800.0,3.0,10.7,normal
1697506903.639,46.251,1800.0,3.0,10.7,normal
1697506904.142,46.251,1800.0,3.5,10.7,normal
1697506904.646,45.764,800.0,5.4,10.7,normal
1697506905.152,45.277,600.0,6.4,10.7,normal
1697506905.657,45.277,700.0,4.4,10.7,normal
1697506906.161,46.251,1800.0,26.2,10.4,normal
1697506906.663,46.251,1800.0,30.3,10.7,normal
1697506907.166,45.277,1800.0,4.0,10.7,normal
1697506907.668,45.277,1800.0,2.0,10.7,normal
1697506908.171,44.79,1800.0,3.0,10.7,normal
1697506908.674,45.764,1800.0,3.5,10.7,normal
1697506909.176,46.251,1800.0,4.5,10.7,normal
1697506909.679,45.277,1800.0,3.5,10.7,normal
1697506910.181,45.277,1800.0,3.5,10.7,normal
1697506910.684,46.251,1800.0,6.4,10.7,normal
1697506911.189,45.277,600.0,3.9,10.7,normal
1697506911.695,45.277,600.0,4.0,10.6,normal
1697506912.198,46.251,1800.0,27.9,10.5,normal
1697506912.701,45.277,1800.0,27.5,10.6,normal
1697506913.203,44.79,1800.0,3.5,10.6,normal
1697506913.706,45.764,1800.0,3.5,10.6,normal
1697506914.209,45.277,1800.0,3.0,10.7,normal
1697506914.711,45.764,1800.0,3.5,10.7,normal
1697506915.214,46.251,1800.0,3.5,10.7,normal
1697506915.716,45.764,1800.0,2.5,10.7,normal
1697506916.219,45.764,1800.0,3.0,10.7,normal
1697506916.721,46.251,1800.0,4.5,10.7,normal
1697506917.226,44.79,800.0,4.9,10.7,normal
1697506917.732,45.764,600.0,4.9,10.7,normal
1697506918.235,45.764,1800.0,18.5,10.2,normal
1697506918.737,45.764,1800.0,36.7,10.7,normal
1697506919.24,46.738,1800.0,4.5,10.7,normal
1697506919.742,46.251,1800.0,3.0,10.7,normal
1697506920.245,45.764,1800.0,3.5,10.7,normal
1697506920.747,46.738,1800.0,4.0,10.7,normal
1697506921.25,44.79,1800.0,4.9,10.7,normal
1697506921.753,47.225,1800.0,3.0,10.7,normal
1697506922.255,46.251,1800.0,3.5,10.7,normal
1697506922.758,45.277,1800.0,4.5,10.7,normal
1697506923.263,45.764,700.0,3.5,10.7,normal
1697506923.767,46.251,800.0,5.0,10.7,normal
1697506924.271,46.738,1800.0,10.9,9.6,normal
1697506924.774,46.251,1800.0,28.7,10.5,normal
1697506925.277,46.738,1800.0,20.6,10.6,normal
1697506925.779,45.764,1800.0,4.5,10.6,normal
1697506926.282,45.764,1800.0,2.0,10.6,normal
1697506926.784,45.764,1800.0,4.5,10.6,normal
1697506927.287,46.738,1800.0,4.0,10.6,normal
1697506927.789,46.738,1800.0,4.0,10.7,normal
1697506928.292,44.79,1800.0,3.0,10.7,normal
1697506928.795,44.79,1800.0,4.4,10.7,normal
1697506929.299,46.251,700.0,4.9,10.7,normal
1697506929.805,46.738,600.0,4.5,10.7,normal
1697506930.312,45.764,600.0,4.0,10.6,normal
1697506930.815,45.764,1800.0,26.4,10.4,normal
1697506931.318,46.738,1800.0,28.9,10.6,normal
1697506931.822,45.764,1800.0,3.9,10.6,normal
1697506932.325,45.277,1800.0,3.0,10.6,normal
1697506932.827,44.79,1800.0,3.0,10.6,normal
1697506933.33,45.764,1800.0,3.4,10.6,normal
1697506933.832,44.79,1800.0,4.5,10.6,normal
1697506934.335,45.277,1800.0,4.0,10.7,normal
1697506934.837,45.277,1800.0,3.9,10.6,normal
1697506935.34,45.277,1800.0,3.0,10.6,normal
1697506935.844,44.79,1000.0,5.9,10.7,normal
1697506936.349,44.79,900.0,5.9,10.6,normal
1697506936.851,45.764,1800.0,28.4,10.5,normal
1697506937.354,45.764,1800.0,24.1,10.6,normal
1697506937.856,46.738,1800.0,2.5,10.6,normal
1697506938.359,46.251,1800.0,3.0,10.7,normal
1697506938.862,45.277,1800.0,1.5,10.7,normal
1697506939.364,45.277,1800.0,4.5,10.7,normal
1697506939.867,46.251,1800.0,3.0,10.7,normal
1697506940.369,45.277,1800.0,3.0,10.7,normal
1697506940.872,45.764,1800.0,2.5,10.7,normal
1697506941.374,45.764,1800.0,4.0,10.7,normal
1697506941.878,45.764,900.0,5.9,10.7,normal
1697506942.383,45.277,1800.0,6.0,10.0,normal
1697506942.887,46.738,1800.0,30.2,10.5,normal
1697506943.39,47.225,1800.0,21.9,10.6,normal
1697506943.892,45.764,1800.0,3.5,10.6,normal
1697506944.395,46.251,1800.0,4.0,10.6,normal
1697506944.897,45.764,1800.0,3.0,10.6,normal
1697506945.4,46.738,1800.0,2.5,10.6,normal
1697506945.903,46.251,1800.0,4.0,10.6,normal
1697506946.406,45.277,1800.0,4.5,10.6,normal
1697506946.909,46.251,1800.0,2.5,10.6,normal
1697506947.416,45.764,700.0,3.4,10.6,normal
1697506947.921,44.79,700.0,4.4,10.6,normal
1697506948.427,45.764,900.0,5.0,10.6,normal
1697506948.933,47.225,1800.0,25.9,10.4,normal
1697506949.435,46.251,1800.0,29.2,10.6,normal
1697506949.938,45.764,1800.0,3.4,10.6,normal
1697506950.44,45.764,1800.0,4.5,10.6,normal
1697506950.943,45.764,1800.0,4.0,10.6,normal
1697506951.446,46.738,1800.0,3.0,10.6,normal
1697506951.948,44.79,1800.0,3.0,10.6,normal
1697506952.451,45.277,1800.0,3.5,10.6,normal
1697506952.953,45.764,1800.0,3.0,10.6,normal
1697506953.456,46.251,1800.0,4.0,10.6,normal
1697506953.96,45.277,900.0,5.0,10.6,normal
1697506954.464,45.277,900.0,6.0,10.6,normal
1697506954.967,46.251,1800.0,20.3,10.2,normal
1697506955.469,46.738,1800.0,35.2,10.6,normal
1697506955.972,45.764,1800.0,4.5,10.6,normal
1697506956.475,45.764,1800.0,4.5,10.6,normal
1697506956.977,44.79,1800.0,3.0,10.7,normal
1697506957.48,46.738,1800.0,4.5,10.7,normal
1697506957.982,45.277,1800.0,1.0,10.7,normal
1697506958.485,44.303,1800.0,1.0,10.7,normal
1697506958.987,45.764,1800.0,2.0,10.7,normal
1697506959.49,46.251,1800.0,1.5,10.7,normal
1697506959.992,45.277,1800.0,9.0,10.7,normal
1697506960.495,44.79,1800.0,3.5,10.7,normal
1697506960.998,45.764,1800.0,13.9,10.2,normal
1697506961.5,45.764,1800.0,36.7,10.6,normal
1697506962.003,46.251,1800.0,5.0,10.7,normal
1697506962.506,45.764,1800.0,4.0,10.7,normal
1697506963.008,46.251,1800.0,4.0,10.7,normal
1697506963.511,45.764,1800.0,3.5,10.7,normal
1697506964.013,45.277,1800.0,3.5,10.7,normal
1697506964.516,45.277,1800.0,3.5,10.7,normal
1697506965.021,45.764,700.0,4.0,10.7,normal
1697506965.525,44.79,800.0,3.5,10.7,normal
1697506966.031,45.764,600.0,5.0,10.7,normal
1697506966.537,45.277,600.0,2.0,10.7,normal
1697506967.04,45.277,1800.0,17.5,10.3,normal
1697506967.542,46.251,1800.0,35.3,10.7,normal
1697506968.045,46.251,1800.0,3.5,10.7,normal
1697506968.547,44.79,1800.0,1.0,10.7,normal
1697506969.05,45.277,1800.0,4.5,10.7,normal
1697506969.552,45.764,1800.0,1.5,10.7,normal
1697506970.055,45.277,1800.0,1.5,10.7,normal
1697506970.558,45.764,1800.0,5.0,10.7,normal
1697506971.06,45.277,1800.0,3.5,10.7,normal
1697506971.563,46.738,1800.0,4.9,10.7,normal
1697506972.068,45.764,600.0,3.0,10.7,normal
1697506972.574,44.79,600.0,5.9,10.7,normal
1697506973.077,46.251,1800.0,24.5,10.5,normal
1697506973.579,45.764,1800.0,31.7,10.7,normal
1697506974.082,45.764,1800.0,4.5,10.7,normal
1697506974.585,46.251,1800.0,3.5,10.7,normal
1697506975.087,46.251,1800.0,2.5,10.7,normal
1697506975.59,45.277,1800.0,3.5,10.7,normal
1697506976.092,45.764,1800.0,4.0,10.7,normal
1697506976.595,44.79,1800.0,3.5,10.7,normal
1697506977.097,45.764,1800.0,3.5,10.7,normal
1697506977.6,45.764,1800.0,3.0,10.7,normal
1697506978.105,45.764,600.0,5.4,10.7,normal
1697506978.611,44.303,600.0,5.9,10.6,normal
1697506979.114,45.764,1800.0,27.6,10.4,normal
1697506979.617,46.251,1800.0,25.1,10.6,normal
1697506980.119,46.251,1800.0,3.5,10.6,normal
1697506980.622,45.764,1800.0,2.5,10.6,normal
1697506981.124,46.251,1800.0,3.0,10.6,normal
1697506981.627,45.277,1800.0,2.5,10.6,normal
1697506982.129,45.764,1800.0,4.4,10.6,normal
1697506982.632,45.277,1800.0,3.0,10.6,normal
1697506983.135,46.738,1800.0,3.0,10.6,normal
1697506983.637,44.79,1800.0,3.0,10.6,normal
1697506984.142,45.277,700.0,5.4,10.6,normal
1697506984.648,45.764,700.0,9.0,9.8,normal
1697506985.151,46.738,1800.0,28.4,10.5,normal
1697506985.654,46.738,1800.0,23.0,10.6,normal
1697506986.156,44.79,1800.0,4.0,10.6,normal
1697506986.659,45.764,1800.0,2.0,10.6,normal
1697506987.161,46.251,1800.0,3.5,10.6,normal
1697506987.664,45.277,1800.0,4.0,10.6,normal
1697506988.167,46.251,1800.0,4.0,10.6,normal
1697506988.669,45.764,1800.0,3.9,10.6,normal
1697506989.172,45.764,1800.0,5.0,10.6,normal
1697506989.674,45.277,1800.0,3.5,10.7,normal
1697506990.18,44.79,600.0,4.4,10.7,normal
1697506990.686,45.764,600.0,4.5,10.7,normal
1697506991.188,44.79,1800.0,25.2,10.4,normal
1697506991.691,46.251,1800.0,29.5,10.7,normal
1697506992.194,46.251,1800.0,3.5,10.7,normal
1697506992.696,46.251,1800.0,3.5,10.7,normal
1697506993.199,46.251,1800.0,4.0,10.7,normal
1697506993.701,46.251,1800.0,3.0,10.7,normal
1697506994.204,45.277,1800.0,4.5,10.7,normal
1697506994.706,45.277,1800.0,3.0,10.7,normal
1697506995.209,46.251,1800.0,4.0,10.7,normal
1697506995.711,45.277,1800.0,2.5,10.7,normal
1697506996.217,45.764,600.0,4.9,10.7,normal
1697506996.722,44.79,850.0,6.4,10.5,normal
1697506997.225,45.277,1800.0,29.5,10.4,normal
1697506997.728,45.764,1800.0,27.0,10.6,normal
1697506998.23,46.251,1800.0,2.5,10.6,normal
1697506998.733,46.251,1800.0,3.0,10.6,normal
1697506999.235,45.764,1800.0,5.4,10.6,normal
1697506999.738,46.251,1800.0,2.5,10.6,normal
1697507000.24,45.764,1800.0,3.0,10.6,normal
1697507000.743,46.251,1800.0,4.0,10.7,normal
1697507001.246,45.277,1800.0,3.0,10.7,normal
1697507001.748,45.764,1800.0,4.5,10.7,normal
1697507002.252,45.277,800.0,3.5,10.7,normal
1697507002.757,44.79,900.0,5.5,10.7,normal
1697507003.26,44.79,1800.0,21.1,10.4,normal
1697507003.762,45.764,1800.0,32.7,10.7,normal
1697507004.265,46.251,1800.0,4.5,10.7,normal
1697507004.768,45.277,1800.0,3.0,10.7,normal
1697507005.27,46.251,1800.0,3.5,10.7,normal
1697507005.773,45.277,1800.0,5.0,10.7,normal
1697507006.275,45.764,1800.0,3.5,10.7,normal
1697507006.778,45.277,1800.0,3.5,10.7,normal
1697507007.28,45.277,1800.0,3.0,10.7,normal
1697507007.783,46.251,1800.0,4.0,10.7,normal
1697507008.287,44.79,800.0,3.5,10.7,normal
1697507008.792,46.251,800.0,5.9,10.7,normal
1697507009.296,46.738,1800.0,28.4,10.5,normal
1697507009.799,46.251,1800.0,28.5,10.7,normal
1697507010.302,46.251,1800.0,3.5,10.7,normal
1697507010.805,45.764,1800.0,3.9,10.7,normal
1697507011.308,45.277,1800.0,4.0,10.7,normal
1697507011.811,45.764,1800.0,5.0,10.7,normal
1697507012.314,46.251,1800.0,3.0,10.7,normal
1697507012.817,45.764,1800.0,3.0,10.7,normal
1697507013.32,46.251,1800.0,4.0,10.7,normal
1697507013.823,44.79,1800.0,5.0,10.7,normal
1697507014.327,45.277,800.0,5.4,10.7,normal
1697507014.832,45.277,900.0,5.4,10.7,normal
1697507015.336,45.277,1800.0,19.5,10.3,normal
1697507015.838,46.251,1800.0,36.8,10.6,normal
1697507016.341,46.251,1800.0,2.5,10.6,normal
1697507016.843,45.764,1800.0,3.5,10.6,normal
1697507017.346,46.738,1800.0,3.0,10.7,normal
1697507017.848,46.738,1800.0,3.5,10.7,normal
1697507018.351,46.251,1800.0,4.5,10.6,normal
1697507018.854,45.764,1800.0,3.0,10.7,normal
1697507019.356,46.251,1800.0,5.0,10.7,normal
1697507019.859,45.764,1800.0,4.0,10.6,normal
1697507020.363,45.277,900.0,4.4,10.7,normal
1697507020.867,44.79,800.0,4.5,10.7,normal
1697507021.371,46.738,1800.0,25.7,10.4,normal
1697507021.873,46.738,1800.0,27.8,10.7,normal
1697507022.376,45.764,1800.0,1.0,10.7,normal
1697507022.878,46.251,1800.0,2.5,10.7,normal
1697507023.381,45.277,1800.0,3.5,10.7,normal
1697507023.883,45.764,1800.0,2.5,10.7,normal
1697507024.386,45.277,1800.0,3.5,10.7,normal
1697507024.889,45.764,1800.0,3.0,10.7,normal
1697507025.391,45.277,1800.0,2.5,10.7,normal
1697507025.894,45.764,1800.0,2.0,10.7,normal
1697507026.399,45.764,600.0,6.9,10.7,normal
1697507026.905,44.79,900.0,5.0,10.6,normal
1697507027.407,46.738,1800.0,27.9,10.5,normal
1697507027.91,45.764,1800.0,22.5,10.7,normal
1697507028.413,46.251,1800.0,1.0,10.7,normal
1697507028.915,45.764,1800.0,7.9,10.7,normal
1697507029.418,47.225,1800.0,4.5,10.7,normal
1697507029.92,45.277,1800.0,3.5,10.7,normal
1697507030.423,45.277,1800.0,3.0,10.7,normal
1697507030.925,46.251,1800.0,3.0,10.7,normal
1697507031.427,45.764,1800.0,5.0,10.7,normal
1697507031.93,45.764,1800.0,3.0,10.7,normal
1697507032.434,45.277,800.0,3.0,10.7,normal
1697507032.94,45.764,600.0,3.0,10.7,normal
1697507033.443,46.738,1800.0,26.4,10.3,normal
1697507033.945,46.251,1800.0,28.8,10.6,normal
1697507034.448,46.251,1800.0,4.0,10.6,normal
1697507034.951,46.738,1800.0,3.0,10.6,normal
1697507035.454,45.277,1800.0,4.5,10.6,normal
1697507035.957,45.277,1800.0,3.0,10.6,normal
1697507036.459,45.764,1800.0,3.9,10.6,normal
1697507036.962,45.277,1800.0,3.0,10.6,normal
1697507037.464,45.764,1800.0,4.0,10.6,normal
1697507037.967,45.764,1800.0,3.0,10.6,normal
1697507038.471,45.277,900.0,4.5,10.6,normal
1697507038.975,45.277,900.0,6.0,10.6,normal
1697507039.478,45.764,1800.0,18.3,10.3,normal
1697507039.981,45.764,1800.0,37.4,10.6,normal
1697507040.483,45.277,1800.0,4.5,10.7,normal
1697507040.986,45.764,1800.0,3.0,10.7,normal
1697507041.488,46.251,1800.0,4.5,10.7,normal
1697507041.991,45.764,1800.0,5.0,10.7,normal
1697507042.493,45.764,1800.0,3.5,10.7,normal
1697507042.996,45.277,1800.0,4.0,10.7,normal
1697507043.499,45.764,1800.0,4.4,10.7,normal
1697507044.001,45.277,1800.0,5.0,10.7,normal
1697507044.506,44.79,700.0,3.4,10.7,normal
1697507045.011,44.79,800.0,4.5,10.7,normal
1697507045.514,45.277,1800.0,10.0,9.7,normal
1697507046.018,45.764,1800.0,31.3,10.5,normal
1697507046.52,45.764,1800.0,17.1,10.7,normal
1697507047.023,44.79,1800.0,4.0,10.7,normal
1697507047.525,45.277,1800.0,3.5,10.7,normal
1697507048.028,45.277,1800.0,3.5,10.7,normal
1697507048.53,44.79,1800.0,4.0,10.7,normal
1697507049.033,45.277,1800.0,4.0,10.7,normal
1697507049.535,44.79,1800.0,3.5,10.7,normal
1697507050.038,45.277,1800.0,4.0,10.7,normal
1697507050.543,45.277,700.0,4.9,10.7,normal
1697507051.048,45.277,600.0,4.5,10.7,normal
1697507051.554,46.251,600.0,4.9,10.7,normal
1697507052.058,47.225,1800.0,27.0,10.5,normal
1697507052.561,47.225,1800.0,28.9,10.7,normal
1697507053.064,46.251,1800.0,3.0,10.7,normal
1697507053.566,46.251,1800.0,4.0,10.7,normal
1697507054.069,45.764,1800.0,3.5,10.7,normal
1697507054.571,45.277,1800.0,4.5,10.7,normal
1697507055.074,45.764,1800.0,11.9,10.7,normal
1697507055.576,45.764,1800.0,3.5,10.7,normal
1697507056.079,45.764,1800.0,3.0,10.7,normal
1697507056.581,45.277,1800.0,4.0,10.7,normal
1697507057.087,45.764,600.0,5.9,10.7,normal
1697507057.594,45.764,600.0,7.5,10.6,normal
1697507058.097,45.764,1800.0,28.4,10.4,normal
1697507058.599,45.764,1800.0,22.0,10.6,normal
1697507059.102,45.764,1800.0,5.0,10.6,normal
1697507059.604,46.251,1800.0,3.0,10.6,normal
1697507060.107,46.251,1800.0,3.0,10.6,normal
1697507060.609,45.764,1800.0,3.0,10.6,normal
1697507061.112,45.764,1800.0,5.4,10.6,normal
1697507061.614,45.277,1800.0,3.5,10.6,normal
1697507062.117,45.764,1800.0,3.0,10.6,normal
1697507062.622,45.277,700.0,2.0,10.6,normal
1697507063.128,44.303,600.0,5.0,10.6,normal
1697507063.633,45.277,600.0,4.0,10.6,normal
1697507064.137,45.764,1800.0,26.4,10.4,normal
1697507064.639,46.251,1800.0,28.5,10.7,normal
1697507065.142,45.764,1800.0,2.0,10.7,normal
1697507065.644,45.764,1800.0,3.0,10.7,normal
1697507066.147,45.277,1800.0,3.0,10.7,normal
1697507066.649,45.277,1800.0,3.5,10.7,normal
1697507067.152,45.764,1800.0,3.0,10.7,normal
1697507067.655,45.764,1800.0,4.5,10.7,normal
1697507068.157,45.764,1800.0,3.0,10.7,normal
1697507068.66,45.277,1800.0,3.5,10.7,normal
1697507069.165,45.764,600.0,5.0,10.7,normal
1697507069.671,45.277,600.0,5.9,10.7,normal
1697507070.174,46.251,1800.0,20.7,10.4,normal
1697507070.677,45.764,1800.0,34.3,10.6,normal
1697507071.179,45.764,1800.0,4.0,10.6,normal
1697507071.682,46.738,1800.0,3.5,10.6,normal
1697507072.185,45.764,1800.0,3.5,10.6,normal
1697507072.687,46.251,1800.0,4.0,10.6,normal
1697507073.19,45.277,1800.0,3.0,10.6,normal
1697507073.692,45.764,1800.0,3.5,10.6,normal
1697507074.195,46.738,1800.0,5.0,10.6,normal
1697507074.697,46.251,1800.0,3.5,10.6,normal
1697507075.203,45.764,600.0,3.0,10.7,normal
1697507075.709,44.79,600.0,5.9,10.6,normal
1697507076.211,46.738,1800.0,26.0,10.3,normal
1697507076.714,46.251,1800.0,30.2,10.6,normal
1697507077.217,46.251,1800.0,2.5,10.6,normal
1697507077.719,45.277,1800.0,3.0,10.6,normal
1697507078.222,46.251,1800.0,4.0,10.6,normal
1697507078.724,45.764,1800.0,3.5,10.6,normal
1697507079.227,45.764,1800.0,4.0,10.6,normal
1697507079.729,46.251,1800.0,3.0,10.6,normal
1697507080.232,45.277,1800.0,4.0,10.6,normal
1697507080.734,45.764,1800.0,2.5,10.6,normal
1697507081.24,45.277,600.0,4.4,10.6,normal
1697507081.746,46.251,600.0,5.4,10.6,normal
1697507082.249,44.303,1800.0,17.9,10.3,normal
1697507082.751,46.251,1800.0,37.3,10.7,normal
1697507083.254,45.277,1800.0,3.5,10.7,normal
1697507083.756,45.277,1800.0,3.5,10.7,normal
1697507084.259,45.764,1800.0,4.9,10.7,normal
1697507084.761,45.764,1800.0,4.0,10.7,normal
1697507085.264,45.764,1800.0,4.0,10.7,normal
1697507085.767,45.277,1800.0,2.5,10.7,normal
1697507086.269,44.303,1800.0,2.0,10.7,normal
1697507086.772,45.277,1800.0,1.0,10.7,normal
1697507087.276,45.764,800.0,3.5,10.7,normal
1697507087.782,46.251,600.0,7.9,10.7,normal
1697507088.285,45.277,1800.0,10.9,9.9,normal
1697507088.788,45.277,1800.0,31.5,10.5,normal
1697507089.291,45.277,1800.0,17.4,10.6,normal
1697507089.793,45.277,1800.0,1.5,10.6,normal
1697507090.296,45.764,1800.0,4.0,10.7,normal
1697507090.799,46.251,1800.0,3.5,10.7,normal
1697507091.301,45.764,1800.0,4.0,10.7,normal
1697507091.805,45.764,1800.0,2.5,10.7,normal
1697507092.307,44.79,1800.0,3.5,10.7,normal
1697507092.81,45.764,1800.0,3.5,10.7,normal
1697507093.315,46.251,700.0,2.5,10.7,normal
1697507093.821,45.277,700.0,5.4,10.7,normal
1697507094.327,45.764,800.0,7.4,10.7,normal
1697507094.831,46.251,1800.0,26.0,10.5,normal
1697507095.334,45.277,1800.0,28.6,10.7,normal
1697507095.837,45.764,1800.0,4.5,10.7,normal
1697507096.339,46.251,1800.0,2.5,10.7,normal
1697507096.842,46.251,1800.0,3.4,10.7,normal
1697507097.345,45.764,1800.0,2.5,10.7,normal
1697507097.847,45.764,1800.0,5.0,10.7,normal
1697507098.35,45.764,1800.0,3.5,10.7,normal
1697507098.852,45.764,1800.0,3.0,10.7,normal
1697507099.355,46.738,1800.0,4.5,10.7,normal
1697507099.86,46.251,800.0,4.9,10.7,normal
1697507100.365,45.277,1000.0,7.4,10.6,normal
1697507100.868,46.251,1800.0,29.4,10.5,normal
1697507101.37,47.225,1800.0,23.5,10.7,normal
1697507101.873,46.251,1800.0,3.0,10.7,normal
1697507102.375,45.764,1800.0,3.5,10.7,normal
1697507102.878,45.764,1800.0,3.0,10.7,normal
1697507103.381,46.251,1800.0,4.0,10.7,normal
1697507103.883,45.277,1800.0,3.0,10.7,normal
1697507104.386,46.251,1800.0,3.5,10.7,normal
1697507104.889,46.251,1800.0,3.0,10.7,normal
1697507105.391,45.764,1800.0,4.0,10.7,normal
1697507105.895,44.79,1000.0,5.0,10.7,normal
1697507106.4,43.816,700.0,2.5,10.7,normal
1697507106.903,46.251,1800.0,22.3,10.4,normal
1697507107.406,46.251,1800.0,31.5,10.7,normal
1697507107.908,46.251,1800.0,1.5,10.7,normal
1697507108.411,46.251,1800.0,4.4,10.7,normal
1697507108.913,45.764,1800.0,3.5,10.7,normal
1697507109.416,46.251,1800.0,4.0,10.7,normal
1697507109.919,45.764,1800.0,3.5,10.7,normal
1697507110.421,45.764,1800.0,4.0,10.6,normal
1697507110.924,46.738,1800.0,3.0,10.7,normal
1697507111.426,46.738,1800.0,4.0,10.7,normal
1697507111.93,45.764,1000.0,5.0,10.6,normal
1697507112.434,45.277,900.0,4.5,10.7,normal
1697507112.937,45.277,1800.0,15.5,10.2,normal
1697507113.439,46.738,1800.0,37.5,10.6,normal
1697507113.942,45.277,1800.0,5.5,10.7,normal
1697507114.445,45.764,1800.0,4.5,10.7,normal
1697507114.947,46.251,1800.0,3.9,10.7,normal
1697507115.45,45.764,1800.0,4.0,10.7,normal
1697507115.952,46.738,1800.0,3.0,10.7,normal
1697507116.455,45.277,1800.0,3.5,10.7,normal
1697507116.957,45.764,1800.0,3.5,10.7,normal
1697507117.46,46.738,1800.0,4.9,10.7,normal
1697507117.964,45.764,900.0,4.5,10.7,normal
1697507118.47,44.79,600.0,4.5,10.7,normal
1697507118.973,46.738,1800.0,19.5,10.3,normal
1697507119.475,46.251,1800.0,35.0,10.6,normal
1697507119.978,46.738,1800.0,3.9,10.6,normal
1697507120.48,45.277,1800.0,2.0,10.6,normal
1697507120.983,46.251,1800.0,3.0,10.6,normal
1697507121.486,46.738,1800.0,4.0,10.6,normal
1697507121.994,46.738,1800.0,3.9,10.6,normal
1697507122.497,46.738,1800.0,3.0,10.6,normal
1697507123.0,44.79,1800.0,3.0,10.6,normal
1697507123.502,44.79,1800.0,3.5,10.6,normal
1697507124.007,45.764,800.0,4.5,10.6,normal
1697507124.512,45.764,800.0,4.5,10.6,normal
1697507125.014,45.277,1800.0,13.4,10.0,normal
1697507125.518,46.738,1800.0,36.6,10.6,normal
1697507126.021,45.277,1800.0,9.0,10.6,normal
1697507126.523,44.79,1800.0,3.9,10.6,normal
1697507127.026,46.738,1800.0,3.0,10.6,normal
1697507127.529,45.764,1800.0,4.5,10.6,normal
1697507128.031,46.738,1800.0,4.0,10.6,normal
1697507128.534,46.251,1800.0,2.5,10.6,normal
1697507129.036,43.816,1800.0,4.0,10.6,normal
1697507129.539,45.277,1800.0,4.0,10.6,normal
1697507130.044,45.764,700.0,3.5,10.6,normal
1697507130.55,45.277,600.0,5.9,10.6,normal
1697507131.056,44.303,700.0,6.4,10.6,normal
1697507131.559,45.764,1800.0,29.4,10.4,normal
1697507132.064,46.251,1800.0,24.0,10.6,normal
1697507132.567,46.738,1800.0,3.9,10.6,normal
1697507133.07,45.277,1800.0,2.5,10.6,normal
1697507133.572,46.251,1800.0,4.0,10.6,normal
1697507134.075,46.251,1800.0,4.5,10.6,normal
1697507134.577,45.277,1800.0,3.0,10.7,normal
1697507135.08,45.764,1800.0,3.5,10.7,normal
1697507135.582,46.251,1800.0,4.4,10.7,normal
1697507136.085,46.251,1800.0,4.0,10.7,normal
1697507136.59,44.79,600.0,4.0,10.7,normal
1697507137.1,45.764,1100.0,8.9,9.7,normal
1697507137.605,45.764,1800.0,27.9,10.5,normal
1697507138.107,46.251,1800.0,21.7,10.7,normal
1697507138.61,45.764,1800.0,3.0,10.7,normal
1697507139.112,45.764,1800.0,5.4,10.6,normal
1697507139.615,46.251,1800.0,4.0,10.7,normal
1697507140.117,45.277,1800.0,4.0,10.7,normal
1697507140.62,45.277,1800.0,3.5,10.6,normal
1697507141.123,45.277,1800.0,3.0,10.7,normal
1697507141.625,46.251,1800.0,3.5,10.7,normal
1697507142.132,44.79,1800.0,3.9,10.6,normal
1697507142.638,45.764,600.0,5.4,10.7,normal
1697507143.141,46.738,1800.0,14.5,10.2,normal
1697507143.644,47.225,1800.0,38.0,10.6,normal
1697507144.146,46.251,1800.0,7.9,10.6,normal
1697507144.649,45.764,1800.0,3.0,10.6,normal
1697507145.151,45.764,1800.0,3.0,10.6,normal
1697507145.654,45.764,1800.0,3.4,10.6,normal
1697507146.156,46.251,1800.0,2.0,10.6,normal
1697507146.659,45.764,1800.0,2.5,10.6,normal
1697507147.162,45.764,1800.0,1.5,10.6,normal
1697507147.664,46.251,1800.0,3.0,10.6,normal
1697507148.168,46.251,800.0,3.5,10.6,normal
1697507148.673,45.764,900.0,6.4,10.6,normal
1697507149.176,46.251,1800.0,20.0,10.2,normal
1697507149.678,46.251,1800.0,33.8,10.7,normal
1697507150.181,45.277,1800.0,1.5,10.6,normal
1697507150.683,44.79,1800.0,3.0,10.6,normal
1697507151.186,45.764,1800.0,3.5,10.6,normal
1697507151.688,45.277,1800.0,4.0,10.6,normal
1697507152.191,45.764,1800.0,3.9,10.7,normal
1697507152.694,45.764,1800.0,3.0,10.7,normal
1697507153.196,45.277,1800.0,2.5,10.7,normal
1697507153.699,45.277,1800.0,3.5,10.7,normal
1697507154.204,45.277,600.0,5.0,10.6,normal
1697507154.71,45.277,600.0,4.0,10.6,normal
1697507155.214,45.764,1800.0,27.4,10.3,normal
1697507155.716,46.251,1800.0,28.8,10.6,normal
1697507156.219,45.277,1800.0,3.5,10.6,normal
1697507156.721,46.251,1800.0,4.0,10.6,normal
1697507157.224,45.764,1800.0,3.5,10.6,normal
1697507157.727,45.764,1800.0,3.5,10.6,normal
1697507158.229,45.764,1800.0,4.0,10.6,normal
1697507158.732,46.251,1800.0,3.5,10.6,normal
1697507159.234,46.738,1800.0,5.0,10.6,normal
1697507159.737,45.764,1800.0,3.0,10.6,normal
1697507160.242,46.251,600.0,4.0,10.6,normal
1697507160.749,45.277,600.0,5.0,10.6,normal
1697507161.252,46.251,1800.0,29.9,10.5,normal
1697507161.754,45.277,1800.0,25.1,10.7,normal
1697507162.257,46.738,1800.0,3.9,10.7,normal
1697507162.759,46.738,1800.0,3.0,10.7,normal
1697507163.262,45.277,1800.0,3.5,10.7,normal
1697507163.765,45.277,1800.0,4.5,10.7,normal
1697507164.267,45.764,1800.0,5.0,10.7,normal
1697507164.77,45.764,1800.0,3.4,10.7,normal
1697507165.272,45.277,1800.0,4.0,10.7,normal
1697507165.775,46.251,1800.0,2.5,10.7,normal
1697507166.28,45.764,600.0,5.9,10.7,normal
1697507166.786,45.764,600.0,3.5,10.7,normal
1697507167.289,45.764,1800.0,20.5,10.3,normal
1697507167.791,47.225,1800.0,32.2,10.7,normal
1697507168.294,45.764,1800.0,3.5,10.7,normal
1697507168.796,46.738,1800.0,4.0,10.7,normal
1697507169.299,45.764,1800.0,4.5,10.7,normal
1697507169.802,46.738,1800.0,4.0,10.7,normal
1697507170.304,45.764,1800.0,3.5,10.7,normal
1697507170.807,46.251,1800.0,4.0,10.7,normal
1697507171.31,44.79,1800.0,3.0,10.7,normal
1697507171.812,45.764,1800.0,2.5,10.7,normal
1697507172.318,45.277,700.0,5.4,10.7,normal
1697507172.824,45.764,600.0,4.0,10.7,normal
1697507173.327,45.764,1800.0,26.7,10.3,normal
1697507173.83,46.738,1800.0,29.0,10.6,normal
1697507174.332,46.251,1800.0,6.4,10.6,normal
1697507174.835,45.277,1800.0,3.5,10.6,normal
1697507175.338,46.251,1800.0,3.5,10.6,normal
1697507175.84,45.764,1800.0,3.0,10.6,normal
1697507176.343,46.738,1800.0,4.0,10.6,normal
1697507176.845,45.764,1800.0,3.0,10.6,normal
1697507177.348,46.251,1800.0,3.0,10.6,normal
1697507177.851,45.277,1800.0,4.0,10.6,normal
1697507178.355,46.251,700.0,5.4,10.6,normal
1697507178.86,45.764,900.0,5.0,10.6,normal
1697507179.364,46.251,1800.0,30.5,10.4,normal
1697507179.866,45.764,1800.0,25.5,10.6,normal
1697507180.369,45.277,1800.0,3.5,10.6,normal
1697507180.871,45.277,1800.0,3.0,10.6,normal
1697507181.374,45.764,1800.0,4.0,10.6,normal
1697507181.877,46.251,1800.0,3.0,10.6,normal
1697507182.379,46.738,1800.0,4.0,10.6,normal
1697507182.882,46.738,1800.0,4.0,10.6,normal
1697507183.384,45.764,1800.0,3.5,10.6,normal
1697507183.887,45.764,1800.0,4.0,10.7,normal
1697507184.391,45.764,800.0,5.4,10.7,normal
1697507184.895,45.277,1000.0,5.4,10.6,normal
1697507185.398,46.251,1800.0,21.4,10.3,normal
1697507185.901,45.764,1800.0,32.8,10.6,normal
1697507186.403,45.277,1800.0,3.0,10.6,normal
1697507186.906,46.251,1800.0,5.4,10.6,normal
1697507187.409,46.738,1800.0,3.0,10.6,normal
1697507187.911,46.251,1800.0,3.0,10.6,normal
1697507188.414,45.277,1800.0,3.5,10.6,normal
1697507188.916,46.251,1800.0,4.0,10.6,normal
1697507189.419,45.277,1800.0,4.0,10.6,normal
1697507189.921,45.764,1800.0,2.5,10.6,normal
1697507190.425,46.738,1000.0,4.9,10.6,normal
1697507190.929,46.251,1000.0,5.0,10.7,normal
1697507191.432,45.277,1800.0,12.6,10.0,normal
1697507191.935,46.738,1800.0,36.8,10.6,normal
1697507192.438,45.277,1800.0,8.0,10.6,normal
1697507192.94,45.764,1800.0,3.0,10.6,normal
1697507193.443,45.764,1800.0,3.5,10.6,normal
1697507193.945,45.764,1800.0,2.5,10.6,normal
1697507194.448,45.764,1800.0,4.5,10.6,normal
1697507194.95,45.277,1800.0,4.0,10.6,normal
1697507195.453,45.764,1800.0,3.5,10.6,normal
1697507195.956,45.277,1800.0,3.0,10.6,normal
1697507196.46,45.277,800.0,4.5,10.6,normal
1697507196.964,45.764,1100.0,5.5,10.6,normal
1697507197.468,45.277,900.0,6.5,10.5,normal
1697507197.971,46.738,1800.0,28.9,10.5,normal
1697507198.474,46.738,1800.0,23.2,10.7,normal
1697507198.976,47.225,1800.0,4.0,10.7,normal
1697507199.479,46.251,1800.0,4.4,10.7,normal
1697507199.981,45.764,1800.0,2.5,10.7,normal
1697507200.484,46.251,1800.0,3.5,10.7,normal
1697507200.986,45.764,1800.0,4.5,10.6,normal
1697507201.489,46.251,1800.0,3.0,10.7,normal
1697507201.991,46.251,1800.0,3.5,10.7,normal
1697507202.494,45.277,1800.0,3.0,10.6,normal
1697507202.999,45.764,800.0,4.5,10.7,normal
1697507203.503,45.764,800.0,5.0,10.7,normal
1697507204.006,45.764,1800.0,24.4,10.3,normal
1697507204.509,47.225,1800.0,30.3,10.7,normal
1697507205.012,45.277,1800.0,2.5,10.7,normal
1697507205.514,45.764,1800.0,1.5,10.7,normal
1697507206.017,45.277,1800.0,1.5,10.6,normal
1697507206.519,45.277,1800.0,6.0,10.7,normal
1697507207.022,45.277,1800.0,1.5,10.7,normal
1697507207.524,45.764,1800.0,2.5,10.7,normal
1697507208.027,45.764,1800.0,4.5,10.6,normal
1697507208.529,46.251,1800.0,2.5,10.6,normal
1697507209.034,45.277,700.0,7.4,10.7,normal
1697507209.54,46.251,600.0,5.0,10.6,normal
1697507210.043,47.225,1800.0,17.5,10.2,normal
1697507210.546,46.251,1800.0,37.1,10.6,normal
1697507211.049,46.251,1800.0,4.5,10.6,normal
1697507211.551,45.764,1800.0,3.4,10.6,normal
1697507212.054,45.764,1800.0,4.0,10.6,normal
1697507212.556,45.277,1800.0,3.0,10.7,normal
1697507213.059,44.79,1800.0,5.0,10.6,normal
1697507213.562,44.79,1800.0,3.5,10.7,normal
1697507214.064,45.764,1800.0,2.5,10.7,normal
1697507214.567,45.277,1800.0,1.5,10.7,normal
1697507215.072,46.251,700.0,1.0,10.7,normal
1697507215.578,44.79,600.0,2.5,10.6,normal
1697507216.081,46.738,1800.0,23.6,10.3,normal
1697507216.584,46.738,1800.0,33.2,10.7,normal
1697507217.086,45.277,1800.0,2.5,10.7,normal
1697507217.589,45.764,1800.0,3.5,10.7,normal
1697507218.091,45.764,1800.0,3.0,10.7,normal
1697507218.594,45.277,1800.0,3.5,10.7,normal
1697507219.096,46.251,1800.0,5.0,10.7,normal
1697507219.599,45.764,1800.0,3.0,10.7,normal
1697507220.102,45.764,1800.0,3.5,10.7,normal
1697507220.604,45.764,1800.0,2.5,10.7,normal
1697507221.109,46.251,700.0,5.4,10.7,normal
1697507221.615,45.764,600.0,5.9,10.7,normal
1697507222.119,46.251,1800.0,28.1,10.4,normal
1697507222.622,46.738,1800.0,27.3,10.6,normal
1697507223.129,45.277,1800.0,3.9,10.6,normal
1697507223.632,45.277,1800.0,3.5,10.6,normal
1697507224.135,46.738,1800.0,4.0,10.6,normal
1697507224.637,45.764,1800.0,3.0,10.6,normal
1697507225.14,45.277,1800.0,4.0,10.6,normal
1697507225.642,45.764,1800.0,4.0,10.6,normal
1697507226.145,46.251,1800.0,3.0,10.6,normal
1697507226.647,46.738,1800.0,3.4,10.6,normal
1697507227.152,45.764,700.0,5.0,10.6,normal
1697507227.657,45.277,800.0,7.5,10.5,normal
1697507228.16,45.764,1800.0,29.1,10.4,normal
1697507228.663,45.764,1800.0,24.5,10.6,normal
1697507229.166,45.277,1800.0,4.5,10.6,normal
1697507229.668,45.277,1800.0,4.5,10.6,normal
1697507230.171,45.277,1800.0,4.0,10.6,normal
1697507230.673,46.251,1800.0,3.0,10.6,normal
1697507231.176,46.251,1800.0,3.9,10.6,normal
1697507231.678,47.225,1800.0,2.5,10.6,normal
1697507232.181,45.764,1800.0,3.0,10.6,normal
1697507232.683,46.251,1800.0,2.0,10.6,normal
1697507233.189,45.764,600.0,4.4,10.6,normal
1697507233.692,46.251,1800.0,11.9,9.8,normal
1697507234.196,45.764,1800.0,31.3,10.5,normal
1697507234.699,45.764,1800.0,15.5,10.6,normal
1697507235.201,46.251,1800.0,3.0,10.6,normal
1697507235.704,46.738,1800.0,2.5,10.6,normal
1697507236.206,45.277,1800.0,4.0,10.6,normal
1697507236.709,45.764,1800.0,3.0,10.6,normal
1697507237.211,45.277,1800.0,4.0,10.6,normal
1697507237.714,45.764,1800.0,3.0,10.6,normal
1697507238.216,45.277,1800.0,3.0,10.6,normal
1697507238.721,44.79,700.0,3.4,10.6,normal
1697507239.227,45.277,600.0,5.0,10.6,normal
1697507239.733,45.764,600.0,4.9,10.5,normal
1697507240.236,45.764,1800.0,28.9,10.4,normal
1697507240.739,45.277,1800.0,25.6,10.6,normal
1697507241.241,45.764,1800.0,2.5,10.6,normal
1697507241.744,46.738,1800.0,4.0,10.6,normal
1697507242.246,44.79,1800.0,4.5,10.6,normal
1697507242.749,45.764,1800.0,3.0,10.7,normal
1697507243.251,46.251,1800.0,3.0,10.7,normal
1697507243.754,45.277,1800.0,4.0,10.7,normal
1697507244.256,45.764,1800.0,4.0,10.7,normal
1697507244.759,45.764,1800.0,5.4,10.6,normal
1697507245.264,44.79,600.0,4.5,10.6,normal
1697507245.77,44.303,600.0,4.0,10.6,normal
1697507246.273,45.277,1800.0,21.4,10.3,normal
1697507246.776,46.738,1800.0,34.8,10.6,normal
1697507247.279,45.764,1800.0,3.5,10.6,normal
1697507247.781,45.764,1800.0,2.5,10.6,normal
1697507248.284,45.764,1800.0,3.0,10.7,normal
1697507248.786,45.277,1800.0,4.0,10.6,normal
1697507249.289,44.79,1800.0,4.0,10.6,normal
1697507249.791,45.764,1800.0,3.0,10.6,normal
1697507250.294,44.79,1800.0,3.0,10.6,normal
1697507250.796,46.738,1800.0,3.9,10.6,normal
1697507251.302,45.764,600.0,4.0,10.7,normal
1697507251.808,44.303,600.0,6.9,10.7,normal
1697507252.314,46.738,1800.0,26.4,10.4,normal
1697507252.817,45.764,1800.0,28.4,10.6,normal
1697507253.319,44.79,1800.0,4.5,10.6,normal
1697507253.822,46.251,1800.0,4.9,10.6,normal
1697507254.324,45.277,1800.0,3.5,10.6,normal
1697507254.827,46.251,1800.0,4.0,10.6,normal
1697507255.329,45.277,1800.0,4.5,10.7,normal
1697507255.832,45.277,1800.0,3.5,10.7,normal
1697507256.334,45.764,1800.0,3.5,10.7,normal
1697507256.837,45.277,1800.0,3.0,10.7,normal
1697507257.343,44.79,600.0,6.4,10.7,normal
1697507257.847,45.277,900.0,4.0,10.7,normal
1697507258.35,45.764,1800.0,18.9,10.2,normal
1697507258.853,46.251,1800.0,36.5,10.6,normal
1697507259.355,46.251,1800.0,4.5,10.6,normal
1697507259.858,45.764,1800.0,4.5,10.6,normal
1697507260.361,47.712,1800.0,3.0,10.6,normal
1697507260.863,46.251,1800.0,3.9,10.6,normal
1697507261.366,46.251,1800.0,3.5,10.6,normal
1697507261.868,46.251,1800.0,3.0,10.6,normal
1697507262.371,46.738,1800.0,3.9,10.6,normal
1697507262.873,46.251,1800.0,3.0,10.6,normal
1697507263.377,45.277,900.0,4.9,10.7,normal
1697507263.881,45.764,900.0,5.0,10.6,normal
1697507264.384,45.277,1800.0,13.0,9.8,normal
1697507264.888,46.738,1800.0,30.3,10.6,normal
1697507265.391,46.251,1800.0,18.1,10.7,normal
1697507265.893,45.764,1800.0,2.5,10.7,normal
1697507266.396,46.251,1800.0,4.0,10.7,normal
1697507266.898,45.277,1800.0,1.5,10.7,normal
1697507267.401,45.764,1800.0,2.5,10.7,normal
1697507267.903,45.277,1800.0,2.0,10.7,normal
1697507268.406,46.251,1800.0,1.5,10.7,normal
1697507268.908,46.251,1800.0,4.5,10.7,normal
1697507269.413,45.764,700.0,6.4,10.7,normal
1697507269.917,46.251,1100.0,5.9,10.7,normal
1697507270.419,45.764,1800.0,15.3,10.2,normal
1697507270.922,47.712,1800.0,38.0,10.6,normal
1697507271.425,46.251,1800.0,6.0,10.7,normal
1697507271.927,46.738,1800.0,3.5,10.7,normal
1697507272.43,46.251,1800.0,3.5,10.7,normal
1697507272.933,46.251,1800.0,3.0,10.7,normal
1697507273.435,44.79,1800.0,3.5,10.7,normal
1697507273.938,45.764,1800.0,3.5,10.7,normal
1697507274.44,44.79,1800.0,3.0,10.7,normal
1697507274.943,45.764,1800.0,2.0,10.7,normal
1697507275.447,46.251,1000.0,3.5,10.7,normal
1697507275.95,45.764,1000.0,5.0,10.7,normal
1697507276.455,45.277,1000.0,6.5,10.3,normal
1697507276.958,46.738,1800.0,29.4,10.5,normal
1697507277.46,45.764,1800.0,23.8,10.6,normal
1697507277.963,46.251,1800.0,3.0,10.7,normal
1697507278.465,45.764,1800.0,2.5,10.7,normal
1697507278.968,46.251,1800.0,5.5,10.7,normal
1697507279.471,45.764,1800.0,4.9,10.7,normal
1697507279.973,45.277,1800.0,2.5,10.7,normal
1697507280.476,45.764,1800.0,4.0,10.7,normal
1697507280.978,45.277,1800.0,3.0,10.7,normal
1697507281.481,45.277,1800.0,4.0,10.6,normal
1697507281.985,44.79,900.0,5.4,10.6,normal
1697507282.488,44.303,1100.0,5.5,10.6,normal
1697507282.991,45.764,1800.0,24.8,10.4,normal
1697507283.494,45.764,1800.0,30.8,10.7,normal
1697507283.997,46.251,1800.0,3.5,10.7,normal
1697507284.499,45.277,1800.0,4.5,10.7,normal
1697507285.002,45.764,1800.0,4.4,10.7,normal
1697507285.504,46.251,1800.0,3.0,10.7,normal
1697507286.007,44.79,1800.0,3.0,10.7,normal
1697507286.509,46.251,1800.0,4.0,10.7,normal
1697507287.012,45.277,1800.0,4.0,10.7,normal
1697507287.515,46.738,1800.0,3.0,10.7,normal
1697507288.02,46.251,600.0,4.4,10.7,normal
1697507288.525,44.303,800.0,3.9,10.7,normal
1697507289.027,46.251,1800.0,19.9,10.3,normal
1697507289.53,46.251,1800.0,37.0,10.7,normal
1697507290.033,45.764,1800.0,3.0,10.7,normal
1697507290.535,45.277,1800.0,3.0,10.7,normal
1697507291.038,46.251,1800.0,4.5,10.7,normal
1697507291.541,45.277,1800.0,2.5,10.7,normal
1697507292.043,45.764,1800.0,3.5,10.7,normal
1697507292.546,45.764,1800.0,3.5,10.7,normal
1697507293.048,44.79,1800.0,4.0,10.7,normal
1697507293.551,45.277,1800.0,3.5,10.7,normal
1697507294.058,44.79,600.0,5.0,10.7,normal
1697507294.564,45.277,600.0,4.0,10.7,normal
1697507295.068,45.277,1800.0,11.9,10.0,normal
1697507295.571,46.738,1800.0,33.8,10.5,normal
1697507296.074,45.277,1800.0,12.9,10.6,normal
1697507296.577,45.277,1800.0,3.0,10.6,normal
1697507297.08,44.303,1800.0,3.5,10.6,normal
1697507297.583,45.277,1800.0,4.5,10.6,normal
1697507298.086,45.277,1800.0,3.0,10.6,normal
1697507298.591,45.764,1800.0,3.9,10.6,normal
1697507299.093,45.764,1800.0,3.5,10.6,normal
1697507299.596,45.764,1800.0,4.0,10.6,normal
1697507300.101,44.79,700.0,4.5,10.6,normal
1697507300.606,45.764,600.0,3.5,10.7,normal
1697507301.112,45.277,600.0,5.9,10.6,normal
1697507301.616,46.738,1800.0,29.2,10.4,normal
1697507302.118,45.277,1800.0,26.5,10.6,normal
1697507302.621,45.764,1800.0,3.0,10.6,normal
1697507303.123,45.764,1800.0,4.0,10.6,normal
1697507303.626,45.764,1800.0,4.5,10.6,normal
1697507304.128,45.277,1800.0,5.4,10.7,normal
1697507304.631,46.251,1800.0,3.0,10.7,normal
1697507305.134,45.277,1800.0,3.5,10.7,normal
1697507305.636,44.79,1800.0,2.5,10.7,normal
1697507306.139,44.303,1800.0,4.5,10.7,normal
1697507306.644,44.303,600.0,4.9,10.7,normal
1697507307.15,45.277,600.0,5.4,10.7,normal
1697507307.653,46.738,1800.0,22.4,10.3,normal
1697507308.155,44.79,1800.0,33.8,10.6,normal
1697507308.658,45.277,1800.0,4.0,10.6,normal
1697507309.16,46.251,1800.0,4.5,10.6,normal
1697507309.663,45.277,1800.0,3.0,10.6,normal
1697507310.166,45.764,1800.0,4.0,10.6,normal
1697507310.668,46.251,1800.0,3.0,10.6,normal
1697507311.171,44.303,1800.0,2.5,10.6,normal
1697507311.673,44.79,1800.0,3.5,10.7,normal
1697507312.176,45.277,1800.0,2.5,10.7,normal
1697507312.681,45.764,600.0,4.4,10.7,normal
1697507313.187,45.764,600.0,3.9,10.7,normal
1697507313.69,46.251,1800.0,26.5,10.4,normal
1697507314.193,47.225,1800.0,29.6,10.6,normal
1697507314.695,46.251,1800.0,3.5,10.6,normal
1697507315.198,45.764,1800.0,3.0,10.6,normal
1697507315.7,45.764,1800.0,2.5,10.7,normal
1697507316.203,45.277,1800.0,2.0,10.7,normal
1697507316.706,45.764,1800.0,3.5,10.7,normal
1697507317.208,46.738,1800.0,3.5,10.7,normal
1697507317.711,45.277,1800.0,3.0,10.7,normal
1697507318.213,45.764,1800.0,3.5,10.7,normal
1697507318.718,45.277,600.0,3.5,10.7,normal
1697507319.224,45.277,600.0,5.4,10.7,normal
1697507319.727,45.764,1800.0,16.6,10.2,normal
1697507320.23,47.225,1800.0,37.0,10.6,normal
1697507320.733,45.764,1800.0,4.5,10.6,normal
1697507321.235,45.277,1800.0,4.5,10.6,normal
1697507321.738,45.277,1800.0,3.5,10.6,normal
1697507322.24,45.277,1800.0,3.0,10.6,normal
1697507322.743,45.764,1800.0,3.0,10.6,normal
1697507323.245,45.764,1800.0,4.0,10.6,normal
1697507323.748,45.277,1800.0,4.0,10.6,normal
1697507324.251,45.764,1800.0,4.5,10.6,normal
1697507324.755,45.764,800.0,3.5,10.7,normal
1697507325.261,45.277,600.0,4.9,10.7,normal
1697507325.765,45.277,1800.0,9.5,9.5,normal
1697507326.269,45.277,1800.0,28.0,10.5,normal
1697507326.771,45.764,1800.0,18.0,10.7,normal
1697507327.274,45.277,1800.0,3.5,10.7,normal
1697507327.776,45.277,1800.0,2.5,10.7,normal
1697507328.279,45.277,1800.0,2.5,10.7,normal
1697507328.782,45.277,1800.0,4.5,10.7,normal
1697507329.284,45.764,1800.0,4.0,10.7,normal
1697507329.787,46.251,1800.0,4.5,10.7,normal
1697507330.289,45.764,1800.0,2.5,10.7,normal
1697507330.794,45.764,700.0,3.9,10.7,normal
1697507331.301,44.79,600.0,5.0,10.7,normal
1697507331.808,45.764,600.0,6.9,10.7,normal
1697507332.312,45.764,1800.0,28.9,10.5,normal
1697507332.815,45.764,1800.0,27.7,10.7,normal
1697507333.317,46.251,1800.0,3.5,10.7,normal
1697507333.82,45.277,1800.0,3.5,10.7,normal
1697507334.322,45.764,1800.0,5.9,10.7,normal
1697507334.825,45.764,1800.0,3.0,10.7,normal
1697507335.327,46.251,1800.0,3.0,10.7,normal
1697507335.83,46.251,1800.0,4.0,10.7,normal
1697507336.332,45.277,1800.0,4.0,10.7,normal
1697507336.835,46.251,1800.0,3.0,10.7,normal
1697507337.341,45.277,600.0,4.4,10.7,normal
1697507337.847,44.303,600.0,4.0,10.7,normal
1697507338.35,46.738,1800.0,21.3,10.3,normal
1697507338.853,46.738,1800.0,35.0,10.7,normal
1697507339.355,45.764,1800.0,4.0,10.7,normal
1697507339.858,46.251,1800.0,4.5,10.7,normal
1697507340.36,45.764,1800.0,3.0,10.7,normal
1697507340.863,46.251,1800.0,3.0,10.7,normal
1697507341.366,45.764,1800.0,3.5,10.7,normal
1697507341.868,45.764,1800.0,4.0,10.7,normal
1697507342.371,45.764,1800.0,4.0,10.7,normal
1697507342.873,45.764,1800.0,2.5,10.7,normal
1697507343.378,44.79,800.0,4.9,10.7,normal
1697507343.883,44.79,700.0,6.4,10.7,normal
1697507344.385,45.764,1800.0,14.0,10.0,normal
1697507344.889,46.738,1800.0,33.8,10.6,normal
1697507345.392,45.764,1800.0,12.5,10.6,normal
1697507345.894,46.251,1800.0,3.0,10.6,normal
1697507346.397,46.738,1800.0,3.0,10.6,normal
1697507346.899,46.251,1800.0,2.0,10.7,normal
1697507347.402,45.764,1800.0,3.5,10.7,normal
1697507347.904,45.764,1800.0,3.0,10.7,normal
1697507348.407,46.251,1800.0,3.0,10.7,normal
1697507348.91,45.764,1800.0,4.0,10.7,normal
1697507349.414,45.764,700.0,5.0,10.7,normal
1697507349.918,45.277,1000.0,5.4,10.7,normal
1697507350.421,47.225,1800.0,16.9,10.2,normal
1697507350.924,46.738,1800.0,36.4,10.6,normal
1697507351.426,46.738,1800.0,4.0,10.7,normal
1697507351.929,46.738,1800.0,4.0,10.7,normal
1697507352.431,46.738,1800.0,3.0,10.7,normal
1697507352.934,45.764,1800.0,4.5,10.7,normal
1697507353.436,45.764,1800.0,4.0,10.7,normal
1697507353.939,44.79,1800.0,3.0,10.7,normal
1697507354.441,45.277,1800.0,4.5,10.7,normal
1697507354.944,45.277,1800.0,4.5,10.7,normal
1697507355.448,46.251,1100.0,5.4,10.7,normal
1697507355.953,45.277,750.0,4.0,10.7,normal
1697507356.456,45.764,1100.0,8.0,9.6,normal
1697507356.96,46.738,1800.0,28.4,10.5,normal
1697507357.462,46.251,1800.0,19.6,10.7,normal
1697507357.965,45.764,1800.0,2.0,10.7,normal
1697507358.468,45.277,1800.0,2.5,10.7,normal
1697507358.97,45.277,1800.0,3.0,10.7,normal
1697507359.473,45.277,1800.0,4.5,10.7,normal
1697507359.976,45.277,1800.0,3.0,10.7,normal
1697507360.478,45.277,1800.0,3.0,10.7,normal
1697507360.981,44.79,1800.0,2.0,10.7,normal
1697507361.483,44.303,1800.0,3.0,10.7,normal
1697507361.988,44.303,700.0,4.4,10.7,normal
1697507362.492,45.764,900.0,2.5,10.7,normal
1697507362.996,47.225,1800.0,25.9,10.4,normal
1697507363.498,46.738,1800.0,29.6,10.7,normal
1697507364.001,45.764,1800.0,4.0,10.7,normal
1697507364.503,46.251,1800.0,3.5,10.7,normal
1697507365.006,45.277,1800.0,3.5,10.7,normal
1697507365.508,46.251,1800.0,3.0,10.7,normal
1697507366.011,46.738,1800.0,3.0,10.7,normal
1697507366.514,45.764,1800.0,3.5,10.7,normal
1697507367.016,45.764,1800.0,3.0,10.7,normal
1697507367.519,45.277,1800.0,4.0,10.7,normal
1697507368.024,44.79,700.0,5.0,10.7,normal
1697507368.528,44.79,800.0,4.5,10.7,normal
1697507369.031,45.764,1800.0,20.8,10.2,normal
1697507369.534,46.251,1800.0,37.0,10.7,normal
1697507370.036,45.764,1800.0,4.5,10.7,normal
1697507370.539,44.79,1800.0,3.0,10.7,normal
1697507371.042,46.251,1800.0,3.9,10.7,normal
1697507371.544,45.764,1800.0,3.5,10.7,normal
1697507372.047,45.764,1800.0,4.0,10.7,normal
1697507372.549,46.251,1800.0,3.0,10.7,normal
1697507373.052,45.277,1800.0,3.5,10.7,normal
1697507373.554,47.225,1800.0,3.5,10.7,normal
1697507374.058,44.79,900.0,6.4,10.7,normal
1697507374.564,44.79,600.0,4.5,10.7,normal
1697507375.068,44.303,1800.0,10.5,10.1,normal
1697507375.571,47.225,1800.0,32.3,10.6,normal
1697507376.074,46.738,1800.0,14.0,10.7,normal
1697507376.577,45.764,1800.0,4.5,10.7,normal
1697507377.079,45.277,1800.0,3.0,10.7,normal
1697507377.582,45.764,1800.0,2.5,10.7,normal
1697507378.085,44.79,1800.0,3.0,10.7,normal
1697507378.587,45.277,1800.0,4.9,10.7,normal
1697507379.09,46.251,1800.0,3.5,10.7,normal
1697507379.592,45.277,1800.0,3.0,10.7,normal
1697507380.097,45.277,700.0,3.5,10.7,normal
1697507380.603,44.79,600.0,5.9,10.7,normal
1697507381.106,45.764,1800.0,16.9,10.2,normal
1697507381.609,46.251,1800.0,36.5,10.6,normal
1697507382.111,46.251,1800.0,5.0,10.7,normal
1697507382.614,45.277,1800.0,3.5,10.7,normal
1697507383.116,46.251,1800.0,3.0,10.7,normal
1697507383.619,45.764,1800.0,3.0,10.7,normal
1697507384.122,45.277,1800.0,3.5,10.7,normal
1697507384.624,45.764,1800.0,3.0,10.7,normal
1697507385.127,45.764,1800.0,4.5,10.7,normal
1697507385.629,46.738,1800.0,4.0,10.6,normal
1697507386.134,45.277,700.0,2.5,10.6,normal
1697507386.64,44.303,600.0,4.0,10.6,normal
1697507387.143,44.303,1800.0,10.9,9.7,normal
1697507387.647,45.764,1800.0,28.7,10.6,normal
1697507388.15,46.251,1800.0,17.6,10.7,normal
1697507388.653,46.251,1800.0,3.5,10.7,normal
1697507389.155,45.764,1800.0,4.0,10.7,normal
1697507389.658,45.764,1800.0,4.0,10.7,normal
1697507390.16,44.79,1800.0,3.5,10.7,normal
1697507390.663,44.79,1800.0,3.0,10.7,normal
1697507391.165,45.764,1800.0,3.0,10.7,normal
1697507391.668,45.764,1800.0,3.5,10.7,normal
1697507392.172,44.303,700.0,3.5,10.7,normal
1697507392.678,44.79,600.0,5.4,10.7,normal
1697507393.184,45.277,600.0,4.5,10.7,normal
1697507393.687,45.764,1800.0,28.4,10.4,normal
1697507394.19,46.251,1800.0,29.4,10.7,normal
1697507394.692,44.79,1800.0,2.5,10.7,normal
1697507395.195,45.277,1800.0,3.5,10.7,normal
1697507395.698,44.79,1800.0,4.0,10.6,normal
1697507396.2,45.277,1800.0,4.0,10.6,normal
1697507396.703,46.251,1800.0,4.4,10.7,normal
1697507397.205,46.251,1800.0,3.0,10.7,normal
1697507397.708,45.764,1800.0,4.0,10.7,normal
1697507398.21,45.764,1800.0,3.0,10.7,normal
1697507398.716,44.79,600.0,3.0,10.7,normal
1697507399.221,45.277,600.0,4.5,10.7,normal
1697507399.724,46.251,1800.0,18.9,10.4,normal
1697507400.227,47.225,1800.0,35.3,10.7,normal
1697507400.73,45.764,1800.0,2.5,10.7,normal
1697507401.232,46.251,1800.0,3.5,10.7,normal
1697507401.735,44.79,1800.0,3.5,10.7,normal
1697507402.237,45.277,1800.0,3.0,10.7,normal
1697507402.74,45.764,1800.0,4.0,10.7,normal
1697507403.242,45.277,1800.0,3.0,10.7,normal
1697507403.745,44.79,1800.0,3.5,10.7,normal
1697507404.247,46.251,1800.0,5.4,10.7,normal
1697507404.753,45.764,600.0,3.9,10.7,normal
1697507405.258,45.277,600.0,5.0,10.8,normal
1697507405.762,46.251,1800.0,24.6,10.3,normal
1697507406.265,45.277,1800.0,32.3,10.6,normal
1697507406.767,45.277,1800.0,3.5,10.6,normal
1697507407.27,45.277,1800.0,3.5,10.6,normal
1697507407.772,44.79,1800.0,3.5,10.6,normal
1697507408.275,46.251,1800.0,4.5,10.6,normal
1697507408.778,46.251,1800.0,4.0,10.7,normal
1697507409.28,45.764,1800.0,3.5,10.7,normal
1697507409.783,45.277,1800.0,4.4,10.7,normal
1697507410.285,45.277,1800.0,3.0,10.7,normal
1697507410.791,46.251,600.0,4.4,10.7,normal
1697507411.297,44.79,600.0,5.5,10.7,normal
1697507411.8,46.251,1800.0,12.9,10.0,normal
1697507412.303,46.251,1800.0,33.3,10.5,normal
1697507412.806,45.277,1800.0,15.0,10.6,normal
1697507413.309,46.251,1800.0,3.5,10.6,normal
1697507413.811,46.738,1800.0,3.5,10.6,normal
1697507414.314,47.225,1800.0,3.9,10.6,normal
1697507414.816,45.277,1800.0,4.5,10.6,normal
1697507415.319,45.764,1800.0,3.5,10.6,normal
1697507415.821,46.251,1800.0,2.5,10.7,normal
1697507416.324,46.251,1800.0,3.0,10.7,normal
1697507416.829,45.277,700.0,6.4,10.7,normal
1697507417.333,44.79,800.0,4.5,10.7,normal
1697507417.839,45.277,600.0,4.9,10.6,normal
1697507418.342,46.738,1800.0,28.4,10.4,normal
1697507418.845,47.225,1800.0,27.5,10.6,normal
1697507419.347,46.738,1800.0,4.5,10.6,normal
1697507419.85,46.738,1800.0,3.0,10.6,normal
1697507420.352,46.251,1800.0,3.5,10.6,normal
1697507420.855,45.764,1800.0,4.0,10.6,normal
1697507421.358,44.79,1800.0,3.0,10.6,normal
1697507421.86,47.225,1800.0,3.5,10.6,normal
1697507422.363,45.764,1800.0,3.9,10.6,normal
1697507422.865,45.764,1800.0,4.0,10.6,normal
1697507423.37,45.277,800.0,2.5,10.6,normal
1697507423.874,45.277,900.0,8.4,10.2,normal
1697507424.377,45.277,1800.0,29.5,10.5,normal
1697507424.88,46.738,1800.0,23.5,10.7,normal
1697507425.383,45.277,1800.0,3.0,10.7,normal
1697507425.885,46.251,1800.0,2.5,10.7,normal
1697507426.388,45.277,1800.0,3.0,10.7,normal
1697507426.89,46.251,1800.0,3.0,10.7,normal
1697507427.393,45.277,1800.0,4.0,10.7,normal
1697507427.895,45.764,1800.0,4.0,10.7,normal
1697507428.398,46.738,1800.0,4.4,10.7,normal
1697507428.9,46.251,1800.0,2.5,10.7,normal
1697507429.404,45.764,1100.0,6.0,10.7,normal
1697507429.908,44.79,800.0,4.9,10.7,normal
1697507430.412,46.251,1800.0,23.5,10.3,normal
1697507430.915,45.764,1800.0,31.0,10.7,normal
1697507431.418,46.738,1800.0,3.0,10.7,normal
1697507431.92,45.764,1800.0,4.0,10.7,normal
1697507432.423,45.277,1800.0,3.5,10.7,normal
1697507432.925,45.764,1800.0,3.0,10.7,normal
1697507433.428,45.764,1800.0,3.0,10.7,normal
1697507433.93,45.277,1800.0,3.0,10.7,normal
1697507434.433,45.764,1800.0,6.0,10.7,normal
1697507434.936,46.251,1800.0,4.0,10.7,normal
1697507435.44,44.79,800.0,4.0,10.7,normal
1697507435.944,45.277,1000.0,5.9,10.7,normal
1697507436.447,46.251,1800.0,18.9,10.2,normal
1697507436.949,46.251,1800.0,37.1,10.6,normal
1697507437.452,45.277,1800.0,4.0,10.7,normal
1697507437.955,45.277,1800.0,4.0,10.7,normal
1697507438.457,46.251,1800.0,4.5,10.7,normal
1697507438.96,46.251,1800.0,3.0,10.7,normal
1697507439.462,44.79,1800.0,4.5,10.7,normal
1697507439.965,45.277,1800.0,2.5,10.7,normal
1697507440.467,44.79,1800.0,3.0,10.7,normal
1697507440.97,46.251,1800.0,3.4,10.7,normal
1697507441.475,44.79,600.0,2.5,10.7,normal
1697507441.979,45.277,1000.0,4.5,10.7,normal
1697507442.483,45.277,1800.0,9.9,9.8,normal
1697507442.987,46.738,1800.0,31.2,10.6,normal
1697507443.489,45.764,1800.0,15.6,10.7,normal
1697507443.992,45.764,1800.0,4.0,10.7,normal
1697507444.494,46.251,1800.0,3.5,10.7,normal
1697507444.997,45.277,1800.0,3.5,10.7,normal
1697507445.5,46.251,1800.0,2.5,10.7,normal
1697507446.002,45.764,1800.0,1.5,10.7,normal
1697507446.505,46.251,1800.0,2.5,10.7,normal
1697507447.007,45.277,1800.0,3.0,10.7,normal
1697507447.512,44.79,700.0,3.0,10.7,normal
1697507448.017,45.277,800.0,6.4,10.7,normal
1697507448.522,44.79,700.0,4.5,10.6,normal
1697507449.026,46.251,1800.0,31.2,10.5,normal
1697507449.528,45.764,1800.0,26.4,10.7,normal
1697507450.031,45.764,1800.0,3.5,10.7,normal
1697507450.533,45.764,1800.0,3.5,10.7,normal
1697507451.036,45.764,1800.0,5.4,10.7,normal
1697507451.538,45.277,1800.0,2.5,10.7,normal
1697507452.041,44.303,1800.0,3.5,10.7,normal
1697507452.543,45.764,1800.0,3.0,10.7,normal
1697507453.046,45.277,1800.0,5.0,10.7,normal
1697507453.548,45.277,1800.0,3.5,10.7,normal
1697507454.052,45.277,900.0,6.0,10.7,normal
1697507454.557,44.79,800.0,5.4,10.7,normal
1697507455.06,45.277,1800.0,22.5,10.2,normal
1697507455.562,46.251,1800.0,35.0,10.6,normal
1697507456.065,45.277,1800.0,3.5,10.6,normal
1697507456.567,45.277,1800.0,3.0,10.6,normal
1697507457.07,44.79,1800.0,3.0,10.6,normal
1697507457.572,45.764,1800.0,3.5,10.6,normal
1697507458.075,45.764,1800.0,3.5,10.6,normal
1697507458.578,45.277,1800.0,3.5,10.6,normal
1697507459.08,45.277,1800.0,4.5,10.7,normal
1697507459.583,45.764,1800.0,5.0,10.7,normal
1697507460.088,45.277,600.0,3.5,10.7,normal
1697507460.593,45.764,700.0,4.9,10.7,normal
1697507461.096,45.277,1800.0,14.1,10.1,normal
1697507461.599,45.764,1800.0,38.8,10.5,normal
1697507462.102,45.764,1800.0,6.5,10.6,normal
1697507462.604,46.251,1800.0,3.5,10.6,normal
1697507463.107,45.277,1800.0,3.0,10.6,normal
1697507463.609,45.764,1800.0,4.0,10.6,normal
1697507464.112,46.251,1800.0,4.0,10.6,normal
1697507464.614,46.251,1800.0,3.0,10.6,normal
1697507465.117,46.738,1800.0,4.0,10.6,normal
1697507465.619,45.277,1800.0,3.0,10.6,normal
1697507466.124,46.251,800.0,4.0,10.7,normal
1697507466.63,45.277,600.0,4.9,10.7,normal
1697507467.136,45.277,1000.0,7.4,10.5,normal
1697507467.639,46.251,1800.0,28.2,10.4,normal
1697507468.142,45.764,1800.0,23.1,10.7,normal
1697507468.644,44.79,1800.0,5.9,10.7,normal
1697507469.147,45.277,1800.0,4.0,10.7,normal
1697507469.649,45.764,1800.0,4.5,10.7,normal
1697507470.152,46.251,1800.0,3.5,10.7,normal
1697507470.655,44.79,1800.0,3.5,10.7,normal
1697507471.157,43.816,1800.0,2.5,10.7,normal
1697507471.663,45.764,1800.0,4.0,10.7,normal
1697507472.166,45.277,1800.0,4.0,10.7,normal
1697507472.671,45.277,600.0,3.5,10.7,normal
1697507473.177,45.277,600.0,4.4,10.7,normal
1697507473.681,46.251,1800.0,24.5,10.4,normal
1697507474.183,46.738,1800.0,29.6,10.6,normal
1697507474.686,45.277,1800.0,3.5,10.6,normal
1697507475.188,45.277,1800.0,2.5,10.7,normal
1697507475.691,46.251,1800.0,3.0,10.7,normal
1697507476.194,46.251,1800.0,2.5,10.7,normal
1697507476.696,44.303,1800.0,4.0,10.7,normal
1697507477.199,44.79,1800.0,3.5,10.7,normal
1697507477.701,45.764,1800.0,4.0,10.7,normal
1697507478.203,44.79,1800.0,3.0,10.7,normal
1697507478.709,44.79,600.0,5.4,10.7,normal
1697507479.215,45.764,600.0,5.0,10.7,normal
1697507479.718,44.79,1800.0,19.0,10.3,normal
1697507480.22,46.251,1800.0,35.0,10.7,normal
1697507480.723,45.764,1800.0,3.0,10.7,normal
1697507481.225,45.277,1800.0,3.5,10.7,normal
1697507481.728,46.738,1800.0,3.0,10.7,normal
1697507482.23,45.764,1800.0,3.0,10.7,normal
1697507482.733,45.277,1800.0,3.0,10.7,normal
1697507483.235,45.277,1800.0,3.0,10.7,normal
1697507483.738,44.79,1800.0,3.0,10.8,normal
1697507484.24,45.277,1800.0,3.5,10.7,normal
1697507484.746,45.277,600.0,3.4,10.7,normal
1697507485.251,44.79,600.0,4.5,10.7,normal
1697507485.755,44.79,1800.0,10.4,9.7,normal
1697507486.26,46.251,1800.0,29.7,10.6,normal
1697507486.763,45.277,1800.0,18.0,10.7,normal
1697507487.265,45.764,1800.0,4.5,10.7,normal
1697507487.768,46.738,1800.0,3.0,10.7,normal
1697507488.27,46.251,1800.0,3.0,10.7,normal
1697507488.773,46.251,1800.0,3.5,10.7,normal
1697507489.275,45.764,1800.0,5.9,10.7,normal
1697507489.778,44.79,1800.0,2.5,10.7,normal
1697507490.28,45.764,1800.0,3.5,10.7,normal
1697507490.785,45.277,700.0,3.4,10.7,normal
1697507491.291,44.79,600.0,4.5,10.7,normal
1697507491.797,45.277,600.0,4.9,10.7,normal
1697507492.301,45.277,1800.0,28.7,10.5,normal
1697507492.807,45.764,1800.0,26.5,10.7,normal
1697507493.31,45.764,1800.0,3.0,10.7,normal
1697507493.812,44.79,1800.0,4.0,10.7,normal
1697507494.315,45.764,1800.0,4.9,10.7,normal
1697507494.818,46.251,1800.0,3.5,10.7,normal
1697507495.32,45.277,1800.0,2.5,10.7,normal
1697507495.823,46.251,1800.0,5.9,10.7,normal
1697507496.325,46.251,1800.0,3.0,10.7,normal
1697507496.828,45.277,1800.0,4.0,10.7,normal
1697507497.334,44.303,600.0,3.0,10.7,normal
1697507497.838,46.251,1000.0,11.4,9.7,normal
1697507498.341,45.764,1800.0,28.0,10.5,normal
1697507498.844,45.277,1800.0,21.5,10.7,normal
1697507499.346,45.277,1800.0,5.4,10.7,normal
1697507499.849,45.764,1800.0,4.0,10.7,normal
1697507500.351,45.764,1800.0,3.5,10.7,normal
1697507500.854,45.764,1800.0,3.5,10.7,normal
1697507501.356,45.277,1800.0,3.0,10.7,normal
1697507501.859,46.251,1800.0,4.5,10.7,normal
1697507502.362,45.277,1800.0,3.0,10.7,normal
1697507502.864,46.251,1800.0,3.5,10.7,normal
1697507503.368,45.277,800.0,5.4,10.7,normal
1697507503.871,44.79,1800.0,13.0,9.8,normal
1697507504.375,46.738,1800.0,32.0,10.5,normal
1697507504.878,46.251,1800.0,17.1,10.7,normal
1697507505.38,46.738,1800.0,3.0,10.7,normal
1697507505.883,45.764,1800.0,3.5,10.7,normal
1697507506.385,45.764,1800.0,2.0,10.7,normal
1697507506.888,45.277,1800.0,2.5,10.7,normal
1697507507.391,45.764,1800.0,2.5,10.7,normal
1697507507.893,44.79,1800.0,3.5,10.7,normal
1697507508.396,46.251,1800.0,0.5,10.7,normal
1697507508.9,45.764,700.0,5.4,10.7,normal
1697507509.405,46.251,700.0,7.3,10.7,normal
1697507509.908,46.251,1800.0,15.9,10.2,normal
1697507510.411,46.738,1800.0,37.7,10.6,normal
1697507510.914,45.764,1800.0,7.0,10.7,normal
1697507511.416,46.251,1800.0,3.5,10.7,normal
1697507511.919,45.764,1800.0,4.4,10.7,normal
1697507512.421,46.251,1800.0,3.5,10.7,normal
1697507512.924,45.277,1800.0,3.0,10.7,normal
1697507513.427,45.764,1800.0,4.0,10.7,normal
1697507513.929,45.277,1800.0,4.5,10.7,normal
1697507514.432,45.277,1800.0,5.9,10.7,normal
1697507514.936,45.277,700.0,3.5,10.7,normal
1697507515.441,45.764,900.0,5.4,10.7,normal
1697507515.944,46.738,1800.0,16.0,10.1,normal
1697507516.446,47.712,1800.0,37.8,10.6,normal
1697507516.949,46.251,1800.0,6.4,10.6,normal
1697507517.452,45.764,1800.0,3.5,10.6,normal
1697507517.954,46.251,1800.0,3.5,10.6,normal
1697507518.457,45.764,1800.0,4.0,10.6,normal
1697507518.959,45.277,1800.0,3.0,10.7,normal
1697507519.462,45.764,1800.0,5.4,10.6,normal
1697507519.964,45.277,1800.0,2.5,10.6,normal
1697507520.467,45.277,1800.0,3.5,10.7,normal
1697507520.971,45.277,900.0,4.0,10.6,normal
1697507521.476,45.764,600.0,5.9,10.6,normal
1697507521.979,45.764,1800.0,20.3,10.3,normal
1697507522.482,46.251,1800.0,36.5,10.7,normal
1697507522.985,46.738,1800.0,3.5,10.7,normal
1697507523.487,45.277,1800.0,3.5,10.7,normal
1697507523.99,45.764,1800.0,4.0,10.7,normal
1697507524.492,45.764,1800.0,3.0,10.7,normal
1697507524.995,45.764,1800.0,2.5,10.7,normal
1697507525.497,45.277,1800.0,2.0,10.7,normal
1697507526.0,45.277,1800.0,3.0,10.7,normal
1697507526.502,45.277,1800.0,3.5,10.7,normal
1697507527.008,45.764,700.0,4.9,10.7,normal
1697507527.512,44.303,800.0,3.5,10.7,normal
1697507528.015,45.764,1800.0,12.0,10.1,normal
1697507528.519,46.251,1800.0,35.7,10.6,normal
1697507529.022,45.764,1800.0,12.4,10.6,normal
1697507529.524,45.277,1800.0,4.0,10.6,normal
1697507530.027,45.277,1800.0,2.5,10.6,normal
1697507530.529,45.277,1800.0,4.0,10.6,normal
1697507531.032,45.277,1800.0,3.5,10.6,normal
1697507531.534,45.277,1800.0,3.5,10.6,normal
1697507532.037,45.764,1800.0,2.0,10.6,normal
1697507532.539,45.764,1800.0,4.0,10.6,normal
1697507533.045,45.764,700.0,3.9,10.6,normal
1697507533.549,44.79,800.0,3.5,10.6,normal
1697507534.052,45.764,1800.0,19.9,10.2,normal
1697507534.555,46.738,1800.0,37.8,10.6,normal
1697507535.058,45.764,1800.0,3.5,10.6,normal
1697507535.56,45.277,1800.0,3.5,10.6,normal
1697507536.063,45.764,1800.0,2.5,10.6,normal
1697507536.565,45.764,1800.0,4.5,10.6,normal
1697507537.068,45.277,1800.0,3.0,10.6,normal
1697507537.57,45.764,1800.0,3.5,10.6,normal
1697507538.073,44.79,1800.0,3.0,10.6,normal
1697507538.576,45.764,1800.0,4.0,10.6,normal
1697507539.08,46.251,800.0,4.4,10.6,normal
1697507539.585,45.764,700.0,4.0,10.6,normal
1697507540.09,45.764,1000.0,11.4,9.6,normal
1697507540.594,45.764,1800.0,31.2,10.5,normal
1697507541.097,46.251,1800.0,18.1,10.7,normal
1697507541.599,45.277,1800.0,3.5,10.7,normal
1697507542.102,45.764,1800.0,2.5,10.7,normal
1697507542.604,46.251,1800.0,3.5,10.7,normal
1697507543.107,45.764,1800.0,4.0,10.7,normal
1697507543.609,45.764,1800.0,4.0,10.7,normal
1697507544.112,45.764,1800.0,4.5,10.7,normal
1697507544.615,45.277,1800.0,4.4,10.7,normal
1697507545.119,45.764,700.0,2.5,10.7,normal
1697507545.624,45.277,800.0,5.4,10.7,normal
1697507546.127,46.251,1800.0,15.9,10.2,normal
1697507546.63,46.251,1800.0,37.0,10.6,normal
1697507547.132,46.251,1800.0,6.5,10.7,normal
1697507547.635,46.251,1800.0,3.5,10.7,normal
1697507548.138,45.277,1800.0,3.0,10.7,normal
1697507548.64,45.764,1800.0,2.5,10.7,normal
1697507549.143,45.764,1800.0,5.4,10.7,normal
1697507549.645,45.764,1800.0,4.0,10.7,normal
1697507550.148,45.764,1800.0,3.5,10.7,normal
1697507550.65,44.79,1800.0,3.5,10.7,normal
1697507551.155,45.277,700.0,4.9,10.7,normal
1697507551.661,45.764,600.0,4.0,10.7,normal
1697507552.164,45.764,1800.0,21.3,10.3,normal
1697507552.667,46.251,1800.0,33.8,10.6,normal
1697507553.169,45.764,1800.0,5.0,10.6,normal
1697507553.672,46.251,1800.0,3.0,10.6,normal
1697507554.174,46.251,1800.0,4.5,10.7,normal
1697507554.677,46.251,1800.0,3.9,10.7,normal
1697507555.179,45.764,1800.0,3.0,10.7,normal
1697507555.682,46.251,1800.0,4.5,10.7,normal
1697507556.184,45.764,1800.0,3.0,10.7,normal
1697507556.687,46.251,1800.0,2.5,10.7,normal
1697507557.193,46.738,600.0,3.0,10.7,normal
1697507557.7,44.79,600.0,5.9,10.7,normal
1697507558.203,45.764,1800.0,14.4,10.2,normal
1697507558.706,45.764,1800.0,36.7,10.6,normal
1697507559.209,45.764,1800.0,6.0,10.7,normal
1697507559.711,45.277,1800.0,4.9,10.7,normal
1697507560.214,45.764,1800.0,4.0,10.7,normal
1697507560.716,46.251,1800.0,3.0,10.7,normal
1697507561.219,45.277,1800.0,3.5,10.7,normal
1697507561.722,45.277,1800.0,4.5,10.7,normal
1697507562.224,45.277,1800.0,3.5,10.7,normal
1697507562.727,46.251,1800.0,4.4,10.7,normal
1697507563.232,45.764,600.0,3.0,10.7,normal
1697507563.738,46.251,600.0,4.9,10.7,normal
1697507564.244,45.277,600.0,9.0,10.5,normal
1697507564.748,46.251,1800.0,28.9,10.5,normal
1697507565.25,45.764,1800.0,22.4,10.6,normal
1697507565.753,45.277,1800.0,3.5,10.6,normal
1697507566.255,45.764,1800.0,3.0,10.6,normal
1697507566.758,46.738,1800.0,3.0,10.7,normal
1697507567.26,46.738,1800.0,1.5,10.7,normal
1697507567.763,45.764,1800.0,2.0,10.7,normal
1697507568.265,45.277,1800.0,2.5,10.7,normal
1697507568.768,44.79,1800.0,3.0,10.7,normal
1697507569.271,45.764,1800.0,4.5,10.7,normal
1697507569.777,44.79,600.0,4.5,10.7,normal
1697507570.283,45.277,600.0,4.9,10.7,normal
1697507570.786,45.277,1800.0,24.6,10.3,normal
1697507571.289,45.764,1800.0,29.5,10.6,normal
1697507571.791,45.277,1800.0,3.0,10.6,normal
1697507572.294,46.251,1800.0,2.5,10.6,normal
1697507572.796,45.277,1800.0,4.0,10.6,normal
1697507573.299,45.764,1800.0,4.5,10.6,normal
1697507573.805,45.277,1800.0,5.0,10.6,normal
1697507574.308,45.764,1800.0,12.5,10.6,normal
1697507574.81,45.277,1800.0,3.0,10.6,normal
1697507575.313,45.764,1800.0,4.5,10.6,normal
1697507575.817,46.251,800.0,3.5,10.6,normal
1697507576.322,45.764,900.0,5.4,10.6,normal
1697507576.825,46.251,1800.0,18.5,10.3,normal
1697507577.328,46.738,1800.0,36.3,10.7,normal
1697507577.83,45.277,1800.0,4.0,10.7,normal
1697507578.333,45.277,1800.0,3.9,10.7,normal
1697507578.849,46.251,1800.0,2.4,10.7,normal
1697507579.351,45.277,1800.0,5.9,10.7,normal
1697507579.854,45.764,1800.0,3.0,10.7,normal
1697507580.356,44.79,1800.0,3.0,10.7,normal
1697507580.859,46.251,1800.0,4.0,10.7,normal
1697507581.361,45.277,1800.0,4.0,10.7,normal
1697507581.867,45.277,600.0,4.9,10.7,normal
1697507582.373,45.277,600.0,5.0,10.7,normal
1697507582.875,46.251,1800.0,25.9,10.4,normal
1697507583.378,45.764,1800.0,29.6,10.7,normal
1697507583.881,45.764,1800.0,3.5,10.7,normal
1697507584.383,46.251,1800.0,4.5,10.7,normal
1697507584.886,46.251,1800.0,4.0,10.7,normal
1697507585.389,45.764,1800.0,3.5,10.7,normal
1697507585.891,46.251,1800.0,3.5,10.7,normal
1697507586.394,47.225,1800.0,3.0,10.7,normal
1697507586.896,45.764,1800.0,4.5,10.7,normal
1697507587.399,46.738,1800.0,4.0,10.7,normal
1697507587.903,45.277,900.0,5.4,10.6,normal
1697507588.407,45.277,900.0,4.5,10.5,normal
1697507588.91,46.251,1800.0,26.5,10.4,normal
1697507589.413,45.764,1800.0,30.5,10.6,normal
1697507589.915,45.764,1800.0,3.0,10.6,normal
1697507590.418,45.277,1800.0,4.0,10.6,normal
1697507590.92,46.251,1800.0,3.5,10.6,normal
1697507591.423,46.251,1800.0,4.5,10.6,normal
1697507591.925,46.738,1800.0,3.0,10.6,normal
1697507592.428,46.251,1800.0,3.0,10.6,normal
1697507592.93,44.79,1800.0,3.5,10.6,normal
1697507593.433,45.764,1800.0,5.0,10.6,normal
1697507593.938,46.251,600.0,5.0,10.6,normal
1697507594.443,44.79,900.0,5.9,10.6,normal
1697507594.946,46.251,1800.0,21.4,10.2,normal
1697507595.448,46.738,1800.0,34.2,10.6,normal
1697507595.951,45.277,1800.0,3.5,10.6,normal
1697507596.453,46.251,1800.0,3.5,10.6,normal
1697507596.956,45.277,1800.0,3.0,10.6,normal
1697507597.458,46.251,1800.0,3.5,10.6,normal
1697507597.961,45.764,1800.0,4.0,10.6,normal
1697507598.464,45.764,1800.0,2.5,10.6,normal
1697507598.966,45.277,1800.0,3.5,10.6,normal
1697507599.469,45.277,1800.0,5.0,10.7,normal
1697507599.972,45.764,1100.0,5.0,10.7,normal
1697507600.477,44.79,800.0,4.0,10.7,normal
1697507600.979,44.79,1800.0,14.4,10.0,normal
1697507601.483,46.251,1800.0,35.3,10.5,normal
1697507601.985,46.251,1800.0,11.9,10.6,normal
1697507602.488,45.764,1800.0,3.0,10.6,normal
1697507602.991,45.277,1800.0,3.5,10.6,normal
1697507603.493,44.79,1800.0,4.0,10.6,normal
1697507603.996,45.277,1800.0,4.5,10.6,normal
1697507604.498,46.251,1800.0,4.5,10.6,normal
1697507605.001,45.277,1800.0,3.5,10.6,normal
1697507605.503,46.738,1800.0,3.0,10.6,normal
1697507606.008,45.764,700.0,4.0,10.7,normal
1697507606.513,45.277,700.0,4.0,10.7,normal
1697507607.018,46.251,700.0,5.5,10.6,normal
1697507607.521,46.738,1800.0,27.0,10.5,normal
1697507608.024,46.738,1800.0,25.9,10.6,normal
1697507608.527,46.251,1800.0,2.5,10.7,normal
1697507609.029,46.738,1800.0,3.0,10.7,normal
1697507609.531,45.277,1800.0,2.5,10.7,normal
1697507610.034,45.764,1800.0,2.5,10.7,normal
1697507610.536,44.79,1800.0,3.0,10.7,normal
1697507611.039,45.764,1800.0,3.5,10.7,normal
1697507611.541,44.79,1800.0,2.5,10.7,normal
1697507612.044,45.277,1800.0,4.0,10.6,normal
1697507612.548,45.764,800.0,4.0,10.6,normal
1697507613.053,44.79,800.0,4.0,10.6,normal
1697507613.556,47.225,1800.0,21.9,10.3,normal
1697507614.059,45.764,1800.0,34.2,10.7,normal
1697507614.561,44.303,1800.0,3.0,10.7,normal
1697507615.064,45.764,1800.0,4.0,10.7,normal
1697507615.566,46.738,1800.0,2.5,10.7,normal
1697507616.069,46.251,1800.0,4.9,10.7,normal
1697507616.571,45.277,1800.0,2.5,10.7,normal
1697507617.074,44.79,1800.0,3.5,10.7,normal
1697507617.576,46.251,1800.0,3.0,10.7,normal
1697507618.079,46.738,1800.0,4.0,10.7,normal
1697507618.584,45.277,700.0,4.9,10.7,normal
1697507619.088,45.277,800.0,4.0,10.7,normal
1697507619.591,45.764,1800.0,11.6,10.1,normal
1697507620.096,47.225,1800.0,38.5,10.6,normal
1697507620.599,46.251,1800.0,8.0,10.7,normal
1697507621.101,44.79,1800.0,3.5,10.7,normal
1697507621.604,45.764,1800.0,3.5,10.7,normal
1697507622.107,45.764,1800.0,5.0,10.7,normal
1697507622.609,45.277,1800.0,3.5,10.7,normal
1697507623.112,44.79,1800.0,2.5,10.7,normal
1697507623.614,46.738,1800.0,4.4,10.7,normal
1697507624.117,45.764,1800.0,4.0,10.7,normal
1697507624.622,45.277,600.0,3.5,10.7,normal
1697507625.128,44.303,700.0,4.0,10.7,normal
1697507625.633,45.277,700.0,7.9,10.5,normal
1697507626.135,47.225,1800.0,27.5,10.5,normal
1697507626.638,46.251,1800.0,22.8,10.6,normal
1697507627.14,46.251,1800.0,1.5,10.6,normal
1697507627.643,45.764,1800.0,4.5,10.6,normal
1697507628.146,45.764,1800.0,3.0,10.6,normal
1697507628.648,46.251,1800.0,3.5,10.7,normal
1697507629.151,45.277,1800.0,3.5,10.7,normal
1697507629.653,45.277,1800.0,1.0,10.7,normal
1697507630.156,44.79,1800.0,2.0,10.7,normal
1697507630.658,46.738,1800.0,5.4,10.7,normal
1697507631.163,45.277,800.0,5.0,10.7,normal
1697507631.669,44.79,600.0,4.9,10.7,normal
1697507632.172,45.764,1800.0,23.6,10.3,normal
1697507632.675,45.277,1800.0,31.5,10.6,normal
1697507633.177,45.277,1800.0,3.5,10.6,normal
1697507633.68,45.764,1800.0,4.0,10.6,normal
1697507634.182,45.764,1800.0,5.4,10.7,normal
1697507634.685,46.251,1800.0,3.5,10.7,normal
1697507635.187,46.251,1800.0,3.5,10.7,normal
1697507635.69,46.251,1800.0,3.0,10.7,normal
1697507636.192,46.251,1800.0,3.5,10.7,normal
1697507636.695,45.764,1800.0,4.0,10.6,normal
1697507637.2,44.79,600.0,3.9,10.6,normal
1697507637.706,44.79,600.0,4.5,10.6,normal
1697507638.209,45.764,1800.0,17.4,10.2,normal
1697507638.711,47.225,1800.0,38.0,10.6,normal
1697507639.214,44.79,1800.0,5.0,10.7,normal
1697507639.717,45.764,1800.0,3.5,10.6,normal
1697507640.219,46.251,1800.0,3.0,10.7,normal
1697507640.722,45.277,1800.0,4.0,10.7,normal
1697507641.224,45.764,1800.0,3.5,10.6,normal
1697507641.727,45.764,1800.0,3.0,10.6,normal
1697507642.229,45.277,1800.0,3.5,10.7,normal
1697507642.732,45.277,1800.0,4.0,10.7,normal
1697507643.237,44.79,600.0,3.4,10.7,normal
1697507643.743,45.764,600.0,4.4,10.7,normal
1697507644.246,45.764,1800.0,23.0,10.3,normal
1697507644.749,47.225,1800.0,31.5,10.6,normal
1697507645.252,46.251,1800.0,4.5,10.6,normal
1697507645.754,45.277,1800.0,4.0,10.6,normal
1697507646.257,45.277,1800.0,1.5,10.6,normal
1697507646.759,46.738,1800.0,3.0,10.7,normal
1697507647.262,45.277,1800.0,4.0,10.7,normal
1697507647.764,45.764,1800.0,3.0,10.7,normal
1697507648.267,44.79,1800.0,3.5,10.7,normal
1697507648.77,44.79,1800.0,4.0,10.7,normal
1697507649.275,45.277,600.0,5.4,10.7,normal
1697507649.781,46.251,600.0,5.0,10.7,normal
1697507650.283,45.277,1800.0,14.9,10.1,normal
1697507650.786,47.225,1800.0,36.5,10.6,normal
1697507651.289,45.764,1800.0,7.0,10.7,normal
1697507651.792,46.251,1800.0,3.0,10.7,normal
1697507652.294,45.277,1800.0,3.5,10.7,normal
1697507652.797,46.251,1800.0,3.0,10.7,normal
1697507653.3,45.764,1800.0,3.0,10.7,normal
1697507653.803,45.277,1800.0,5.0,10.7,normal
1697507654.305,45.764,1800.0,4.9,10.7,normal
1697507654.808,45.764,1800.0,2.5,10.7,normal
1697507655.312,45.277,700.0,3.9,10.6,normal
1697507655.817,45.277,800.0,5.9,10.7,normal
1697507656.322,45.764,700.0,7.5,10.5,normal
1697507656.825,46.738,1800.0,29.4,10.4,normal
1697507657.328,45.764,1800.0,22.6,10.6,normal
1697507657.83,45.764,1800.0,4.5,10.6,normal
1697507658.333,45.764,1800.0,3.0,10.6,normal
1697507658.835,45.764,1800.0,3.5,10.6,normal
1697507659.338,46.251,1800.0,4.9,10.6,normal
1697507659.841,46.251,1800.0,4.0,10.6,normal
1697507660.343,45.764,1800.0,2.5,10.6,normal
1697507660.846,45.764,1800.0,4.0,10.6,normal
1697507661.349,45.277,1800.0,3.0,10.6,normal
1697507661.853,45.277,900.0,4.5,10.6,normal
1697507662.357,45.764,900.0,4.9,10.6,normal
1697507662.86,45.764,1800.0,24.0,10.4,normal
1697507663.363,46.738,1800.0,31.0,10.7,normal
1697507663.865,46.251,1800.0,5.0,10.7,normal
1697507664.368,46.251,1800.0,4.5,10.7,normal
1697507664.871,44.79,1800.0,3.0,10.7,normal
1697507665.373,45.277,1800.0,3.5,10.7,normal
1697507665.876,45.764,1800.0,4.5,10.7,normal
1697507666.378,45.764,1800.0,3.5,10.7,normal
1697507666.881,46.251,1800.0,3.0,10.7,normal
1697507667.383,45.764,1800.0,3.5,10.7,normal
1697507667.888,45.277,600.0,5.4,10.7,normal
1697507668.393,45.764,900.0,4.0,10.7,normal
1697507668.895,45.764,1800.0,17.4,10.3,normal
1697507669.398,46.251,1800.0,38.6,10.6,normal
1697507669.901,45.764,1800.0,2.5,10.7,normal
1697507670.403,46.251,1800.0,3.5,10.7,normal
1697507670.906,46.251,1800.0,3.5,10.7,normal
1697507671.408,46.251,1800.0,2.5,10.7,normal
1697507671.911,45.764,1800.0,3.9,10.7,normal
1697507672.414,45.277,1800.0,3.0,10.7,normal
1697507672.916,45.764,1800.0,3.0,10.7,normal
1697507673.419,45.764,1800.0,3.0,10.7,normal
1697507673.923,44.79,800.0,4.0,10.7,normal
1697507674.427,45.277,1000.0,7.4,10.7,normal
1697507674.931,46.251,1800.0,10.4,9.6,normal
1697507675.435,47.225,1800.0,31.0,10.5,normal
1697507675.938,45.764,1800.0,18.0,10.6,normal
1697507676.44,44.79,1800.0,4.0,10.6,normal
1697507676.943,45.764,1800.0,3.5,10.6,normal
1697507677.445,45.764,1800.0,2.5,10.7,normal
1697507677.948,45.764,1800.0,3.0,10.6,normal
1697507678.45,44.79,1800.0,3.5,10.6,normal
1697507678.953,46.251,1800.0,3.0,10.7,normal
1697507679.455,45.764,1800.0,4.0,10.6,normal
1697507679.96,44.303,700.0,3.5,10.6,normal
1697507680.464,45.277,900.0,5.9,10.6,normal
1697507680.968,46.251,900.0,5.9,10.6,normal
1697507681.472,46.251,1800.0,27.1,10.4,normal
1697507681.974,47.225,1800.0,26.0,10.6,normal
1697507682.477,45.277,1800.0,2.5,10.6,normal
1697507682.979,46.251,1800.0,3.0,10.6,normal
1697507683.482,46.251,1800.0,3.5,10.6,normal
1697507683.984,45.277,1800.0,3.0,10.6,normal
1697507684.487,45.764,1800.0,3.5,10.6,normal
1697507684.99,45.764,1800.0,4.4,10.6,normal
1697507685.492,45.764,1800.0,3.5,10.6,normal
1697507685.995,44.303,1800.0,2.5,10.6,normal
1697507686.499,45.764,900.0,5.0,10.6,normal
1697507687.005,45.277,600.0,2.5,10.6,normal
1697507687.508,46.251,1800.0,20.6,10.3,normal
1697507688.011,45.277,1800.0,31.3,10.7,normal
1697507688.513,45.764,1800.0,2.5,10.7,normal
1697507689.016,46.251,1800.0,7.9,10.6,normal
1697507689.519,45.277,1800.0,5.0,10.6,normal
1697507690.021,46.251,1800.0,2.5,10.7,normal
1697507690.524,45.277,1800.0,3.0,10.7,normal
1697507691.026,44.79,1800.0,2.5,10.7,normal
1697507691.529,44.79,1800.0,3.5,10.7,normal
1697507692.031,46.251,1800.0,2.0,10.7,normal
1697507692.537,44.303,600.0,3.5,10.7,normal
1697507693.042,44.79,600.0,3.0,10.7,normal
1697507693.545,45.277,1800.0,26.5,10.4,normal
1697507694.048,45.764,1800.0,29.0,10.6,normal
1697507694.55,45.764,1800.0,4.0,10.6,normal
1697507695.053,46.251,1800.0,1.5,10.6,normal
1697507695.555,45.277,1800.0,2.5,10.6,normal
1697507696.058,45.277,1800.0,4.0,10.6,normal
1697507696.56,46.251,1800.0,3.0,10.6,normal
1697507697.063,46.251,1800.0,2.5,10.7,normal
1697507697.566,45.764,1800.0,3.0,10.7,normal
1697507698.068,45.764,1800.0,4.5,10.7,normal
1697507698.574,45.764,600.0,5.4,10.7,normal
1697507699.079,44.79,800.0,7.4,10.6,normal
1697507699.582,45.764,1800.0,29.4,10.4,normal
1697507700.085,45.764,1800.0,27.4,10.6,normal
1697507700.587,45.277,1800.0,3.5,10.6,normal
1697507701.09,45.277,1800.0,4.5,10.6,normal
1697507701.592,46.251,1800.0,2.0,10.6,normal
1697507702.095,45.764,1800.0,4.0,10.6,normal
1697507702.597,45.764,1800.0,2.5,10.6,normal
1697507703.1,45.277,1800.0,4.0,10.7,normal
1697507703.602,45.764,1800.0,4.0,10.7,normal
1697507704.105,45.764,1800.0,3.5,10.7,normal
1697507704.609,45.764,800.0,4.9,10.7,normal
1697507705.114,45.277,900.0,5.0,10.7,normal
1697507705.616,46.738,1800.0,21.0,10.2,normal
1697507706.119,45.764,1800.0,35.5,10.6,normal
1697507706.622,46.251,1800.0,3.0,10.6,normal
1697507707.124,45.764,1800.0,4.5,10.6,normal
1697507707.627,46.251,1800.0,3.5,10.7,normal
1697507708.129,45.764,1800.0,3.0,10.7,normal
1697507708.632,46.251,1800.0,3.5,10.7,normal
1697507709.134,45.764,1800.0,4.5,10.7,normal
1697507709.637,45.277,1800.0,4.0,10.7,normal
1697507710.139,46.251,1800.0,3.0,10.7,normal
1697507710.644,45.277,800.0,5.4,10.7,normal
1697507711.149,45.277,700.0,5.0,10.7,normal
1697507711.652,45.277,1100.0,13.9,10.0,normal
1697507712.156,46.251,1800.0,30.8,10.5,normal
1697507712.659,45.764,1800.0,16.0,10.6,normal
1697507713.161,46.251,1800.0,3.5,10.6,normal
1697507713.664,45.277,1800.0,3.0,10.6,normal
1697507714.166,45.764,1800.0,4.5,10.6,normal
1697507714.669,46.251,1800.0,3.0,10.6,normal
1697507715.171,45.277,1800.0,3.5,10.7,normal
1697507715.674,45.764,1800.0,3.0,10.7,normal
1697507716.176,45.764,1800.0,3.0,10.7,normal
1697507716.679,46.251,1800.0,3.5,10.7,normal
1697507717.183,44.303,800.0,5.0,10.7,normal
1697507717.686,46.251,1800.0,16.3,10.1,normal
1697507718.189,46.738,1800.0,37.2,10.6,normal
1697507718.692,46.251,1800.0,5.0,10.6,normal
1697507719.195,45.764,1800.0,4.0,10.6,normal
1697507719.697,45.277,1800.0,3.5,10.6,normal
1697507720.2,45.277,1800.0,3.0,10.7,normal
1697507720.702,45.764,1800.0,3.5,10.6,normal
1697507721.205,45.764,1800.0,3.5,10.6,normal
1697507721.707,46.251,1800.0,3.5,10.7,normal
1697507722.21,45.764,1800.0,3.0,10.6,normal
1697507722.714,44.79,775.0,3.9,10.6,normal
1697507723.22,44.79,600.0,4.5,10.7,normal
1697507723.723,45.277,1800.0,22.3,10.3,normal
1697507724.226,46.738,1800.0,32.7,10.7,normal
1697507724.728,45.277,1800.0,5.0,10.7,normal
1697507725.231,45.764,1800.0,3.5,10.7,normal
1697507725.733,46.251,1800.0,3.5,10.7,normal
1697507726.236,46.251,1800.0,3.0,10.7,normal
1697507726.738,46.251,1800.0,4.0,10.7,normal
1697507727.241,45.764,1800.0,4.0,10.7,normal
1697507727.743,46.251,1800.0,3.0,10.7,normal
1697507728.246,45.277,1800.0,3.5,10.7,normal
1697507728.752,44.79,600.0,3.4,10.7,normal
1697507729.258,44.79,600.0,5.9,10.7,normal
1697507729.761,46.251,1800.0,14.4,10.2,normal
1697507730.264,45.277,1800.0,37.4,10.6,normal
1697507730.766,46.251,1800.0,4.5,10.6,normal
1697507731.269,45.277,1800.0,3.5,10.6,normal
1697507731.772,45.277,1800.0,2.5,10.6,normal
1697507732.275,45.277,1800.0,3.5,10.6,normal
1697507732.777,45.277,1800.0,2.5,10.6,normal
1697507733.28,45.764,1800.0,3.0,10.7,normal
1697507733.782,44.79,1800.0,2.5,10.7,normal
1697507734.285,45.277,1800.0,2.5,10.7,normal
1697507734.79,45.277,600.0,3.0,10.7,normal
1697507735.302,45.277,600.0,5.4,10.7,normal
1697507735.806,46.738,1800.0,22.5,10.2,normal
1697507736.309,46.738,1800.0,32.0,10.6,normal
1697507736.811,46.738,1800.0,2.5,10.6,normal
1697507737.314,46.251,1800.0,4.0,10.6,normal
1697507737.816,45.764,1800.0,3.0,10.6,normal
1697507738.319,45.277,1800.0,3.0,10.7,normal
1697507738.821,46.251,1800.0,3.0,10.7,normal
1697507739.324,45.764,1800.0,4.0,10.7,normal
1697507739.826,44.79,1800.0,5.4,10.7,normal
1697507740.329,45.277,1800.0,3.5,10.7,normal
1697507740.834,45.277,600.0,2.5,10.7,normal
1697507741.341,45.764,600.0,7.4,10.7,normal
1697507741.844,46.738,1800.0,27.0,10.4,normal
1697507742.347,46.738,1800.0,27.0,10.6,normal
1697507742.849,46.251,1800.0,3.5,10.6,normal
1697507743.352,45.277,1800.0,3.5,10.6,normal
1697507743.855,45.277,1800.0,3.5,10.6,normal
1697507744.357,45.277,1800.0,4.0,10.6,normal
1697507744.86,46.251,1800.0,4.0,10.6,normal
1697507745.362,44.303,1800.0,3.5,10.6,normal
1697507745.865,45.277,1800.0,2.5,10.6,normal
1697507746.367,45.764,1800.0,3.5,10.6,normal
1697507746.871,45.277,900.0,4.0,10.7,normal
1697507747.376,45.764,700.0,5.4,10.6,normal
1697507747.879,46.738,1800.0,20.4,10.3,normal
1697507748.382,45.764,1800.0,34.0,10.7,normal
1697507748.885,45.764,1800.0,6.0,10.7,normal
1697507749.387,46.251,1800.0,4.5,10.7,normal
1697507749.89,45.764,1800.0,4.0,10.6,normal
1697507750.393,45.764,1800.0,3.5,10.6,normal
1697507750.895,45.764,1800.0,3.5,10.6,normal
1697507751.398,46.251,1800.0,3.5,10.6,normal
1697507751.9,45.764,1800.0,3.5,10.6,normal
1697507752.403,45.277,1800.0,3.5,10.6,normal
1697507752.907,46.251,900.0,4.0,10.6,normal
1697507753.411,45.277,900.0,5.4,10.6,normal
1697507753.914,46.251,1800.0,24.5,10.4,normal
1697507754.417,46.738,1800.0,30.3,10.6,normal
1697507754.919,46.251,1800.0,3.0,10.6,normal
1697507755.427,45.764,1800.0,4.9,10.6,normal
1697507755.929,45.277,1800.0,3.5,10.6,normal
1697507756.432,45.277,1800.0,4.0,10.6,normal
1697507756.934,45.764,1800.0,3.5,10.6,normal
1697507757.437,45.764,1800.0,4.0,10.6,normal
1697507757.94,45.277,1800.0,3.0,10.6,normal
1697507758.442,45.764,1800.0,3.5,10.6,normal
1697507758.946,46.738,900.0,5.4,10.6,normal
1697507759.451,45.764,800.0,4.5,10.6,normal
1697507759.954,45.764,1800.0,18.6,10.2,normal
1697507760.461,46.251,1800.0,36.6,10.7,normal
1697507760.964,46.251,1800.0,3.5,10.6,normal
1697507761.466,45.764,1800.0,3.5,10.6,normal
1697507761.969,46.251,1800.0,4.5,10.6,normal
1697507762.471,46.738,1800.0,3.0,10.6,normal
1697507762.974,46.251,1800.0,3.5,10.6,normal
1697507763.476,45.277,1800.0,3.0,10.6,normal
1697507763.979,44.303,1800.0,5.0,10.6,normal
1697507764.481,44.79,1800.0,4.5,10.7,normal
1697507764.986,45.277,800.0,3.4,10.7,normal
1697507765.496,45.277,900.0,4.4,10.6,normal
1697507765.999,46.251,1800.0,23.4,10.3,normal
1697507766.502,46.738,1800.0,31.7,10.6,normal
1697507767.004,45.764,1800.0,3.0,10.7,normal
1697507767.507,45.764,1800.0,4.0,10.7,normal
1697507768.009,45.764,1800.0,2.5,10.7,normal
1697507768.512,46.251,1800.0,5.0,10.7,normal
1697507769.015,45.764,1800.0,4.5,10.7,normal
1697507769.517,45.277,1800.0,4.0,10.7,normal
1697507770.02,45.764,1800.0,3.5,10.7,normal
1697507770.527,45.764,1800.0,4.4,10.7,normal
1697507771.032,45.277,700.0,5.0,10.7,normal
1697507771.538,46.251,700.0,4.0,10.7,normal
1697507772.04,45.277,1800.0,14.9,10.2,normal
1697507772.543,46.251,1800.0,37.5,10.6,normal
1697507773.046,45.764,1800.0,6.4,10.7,normal
1697507773.548,45.277,1800.0,3.5,10.7,normal
1697507774.051,46.251,1800.0,4.5,10.7,normal
1697507774.554,45.277,1800.0,3.0,10.7,normal
1697507775.056,45.764,1800.0,2.0,10.7,normal
1697507775.564,44.79,1800.0,2.5,10.7,normal
1697507776.067,45.764,1800.0,3.0,10.7,normal
1697507776.569,45.764,1800.0,2.0,10.7,normal
1697507777.075,45.277,600.0,3.4,10.7,normal
1697507777.58,45.764,600.0,4.5,10.7,normal
1697507778.084,45.764,1100.0,9.9,9.6,normal
1697507778.587,45.277,1800.0,27.9,10.6,normal
1697507779.09,46.251,1800.0,22.8,10.7,normal
1697507779.592,46.251,1800.0,3.5,10.7,normal
1697507780.095,45.277,1800.0,3.0,10.7,normal
1697507780.602,46.251,1800.0,3.0,10.7,normal
1697507781.105,45.277,1800.0,4.5,10.7,normal
1697507781.607,45.277,1800.0,4.5,10.7,normal
1697507782.11,44.79,1800.0,3.0,10.7,normal
1697507782.612,46.251,1800.0,3.5,10.7,normal
1697507783.115,46.251,1800.0,4.0,10.7,normal
1697507783.62,45.764,600.0,4.0,10.7,normal
1697507784.124,46.251,1800.0,14.0,10.2,normal
1697507784.626,47.712,1800.0,38.9,10.6,normal
1697507785.129,46.738,1800.0,6.5,10.7,normal
1697507785.636,46.251,1800.0,4.4,10.7,normal
1697507786.139,45.764,1800.0,3.0,10.7,normal
1697507786.642,45.764,1800.0,3.0,10.7,normal
1697507787.144,45.764,1800.0,3.5,10.7,normal
1697507787.647,46.251,1800.0,5.0,10.7,normal
1697507788.149,45.764,1800.0,2.5,10.7,normal
1697507788.652,45.764,1800.0,4.0,10.7,normal
1697507789.157,46.251,600.0,3.9,10.7,normal
1697507789.662,45.277,800.0,5.5,10.7,normal
1697507790.165,45.764,1800.0,20.3,10.3,normal
1697507790.672,46.738,1800.0,34.3,10.6,normal
1697507791.175,46.251,1800.0,3.9,10.6,normal
1697507791.677,45.277,1800.0,4.5,10.6,normal
1697507792.18,44.79,1800.0,2.5,10.7,normal
1697507792.682,46.251,1800.0,3.5,10.7,normal
1697507793.185,45.764,1800.0,3.0,10.7,normal
1697507793.687,46.251,1800.0,3.5,10.7,normal
1697507794.19,46.738,1800.0,5.0,10.7,normal
1697507794.693,46.251,1800.0,3.0,10.7,normal
1697507795.197,45.764,800.0,3.5,10.7,normal
1697507795.707,45.764,700.0,5.4,10.7,normal
1697507796.211,45.764,1800.0,26.6,10.3,normal
1697507796.713,46.251,1800.0,29.5,10.6,normal
1697507797.216,45.764,1800.0,4.0,10.6,normal
1697507797.718,46.251,1800.0,3.5,10.6,normal
1697507798.221,46.251,1800.0,4.0,10.6,normal
1697507798.723,45.764,1800.0,3.0,10.7,normal
1697507799.226,45.764,1800.0,4.5,10.6,normal
1697507799.729,46.738,1800.0,4.5,10.7,normal
1697507800.231,45.764,1800.0,3.0,10.7,normal
1697507800.738,45.764,1800.0,2.0,10.6,normal
1697507801.244,44.79,600.0,2.0,10.6,normal
1697507801.75,45.277,600.0,4.0,10.6,normal
1697507802.254,46.251,1800.0,29.4,10.5,normal
1697507802.756,45.277,1800.0,24.2,10.6,normal
1697507803.259,45.764,1800.0,3.0,10.6,normal
1697507803.762,45.764,1800.0,3.5,10.6,normal
1697507804.264,45.764,1800.0,4.5,10.6,normal
1697507804.767,47.225,1800.0,5.0,10.6,normal
1697507805.269,46.251,1800.0,1.5,10.7,normal
1697507805.772,46.251,1800.0,2.0,10.7,normal
1697507806.274,46.251,1800.0,3.5,10.7,normal
1697507806.777,45.764,1800.0,2.0,10.7,normal
1697507807.282,44.303,600.0,2.0,10.7,normal
1697507807.788,44.79,600.0,3.0,10.7,normal
1697507808.292,45.764,1800.0,22.0,10.4,normal
1697507808.795,45.764,1800.0,35.8,10.7,normal
1697507809.298,45.277,1800.0,3.5,10.7,normal
1697507809.8,45.764,1800.0,4.5,10.7,normal
1697507810.303,46.251,1800.0,3.5,10.7,normal
1697507810.805,46.738,1800.0,3.0,10.7,normal
1697507811.308,45.277,1800.0,4.0,10.7,normal
1697507811.811,46.251,1800.0,3.5,10.7,normal
1697507812.313,45.277,1800.0,4.0,10.7,normal
1697507812.816,44.79,1800.0,3.0,10.7,normal
1697507813.321,45.277,600.0,5.5,10.7,normal
1697507813.826,44.79,800.0,5.4,10.7,normal
1697507814.329,46.738,1800.0,28.0,10.4,normal
1697507814.832,45.764,1800.0,27.4,10.6,normal
1697507815.335,47.225,1800.0,4.0,10.6,normal
1697507815.837,47.712,1800.0,3.9,10.6,normal
1697507816.34,45.277,1800.0,2.5,10.7,normal
1697507816.842,45.764,1800.0,3.5,10.7,normal
1697507817.345,44.79,1800.0,2.0,10.7,normal
1697507817.847,45.764,1800.0,2.0,10.7,normal
1697507818.35,46.251,1800.0,3.5,10.7,normal
1697507818.853,46.251,1800.0,2.0,10.7,normal
1697507819.359,45.277,700.0,3.4,10.7,normal
1697507819.865,45.277,700.0,12.9,9.6,normal
1697507820.368,46.251,1800.0,28.0,10.5,normal
1697507820.871,45.764,1800.0,21.6,10.6,normal
1697507821.373,45.764,1800.0,3.5,10.6,normal
1697507821.876,45.764,1800.0,3.0,10.6,normal
1697507822.379,46.738,1800.0,4.0,10.6,normal
1697507822.881,45.764,1800.0,3.9,10.6,normal
1697507823.384,46.251,1800.0,3.5,10.6,normal
1697507823.886,46.738,1800.0,3.0,10.6,normal
1697507824.389,46.251,1800.0,4.5,10.6,normal
1697507824.894,46.251,700.0,3.0,10.6,normal
1697507825.398,45.764,800.0,5.4,10.6,normal
1697507825.902,45.764,1800.0,11.4,9.8,normal
1697507826.408,47.225,1800.0,29.7,10.6,normal
1697507826.911,45.764,1800.0,16.6,10.6,normal
1697507827.413,45.277,1800.0,2.5,10.6,normal
1697507827.916,46.251,1800.0,4.0,10.6,normal
1697507828.418,45.764,1800.0,3.0,10.6,normal
1697507828.921,45.764,1800.0,2.5,10.6,normal
1697507829.423,46.738,1800.0,4.5,10.6,normal
1697507829.926,46.738,1800.0,5.4,10.6,normal
1697507830.428,45.764,1800.0,3.0,10.6,normal
1697507830.933,45.277,700.0,2.5,10.6,normal
1697507831.438,45.764,800.0,5.9,10.6,normal
1697507831.942,45.764,1100.0,5.5,10.6,normal
1697507832.445,46.251,1800.0,27.9,10.4,normal
1697507832.947,46.738,1800.0,26.1,10.7,normal
1697507833.45,46.251,1800.0,3.5,10.6,normal
1697507833.952,47.225,1800.0,4.5,10.6,normal
1697507834.455,45.764,1800.0,3.5,10.6,normal
1697507834.957,44.79,1800.0,3.5,10.7,normal
1697507835.46,45.277,1800.0,3.5,10.7,normal
1697507835.963,46.251,1800.0,3.5,10.7,normal
1697507836.465,46.738,1800.0,2.5,10.7,normal
1697507836.968,46.251,1800.0,3.9,10.7,normal
1697507837.472,46.251,900.0,4.5,10.7,normal
1697507837.976,45.277,800.0,6.0,10.7,normal
1697507838.479,45.764,1800.0,21.9,10.4,normal
1697507838.982,46.251,1800.0,34.5,10.7,normal
1697507839.484,46.251,1800.0,4.0,10.7,normal
1697507839.987,45.764,1800.0,4.0,10.7,normal
1697507840.489,44.79,1800.0,3.0,10.7,normal
1697507840.992,45.277,1800.0,3.9,10.7,normal
1697507841.495,45.277,1800.0,3.0,10.7,normal
1697507841.997,45.277,1800.0,4.0,10.7,normal
1697507842.5,44.303,1800.0,3.0,10.7,normal
1697507843.002,45.764,1800.0,3.5,10.7,normal
1697507843.508,45.277,600.0,3.5,10.7,normal
1697507844.012,44.79,800.0,6.0,10.7,normal
1697507844.515,45.764,1800.0,13.5,10.1,normal
1697507845.019,46.738,1800.0,36.6,10.6,normal
1697507845.522,45.764,1800.0,9.5,10.6,normal
1697507846.024,45.277,1800.0,2.5,10.6,normal
1697507846.527,45.764,1800.0,2.5,10.6,normal
1697507847.029,45.277,1800.0,2.0,10.6,normal
1697507847.532,45.277,1800.0,5.0,10.6,normal
1697507848.034,45.277,1800.0,4.5,10.6,normal
1697507848.537,45.764,1800.0,3.0,10.7,normal
1697507849.04,44.79,1800.0,3.5,10.7,normal
1697507849.544,44.79,700.0,3.9,10.7,normal
1697507850.05,45.764,600.0,4.5,10.7,normal
1697507850.556,44.79,600.0,6.4,10.5,normal
1697507851.059,45.764,1800.0,28.7,10.4,normal
1697507851.562,45.764,1800.0,22.7,10.6,normal
1697507852.065,45.764,1800.0,4.0,10.6,normal
1697507852.567,45.764,1800.0,3.5,10.6,normal
1697507853.07,46.251,1800.0,3.0,10.6,normal
1697507853.572,45.277,1800.0,2.0,10.6,normal
1697507854.075,45.277,1800.0,3.5,10.6,normal
1697507854.577,43.816,1800.0,5.0,10.6,normal
1697507855.08,45.764,1800.0,3.0,10.6,normal
1697507855.583,45.764,1800.0,3.5,10.6,normal
1697507856.088,44.79,600.0,4.5,10.6,normal
1697507856.594,44.303,600.0,5.9,10.6,normal
1697507857.097,45.764,1800.0,23.4,10.3,normal
1697507857.6,45.764,1800.0,30.2,10.6,normal
1697507858.103,45.277,1800.0,4.4,10.6,normal
1697507858.605,45.764,1800.0,4.0,10.6,normal
1697507859.108,46.251,1800.0,4.5,10.6,normal
1697507859.61,45.277,1800.0,3.5,10.6,normal
1697507860.113,45.277,1800.0,3.5,10.6,normal
1697507860.615,45.764,1800.0,1.5,10.6,normal
1697507861.118,44.79,1800.0,3.0,10.6,normal
1697507861.621,45.277,1800.0,3.0,10.6,normal
1697507862.126,44.79,600.0,4.9,10.6,normal
1697507862.632,45.277,600.0,5.0,10.6,normal
1697507863.135,45.277,1800.0,27.4,10.4,normal
1697507863.638,45.277,1800.0,27.0,10.6,normal
1697507864.141,45.764,1800.0,4.0,10.6,normal
1697507864.643,45.764,1800.0,3.5,10.6,normal
1697507865.146,45.764,1800.0,4.0,10.6,normal
1697507865.648,46.251,1800.0,2.5,10.6,normal
1697507866.151,45.764,1800.0,3.9,10.6,normal
1697507866.653,45.764,1800.0,2.5,10.6,normal
1697507867.156,45.764,1800.0,2.0,10.6,normal
1697507867.659,45.277,1800.0,3.5,10.6,normal
1697507868.164,46.251,600.0,3.0,10.6,normal
1697507868.669,45.277,900.0,8.0,10.4,normal
1697507869.171,46.738,1800.0,27.4,10.5,normal
1697507869.674,46.251,1800.0,20.0,10.7,normal
1697507870.177,45.764,1800.0,6.0,10.7,normal
1697507870.679,45.764,1800.0,3.5,10.7,normal
1697507871.182,44.303,1800.0,3.5,10.7,normal
1697507871.684,45.277,1800.0,4.0,10.6,normal
1697507872.187,44.79,1800.0,3.9,10.7,normal
1697507872.689,44.79,1800.0,3.5,10.7,normal
1697507873.192,45.764,1800.0,4.9,10.6,normal
1697507873.695,45.277,1800.0,4.0,10.7,normal
1697507874.201,45.277,600.0,5.9,10.7,normal
1697507874.706,44.79,600.0,4.0,10.6,normal
1697507875.21,45.277,1800.0,25.4,10.4,normal
1697507875.713,45.764,1800.0,28.8,10.7,normal
1697507876.215,46.251,1800.0,3.5,10.7,normal
1697507876.718,46.251,1800.0,3.9,10.7,normal
1697507877.22,45.277,1800.0,4.0,10.7,normal
1697507877.723,45.764,1800.0,2.5,10.7,normal
1697507878.226,45.277,1800.0,4.0,10.7,normal
1697507878.728,46.251,1800.0,4.4,10.7,normal
1697507879.231,45.764,1800.0,5.0,10.7,normal
1697507879.733,45.764,1800.0,3.5,10.7,normal
1697507880.239,45.277,600.0,3.5,10.7,normal
1697507880.744,44.303,600.0,5.4,10.7,normal
1697507881.248,46.738,1800.0,21.4,10.3,normal
1697507881.75,46.251,1800.0,36.0,10.6,normal
1697507882.253,46.738,1800.0,2.5,10.6,normal
1697507882.755,45.277,1800.0,3.5,10.6,normal
1697507883.258,45.764,1800.0,3.0,10.6,normal
1697507883.76,45.277,1800.0,3.5,10.6,normal
1697507884.263,45.764,1800.0,4.5,10.6,normal
1697507884.765,45.764,1800.0,3.5,10.6,normal
1697507885.268,46.738,1800.0,4.0,10.6,normal
1697507885.771,45.277,1800.0,4.0,10.6,normal
1697507886.276,46.251,650.0,3.5,10.6,normal
1697507886.78,46.251,900.0,5.0,10.6,normal
1697507887.283,45.764,1800.0,25.4,10.3,normal
1697507887.787,46.251,1800.0,31.3,10.6,normal
1697507888.29,46.251,1800.0,4.5,10.6,normal
1697507888.793,46.251,1800.0,3.0,10.6,normal
1697507889.296,45.764,1800.0,4.0,10.6,normal
1697507889.798,45.764,1800.0,3.9,10.6,normal
1697507890.301,45.764,1800.0,4.5,10.6,normal
1697507890.803,45.277,1800.0,3.5,10.6,normal
1697507891.306,44.79,1800.0,4.0,10.6,normal
1697507891.809,45.277,1800.0,2.5,10.6,normal
1697507892.313,45.277,900.0,5.9,10.7,normal
1697507892.817,45.277,800.0,5.0,10.7,normal
1697507893.32,45.277,1800.0,18.2,10.1,normal
1697507893.824,46.738,1800.0,36.8,10.6,normal
1697507894.327,46.738,1800.0,7.5,10.6,normal
1697507894.829,46.251,1800.0,3.5,10.6,normal
1697507895.332,46.251,1800.0,3.5,10.6,normal
1697507895.834,46.738,1800.0,4.5,10.6,normal
1697507896.337,45.277,1800.0,3.0,10.6,normal
1697507896.839,45.764,1800.0,3.5,10.6,normal
1697507897.342,46.251,1800.0,3.5,10.6,normal
1697507897.844,46.251,1800.0,4.0,10.6,normal
1697507898.349,44.79,800.0,3.0,10.6,normal
1697507898.853,45.277,800.0,5.4,10.6,normal
1697507899.356,44.79,1800.0,20.0,10.3,normal
1697507899.859,45.277,1800.0,33.5,10.6,normal
1697507900.361,46.251,1800.0,4.0,10.6,normal
1697507900.864,47.225,1800.0,3.4,10.6,normal
1697507901.367,45.764,1800.0,3.0,10.6,normal
1697507901.869,46.251,1800.0,1.5,10.6,normal
1697507902.372,45.764,1800.0,1.5,10.6,normal
1697507902.875,46.251,1800.0,4.0,10.6,normal
1697507903.377,45.277,1800.0,2.5,10.6,normal
1697507903.88,46.251,1800.0,3.0,10.6,normal
1697507904.385,44.303,700.0,4.0,10.6,normal
1697507904.89,45.277,800.0,4.4,10.6,normal
1697507905.393,46.738,1800.0,24.4,10.4,normal
1697507905.896,45.764,1800.0,26.1,10.6,normal
1697507906.398,44.79,1800.0,1.0,10.6,normal
1697507906.901,48.199,1800.0,4.0,10.7,normal
1697507907.404,45.277,1800.0,4.4,10.7,normal
1697507907.906,46.738,1800.0,3.5,10.7,normal
1697507908.409,46.251,1800.0,3.5,10.7,normal
1697507908.911,45.764,1800.0,3.0,10.7,normal
1697507909.414,45.764,1800.0,4.9,10.7,normal
1697507909.916,46.738,1800.0,3.0,10.7,normal
1697507910.42,45.277,900.0,5.0,10.7,normal
1697507910.924,45.764,1000.0,5.4,10.7,normal
1697507911.427,45.764,1800.0,17.5,10.2,normal
1697507911.93,47.225,1800.0,36.8,10.7,normal
1697507912.432,46.251,1800.0,3.0,10.7,normal
1697507912.935,46.251,1800.0,4.5,10.7,normal
1697507913.438,45.277,1800.0,3.0,10.7,normal
1697507913.94,45.277,1800.0,3.5,10.7,normal
1697507914.443,45.277,1800.0,3.0,10.7,normal
1697507914.946,45.764,1800.0,4.4,10.6,normal
1697507915.449,45.764,1800.0,3.5,10.6,normal
1697507915.952,46.251,1800.0,3.5,10.6,normal
1697507916.457,45.277,900.0,4.0,10.6,normal
1697507916.961,45.764,900.0,5.0,10.6,normal
1697507917.465,44.79,1800.0,12.5,10.0,normal
1697507917.968,46.738,1800.0,32.2,10.6,normal
1697507918.471,45.764,1800.0,14.1,10.7,normal
1697507918.974,45.764,1800.0,3.5,10.7,normal
1697507919.476,46.738,1800.0,4.0,10.7,normal
1697507919.979,45.277,1800.0,3.0,10.7,normal
1697507920.481,45.764,1800.0,2.0,10.7,normal
1697507920.984,46.251,1800.0,3.5,10.7,normal
1697507921.486,44.79,1800.0,4.0,10.7,normal
1697507921.989,45.764,1800.0,3.0,10.7,normal
1697507922.493,44.79,800.0,3.5,10.7,normal
1697507922.998,44.303,700.0,4.4,10.7,normal
1697507923.501,45.277,1800.0,18.3,10.1,normal
1697507924.003,46.738,1800.0,38.0,10.6,normal
1697507924.506,45.764,1800.0,5.9,10.6,normal
1697507925.008,46.251,1800.0,4.0,10.6,normal
1697507925.511,45.277,1800.0,2.5,10.6,normal
1697507926.014,46.251,1800.0,3.0,10.6,normal
1697507926.516,44.79,1800.0,3.0,10.6,normal
1697507927.019,45.764,1800.0,2.5,10.6,normal
1697507927.521,45.277,1800.0,3.0,10.7,normal
1697507928.024,45.277,1800.0,4.0,10.7,normal
1697507928.528,46.251,800.0,5.4,10.7,normal
1697507929.033,45.764,800.0,5.9,10.7,normal
1697507929.537,45.764,1000.0,8.0,9.6,normal
1697507930.039,45.764,1800.0,29.2,10.4,normal
1697507930.542,45.764,1800.0,22.7,10.6,normal
1697507931.045,46.251,1800.0,2.5,10.6,normal
1697507931.547,45.764,1800.0,3.5,10.6,normal
1697507932.05,46.251,1800.0,4.0,10.6,normal
1697507932.552,45.277,1800.0,3.5,10.6,normal
1697507933.055,45.764,1800.0,3.0,10.6,normal
1697507933.557,45.277,1800.0,3.0,10.6,normal
1697507934.06,45.277,1800.0,4.9,10.6,normal
1697507934.562,45.277,1800.0,2.5,10.7,normal
1697507935.068,46.251,600.0,2.5,10.6,normal
1697507935.571,45.764,1800.0,6.0,10.7,normal
1697507936.074,46.738,1800.0,23.4,10.4,normal
1697507936.576,46.251,1800.0,29.1,10.7,normal
1697507937.079,45.764,1800.0,3.5,10.7,normal
1697507937.582,45.764,1800.0,3.0,10.7,normal
1697507938.084,45.764,1800.0,3.0,10.7,normal
1697507938.587,45.764,1800.0,3.5,10.7,normal
1697507939.089,44.79,1800.0,4.0,10.7,normal
1697507939.592,45.764,1800.0,3.0,10.7,normal
1697507940.094,44.79,1800.0,2.5,10.7,normal
1697507940.599,45.764,700.0,4.4,10.7,normal
1697507941.104,43.816,800.0,5.9,10.7,normal
1697507941.609,45.764,600.0,5.9,10.7,normal
1697507942.112,45.277,1800.0,17.5,10.3,normal
1697507942.615,46.738,1800.0,36.7,10.6,normal
1697507943.118,45.764,1800.0,4.0,10.6,normal
1697507943.62,44.79,1800.0,3.0,10.6,normal
1697507944.123,45.277,1800.0,3.5,10.6,normal
1697507944.626,45.764,1800.0,2.0,10.6,normal
1697507945.128,45.277,1800.0,3.5,10.7,normal
1697507945.631,45.277,1800.0,2.5,10.7,normal
1697507946.133,45.277,1800.0,4.0,10.6,normal
1697507946.636,46.251,1800.0,1.5,10.7,normal
1697507947.141,45.764,600.0,3.4,10.7,normal
1697507947.647,44.79,600.0,4.5,10.6,normal
1697507948.15,44.79,1800.0,23.0,10.4,normal
1697507948.653,45.764,1800.0,30.8,10.7,normal
1697507949.155,45.764,1800.0,4.0,10.7,normal
1697507949.658,46.251,1800.0,4.4,10.7,normal
1697507950.16,45.764,1800.0,2.0,10.7,normal
1697507950.663,44.79,1800.0,3.5,10.7,normal
1697507951.165,45.277,1800.0,3.0,10.7,normal
1697507951.668,45.764,1800.0,4.0,10.7,normal
1697507952.171,45.277,1800.0,3.5,10.7,normal
1697507952.673,44.79,1800.0,3.0,10.7,normal
1697507953.179,46.251,600.0,3.9,10.7,normal
1697507953.684,44.79,600.0,5.0,10.7,normal
1697507954.187,45.764,1800.0,15.9,10.2,normal
1697507954.69,46.251,1800.0,37.5,10.6,normal
1697507955.193,45.764,1800.0,6.0,10.7,normal
1697507955.695,45.277,1800.0,3.5,10.7,normal
1697507956.198,45.277,1800.0,4.5,10.7,normal
1697507956.7,45.277,1800.0,3.5,10.7,normal
1697507957.203,45.277,1800.0,3.5,10.7,normal
1697507957.705,46.251,1800.0,3.5,10.7,normal
1697507958.208,44.79,1800.0,4.0,10.7,normal
1697507958.71,45.277,1800.0,3.4,10.7,normal
1697507959.215,44.79,700.0,4.5,10.7,normal
1697507959.721,45.277,600.0,5.0,10.7,normal
1697507960.225,44.79,1000.0,9.0,10.0,normal
1697507960.727,46.251,1800.0,29.4,10.4,normal
1697507961.23,45.764,1800.0,23.1,10.6,normal
1697507961.732,45.764,1800.0,3.5,10.6,normal
1697507962.235,45.764,1800.0,4.0,10.6,normal
1697507962.738,45.277,1800.0,3.5,10.6,normal
1697507963.24,44.303,1800.0,3.5,10.6,normal
1697507963.743,45.764,1800.0,3.5,10.6,normal
1697507964.245,46.251,1800.0,3.0,10.7,normal
1697507964.748,46.251,1800.0,3.0,10.7,normal
1697507965.25,45.277,1800.0,2.0,10.7,normal
1697507965.755,45.764,900.0,4.0,10.7,normal
1697507966.261,45.277,600.0,4.5,10.7,normal
1697507966.764,45.764,1800.0,25.7,10.4,normal
1697507967.267,45.764,1800.0,30.7,10.7,normal
1697507967.769,46.251,1800.0,2.5,10.7,normal
1697507968.272,45.764,1800.0,4.4,10.7,normal
1697507968.775,45.277,1800.0,4.5,10.7,normal
1697507969.277,45.764,1800.0,4.0,10.7,normal
1697507969.78,44.79,1800.0,3.5,10.7,normal
1697507970.282,45.764,1800.0,3.0,10.7,normal
1697507970.786,45.277,1800.0,4.9,10.7,normal
1697507971.289,45.764,1800.0,3.0,10.7,normal
1697507971.794,45.764,700.0,4.9,10.7,normal
1697507972.299,45.277,800.0,5.0,10.6,normal
1697507972.803,46.251,1800.0,29.6,10.5,normal
1697507973.305,46.738,1800.0,26.3,10.7,normal
1697507973.808,45.277,1800.0,3.9,10.7,normal
1697507974.31,45.764,1800.0,4.5,10.7,normal
1697507974.813,46.251,1800.0,2.0,10.7,normal
1697507975.315,45.764,1800.0,4.5,10.7,normal
1697507975.818,45.277,1800.0,3.5,10.7,normal
1697507976.321,45.764,1800.0,2.5,10.7,normal
1697507976.823,44.303,1800.0,4.5,10.7,normal
1697507977.326,46.251,1800.0,4.4,10.7,normal
1697507977.83,45.277,800.0,4.5,10.7,normal
1697507978.333,46.251,1800.0,9.5,9.7,normal
1697507978.836,46.738,1800.0,29.2,10.5,normal
1697507979.339,45.764,1800.0,21.0,10.6,normal
1697507979.841,45.277,1800.0,1.5,10.6,normal
1697507980.344,46.738,1800.0,2.5,10.6,normal
1697507980.847,46.251,1800.0,5.9,10.7,normal
1697507981.35,45.277,1800.0,3.5,10.7,normal
1697507981.852,46.251,1800.0,3.9,10.7,normal
1697507982.355,45.277,1800.0,3.0,10.7,normal
1697507982.857,44.79,1800.0,3.5,10.7,normal
1697507983.362,45.277,700.0,5.0,10.7,normal
1697507983.866,44.79,1000.0,4.5,10.7,normal
1697507984.37,44.303,800.0,5.4,10.7,normal
1697507984.874,45.764,1800.0,26.2,10.4,normal
1697507985.377,45.277,1800.0,26.1,10.6,normal
1697507985.879,45.764,1800.0,1.0,10.6,normal
1697507986.382,45.764,1800.0,1.0,10.6,normal
1697507986.884,45.277,1800.0,2.5,10.6,normal
1697507987.387,44.79,1800.0,3.0,10.6,normal
1697507987.89,46.251,1800.0,4.0,10.6,normal
1697507988.392,45.277,1800.0,1.5,10.6,normal
1697507988.895,46.251,1800.0,2.5,10.6,normal
1697507989.397,45.277,1800.0,2.0,10.6,normal
1697507989.903,45.277,600.0,5.4,10.6,normal
1697507990.406,45.764,1800.0,7.9,10.6,normal
1697507990.909,46.738,1800.0,19.0,10.3,normal
1697507991.411,46.251,1800.0,33.2,10.7,normal
1697507991.914,45.764,1800.0,3.5,10.7,normal
1697507992.416,45.764,1800.0,3.5,10.7,normal
1697507992.919,45.764,1800.0,3.0,10.7,normal
1697507993.422,46.738,1800.0,3.5,10.7,normal
1697507993.924,45.764,1800.0,3.5,10.7,normal
1697507994.427,45.764,1800.0,2.5,10.7,normal
1697507994.929,46.251,1800.0,6.9,10.7,normal
1697507995.433,45.277,900.0,4.0,10.7,normal
1697507995.938,45.764,900.0,5.4,10.7,normal
1697507996.442,44.79,1100.0,4.0,10.7,normal
1697507996.945,46.738,1800.0,16.4,10.2,normal
1697507997.448,46.738,1800.0,37.3,10.6,normal
1697507997.95,46.251,1800.0,6.5,10.6,normal
1697507998.453,45.277,1800.0,3.5,10.6,normal
1697507998.955,45.277,1800.0,4.0,10.6,normal
1697507999.458,45.764,1800.0,3.5,10.6,normal
1697507999.961,45.764,1800.0,3.0,10.6,normal
1697508000.464,44.79,1800.0,3.5,10.6,normal
1697508000.967,45.764,1800.0,4.0,10.6,normal
1697508001.47,45.764,1800.0,3.0,10.6,normal
1697508001.974,45.277,800.0,4.9,10.6,normal
1697508002.479,45.764,900.0,5.4,10.6,normal
1697508002.982,45.764,1800.0,20.3,10.3,normal
1697508003.484,46.251,1800.0,37.8,10.7,normal
1697508003.987,46.738,1800.0,3.0,10.7,normal
1697508004.49,45.277,1800.0,4.0,10.7,normal
1697508004.992,45.764,1800.0,4.0,10.7,normal
1697508005.495,45.277,1800.0,3.0,10.7,normal
1697508005.997,45.764,1800.0,3.0,10.7,normal
1697508006.499,45.277,1800.0,3.9,10.7,normal
1697508007.002,45.277,1800.0,4.5,10.7,normal
1697508007.504,45.764,1800.0,3.9,10.7,normal
1697508008.01,46.251,700.0,3.0,10.7,normal
1697508008.515,45.277,600.0,5.9,10.7,normal
1697508009.02,45.277,1800.0,13.8,10.0,normal
1697508009.523,47.225,1800.0,32.8,10.6,normal
1697508010.025,46.251,1800.0,14.6,10.7,normal
1697508010.528,44.79,1800.0,3.5,10.7,normal
1697508011.031,45.277,1800.0,4.9,10.7,normal
1697508011.533,45.277,1800.0,3.0,10.7,normal
1697508012.036,45.764,1800.0,3.0,10.7,normal
1697508012.538,45.277,1800.0,3.0,10.7,normal
1697508013.041,46.251,1800.0,3.5,10.7,normal
1697508013.543,45.764,1800.0,3.0,10.7,normal
1697508014.048,45.277,700.0,4.5,10.7,normal
1697508014.554,45.277,600.0,4.5,10.7,normal
1697508015.057,45.277,1800.0,16.1,10.3,normal
1697508015.56,45.277,1800.0,38.9,10.6,normal
1697508016.062,45.277,1800.0,4.0,10.7,normal
1697508016.565,46.251,1800.0,3.5,10.7,normal
1697508017.067,44.79,1800.0,2.5,10.7,normal
1697508017.57,44.79,1800.0,4.0,10.7,normal
1697508018.073,45.277,1800.0,3.5,10.7,normal
1697508018.575,45.277,1800.0,3.5,10.7,normal
1697508019.078,46.738,1800.0,4.9,10.7,normal
1697508019.58,46.251,1800.0,3.5,10.7,normal
1697508020.085,45.764,700.0,3.0,10.7,normal
1697508020.591,44.303,600.0,4.0,10.7,normal
1697508021.096,46.251,1000.0,10.4,9.6,normal
1697508021.6,45.764,1800.0,29.7,10.5,normal
1697508022.102,46.251,1800.0,18.5,10.6,normal
1697508022.605,45.764,1800.0,2.0,10.6,normal
1697508023.108,46.251,1800.0,2.5,10.6,normal
1697508023.61,45.764,1800.0,3.5,10.6,normal
1697508024.113,46.251,1800.0,4.5,10.7,normal
1697508024.615,45.764,1800.0,4.0,10.7,normal
1697508025.118,45.277,1800.0,4.0,10.7,normal
1697508025.62,46.251,1800.0,3.5,10.7,normal
1697508026.125,46.251,700.0,3.5,10.7,normal
1697508026.631,45.277,600.0,4.4,10.7,normal
1697508027.137,46.251,600.0,4.0,10.7,normal
1697508027.64,45.277,1800.0,26.9,10.4,normal
1697508028.143,46.251,1800.0,27.5,10.6,normal
1697508028.646,45.764,1800.0,2.5,10.6,normal
1697508029.148,46.251,1800.0,4.0,10.6,normal
1697508029.651,46.251,1800.0,3.5,10.6,normal
1697508030.154,45.764,1800.0,2.0,10.6,normal
1697508030.656,45.277,1800.0,3.5,10.6,normal
1697508031.159,45.764,1800.0,3.0,10.6,normal
1697508031.661,44.79,1800.0,3.0,10.7,normal
1697508032.164,45.277,1800.0,3.0,10.6,normal
1697508032.669,44.303,600.0,5.0,10.6,normal
1697508033.174,44.79,1100.0,7.0,10.5,normal
1697508033.677,45.764,1800.0,28.4,10.5,normal
1697508034.179,45.764,1800.0,23.2,10.7,normal
1697508034.682,44.79,1800.0,3.5,10.7,normal
1697508035.185,45.764,1800.0,3.5,10.7,normal
1697508035.687,45.764,1800.0,4.0,10.7,normal
1697508036.19,44.79,1800.0,3.0,10.7,normal
1697508036.692,45.277,1800.0,4.0,10.7,normal
1697508037.195,46.251,1800.0,3.5,10.7,normal
1697508037.697,44.303,1800.0,3.0,10.7,normal
1697508038.2,45.277,1800.0,4.0,10.7,normal
1697508038.705,45.764,600.0,5.9,10.7,normal
1697508039.211,45.277,600.0,6.4,10.7,normal
1697508039.714,44.79,1800.0,25.5,10.3,normal
1697508040.217,45.764,1800.0,32.5,10.7,normal
1697508040.72,45.764,1800.0,3.5,10.7,normal
1697508041.222,45.277,1800.0,4.4,10.7,normal
1697508041.725,46.738,1800.0,3.0,10.7,normal
1697508042.227,45.764,1800.0,4.0,10.7,normal
1697508042.73,45.764,1800.0,4.5,10.7,normal
1697508043.232,44.79,1800.0,3.5,10.7,normal
1697508043.735,45.764,1800.0,3.5,10.7,normal
1697508044.237,46.251,1800.0,3.0,10.7,normal
1697508044.743,45.277,600.0,4.4,10.7,normal
1697508045.248,44.303,700.0,7.3,10.7,normal
1697508045.752,46.251,1800.0,27.1,10.5,normal
1697508046.254,45.277,1800.0,24.6,10.6,normal
1697508046.757,45.764,1800.0,3.0,10.6,normal
1697508047.259,45.764,1800.0,1.0,10.6,normal
1697508047.762,45.764,1800.0,3.0,10.6,normal
1697508048.264,45.764,1800.0,1.0,10.6,normal
1697508048.767,46.251,1800.0,5.4,10.7,normal
1697508049.269,45.277,1800.0,3.5,10.7,normal
1697508049.772,45.764,1800.0,3.0,10.7,normal
1697508050.275,44.79,1800.0,3.5,10.7,normal
1697508050.781,46.251,600.0,3.9,10.7,normal
1697508051.287,46.251,600.0,6.9,10.7,normal
1697508051.79,45.277,1800.0,24.0,10.4,normal
1697508052.294,46.251,1800.0,32.3,10.7,normal
1697508052.796,45.277,1800.0,4.4,10.7,normal
1697508053.299,46.738,1800.0,4.0,10.7,normal
1697508053.801,46.251,1800.0,3.5,10.7,normal
1697508054.304,45.277,1800.0,3.5,10.7,normal
1697508054.806,46.251,1800.0,5.9,10.7,normal
1697508055.309,45.764,1800.0,5.0,10.7,normal
1697508055.811,44.79,1800.0,3.0,10.7,normal
1697508056.314,47.225,1800.0,4.0,10.7,normal
1697508056.82,44.79,600.0,3.5,10.7,normal
1697508057.325,45.277,700.0,5.9,10.7,normal
1697508057.828,47.225,1800.0,13.6,10.0,normal
1697508058.331,47.712,1800.0,36.3,10.6,normal
1697508058.834,47.225,1800.0,8.5,10.6,normal
1697508059.337,46.738,1800.0,5.0,10.6,normal
1697508059.839,45.764,1800.0,4.0,10.6,normal
1697508060.342,45.764,1800.0,3.0,10.6,normal
1697508060.844,46.251,1800.0,4.0,10.7,normal
1697508061.347,46.251,1800.0,4.0,10.7,normal
1697508061.85,45.764,1800.0,3.5,10.7,normal
1697508062.352,46.251,1800.0,3.0,10.7,normal
1697508062.857,45.764,700.0,4.9,10.7,normal
1697508063.361,44.79,1100.0,4.0,10.7,normal
1697508063.863,46.738,1800.0,17.9,10.3,normal
1697508064.366,46.251,1800.0,36.8,10.7,normal
1697508064.869,46.251,1800.0,3.5,10.7,normal
1697508065.371,46.251,1800.0,3.0,10.7,normal
1697508065.874,46.251,1800.0,3.5,10.7,normal
1697508066.376,45.764,1800.0,3.5,10.7,normal
1697508066.879,46.251,1800.0,4.0,10.7,normal
1697508067.381,45.277,1800.0,3.5,10.7,normal
1697508067.884,45.277,1800.0,3.5,10.7,normal
1697508068.387,46.251,1800.0,3.5,10.7,normal
1697508068.891,44.79,800.0,4.0,10.7,normal
1697508069.395,45.277,800.0,5.0,10.7,normal
1697508069.899,46.738,1800.0,22.8,10.3,normal
1697508070.401,45.764,1800.0,31.7,10.6,normal
1697508070.904,45.277,1800.0,3.0,10.6,normal
1697508071.406,46.738,1800.0,3.5,10.6,normal
1697508071.909,45.277,1800.0,3.0,10.6,normal
1697508072.411,45.277,1800.0,3.5,10.6,normal
1697508072.914,46.251,1800.0,4.0,10.7,normal
1697508073.416,45.277,1800.0,3.0,10.7,normal
1697508073.919,45.764,1800.0,3.5,10.6,normal
1697508074.422,46.251,1800.0,4.9,10.7,normal
1697508074.925,45.277,1000.0,5.0,10.6,normal
1697508075.43,44.79,900.0,4.0,10.7,normal
1697508075.934,46.738,1800.0,26.4,10.4,normal
1697508076.436,46.251,1800.0,27.1,10.6,normal
1697508076.939,45.764,1800.0,5.0,10.6,normal
1697508077.442,46.251,1800.0,3.5,10.7,normal
1697508077.944,46.251,1800.0,2.5,10.7,normal
1697508078.447,45.764,1800.0,3.0,10.7,normal
1697508078.949,45.764,1800.0,3.5,10.7,normal
1697508079.452,46.251,1800.0,4.5,10.7,normal
1697508079.955,46.251,1800.0,3.0,10.7,normal
1697508080.457,46.251,1800.0,3.5,10.7,normal
1697508080.961,45.277,800.0,4.9,10.7,normal
1697508081.466,45.764,1100.0,8.5,9.7,normal
1697508081.969,46.738,1800.0,28.5,10.5,normal
1697508082.472,44.79,1800.0,22.5,10.7,normal
1697508082.974,45.277,1800.0,3.5,10.7,normal
1697508083.477,45.277,1800.0,13.9,10.7,normal
1697508083.979,45.764,1800.0,2.5,10.7,normal
1697508084.482,45.764,1800.0,4.5,10.7,normal
1697508084.984,45.764,1800.0,3.5,10.7,normal
1697508085.487,46.738,1800.0,4.0,10.7,normal
1697508085.99,44.79,1800.0,3.0,10.7,normal
1697508086.493,46.251,1800.0,4.0,10.7,normal
1697508086.998,44.303,800.0,4.9,10.7,normal
1697508087.503,45.277,700.0,4.5,10.7,normal
1697508088.006,46.251,1800.0,26.7,10.4,normal
1697508088.509,45.277,1800.0,27.8,10.7,normal
1697508089.011,45.764,1800.0,3.5,10.7,normal
1697508089.514,46.251,1800.0,3.4,10.7,normal
1697508090.017,46.738,1800.0,3.5,10.7,normal
1697508090.519,46.251,1800.0,3.0,10.7,normal
1697508091.022,45.277,1800.0,3.0,10.7,normal
1697508091.524,45.277,1800.0,3.5,10.7,normal
1697508092.027,46.251,1800.0,4.0,10.7,normal
1697508092.529,45.277,1800.0,3.0,10.7,normal
1697508093.035,44.79,600.0,4.0,10.7,normal
1697508093.541,44.79,600.0,5.0,10.7,normal
1697508094.044,46.251,1800.0,21.8,10.3,normal
1697508094.546,45.764,1800.0,34.2,10.6,normal
1697508095.049,46.251,1800.0,4.0,10.6,normal
1697508095.551,45.277,1800.0,3.0,10.6,normal
1697508096.054,45.764,1800.0,3.0,10.6,normal
1697508096.557,45.764,1800.0,4.0,10.6,normal
1697508097.059,45.764,1800.0,3.5,10.6,normal
1697508097.562,46.251,1800.0,3.0,10.6,normal
1697508098.064,45.764,1800.0,3.0,10.6,normal
1697508098.567,45.764,1800.0,4.9,10.6,normal
1697508099.072,45.764,700.0,4.0,10.6,normal
1697508099.577,45.277,600.0,5.4,10.6,normal
1697508100.08,45.764,1800.0,14.9,10.1,normal
1697508100.583,46.738,1800.0,38.5,10.6,normal
1697508101.086,45.277,1800.0,6.9,10.7,normal
1697508101.588,45.277,1800.0,3.0,10.7,normal
1697508102.091,45.764,1800.0,3.0,10.7,normal
1697508102.593,45.277,1800.0,3.5,10.7,normal
1697508103.096,44.303,1800.0,3.5,10.7,normal
1697508103.598,45.764,1800.0,3.0,10.7,normal
1697508104.101,45.764,1800.0,4.0,10.7,normal
1697508104.603,45.277,1800.0,3.0,10.7,normal
1697508105.109,45.277,600.0,4.5,10.7,normal
1697508105.615,44.303,600.0,4.9,10.7,normal
1697508106.122,44.303,600.0,6.5,10.6,normal
1697508106.625,46.251,1800.0,30.7,10.5,normal
1697508107.127,46.738,1800.0,23.5,10.7,normal
1697508107.63,46.738,1800.0,3.0,10.7,normal
1697508108.132,45.764,1800.0,3.0,10.7,normal
1697508108.635,45.764,1800.0,4.5,10.7,normal
1697508109.137,44.79,1800.0,4.5,10.7,normal
1697508109.64,45.764,1800.0,2.0,10.7,normal
1697508110.142,45.277,1800.0,3.0,10.7,normal
1697508110.645,45.277,1800.0,2.0,10.7,normal
1697508111.148,45.277,1800.0,2.5,10.7,normal
1697508111.653,44.303,600.0,3.5,10.7,normal
1697508112.157,46.251,1800.0,11.4,9.9,normal
1697508112.66,45.277,1800.0,31.5,10.6,normal
1697508113.163,46.251,1800.0,15.0,10.7,normal
1697508113.666,45.764,1800.0,3.5,10.7,normal
1697508114.168,45.764,1800.0,4.0,10.7,normal
1697508114.671,46.251,1800.0,3.5,10.7,normal
1697508115.174,45.764,1800.0,4.0,10.7,normal
1697508115.676,45.277,1800.0,4.5,10.7,normal
1697508116.179,45.277,1800.0,3.5,10.7,normal
1697508116.681,45.277,1800.0,3.0,10.7,normal
1697508117.186,45.764,700.0,3.0,10.7,normal
1697508117.691,44.79,600.0,5.9,10.7,normal
1697508118.197,45.277,600.0,4.5,10.6,normal
1697508118.699,45.764,1800.0,28.4,10.5,normal
1697508119.202,46.251,1800.0,27.4,10.7,normal
1697508119.705,45.277,1800.0,2.5,10.7,normal
1697508120.207,45.277,1800.0,3.5,10.7,normal
1697508120.71,45.764,1800.0,4.0,10.6,normal
1697508121.212,46.251,1800.0,4.0,10.6,normal
1697508121.715,45.764,1800.0,3.5,10.6,normal
1697508122.217,45.764,1800.0,4.0,10.6,normal
1697508122.72,45.764,1800.0,3.5,10.6,normal
1697508123.222,45.764,1800.0,3.9,10.6,normal
1697508123.728,44.79,600.0,5.0,10.6,normal
1697508124.231,44.79,1800.0,10.1,10.3,normal
1697508124.734,46.738,1800.0,28.7,10.5,normal
1697508125.236,46.738,1800.0,21.0,10.6,normal
1697508125.739,47.225,1800.0,3.5,10.6,normal
1697508126.242,44.79,1800.0,4.5,10.6,normal
1697508126.744,46.738,1800.0,3.0,10.6,normal
1697508127.247,45.277,1800.0,3.5,10.6,normal
1697508127.749,45.764,1800.0,2.5,10.6,normal
1697508128.252,46.251,1800.0,3.5,10.6,normal
1697508128.754,45.764,1800.0,4.5,10.6,normal
1697508129.259,45.764,700.0,4.0,10.7,normal
1697508129.765,45.277,600.0,5.4,10.7,normal
1697508130.271,46.251,600.0,5.5,10.7,normal
1697508130.774,44.79,1800.0,26.2,10.3,normal
1697508131.28,46.251,1800.0,30.3,10.6,normal
1697508131.782,45.277,1800.0,3.5,10.6,normal
1697508132.285,45.764,1800.0,3.5,10.6,normal
1697508132.788,45.764,1800.0,4.0,10.6,normal
1697508133.291,45.764,1800.0,3.5,10.6,normal
1697508133.793,45.764,1800.0,3.5,10.6,normal
1697508134.296,45.277,1800.0,3.0,10.6,normal
1697508134.798,45.764,1800.0,5.4,10.7,normal
1697508135.301,45.764,1800.0,3.5,10.7,normal
1697508135.806,45.277,700.0,3.5,10.7,normal
1697508136.311,44.79,800.0,4.0,10.7,normal
1697508136.813,45.764,1800.0,18.9,10.3,normal
1697508137.316,46.251,1800.0,36.2,10.7,normal
1697508137.819,45.277,1800.0,3.5,10.7,normal
1697508138.321,45.277,1800.0,3.0,10.7,normal
1697508138.824,44.79,1800.0,3.5,10.7,normal
1697508139.326,45.764,1800.0,4.5,10.7,normal
1697508139.829,45.277,1800.0,2.5,10.7,normal
1697508140.331,46.251,1800.0,3.5,10.7,normal
1697508140.834,45.277,1800.0,3.5,10.7,normal
1697508141.336,46.251,1800.0,4.5,10.7,normal
1697508141.841,45.277,800.0,3.5,10.7,normal
1697508142.346,45.764,600.0,2.0,10.7,normal
1697508142.85,46.251,1200.0,12.9,9.6,normal
1697508143.354,46.738,1800.0,28.4,10.5,normal
1697508143.857,46.738,1800.0,20.7,10.6,normal
1697508144.359,47.225,1800.0,4.9,10.6,normal
1697508144.862,46.738,1800.0,3.5,10.6,normal
1697508145.364,45.764,1800.0,0.0,10.6,normal
1697508145.867,45.277,1800.0,0.5,10.7,normal
1697508146.37,46.738,1800.0,6.9,10.7,normal
1697508146.872,45.764,1800.0,3.0,10.7,normal
1697508147.375,46.251,1800.0,4.9,10.7,normal
1697508147.877,45.764,1800.0,3.0,10.7,normal
1697508148.381,45.277,900.0,5.4,10.7,normal
1697508148.884,45.277,1800.0,13.1,10.2,normal
1697508149.388,45.764,1800.0,38.3,10.7,normal
1697508149.89,45.764,1800.0,7.0,10.7,normal
1697508150.393,45.764,1800.0,3.5,10.7,normal
1697508150.896,45.764,1800.0,2.5,10.7,normal
1697508151.398,46.251,1800.0,3.0,10.7,normal
1697508151.901,45.764,1800.0,3.0,10.7,normal
1697508152.403,45.764,1800.0,2.5,10.7,normal
1697508152.906,46.251,1800.0,2.5,10.7,normal
1697508153.408,46.251,1800.0,3.0,10.7,normal
1697508153.912,46.251,1100.0,4.5,10.7,normal
1697508154.416,46.251,900.0,5.4,10.7,normal
1697508154.919,44.79,1800.0,6.5,10.3,normal
1697508155.423,47.225,1800.0,28.4,10.5,normal
1697508155.926,45.764,1800.0,21.6,10.6,normal
1697508156.428,45.277,1800.0,3.5,10.6,normal
1697508156.931,45.277,1800.0,3.5,10.6,normal
1697508157.433,44.79,1800.0,3.0,10.6,normal
1697508157.936,45.764,1800.0,4.5,10.6,normal
1697508158.438,45.764,1800.0,3.5,10.6,normal
1697508158.941,45.764,1800.0,2.5,10.6,normal
1697508159.444,45.764,1800.0,4.5,10.6,normal
1697508159.948,44.79,800.0,3.5,10.7,normal
1697508160.452,45.764,1100.0,4.9,10.7,normal
1697508160.956,45.277,800.0,3.0,10.7,normal
1697508161.459,46.251,1800.0,26.6,10.3,normal
1697508161.962,45.277,1800.0,29.0,10.6,normal
1697508162.465,46.251,1800.0,4.0,10.6,normal
1697508162.967,45.764,1800.0,3.5,10.6,normal
1697508163.47,45.277,1800.0,2.5,10.6,normal
1697508163.972,45.277,1800.0,3.5,10.6,normal
1697508164.475,45.277,1800.0,4.5,10.6,normal
1697508164.977,45.277,1800.0,3.0,10.6,normal
1697508165.48,45.277,1800.0,2.5,10.7,normal
1697508165.982,44.79,1800.0,2.0,10.7,normal
1697508166.488,44.79,600.0,5.0,10.7,normal
1697508166.993,45.764,800.0,5.4,10.7,normal
1697508167.496,45.277,1800.0,19.5,10.2,normal
1697508167.998,46.251,1800.0,35.3,10.6,normal
1697508168.501,45.277,1800.0,1.0,10.6,normal
1697508169.004,45.277,1800.0,5.9,10.6,normal
1697508169.506,45.764,1800.0,1.5,10.6,normal
1697508170.009,45.764,1800.0,1.5,10.6,normal
1697508170.511,45.764,1800.0,3.5,10.7,normal
1697508171.014,46.251,1800.0,3.5,10.7,normal
1697508171.516,45.277,1800.0,2.5,10.7,normal
1697508172.019,45.277,1800.0,3.0,10.7,normal
1697508172.525,45.764,600.0,5.0,10.7,normal
1697508173.03,44.79,700.0,5.0,10.7,normal
1697508173.534,45.764,1800.0,23.3,10.4,normal
1697508174.036,46.738,1800.0,31.5,10.7,normal
1697508174.539,45.764,1800.0,3.0,10.7,normal
1697508175.042,46.251,1800.0,4.0,10.7,normal
1697508175.544,45.277,1800.0,4.5,10.7,normal
1697508176.047,45.277,1800.0,3.5,10.7,normal
1697508176.549,45.764,1800.0,3.0,10.7,normal
1697508177.052,45.277,1800.0,3.0,10.7,normal
1697508177.554,45.764,1800.0,5.0,10.7,normal
1697508178.057,45.277,1800.0,3.5,10.7,normal
1697508178.562,45.764,600.0,4.5,10.7,normal
1697508179.068,44.79,600.0,6.4,10.7,normal
1697508179.571,45.277,1800.0,18.3,10.2,normal
1697508180.074,45.764,1800.0,36.5,10.6,normal
1697508180.576,45.764,1800.0,4.0,10.6,normal
1697508181.079,46.251,1800.0,3.5,10.6,normal
1697508181.581,45.277,1800.0,4.5,10.6,normal
1697508182.084,45.764,1800.0,3.0,10.6,normal
1697508182.586,45.764,1800.0,3.0,10.6,normal
1697508183.089,44.303,1800.0,3.5,10.6,normal
1697508183.591,45.277,1800.0,3.5,10.6,normal
1697508184.094,45.764,1800.0,4.9,10.7,normal
1697508184.599,45.277,600.0,3.0,10.7,normal
1697508185.105,44.303,600.0,4.5,10.7,normal
1697508185.608,46.251,1800.0,10.0,9.7,normal
1697508186.111,45.277,1800.0,29.4,10.5,normal
1697508186.613,45.277,1800.0,19.6,10.7,normal
1697508187.116,45.277,1800.0,3.9,10.7,normal
1697508187.618,46.251,1800.0,3.0,10.7,normal
1697508188.121,45.277,1800.0,4.0,10.7,normal
1697508188.623,45.764,1800.0,3.0,10.7,normal
1697508189.126,44.79,1800.0,4.0,10.7,normal
1697508189.628,45.277,1800.0,4.0,10.7,normal
1697508190.131,45.764,1800.0,4.0,10.7,normal
1697508190.635,45.764,800.0,3.9,10.7,normal
1697508191.141,45.277,600.0,5.4,10.7,normal
1697508191.644,45.277,1800.0,14.4,10.1,normal
1697508192.147,47.225,1800.0,37.4,10.6,normal
1697508192.649,46.251,1800.0,5.5,10.7,normal
1697508193.152,45.277,1800.0,3.0,10.7,normal
1697508193.654,46.251,1800.0,2.5,10.7,normal
1697508194.157,45.764,1800.0,3.0,10.7,normal
1697508194.66,44.79,1800.0,3.0,10.7,normal
1697508195.162,45.277,1800.0,2.5,10.7,normal
1697508195.665,45.277,1800.0,3.5,10.7,normal
1697508196.167,45.764,1800.0,3.5,10.7,normal
1697508196.672,45.764,700.0,3.0,10.7,normal
1697508197.178,44.303,600.0,4.4,10.7,normal
1697508197.68,46.738,1800.0,20.5,10.3,normal
1697508198.183,45.277,1800.0,34.2,10.6,normal
1697508198.686,46.251,1800.0,5.0,10.6,normal
1697508199.188,45.277,1800.0,4.0,10.6,normal
1697508199.691,45.277,1800.0,3.5,10.6,normal
1697508200.193,46.251,1800.0,2.5,10.6,normal
1697508200.696,45.764,1800.0,4.5,10.6,normal
1697508201.198,45.764,1800.0,3.5,10.6,normal
1697508201.701,44.79,1800.0,3.5,10.6,normal
1697508202.203,45.764,1800.0,3.0,10.6,normal
1697508202.709,45.764,600.0,4.0,10.6,normal
1697508203.214,45.277,600.0,5.0,10.6,normal
1697508203.718,45.277,1800.0,15.0,10.2,normal
1697508204.221,46.251,1800.0,39.1,10.6,normal
1697508204.723,45.277,1800.0,6.9,10.7,normal
1697508205.226,46.251,1800.0,3.0,10.7,normal
1697508205.728,45.764,1800.0,4.0,10.7,normal
1697508206.231,46.251,1800.0,3.0,10.7,normal
1697508206.733,45.764,1800.0,3.5,10.7,normal
1697508207.236,45.764,1800.0,4.0,10.7,normal
1697508207.738,45.277,1800.0,4.0,10.7,normal
1697508208.241,45.764,1800.0,3.5,10.7,normal
1697508208.746,45.277,700.0,3.5,10.7,normal
1697508209.252,45.277,600.0,7.4,10.6,normal
1697508209.758,45.764,600.0,8.8,10.5,normal
1697508210.26,45.764,1800.0,28.4,10.6,normal
1697508210.763,46.738,1800.0,22.0,10.7,normal
1697508211.265,45.277,1800.0,3.0,10.7,normal
1697508211.768,44.303,1800.0,4.0,10.7,normal
1697508212.271,45.764,1800.0,3.0,10.7,normal
1697508212.773,45.277,1800.0,3.5,10.7,normal
1697508213.276,46.251,1800.0,3.5,10.7,normal
1697508213.779,45.764,1800.0,4.0,10.7,normal
1697508214.282,45.764,1800.0,4.5,10.7,normal
1697508214.787,45.277,700.0,3.0,10.7,normal
1697508215.292,45.764,675.0,4.5,10.7,normal
1697508215.798,45.277,600.0,6.9,10.7,normal
1697508216.301,46.738,1800.0,27.4,10.4,normal
1697508216.804,46.251,1800.0,28.0,10.6,normal
1697508217.307,45.277,1800.0,3.5,10.6,normal
1697508217.81,46.251,1800.0,4.0,10.7,normal
1697508218.312,45.764,1800.0,4.0,10.7,normal
1697508218.815,46.738,1800.0,3.0,10.7,normal
1697508219.317,45.764,1800.0,4.0,10.7,normal
1697508219.82,46.251,1800.0,3.0,10.7,normal
1697508220.323,46.251,1800.0,4.0,10.7,normal
1697508220.825,45.764,1800.0,4.0,10.7,normal
1697508221.329,44.79,900.0,5.0,10.7,normal
1697508221.833,44.303,1200.0,8.4,10.3,normal
1697508222.336,45.764,1800.0,28.7,10.5,normal
1697508222.839,45.277,1800.0,23.3,10.7,normal
1697508223.341,44.79,1800.0,3.5,10.7,normal
1697508223.844,46.738,1800.0,4.5,10.7,normal
1697508224.346,45.764,1800.0,4.5,10.7,normal
1697508224.849,46.738,1800.0,3.4,10.7,normal
1697508225.352,46.738,1800.0,1.5,10.7,normal
1697508225.854,45.764,1800.0,3.0,10.7,normal
1697508226.357,45.277,1800.0,6.0,10.7,normal
1697508226.859,46.251,1800.0,2.5,10.7,normal
1697508227.365,44.79,600.0,3.0,10.7,normal
1697508227.868,45.764,1800.0,11.1,10.1,normal
1697508228.371,45.764,1800.0,32.2,10.6,normal
1697508228.874,45.764,1800.0,15.0,10.6,normal
1697508229.377,45.764,1800.0,4.0,10.6,normal
1697508229.879,45.277,1800.0,3.5,10.6,normal
1697508230.382,45.277,1800.0,4.4,10.6,normal
1697508230.884,45.277,1800.0,3.5,10.6,normal
1697508231.387,45.277,1800.0,3.5,10.6,normal
1697508231.889,45.764,1800.0,4.4,10.6,normal
1697508232.392,45.277,1800.0,4.0,10.6,normal
1697508232.896,46.251,800.0,3.0,10.6,normal
1697508233.401,44.79,800.0,4.5,10.6,normal
1697508233.903,45.764,1800.0,16.0,10.1,normal
1697508234.406,46.251,1800.0,38.3,10.6,normal
1697508234.909,45.764,1800.0,3.0,10.7,normal
1697508235.411,45.277,1800.0,4.5,10.7,normal
1697508235.914,46.251,1800.0,3.0,10.7,normal
1697508236.416,45.764,1800.0,2.0,10.7,normal
1697508236.919,46.738,1800.0,3.0,10.7,normal
1697508237.422,45.277,1800.0,3.0,10.7,normal
1697508237.924,45.277,1800.0,3.0,10.7,normal
1697508238.427,45.764,1800.0,3.5,10.7,normal
1697508238.93,45.764,1100.0,5.0,10.7,normal
1697508239.434,44.79,1000.0,5.4,10.7,normal
1697508239.937,46.251,1800.0,8.5,9.6,normal
1697508240.44,46.251,1800.0,28.6,10.5,normal
1697508240.943,45.277,1800.0,21.1,10.6,normal
1697508241.445,45.764,1800.0,4.5,10.6,normal
1697508241.948,45.764,1800.0,3.0,10.6,normal
1697508242.45,46.251,1800.0,3.0,10.6,normal
1697508242.953,45.764,1800.0,3.5,10.6,normal
1697508243.455,46.251,1800.0,3.4,10.6,normal
1697508243.958,45.277,1800.0,3.5,10.6,normal
1697508244.461,46.251,1800.0,4.0,10.6,normal
1697508244.965,45.277,700.0,4.4,10.6,normal
1697508245.47,44.79,800.0,4.0,10.7,normal
1697508245.973,45.764,1800.0,14.1,10.1,normal
1697508246.476,45.764,1800.0,35.3,10.6,normal
1697508246.978,45.277,1800.0,10.9,10.6,normal
1697508247.481,45.764,1800.0,4.0,10.6,normal
1697508247.984,46.251,1800.0,3.5,10.6,normal
1697508248.486,45.764,1800.0,3.5,10.6,normal
1697508248.989,44.79,1800.0,3.5,10.6,normal
1697508249.491,45.277,1800.0,4.5,10.6,normal
1697508249.994,45.764,1800.0,3.0,10.6,normal
1697508250.496,46.251,1800.0,3.9,10.7,normal
1697508251.001,46.251,700.0,5.9,10.7,normal
1697508251.507,45.764,600.0,4.5,10.7,normal
1697508252.012,46.251,700.0,5.4,10.6,normal
1697508252.515,45.764,1800.0,28.7,10.5,normal
1697508253.018,46.738,1800.0,24.6,10.7,normal
1697508253.52,45.764,1800.0,3.5,10.7,normal
1697508254.023,46.251,1800.0,3.5,10.7,normal
1697508254.525,45.764,1800.0,3.5,10.7,normal
1697508255.028,45.764,1800.0,3.5,10.7,normal
1697508255.53,45.764,1800.0,3.5,10.7,normal
1697508256.033,45.277,1800.0,2.5,10.7,normal
1697508256.536,45.277,1800.0,4.0,10.7,normal
1697508257.039,44.79,1800.0,5.4,10.7,normal
1697508257.544,45.764,700.0,3.5,10.7,normal
1697508258.05,44.79,600.0,4.5,10.7,normal
1697508258.553,46.251,1800.0,22.5,10.2,normal
1697508259.056,46.251,1800.0,34.7,10.6,normal
1697508259.558,46.251,1800.0,3.5,10.6,normal
1697508260.061,45.764,1800.0,3.5,10.6,normal
1697508260.563,46.251,1800.0,3.0,10.6,normal
1697508261.066,45.277,1800.0,4.5,10.6,normal
1697508261.568,45.764,1800.0,3.5,10.6,normal
1697508262.071,45.277,1800.0,3.0,10.6,normal
1697508262.574,45.277,1800.0,3.5,10.6,normal
1697508263.076,45.277,1800.0,3.0,10.6,normal
1697508263.581,44.303,600.0,2.5,10.6,normal
1697508264.084,45.277,1800.0,7.5,10.6,normal
1697508264.587,45.764,1800.0,13.6,10.2,normal
1697508265.09,45.277,1800.0,38.4,10.5,normal
1697508265.592,46.251,1800.0,3.0,10.6,normal
1697508266.095,45.764,1800.0,4.0,10.6,normal
1697508266.597,44.79,1800.0,3.0,10.6,normal
1697508267.1,45.764,1800.0,4.0,10.6,normal
1697508267.602,45.764,1800.0,3.5,10.6,normal
1697508268.105,45.764,1800.0,3.0,10.6,normal
1697508268.607,45.764,1800.0,3.0,10.7,normal
1697508269.112,45.764,800.0,5.9,10.7,normal
1697508269.617,44.79,600.0,4.4,10.7,normal
1697508270.123,45.764,600.0,4.4,10.7,normal
1697508270.626,46.251,1800.0,22.4,10.2,normal
1697508271.129,46.251,1800.0,35.6,10.6,normal
1697508271.631,46.251,1800.0,3.0,10.6,normal
1697508272.134,44.79,1800.0,3.0,10.6,normal
1697508272.637,45.277,1800.0,4.0,10.6,normal
1697508273.139,46.251,1800.0,3.5,10.6,normal
1697508273.642,45.764,1800.0,3.0,10.6,normal
1697508274.144,45.764,1800.0,4.0,10.6,normal
1697508274.647,46.251,1800.0,3.5,10.6,normal
1697508275.149,46.251,1800.0,3.0,10.7,normal
1697508275.654,44.79,600.0,3.5,10.7,normal
1697508276.16,44.79,600.0,4.4,10.7,normal
1697508276.664,44.79,1800.0,24.4,10.4,normal
1697508277.167,44.79,1800.0,29.5,10.6,normal
1697508277.669,45.764,1800.0,3.0,10.6,normal
1697508278.172,45.764,1800.0,2.5,10.6,normal
1697508278.674,44.303,1800.0,2.5,10.6,normal
1697508279.177,45.764,1800.0,4.0,10.6,normal
1697508279.679,45.277,1800.0,3.5,10.6,normal
1697508280.182,46.251,1800.0,4.0,10.6,normal
1697508280.684,45.277,1800.0,3.5,10.6,normal
1697508281.187,46.738,1800.0,3.0,10.6,normal
1697508281.692,46.251,600.0,4.5,10.6,normal
1697508282.198,45.277,600.0,4.5,10.6,normal
1697508282.701,45.277,1800.0,29.2,10.5,normal
1697508283.204,46.251,1800.0,26.3,10.7,normal
1697508283.707,46.251,1800.0,4.0,10.7,normal
1697508284.209,45.277,1800.0,4.5,10.7,normal
1697508284.712,45.277,1800.0,3.5,10.7,normal
1697508285.214,45.764,1800.0,4.0,10.7,normal
1697508285.717,45.764,1800.0,4.5,10.6,normal
1697508286.219,46.251,1800.0,5.0,10.6,normal
1697508286.722,45.277,1800.0,2.5,10.6,normal
1697508287.225,45.277,1800.0,3.0,10.6,normal
1697508287.73,45.764,600.0,3.5,10.6,normal
1697508288.236,45.764,800.0,4.0,10.6,normal
1697508288.739,45.764,1800.0,22.9,10.3,normal
1697508289.241,45.277,1800.0,35.0,10.7,normal
1697508289.744,46.251,1800.0,4.0,10.7,normal
1697508290.246,46.251,1800.0,3.0,10.7,normal
1697508290.749,46.738,1800.0,3.0,10.7,normal
1697508291.251,45.277,1800.0,3.0,10.7,normal
1697508291.754,45.277,1800.0,4.0,10.7,normal
1697508292.256,45.764,1800.0,3.0,10.7,normal
1697508292.759,46.738,1800.0,3.5,10.7,normal
1697508293.262,44.79,1800.0,3.0,10.7,normal
1697508293.767,44.79,600.0,3.0,10.7,normal
1697508294.273,45.277,600.0,5.4,10.7,normal
1697508294.777,47.225,1800.0,27.4,10.5,normal
1697508295.28,46.251,1800.0,29.5,10.7,normal
1697508295.783,45.764,1800.0,4.0,10.7,normal
1697508296.286,45.277,1800.0,2.5,10.7,normal
1697508296.788,45.764,1800.0,5.0,10.7,normal
1697508297.291,45.277,1800.0,4.0,10.7,normal
1697508297.793,45.764,1800.0,3.0,10.7,normal
1697508298.296,45.277,1800.0,2.0,10.7,normal
1697508298.799,45.764,1800.0,5.4,10.7,normal
1697508299.304,45.764,1800.0,3.9,10.7,normal
1697508299.81,45.764,600.0,3.0,10.7,normal
1697508300.315,45.277,600.0,5.9,10.7,normal
1697508300.818,46.738,1800.0,20.5,10.4,normal
1697508301.321,47.225,1800.0,36.2,10.7,normal
1697508301.823,46.251,1800.0,3.5,10.7,normal
1697508302.326,46.738,1800.0,3.5,10.7,normal
1697508302.829,46.738,1800.0,4.0,10.7,normal
1697508303.331,46.251,1800.0,3.5,10.7,normal
1697508303.834,45.277,1800.0,3.5,10.7,normal
1697508304.341,47.225,1800.0,4.4,10.7,normal
1697508304.843,45.277,1800.0,3.0,10.7,normal
1697508305.346,45.764,1800.0,3.5,10.7,normal
1697508305.85,45.277,800.0,4.0,10.7,normal
1697508306.355,45.277,700.0,3.5,10.7,normal
1697508306.858,45.764,1800.0,24.1,10.4,normal
1697508307.361,46.251,1800.0,31.3,10.7,normal
1697508307.864,45.277,1800.0,4.0,10.7,normal
1697508308.366,45.764,1800.0,3.5,10.7,normal
1697508308.869,44.79,1800.0,3.5,10.7,normal
1697508309.376,45.764,1800.0,4.9,10.7,normal
1697508309.878,45.764,1800.0,3.9,10.7,normal
1697508310.381,45.764,1800.0,3.5,10.7,normal
1697508310.883,45.277,1800.0,3.0,10.7,normal
1697508311.386,45.764,1800.0,3.5,10.7,normal
1697508311.889,45.277,1200.0,5.4,10.7,normal
1697508312.393,45.277,900.0,4.5,10.7,normal
1697508312.896,45.764,1800.0,25.5,10.4,normal
1697508313.399,46.251,1800.0,27.6,10.6,normal
1697508313.901,45.277,1800.0,3.0,10.6,normal
1697508314.404,45.277,1800.0,4.5,10.7,normal
1697508314.907,45.277,1800.0,3.5,10.7,normal
1697508315.409,45.277,1800.0,4.0,10.7,normal
1697508315.912,44.79,1800.0,2.5,10.7,normal
1697508316.414,45.277,1800.0,3.5,10.7,normal
1697508316.917,46.251,1800.0,3.0,10.7,normal
1697508317.419,45.764,1800.0,2.5,10.7,normal
1697508317.923,45.277,1100.0,5.0,10.7,normal
1697508318.427,44.79,1000.0,4.0,10.7,normal
1697508318.93,45.277,1800.0,18.2,10.3,normal
1697508319.432,46.738,1800.0,37.6,10.6,normal
1697508319.935,45.764,1800.0,3.5,10.7,normal
1697508320.437,45.764,1800.0,2.5,10.7,normal
1697508320.94,46.251,1800.0,3.5,10.7,normal
1697508321.442,45.764,1800.0,3.0,10.7,normal
1697508321.945,45.764,1800.0,3.5,10.7,normal
1697508322.447,45.764,1800.0,4.5,10.7,normal
1697508322.95,44.303,1800.0,3.0,10.7,normal
1697508323.453,45.277,1800.0,3.0,10.7,normal
1697508323.957,44.79,700.0,3.5,10.7,normal
1697508324.462,45.277,900.0,5.4,10.7,normal
1697508324.965,45.277,1800.0,21.8,10.3,normal
1697508325.467,46.738,1800.0,33.5,10.6,normal
1697508325.97,45.764,1800.0,3.0,10.6,normal
1697508326.472,46.251,1800.0,3.5,10.6,normal
1697508326.975,45.764,1800.0,2.5,10.6,normal
1697508327.477,45.764,1800.0,4.5,10.6,normal
1697508327.98,45.277,1800.0,3.0,10.6,normal
1697508328.482,45.277,1800.0,4.0,10.6,normal
1697508328.985,45.764,1800.0,3.0,10.6,normal
1697508329.487,45.764,1800.0,4.0,10.6,normal
1697508329.992,45.764,800.0,4.9,10.7,normal
1697508330.496,44.79,900.0,5.5,10.6,normal
1697508331.0,45.277,1800.0,25.9,10.4,normal
1697508331.503,45.764,1800.0,27.0,10.7,normal
1697508332.005,46.251,1800.0,3.0,10.7,normal
1697508332.508,47.225,1800.0,4.4,10.7,normal
1697508333.011,46.738,1800.0,3.0,10.7,normal
1697508333.513,46.251,1800.0,3.0,10.7,normal
1697508334.016,45.764,1800.0,3.0,10.7,normal
1697508334.518,45.764,1800.0,4.4,10.7,normal
1697508335.021,46.738,1800.0,4.0,10.7,normal
1697508335.523,45.764,1800.0,3.0,10.7,normal
1697508336.029,46.251,600.0,4.5,10.7,normal
1697508336.533,44.79,1000.0,7.5,10.1,normal
1697508337.036,45.764,1800.0,29.7,10.6,normal
1697508337.539,46.251,1800.0,22.8,10.7,normal
1697508338.041,45.277,1800.0,3.0,10.7,normal
1697508338.544,45.764,1800.0,3.5,10.7,normal
1697508339.046,46.738,1800.0,4.5,10.7,normal
1697508339.549,44.79,1800.0,3.5,10.7,normal
1697508340.051,45.764,1800.0,2.5,10.7,normal
1697508340.554,45.764,1800.0,3.5,10.7,normal
1697508341.056,45.277,1800.0,4.0,10.7,normal
1697508341.559,46.251,1800.0,3.5,10.7,normal
1697508342.065,45.277,600.0,3.5,10.7,normal
1697508342.571,45.764,600.0,4.4,10.7,normal
1697508343.074,45.277,1800.0,25.2,10.4,normal
1697508343.577,46.251,1800.0,33.0,10.7,normal
1697508344.08,46.251,1800.0,5.0,10.7,normal
1697508344.583,44.79,1800.0,3.5,10.7,normal
1697508345.085,46.251,1800.0,3.0,10.7,normal
1697508345.588,45.764,1800.0,3.5,10.7,normal
1697508346.09,45.277,1800.0,2.5,10.7,normal
1697508346.593,46.251,1800.0,3.5,10.7,normal
1697508347.095,45.764,1800.0,2.0,10.7,normal
1697508347.598,45.764,1800.0,3.9,10.7,normal
1697508348.104,45.277,600.0,5.0,10.7,normal
1697508348.608,44.79,900.0,6.8,10.7,normal
1697508349.111,46.251,1800.0,28.1,10.4,normal
1697508349.614,46.251,1800.0,26.5,10.6,normal
1697508350.116,45.764,1800.0,4.0,10.6,normal
1697508350.619,45.764,1800.0,3.5,10.6,normal
1697508351.122,46.738,1800.0,3.5,10.6,normal
1697508351.624,45.277,1800.0,3.5,10.6,normal
1697508352.127,44.79,1800.0,4.5,10.6,normal
1697508352.629,45.277,1800.0,4.0,10.7,normal
1697508353.132,45.764,1800.0,3.5,10.7,normal
1697508353.634,45.277,1800.0,3.5,10.7,normal
1697508354.139,44.303,700.0,6.4,10.7,normal
1697508354.645,45.764,600.0,5.4,10.7,normal
1697508355.148,46.251,1800.0,20.4,10.3,normal
1697508355.651,45.764,1800.0,35.0,10.6,normal
1697508356.153,46.738,1800.0,3.5,10.6,normal
1697508356.656,45.764,1800.0,4.5,10.6,normal
1697508357.158,45.277,1800.0,3.0,10.6,normal
1697508357.661,46.251,1800.0,3.5,10.6,normal
1697508358.163,45.764,1800.0,3.0,10.6,normal
1697508358.666,44.79,1800.0,4.5,10.6,normal
1697508359.168,45.764,1800.0,3.5,10.6,normal
1697508359.671,45.277,1800.0,3.5,10.6,normal
1697508360.176,45.764,600.0,2.0,10.6,normal
1697508360.682,45.277,600.0,4.9,10.6,normal
1697508361.185,45.764,1800.0,15.7,10.1,normal
1697508361.688,46.738,1800.0,36.8,10.6,normal
1697508362.191,45.277,1800.0,8.0,10.7,normal
1697508362.693,45.764,1800.0,3.0,10.7,normal
1697508363.196,45.277,1800.0,3.5,10.7,normal
1697508363.698,46.251,1800.0,3.5,10.7,normal
1697508364.201,46.738,1800.0,4.5,10.7,normal
1697508364.703,44.79,1800.0,2.5,10.7,normal
1697508365.206,45.277,1800.0,4.0,10.7,normal
1697508365.709,45.277,1800.0,2.5,10.7,normal
1697508366.213,44.79,700.0,3.0,10.7,normal
1697508366.719,45.277,600.0,5.4,10.7,normal
1697508367.222,45.277,1800.0,19.4,10.4,normal
1697508367.725,45.764,1800.0,34.3,10.7,normal
1697508368.227,46.251,1800.0,3.5,10.7,normal
1697508368.73,45.277,1800.0,3.5,10.7,normal
1697508369.232,46.251,1800.0,5.4,10.7,normal
1697508369.735,45.277,1800.0,4.0,10.7,normal
1697508370.238,45.277,1800.0,3.9,10.7,normal
1697508370.74,45.277,1800.0,3.5,10.7,normal
1697508371.243,44.79,1800.0,5.0,10.7,normal
1697508371.745,45.764,1800.0,3.5,10.7,normal
1697508372.251,45.764,600.0,3.0,10.7,normal
1697508372.756,44.303,600.0,4.4,10.7,normal
1697508373.26,45.764,1800.0,24.1,10.5,normal
1697508373.762,46.251,1800.0,30.8,10.7,normal
1697508374.265,45.764,1800.0,4.0,10.7,normal
1697508374.767,45.764,1800.0,3.0,10.7,normal
1697508375.27,45.277,1800.0,3.0,10.7,normal
1697508375.773,45.277,1800.0,3.5,10.7,normal
1697508376.275,45.277,1800.0,4.0,10.7,normal
1697508376.778,45.277,1800.0,4.0,10.7,normal
1697508377.281,45.277,1800.0,3.5,10.7,normal
1697508377.784,45.764,1800.0,5.4,10.7,normal
1697508378.29,45.277,600.0,4.0,10.7,normal
1697508378.796,44.79,600.0,5.4,10.7,normal
1697508379.299,45.764,1800.0,27.9,10.5,normal
1697508379.802,46.738,1800.0,29.1,10.7,normal
1697508380.304,46.738,1800.0,3.5,10.7,normal
1697508380.807,45.764,1800.0,3.5,10.7,normal
1697508381.31,46.738,1800.0,2.5,10.7,normal
1697508381.812,46.251,1800.0,4.0,10.7,normal
1697508382.315,46.251,1800.0,3.0,10.7,normal
1697508382.817,46.251,1800.0,2.5,10.7,normal
1697508383.32,46.251,1800.0,3.5,10.7,normal
1697508383.822,44.303,1800.0,3.5,10.7,normal
1697508384.328,46.251,600.0,6.4,10.7,normal
1697508384.834,44.79,600.0,5.9,10.6,normal
1697508385.337,45.764,1800.0,27.5,10.5,normal
1697508385.84,45.764,1800.0,21.5,10.7,normal
1697508386.342,46.738,1800.0,2.5,10.7,normal
1697508386.845,45.277,1800.0,5.5,10.7,normal
1697508387.347,45.764,1800.0,4.4,10.7,normal
1697508387.85,44.79,1800.0,2.0,10.7,normal
1697508388.352,46.738,1800.0,4.0,10.7,normal
1697508388.855,44.79,1800.0,3.5,10.7,normal
1697508389.358,45.277,1800.0,4.5,10.7,normal
1697508389.86,47.712,1800.0,3.5,10.7,normal
1697508390.366,44.303,600.0,5.0,10.7,normal
1697508390.87,44.79,800.0,4.5,10.7,normal
1697508391.374,45.277,1800.0,23.4,10.5,normal
1697508391.876,45.764,1800.0,29.6,10.7,normal
1697508392.379,46.251,1800.0,4.0,10.7,normal
1697508392.881,45.764,1800.0,4.0,10.7,normal
1697508393.384,45.277,1800.0,3.9,10.7,normal
1697508393.886,46.251,1800.0,3.0,10.7,normal
1697508394.389,45.277,1800.0,5.4,10.7,normal
1697508394.891,44.79,1800.0,3.0,10.7,normal
1697508395.394,46.738,1800.0,4.0,10.7,normal
1697508395.897,45.277,1800.0,3.5,10.7,normal
1697508396.4,44.79,1000.0,5.9,10.7,normal
1697508396.904,44.79,1100.0,4.5,10.7,normal
1697508397.407,45.277,1800.0,16.9,10.3,normal
1697508397.91,46.251,1800.0,37.2,10.6,normal
1697508398.412,46.251,1800.0,4.5,10.7,normal
1697508398.915,46.738,1800.0,4.0,10.7,normal
1697508399.417,45.764,1800.0,3.5,10.7,normal
1697508399.92,45.277,1800.0,3.0,10.7,normal
1697508400.423,45.764,1800.0,4.0,10.7,normal
1697508400.925,45.277,1800.0,3.0,10.7,normal
1697508401.428,45.277,1800.0,3.5,10.7,normal
1697508401.93,46.251,1800.0,2.5,10.7,normal
1697508402.434,45.277,1000.0,3.5,10.7,normal
1697508402.937,45.764,1200.0,5.0,10.7,normal
1697508403.44,45.277,1800.0,20.0,10.3,normal
1697508403.943,46.738,1800.0,34.5,10.7,normal
1697508404.445,45.764,1800.0,4.5,10.7,normal
1697508404.948,46.251,1800.0,3.5,10.7,normal
1697508405.45,46.251,1800.0,0.5,10.7,normal
1697508405.953,45.277,1800.0,5.0,10.7,normal
1697508406.455,45.764,1800.0,1.0,10.7,normal
1697508406.958,45.277,1800.0,4.5,10.7,normal
1697508407.46,45.764,1800.0,1.5,10.7,normal
1697508407.963,45.277,1800.0,3.0,10.7,normal
1697508408.468,45.764,700.0,3.0,10.7,normal
1697508408.972,44.79,1100.0,8.4,10.7,normal
1697508409.474,45.764,1800.0,15.4,10.1,normal
1697508409.978,46.738,1800.0,34.3,10.6,normal
1697508410.481,45.277,1800.0,11.1,10.6,normal
1697508410.983,46.251,1800.0,3.0,10.6,normal
1697508411.486,45.277,1800.0,3.5,10.7,normal
1697508411.988,45.764,1800.0,3.5,10.7,normal
1697508412.491,45.764,1800.0,3.5,10.7,normal
1697508412.993,45.277,1800.0,3.5,10.7,normal
1697508413.496,45.764,1800.0,4.0,10.7,normal
1697508413.999,45.277,1800.0,3.5,10.7,normal
1697508414.503,46.251,700.0,4.5,10.7,normal
1697508415.009,46.251,600.0,4.9,10.7,normal
1697508415.512,46.738,1800.0,17.0,10.3,normal
1697508416.015,46.738,1800.0,38.5,10.6,normal
1697508416.518,45.277,1800.0,3.0,10.7,normal
1697508417.02,46.738,1800.0,2.0,10.7,normal
1697508417.523,46.738,1800.0,4.0,10.7,normal
1697508418.025,46.251,1800.0,4.0,10.7,normal
1697508418.528,45.277,1800.0,3.5,10.6,normal
1697508419.031,45.764,1800.0,5.0,10.6,normal
1697508419.533,44.79,1800.0,3.0,10.7,normal
1697508420.036,46.251,1800.0,4.5,10.6,normal
1697508420.541,45.764,600.0,4.4,10.7,normal
1697508421.047,44.79,600.0,6.0,10.7,normal
1697508421.55,45.764,1800.0,19.9,10.3,normal
1697508422.053,46.738,1800.0,36.8,10.7,normal
1697508422.555,46.251,1800.0,3.4,10.7,normal
1697508423.058,45.764,1800.0,2.5,10.7,normal
1697508423.56,45.277,1800.0,3.0,10.7,normal
1697508424.063,45.277,1800.0,4.5,10.7,normal
1697508424.565,45.764,1800.0,4.0,10.7,normal
1697508425.068,46.251,1800.0,2.0,10.7,normal
1697508425.571,46.738,1800.0,4.0,10.7,normal
1697508426.074,45.764,1800.0,2.5,10.7,normal
1697508426.579,44.79,600.0,4.5,10.7,normal
1697508427.086,44.79,600.0,5.9,10.7,normal
1697508427.588,45.277,1800.0,14.9,10.0,normal
1697508428.092,47.225,1800.0,33.2,10.6,normal
1697508428.595,45.277,1800.0,11.9,10.7,normal
1697508429.097,45.764,1800.0,4.5,10.7,normal
1697508429.6,45.764,1800.0,3.5,10.7,normal
1697508430.102,45.764,1800.0,3.5,10.7,normal
1697508430.605,44.79,1800.0,4.0,10.7,normal
1697508431.107,45.277,1800.0,4.5,10.7,normal
1697508431.61,45.277,1800.0,3.5,10.7,normal
1697508432.113,45.764,1800.0,3.0,10.7,normal
1697508432.617,46.738,800.0,3.0,10.7,normal
1697508433.123,45.277,600.0,5.4,10.6,normal
1697508433.626,46.251,1800.0,17.0,10.3,normal
1697508434.128,46.738,1800.0,38.0,10.7,normal
1697508434.631,45.764,1800.0,4.5,10.7,normal
1697508435.133,46.251,1800.0,4.0,10.7,normal
1697508435.636,45.277,1800.0,3.0,10.7,normal
1697508436.138,45.277,1800.0,3.5,10.7,normal
1697508436.641,45.764,1800.0,4.0,10.7,normal
1697508437.143,45.764,1800.0,3.5,10.7,normal
1697508437.646,45.764,1800.0,3.5,10.7,normal
1697508438.148,45.277,1800.0,3.4,10.7,normal
1697508438.654,44.79,600.0,3.5,10.7,normal
1697508439.159,44.79,700.0,6.9,10.7,normal
1697508439.663,45.764,1800.0,11.9,9.8,normal
1697508440.168,45.764,1800.0,30.3,10.6,normal
1697508440.671,45.764,1800.0,16.6,10.7,normal
1697508441.174,45.277,1800.0,3.0,10.7,normal
1697508441.676,45.277,1800.0,4.5,10.7,normal
1697508442.179,45.764,1800.0,3.9,10.7,normal
1697508442.681,45.277,1800.0,2.0,10.7,normal
1697508443.184,45.764,1800.0,2.5,10.7,normal
1697508443.686,45.764,1800.0,3.0,10.7,normal
1697508444.189,45.277,1800.0,3.0,10.7,normal
1697508444.694,45.277,700.0,3.0,10.7,normal
1697508445.2,44.79,600.0,3.5,10.7,normal
1697508445.705,44.303,600.0,5.9,10.7,normal
1697508446.209,45.764,1800.0,28.4,10.5,normal
1697508446.711,45.764,1800.0,26.6,10.7,normal
1697508447.214,45.277,1800.0,4.0,10.7,normal
1697508447.716,45.764,1800.0,4.0,10.7,normal
1697508448.219,45.764,1800.0,3.0,10.7,normal
1697508448.722,45.277,1800.0,3.5,10.7,normal
1697508449.224,45.764,1800.0,4.0,10.7,normal
1697508449.727,45.764,1800.0,4.0,10.7,normal
1697508450.229,45.764,1800.0,3.0,10.7,normal
1697508450.732,45.764,1800.0,3.5,10.7,normal
1697508451.237,44.303,600.0,4.4,10.7,normal
1697508451.745,45.764,600.0,8.9,10.6,normal
1697508452.249,46.738,1800.0,28.9,10.5,normal
1697508452.751,45.764,1800.0,23.0,10.6,normal
1697508453.254,45.277,1800.0,3.5,10.6,normal
1697508453.756,45.764,1800.0,3.5,10.6,normal
1697508454.259,45.764,1800.0,4.5,10.7,normal
1697508454.761,45.764,1800.0,3.0,10.7,normal
1697508455.264,45.277,1800.0,3.5,10.7,normal
1697508455.766,46.251,1800.0,4.4,10.7,normal
1697508456.27,46.251,1800.0,3.5,10.7,normal
1697508456.777,45.764,700.0,3.5,10.7,normal
1697508457.283,45.764,600.0,5.9,10.7,normal
1697508457.786,45.277,1800.0,14.9,10.0,normal
1697508458.289,47.225,1800.0,34.0,10.6,normal
1697508458.791,45.277,1800.0,11.9,10.6,normal
1697508459.295,45.764,1800.0,4.4,10.6,normal
1697508459.797,45.764,1800.0,4.5,10.7,normal
1697508460.3,46.251,1800.0,3.5,10.7,normal
1697508460.802,45.277,1800.0,3.5,10.7,normal
1697508461.305,45.764,1800.0,2.0,10.7,normal
1697508461.807,45.764,1800.0,4.5,10.7,normal
1697508462.31,45.764,1800.0,2.0,10.7,normal
1697508462.815,45.764,700.0,4.5,10.7,normal
1697508463.32,45.277,800.0,4.5,10.7,normal
1697508463.824,44.79,900.0,6.4,10.6,normal
1697508464.327,46.738,1800.0,29.2,10.5,normal
1697508464.83,44.79,1800.0,25.3,10.7,normal
1697508465.332,46.251,1800.0,1.0,10.7,normal
1697508465.835,46.251,1800.0,3.4,10.7,normal
1697508466.338,45.277,1800.0,4.0,10.7,normal
1697508466.84,45.764,1800.0,2.5,10.7,normal
1697508467.343,45.277,1800.0,0.5,10.7,normal
1697508467.845,45.764,1800.0,2.5,10.7,normal
1697508468.348,46.251,1800.0,2.5,10.7,normal
1697508468.851,44.79,1800.0,5.9,10.7,normal
1697508469.356,44.79,600.0,3.5,10.7,normal
1697508469.862,44.79,700.0,3.5,10.7,normal
1697508470.365,47.712,1800.0,21.0,10.3,normal
1697508470.868,46.738,1800.0,33.3,10.6,normal
1697508471.37,45.277,1800.0,3.0,10.6,normal
1697508471.873,45.764,1800.0,4.0,10.7,normal
1697508472.375,45.764,1800.0,3.5,10.7,normal
1697508472.878,46.251,1800.0,3.0,10.7,normal
1697508473.38,46.251,1800.0,3.5,10.7,normal
1697508473.883,45.764,1800.0,4.0,10.7,normal
1697508474.385,46.251,1800.0,4.0,10.7,normal
1697508474.888,46.738,1800.0,4.4,10.7,normal
1697508475.392,44.79,900.0,5.0,10.7,normal
1697508475.896,46.251,1000.0,5.0,10.7,normal
1697508476.398,45.764,1800.0,15.5,10.1,normal
1697508476.901,47.225,1800.0,37.2,10.5,normal
1697508477.404,47.225,1800.0,6.0,10.6,normal
1697508477.906,45.277,1800.0,3.5,10.6,normal
1697508478.409,45.764,1800.0,4.0,10.6,normal
1697508478.911,46.251,1800.0,3.0,10.6,normal
1697508479.414,45.764,1800.0,4.5,10.6,normal
1697508479.916,45.764,1800.0,3.5,10.6,normal
1697508480.419,45.277,1800.0,3.4,10.6,normal
1697508480.922,45.764,1800.0,2.5,10.6,normal
1697508481.427,45.277,600.0,4.0,10.6,normal
1697508481.931,44.79,900.0,5.4,10.6,normal
1697508482.434,45.764,1800.0,18.9,10.2,normal
1697508482.937,45.764,1800.0,35.2,10.6,normal
1697508483.439,46.251,1800.0,3.5,10.6,normal
1697508483.942,46.251,1800.0,4.9,10.6,normal
1697508484.444,45.764,1800.0,4.5,10.7,normal
1697508484.947,46.251,1800.0,3.0,10.7,normal
1697508485.45,46.251,1800.0,2.5,10.7,normal
1697508485.952,45.764,1800.0,3.5,10.7,normal
1697508486.455,45.277,1800.0,2.0,10.7,normal
1697508486.957,45.277,1800.0,2.5,10.7,normal
1697508487.462,45.764,900.0,3.5,10.7,normal
1697508487.966,45.277,900.0,3.9,10.7,normal
1697508488.47,46.251,1800.0,12.4,10.0,normal
1697508488.974,46.251,1800.0,33.7,10.5,normal
1697508489.476,45.277,1800.0,13.1,10.6,normal
1697508489.979,45.277,1800.0,3.0,10.6,normal
1697508490.481,45.277,1800.0,2.5,10.6,normal
1697508490.984,45.277,1800.0,3.0,10.6,normal
1697508491.487,46.738,1800.0,3.0,10.6,normal
1697508491.989,46.251,1800.0,4.0,10.6,normal
1697508492.492,44.79,1800.0,4.5,10.7,normal
1697508492.994,46.251,1800.0,2.5,10.7,normal
1697508493.498,45.764,800.0,3.5,10.7,normal
1697508494.003,45.277,700.0,3.5,10.7,normal
1697508494.507,44.79,1000.0,5.4,10.6,normal
1697508495.011,45.277,1800.0,26.9,10.5,normal
1697508495.513,46.251,1800.0,25.6,10.7,normal
1697508496.016,45.764,1800.0,3.5,10.7,normal
1697508496.519,46.738,1800.0,4.0,10.7,normal
1697508497.021,45.277,1800.0,3.5,10.7,normal
1697508497.524,46.251,1800.0,3.0,10.7,normal
1697508498.026,45.764,1800.0,3.0,10.7,normal
1697508498.529,45.764,1800.0,4.0,10.7,normal
1697508499.031,45.764,1800.0,4.5,10.7,normal
1697508499.534,44.79,1800.0,3.5,10.7,normal
1697508500.04,46.251,600.0,5.4,10.7,normal
1697508500.544,45.764,800.0,4.0,10.7,normal
1697508501.047,46.251,1800.0,22.4,10.2,normal
1697508501.55,45.764,1800.0,34.2,10.7,normal
1697508502.052,45.277,1800.0,3.5,10.7,normal
1697508502.555,45.764,1800.0,3.0,10.7,normal
1697508503.058,44.79,1800.0,4.0,10.7,normal
1697508503.56,46.251,1800.0,3.0,10.7,normal
1697508504.063,44.79,1800.0,4.5,10.7,normal
1697508504.565,44.79,1800.0,4.0,10.7,normal
1697508505.068,45.277,1800.0,3.0,10.7,normal
1697508505.57,46.251,1800.0,3.9,10.7,normal
1697508506.075,45.764,700.0,3.5,10.7,normal
1697508506.58,45.277,700.0,4.9,10.7,normal
1697508507.083,46.738,1800.0,14.9,10.2,normal
1697508507.586,46.738,1800.0,36.3,10.6,normal
1697508508.089,46.251,1800.0,7.0,10.7,normal
1697508508.592,45.277,1800.0,3.0,10.7,normal
1697508509.094,44.79,1800.0,4.0,10.7,normal
1697508509.597,45.764,1800.0,4.0,10.7,normal
1697508510.099,46.738,1800.0,3.5,10.7,normal
1697508510.602,45.764,1800.0,3.5,10.7,normal
1697508511.104,46.251,1800.0,3.0,10.7,normal
1697508511.607,45.764,1800.0,3.0,10.7,normal
1697508512.113,44.303,600.0,5.0,10.7,normal
1697508512.618,46.251,700.0,4.9,10.7,normal
1697508513.121,47.225,1800.0,17.1,10.3,normal
1697508513.623,47.225,1800.0,36.0,10.7,normal
1697508514.126,45.764,1800.0,5.0,10.7,normal
1697508514.628,45.764,1800.0,3.0,10.7,normal
1697508515.131,45.277,1800.0,3.0,10.7,normal
1697508515.634,45.277,1800.0,3.0,10.7,normal
1697508516.136,45.277,1800.0,3.0,10.7,normal
1697508516.639,45.764,1800.0,3.0,10.7,normal
1697508517.142,46.251,1800.0,3.5,10.7,normal
1697508517.645,45.764,1800.0,3.0,10.7,normal
1697508518.151,45.764,600.0,4.0,10.7,normal
1697508518.66,45.764,600.0,4.9,10.7,normal
1697508519.164,45.764,1800.0,13.9,10.0,normal
1697508519.669,46.738,1800.0,33.8,10.6,normal
1697508520.173,46.251,1800.0,12.8,10.7,normal
1697508520.675,46.251,1800.0,3.5,10.7,normal
1697508521.182,45.764,1800.0,3.4,10.7,normal
1697508521.684,46.251,1800.0,3.5,10.7,normal
1697508522.187,45.764,1800.0,4.0,10.7,normal
1697508522.689,45.277,1800.0,4.5,10.7,normal
1697508523.192,45.277,1800.0,2.5,10.7,normal
1697508523.694,45.277,1800.0,3.9,10.7,normal
1697508524.199,45.764,700.0,3.5,10.7,normal
1697508524.705,45.277,600.0,4.9,10.7,normal
1697508525.208,46.251,1800.0,17.9,10.2,normal
1697508525.711,46.251,1800.0,38.6,10.6,normal
1697508526.218,46.251,1800.0,3.5,10.7,normal
1697508526.721,45.764,1800.0,4.0,10.7,normal
1697508527.223,46.251,1800.0,2.0,10.7,normal
1697508527.726,45.277,1800.0,3.0,10.7,normal
1697508528.228,45.764,1800.0,2.5,10.7,normal
1697508528.731,47.225,1800.0,3.5,10.7,normal
1697508529.234,45.764,1800.0,4.5,10.7,normal
1697508529.736,45.277,1800.0,3.0,10.7,normal
1697508530.242,44.79,600.0,2.5,10.7,normal
1697508530.747,45.277,600.0,4.9,10.7,normal
1697508531.256,46.251,1800.0,21.8,10.2,normal
1697508531.759,45.764,1800.0,34.7,10.7,normal
1697508532.261,45.277,1800.0,2.5,10.7,normal
1697508532.764,46.251,1800.0,3.0,10.7,normal
1697508533.267,45.764,1800.0,4.4,10.7,normal
1697508533.77,46.251,1800.0,3.5,10.7,normal
1697508534.272,44.79,1800.0,4.0,10.7,normal
1697508534.775,45.277,1800.0,4.0,10.7,normal
1697508535.278,44.79,1800.0,4.0,10.7,normal
1697508535.78,45.277,1800.0,4.0,10.7,normal
1697508536.286,45.277,600.0,3.0,10.7,normal
1697508536.793,45.277,700.0,4.5,10.7,normal
1697508537.297,45.764,1800.0,15.4,10.0,normal
1697508537.8,45.764,1800.0,37.5,10.6,normal
1697508538.302,46.738,1800.0,7.0,10.6,normal
1697508538.805,46.251,1800.0,3.0,10.6,normal
1697508539.307,47.225,1800.0,5.0,10.6,normal
1697508539.81,46.251,1800.0,3.5,10.6,normal
1697508540.312,46.738,1800.0,3.0,10.7,normal
1697508540.815,44.79,1800.0,5.4,10.7,normal
1697508541.318,45.277,1800.0,3.0,10.6,normal
1697508541.82,45.277,1800.0,4.9,10.6,normal
1697508542.325,44.79,700.0,3.0,10.7,normal
1697508542.83,44.79,600.0,5.4,10.7,normal
1697508543.333,46.251,1800.0,18.9,10.3,normal
1697508543.835,46.251,1800.0,36.0,10.7,normal
1697508544.338,46.251,1800.0,4.9,10.7,normal
1697508544.84,45.277,1800.0,4.0,10.7,normal
1697508545.343,46.251,1800.0,3.0,10.7,normal
1697508545.846,45.764,1800.0,4.4,10.7,normal
1697508546.348,46.251,1800.0,2.0,10.7,normal
1697508546.851,46.738,1800.0,4.0,10.7,normal
1697508547.353,46.251,1800.0,3.0,10.7,normal
1697508547.856,44.79,1800.0,3.5,10.7,normal
1697508548.36,45.277,800.0,4.5,10.7,normal
1697508548.864,45.277,1000.0,5.5,10.7,normal
1697508549.367,46.251,1800.0,25.7,10.4,normal
1697508549.87,46.251,1800.0,31.5,10.7,normal
1697508550.373,46.251,1800.0,3.5,10.7,normal
1697508550.875,45.277,1800.0,5.0,10.7,normal
1697508551.378,45.764,1800.0,3.5,10.7,normal
1697508551.88,45.277,1800.0,4.0,10.7,normal
1697508552.383,45.764,1800.0,3.0,10.7,normal
1697508552.886,46.251,1800.0,3.5,10.7,normal
1697508553.388,45.764,1800.0,3.5,10.7,normal
1697508553.891,45.764,1800.0,3.0,10.7,normal
1697508554.395,44.303,700.0,5.0,10.7,normal
1697508554.9,45.277,900.0,5.0,10.7,normal
1697508555.403,45.277,1800.0,28.7,10.5,normal
1697508555.905,46.251,1800.0,26.4,10.6,normal
1697508556.408,45.277,1800.0,3.0,10.6,normal
1697508556.91,46.251,1800.0,4.9,10.6,normal
1697508557.413,45.277,1800.0,3.0,10.6,normal
1697508557.915,45.277,1800.0,3.5,10.6,normal
1697508558.418,45.277,1800.0,3.5,10.6,normal
1697508558.92,45.764,1800.0,4.0,10.6,normal
1697508559.423,44.79,1800.0,4.5,10.6,normal
1697508559.926,45.277,1800.0,3.0,10.6,normal
1697508560.429,44.79,1000.0,5.0,10.6,normal
1697508560.934,44.303,900.0,4.5,10.6,normal
1697508561.437,45.277,1800.0,22.3,10.3,normal
1697508561.939,46.738,1800.0,33.7,10.6,normal
1697508562.442,45.764,1800.0,4.0,10.6,normal
1697508562.944,45.764,1800.0,3.0,10.6,normal
1697508563.447,46.738,1800.0,4.4,10.6,normal
1697508563.949,45.277,1800.0,3.0,10.6,normal
1697508564.452,45.277,1800.0,4.5,10.6,normal
1697508564.954,45.277,1800.0,4.0,10.6,normal
1697508565.457,44.79,1800.0,3.5,10.6,normal
1697508565.959,45.764,1800.0,3.0,10.6,normal
1697508566.465,45.764,600.0,4.9,10.7,normal
1697508566.97,45.277,1100.0,5.4,10.7,normal
1697508567.472,45.764,1800.0,11.9,10.1,normal
1697508567.976,47.225,1800.0,35.0,10.6,normal
1697508568.479,45.764,1800.0,10.0,10.7,normal
1697508568.981,46.251,1800.0,2.0,10.7,normal
1697508569.484,46.251,1800.0,5.0,10.7,normal
1697508569.986,46.251,1800.0,2.0,10.7,normal
1697508570.489,45.764,1800.0,2.0,10.7,normal
1697508570.991,46.251,1800.0,2.0,10.7,normal
1697508571.494,45.277,1800.0,3.5,10.7,normal
1697508571.997,45.277,1800.0,2.0,10.7,normal
1697508572.502,44.79,700.0,4.4,10.7,normal
1697508573.006,45.277,1000.0,5.0,10.7,normal
1697508573.51,45.764,800.0,7.0,10.5,normal
1697508574.014,45.764,1800.0,29.2,10.5,normal
1697508574.516,46.738,1800.0,22.5,10.7,normal
1697508575.019,46.738,1800.0,3.0,10.7,normal
1697508575.521,45.277,1800.0,4.5,10.7,normal
1697508576.024,46.251,1800.0,3.0,10.7,normal
1697508576.527,47.225,1800.0,3.5,10.7,normal
1697508577.029,45.764,1800.0,3.0,10.7,normal
1697508577.532,46.738,1800.0,3.0,10.7,normal
1697508578.034,46.251,1800.0,4.9,10.7,normal
1697508578.537,45.277,1800.0,3.0,10.7,normal
1697508579.041,45.277,800.0,5.0,10.7,normal
1697508579.548,43.816,600.0,4.4,10.8,normal
1697508580.051,45.277,1800.0,24.9,10.4,normal
1697508580.554,45.764,1800.0,30.3,10.6,normal
1697508581.056,45.764,1800.0,2.5,10.6,normal
1697508581.559,45.764,1800.0,4.0,10.6,normal
1697508582.062,46.251,1800.0,4.5,10.6,normal
1697508582.564,46.251,1800.0,3.5,10.7,normal
1697508583.067,45.764,1800.0,3.5,10.7,normal
1697508583.569,44.79,1800.0,3.5,10.7,normal
1697508584.072,45.764,1800.0,5.0,10.7,normal
1697508584.574,45.764,1800.0,2.5,10.7,normal
1697508585.079,45.764,700.0,4.5,10.7,normal
1697508585.585,44.79,600.0,4.0,10.7,normal
1697508586.088,45.277,1800.0,16.5,10.1,normal
1697508586.591,46.738,1800.0,36.7,10.6,normal
1697508587.094,45.764,1800.0,4.0,10.7,normal
1697508587.596,45.277,1800.0,2.5,10.7,normal
1697508588.099,45.277,1800.0,4.0,10.7,normal
1697508588.602,44.79,1800.0,2.5,10.7,normal
1697508589.104,45.764,1800.0,6.4,10.7,normal
1697508589.607,45.764,1800.0,4.9,10.7,normal
1697508590.109,46.251,1800.0,4.0,10.7,normal
1697508590.611,45.277,1800.0,3.0,10.7,normal
1697508591.116,45.764,800.0,4.0,10.7,normal
1697508591.62,45.277,800.0,4.5,10.7,normal
1697508592.13,44.79,800.0,7.4,10.5,normal
1697508592.634,44.79,1800.0,28.4,10.6,normal
1697508593.137,46.251,1800.0,22.6,10.7,normal
1697508593.64,45.764,1800.0,4.0,10.7,normal
1697508594.142,45.764,1800.0,4.5,10.7,normal
1697508594.645,45.764,1800.0,3.5,10.7,normal
1697508595.147,45.764,1800.0,4.5,10.7,normal
1697508595.65,46.251,1800.0,3.0,10.7,normal
1697508596.152,45.277,1800.0,4.0,10.7,normal
1697508596.655,45.764,1800.0,4.5,10.7,normal
1697508597.158,45.277,1800.0,3.0,10.7,normal
1697508597.663,44.79,600.0,4.5,10.7,normal
1697508598.166,45.277,1800.0,12.9,10.0,normal
1697508598.669,47.225,1800.0,32.5,10.6,normal
1697508599.172,45.764,1800.0,14.4,10.7,normal
1697508599.675,45.764,1800.0,3.5,10.7,normal
1697508600.177,44.79,1800.0,3.5,10.7,normal
1697508600.679,45.277,1800.0,3.0,10.7,normal
1697508601.182,45.764,1800.0,5.0,10.7,normal
1697508601.684,45.764,1800.0,3.9,10.7,normal
1697508602.187,44.79,1800.0,4.0,10.7,normal
1697508602.69,45.277,1800.0,5.5,10.7,normal
1697508603.195,45.277,700.0,10.9,10.7,normal
1697508603.7,45.277,600.0,5.4,10.7,normal
1697508604.205,45.277,800.0,6.4,10.6,normal
1697508604.709,46.251,1800.0,29.2,10.5,normal
1697508605.211,45.277,1800.0,27.6,10.6,normal
1697508605.714,46.251,1800.0,4.0,10.6,normal
1697508606.216,44.79,1800.0,2.0,10.6,normal
1697508606.719,45.277,1800.0,3.0,10.6,normal
1697508607.222,45.277,1800.0,3.5,10.7,normal
1697508607.725,46.251,1800.0,4.0,10.7,normal
1697508608.228,45.764,1800.0,3.0,10.7,normal
1697508608.731,45.277,1800.0,3.0,10.7,normal
1697508609.234,45.277,1800.0,4.0,10.7,normal
1697508609.739,44.79,600.0,4.0,10.7,normal
1697508610.246,45.277,600.0,8.8,10.6,normal
1697508610.749,45.764,1800.0,28.9,10.5,normal
1697508611.252,46.251,1800.0,22.6,10.7,normal
1697508611.754,44.79,1800.0,2.5,10.7,normal
1697508612.257,45.764,1800.0,3.5,10.7,normal
1697508612.759,45.764,1800.0,3.0,10.7,normal
1697508613.262,45.764,1800.0,3.0,10.7,normal
1697508613.765,45.764,1800.0,2.5,10.7,normal
1697508614.268,45.764,1800.0,4.9,10.7,normal
1697508614.771,45.277,1800.0,4.0,10.7,normal
1697508615.275,46.251,1800.0,2.5,10.7,normal
1697508615.78,45.277,600.0,6.4,10.7,normal
1697508616.287,45.277,600.0,6.9,10.7,normal
1697508616.79,45.277,1800.0,24.1,10.5,normal
1697508617.292,45.764,1800.0,30.0,10.7,normal
1697508617.795,46.738,1800.0,3.5,10.7,normal
1697508618.298,46.251,1800.0,3.5,10.7,normal
1697508618.8,47.225,1800.0,4.5,10.7,normal
1697508619.303,45.277,1800.0,4.9,10.7,normal
1697508619.806,44.79,1800.0,2.5,10.7,normal
1697508620.308,45.764,1800.0,4.4,10.7,normal
1697508620.811,45.764,1800.0,3.0,10.7,normal
1697508621.313,45.764,1800.0,4.0,10.7,normal
1697508621.817,46.738,900.0,4.0,10.7,normal
1697508622.324,44.303,600.0,2.5,10.7,normal
1697508622.827,45.277,1800.0,20.7,10.3,normal
1697508623.329,45.764,1800.0,34.3,10.7,normal
1697508623.832,45.764,1800.0,3.0,10.7,normal
1697508624.334,46.251,1800.0,4.0,10.7,normal
1697508624.837,45.277,1800.0,4.9,10.7,normal
1697508625.339,45.764,1800.0,3.0,10.7,normal
1697508625.842,45.277,1800.0,3.5,10.7,normal
1697508626.344,46.251,1800.0,3.0,10.7,normal
1697508626.847,45.277,1800.0,4.9,10.7,normal
1697508627.349,46.251,1800.0,4.0,10.7,normal
1697508627.855,45.764,600.0,4.5,10.7,normal
1697508628.36,45.277,700.0,5.0,10.7,normal
1697508628.864,44.79,1800.0,13.4,10.0,normal
1697508629.368,47.712,1800.0,35.6,10.5,normal
1697508629.87,45.277,1800.0,10.9,10.6,normal
1697508630.373,45.764,1800.0,3.0,10.6,normal
1697508630.875,45.764,1800.0,4.5,10.6,normal
1697508631.378,46.738,1800.0,3.0,10.6,normal
1697508631.88,46.251,1800.0,2.5,10.6,normal
1697508632.388,45.277,1800.0,3.0,10.6,normal
1697508632.89,45.764,1800.0,5.4,10.7,normal
1697508633.393,45.764,1800.0,3.5,10.7,normal
1697508633.897,45.764,800.0,3.0,10.7,normal
1697508634.401,45.277,900.0,5.9,10.7,normal
1697508634.907,45.764,900.0,6.9,10.5,normal
1697508635.41,46.251,1800.0,28.2,10.4,normal
1697508635.912,45.277,1800.0,23.7,10.6,normal
1697508636.415,46.738,1800.0,3.5,10.6,normal
1697508636.918,46.251,1800.0,4.0,10.6,normal
1697508637.421,46.738,1800.0,3.5,10.6,normal
1697508637.924,45.764,1800.0,3.5,10.6,normal
1697508638.427,46.251,1800.0,2.5,10.6,normal
1697508638.929,45.277,1800.0,4.5,10.6,normal
1697508639.432,46.738,1800.0,4.5,10.6,normal
1697508639.934,44.303,1800.0,3.0,10.6,normal
1697508640.439,45.277,800.0,5.0,10.7,normal
1697508640.943,44.79,1000.0,5.0,10.7,normal
1697508641.446,44.79,1800.0,23.4,10.3,normal
1697508641.949,45.764,1800.0,32.3,10.6,normal
1697508642.451,44.79,1800.0,3.5,10.6,normal
1697508642.954,46.738,1800.0,5.0,10.6,normal
1697508643.457,45.764,1800.0,2.5,10.6,normal
1697508643.959,46.251,1800.0,3.0,10.6,normal
1697508644.462,45.277,1800.0,4.0,10.6,normal
1697508644.964,45.764,1800.0,4.5,10.6,normal
1697508645.467,46.251,1800.0,3.0,10.6,normal
1697508645.969,44.79,1800.0,4.0,10.6,normal
1697508646.475,45.277,600.0,0.5,10.7,normal
1697508646.98,45.277,600.0,0.5,10.7,normal
1697508647.483,45.277,1800.0,21.4,10.3,normal
1697508647.986,46.251,1800.0,35.5,10.6,normal
1697508648.489,45.764,1800.0,3.0,10.6,normal
1697508648.991,45.277,1800.0,5.9,10.7,normal
1697508649.494,45.277,1800.0,5.0,10.7,normal
1697508649.996,45.764,1800.0,3.0,10.7,normal
1697508650.499,46.251,1800.0,3.9,10.7,normal
1697508651.001,45.277,1800.0,2.5,10.7,normal
1697508651.504,45.277,1800.0,4.9,10.7,normal
1697508652.007,46.251,1800.0,3.0,10.7,normal
1697508652.512,44.79,600.0,3.5,10.7,normal
1697508653.018,46.251,600.0,3.0,10.7,normal
1697508653.521,45.764,1800.0,23.9,10.4,normal
1697508654.024,46.251,1800.0,31.8,10.7,normal
1697508654.526,46.251,1800.0,3.0,10.7,normal
1697508655.029,46.251,1800.0,3.0,10.7,normal
1697508655.532,45.764,1800.0,3.5,10.7,normal
1697508656.034,44.79,1800.0,3.5,10.7,normal
1697508656.537,45.764,1800.0,3.0,10.7,normal
1697508657.039,45.764,1800.0,4.4,10.7,normal
1697508657.542,45.764,1800.0,3.5,10.7,normal
1697508658.044,45.277,1800.0,3.0,10.7,normal
1697508658.55,44.79,600.0,4.4,10.7,normal
1697508659.055,44.303,800.0,5.9,10.7,normal
1697508659.558,46.251,1800.0,27.0,10.5,normal
1697508660.061,45.764,1800.0,27.0,10.7,normal
1697508660.563,46.251,1800.0,3.0,10.7,normal
1697508661.066,45.764,1800.0,3.5,10.7,normal
1697508661.568,45.277,1800.0,3.0,10.7,normal
1697508662.071,45.764,1800.0,4.4,10.7,normal
1697508662.574,45.764,1800.0,3.5,10.7,normal
1697508663.076,44.79,1800.0,3.5,10.7,normal
1697508663.579,45.277,1800.0,4.0,10.7,normal
1697508664.081,45.277,1800.0,4.0,10.7,normal
1697508664.586,45.764,800.0,5.4,10.7,normal
1697508665.09,45.764,800.0,5.0,10.7,normal
1697508665.593,46.738,1800.0,20.0,10.3,normal
1697508666.096,45.764,1800.0,36.0,10.6,normal
1697508666.598,45.764,1800.0,2.5,10.6,normal
1697508667.101,46.251,1800.0,3.5,10.6,normal
1697508667.603,45.277,1800.0,4.0,10.6,normal
1697508668.106,46.251,1800.0,3.5,10.6,normal
1697508668.608,45.764,1800.0,2.5,10.6,normal
1697508669.111,46.251,1800.0,3.5,10.6,normal
1697508669.614,46.738,1800.0,3.5,10.6,normal
1697508670.116,45.764,1800.0,4.0,10.6,normal
1697508670.62,45.277,800.0,4.0,10.6,normal
1697508671.125,44.79,800.0,4.5,10.6,normal
1697508671.627,44.303,1800.0,12.5,9.8,normal
1697508672.131,45.764,1800.0,32.7,10.5,normal
1697508672.634,45.764,1800.0,15.5,10.6,normal
1697508673.136,45.277,1800.0,3.5,10.6,normal
1697508673.639,45.277,1800.0,4.5,10.6,normal
1697508674.141,45.764,1800.0,4.0,10.6,normal
1697508674.644,46.251,1800.0,3.0,10.6,normal
1697508675.147,46.251,1800.0,3.0,10.6,normal
1697508675.649,45.764,1800.0,3.5,10.6,normal
1697508676.152,45.277,1800.0,2.5,10.6,normal
1697508676.657,45.277,700.0,1.5,10.6,normal
1697508677.162,44.303,600.0,2.5,10.6,normal
1697508677.665,45.277,1800.0,18.9,10.2,normal
1697508678.168,46.738,1800.0,37.5,10.6,normal
1697508678.67,46.738,1800.0,4.0,10.6,normal
1697508679.173,45.277,1800.0,4.5,10.6,normal
1697508679.675,45.764,1800.0,3.5,10.6,normal
1697508680.178,45.277,1800.0,4.0,10.6,normal
1697508680.68,45.277,1800.0,3.0,10.6,normal
1697508681.183,44.303,1800.0,3.5,10.6,normal
1697508681.685,46.251,1800.0,4.0,10.6,normal
1697508682.188,46.251,1800.0,3.0,10.6,normal
1697508682.693,45.764,600.0,3.0,10.6,normal
1697508683.199,45.277,600.0,5.0,10.6,normal
1697508683.702,45.277,1800.0,22.3,10.3,normal
1697508684.205,46.251,1800.0,35.3,10.6,normal
1697508684.708,45.764,1800.0,3.5,10.6,normal
1697508685.21,46.738,1800.0,3.5,10.6,normal
1697508685.713,45.277,1800.0,3.5,10.6,normal
1697508686.215,45.277,1800.0,3.5,10.6,normal
1697508686.718,45.277,1800.0,4.4,10.6,normal
1697508687.22,45.764,1800.0,4.0,10.6,normal
1697508687.723,45.764,1800.0,3.5,10.6,normal
1697508688.226,45.764,1800.0,3.5,10.6,normal
1697508688.731,46.251,600.0,4.0,10.6,normal
1697508689.236,45.277,700.0,6.4,10.6,normal
1697508689.739,45.277,1800.0,14.4,10.1,normal
1697508690.243,46.251,1800.0,38.3,10.6,normal
1697508690.746,45.277,1800.0,7.0,10.6,normal
1697508691.249,46.251,1800.0,3.5,10.6,normal
1697508691.751,45.764,1800.0,3.5,10.7,normal
1697508692.254,45.277,1800.0,4.0,10.7,normal
1697508692.756,45.764,1800.0,3.0,10.7,normal
1697508693.259,44.303,1800.0,3.5,10.7,normal
1697508693.762,45.277,1800.0,3.0,10.7,normal
1697508694.264,45.764,1800.0,4.5,10.7,normal
1697508694.77,45.764,700.0,2.0,10.7,normal
1697508695.276,45.277,600.0,4.0,10.7,normal
1697508695.78,45.764,1800.0,19.4,10.2,normal
1697508696.283,46.251,1800.0,35.9,10.6,normal
1697508696.785,46.251,1800.0,3.0,10.6,normal
1697508697.288,47.225,1800.0,3.0,10.6,normal
1697508697.79,45.764,1800.0,3.0,10.6,normal
1697508698.293,45.764,1800.0,4.5,10.6,normal
1697508698.795,44.79,1800.0,3.5,10.6,normal
1697508699.298,46.251,1800.0,4.0,10.6,normal
1697508699.801,45.764,1800.0,2.5,10.7,normal
1697508700.303,46.251,1800.0,4.0,10.7,normal
1697508700.809,45.277,600.0,5.0,10.7,normal
1697508701.314,44.79,600.0,5.4,10.7,normal
1697508701.818,45.764,1800.0,12.9,10.0,normal
1697508702.322,47.225,1800.0,33.3,10.6,normal
1697508702.825,46.251,1800.0,12.6,10.7,normal
1697508703.327,45.277,1800.0,3.5,10.7,normal
1697508703.83,44.79,1800.0,4.0,10.7,normal
1697508704.332,46.738,1800.0,4.0,10.7,normal
1697508704.835,46.251,1800.0,3.0,10.7,normal
1697508705.338,45.764,1800.0,2.0,10.7,normal
1697508705.84,46.251,1800.0,2.0,10.7,normal
1697508706.343,46.251,1800.0,3.5,10.7,normal
1697508706.848,46.251,700.0,2.5,10.7,normal
1697508707.352,45.277,900.0,5.4,10.7,normal
1697508707.857,45.277,800.0,4.4,10.6,normal
1697508708.359,46.738,1800.0,28.4,10.5,normal
1697508708.862,45.277,1800.0,28.1,10.7,normal
1697508709.365,46.251,1800.0,2.0,10.7,normal
1697508709.867,46.251,1800.0,2.0,10.7,normal
1697508710.37,44.79,1800.0,2.5,10.7,normal
1697508710.872,44.79,1800.0,5.9,10.7,normal
1697508711.375,46.738,1800.0,3.0,10.7,normal
1697508711.878,44.79,1800.0,3.5,10.7,normal
1697508712.38,46.251,1800.0,4.4,10.7,normal
1697508712.883,46.251,1800.0,3.5,10.7,normal
1697508713.387,45.277,900.0,4.5,10.7,normal
1697508713.891,43.816,900.0,4.0,10.7,normal
1697508714.394,46.251,1800.0,22.4,10.3,normal
1697508714.897,45.764,1800.0,33.7,10.7,normal
1697508715.399,45.277,1800.0,4.0,10.6,normal
1697508715.902,45.764,1800.0,3.5,10.6,normal
1697508716.404,46.251,1800.0,3.5,10.6,normal
1697508716.907,45.277,1800.0,4.5,10.6,normal
1697508717.41,45.764,1800.0,3.9,10.6,normal
1697508717.912,45.277,1800.0,3.0,10.6,normal
1697508718.415,45.764,1800.0,3.5,10.6,normal
1697508718.917,45.764,1800.0,4.9,10.6,normal
1697508719.421,45.277,900.0,5.0,10.6,normal
1697508719.925,45.277,900.0,4.0,10.6,normal
1697508720.428,45.277,1800.0,15.0,10.3,normal
1697508720.931,45.764,1800.0,38.9,10.7,normal
1697508721.434,45.764,1800.0,6.0,10.7,normal
1697508721.936,46.251,1800.0,3.0,10.7,normal
1697508722.439,45.277,1800.0,4.0,10.7,normal
1697508722.941,46.738,1800.0,4.0,10.7,normal
1697508723.444,45.764,1800.0,3.0,10.7,normal
1697508723.947,45.277,1800.0,3.9,10.7,normal
1697508724.449,45.764,1800.0,3.5,10.7,normal
1697508724.952,45.764,1800.0,4.0,10.7,normal
1697508725.456,45.277,900.0,4.0,10.7,normal
1697508725.961,46.251,600.0,5.4,10.7,normal
1697508726.464,45.277,1800.0,20.9,10.3,normal
1697508726.967,45.764,1800.0,34.7,10.6,normal
1697508727.469,46.251,1800.0,3.0,10.6,normal
1697508727.971,46.251,1800.0,3.0,10.6,normal
1697508728.474,45.764,1800.0,3.5,10.6,normal
1697508728.976,45.277,1800.0,4.0,10.6,normal
1697508729.479,45.764,1800.0,4.5,10.6,normal
1697508729.982,46.251,1800.0,3.5,10.6,normal
1697508730.484,45.764,1800.0,3.5,10.6,normal
1697508730.987,45.277,1800.0,1.5,10.6,normal
1697508731.491,44.79,900.0,4.5,10.7,normal
1697508731.997,45.277,600.0,4.0,10.7,normal
1697508732.5,46.251,1800.0,24.8,10.4,normal
1697508733.003,46.251,1800.0,30.0,10.7,normal
1697508733.505,46.251,1800.0,4.0,10.7,normal
1697508734.008,45.277,1800.0,3.9,10.7,normal
1697508734.51,45.764,1800.0,3.5,10.7,normal
1697508735.013,46.251,1800.0,3.0,10.7,normal
1697508735.515,46.251,1800.0,3.5,10.7,normal
1697508736.018,45.764,1800.0,3.0,10.7,normal
1697508736.521,46.251,1800.0,1.5,10.7,normal
1697508737.023,45.764,1800.0,3.0,10.7,normal
1697508737.529,46.251,600.0,4.0,10.7,normal
1697508738.034,44.79,600.0,4.4,10.7,normal
1697508738.537,44.79,1800.0,17.1,10.3,normal
1697508739.04,46.738,1800.0,38.7,10.6,normal
1697508739.543,44.79,1800.0,4.5,10.7,normal
1697508740.046,45.764,1800.0,3.5,10.7,normal
1697508740.548,45.764,1800.0,3.5,10.7,normal
1697508741.051,45.764,1800.0,3.5,10.7,normal
1697508741.554,45.277,1800.0,3.5,10.7,normal
1697508742.056,45.764,1800.0,4.0,10.7,normal
1697508742.559,45.277,1800.0,4.0,10.7,normal
1697508743.061,44.303,1800.0,3.5,10.7,normal
1697508743.567,46.738,600.0,4.0,10.7,normal
1697508744.072,46.251,700.0,5.0,10.7,normal
1697508744.575,46.251,1800.0,10.0,9.6,normal
1697508745.077,45.764,1800.0,27.9,10.5,normal
1697508745.58,44.79,1800.0,20.1,10.6,normal
1697508746.083,46.738,1800.0,3.0,10.6,normal
1697508746.585,44.79,1800.0,4.0,10.7,normal
1697508747.088,45.764,1800.0,3.5,10.6,normal
1697508747.59,46.251,1800.0,2.5,10.6,normal
1697508748.093,46.251,1800.0,4.4,10.6,normal
1697508748.595,45.277,1800.0,4.0,10.6,normal
1697508749.098,44.79,1800.0,4.5,10.7,normal
1697508749.603,44.79,700.0,3.4,10.6,normal
1697508750.108,44.79,700.0,5.9,10.6,normal
1697508750.613,45.277,600.0,3.5,10.6,normal
1697508751.117,44.79,1800.0,27.4,10.5,normal
1697508751.619,46.251,1800.0,28.4,10.7,normal
1697508752.122,46.251,1800.0,4.0,10.7,normal
1697508752.624,45.764,1800.0,3.5,10.7,normal
1697508753.127,45.764,1800.0,3.0,10.7,normal
1697508753.63,45.764,1800.0,3.0,10.7,normal
1697508754.132,45.277,1800.0,5.4,10.7,normal
1697508754.635,45.764,1800.0,3.0,10.7,normal
1697508755.137,45.277,1800.0,3.0,10.7,normal
1697508755.64,44.79,1800.0,3.5,10.7,normal
1697508756.144,45.764,900.0,5.5,10.7,normal
1697508756.649,45.277,800.0,6.9,10.5,normal
1697508757.152,45.764,1800.0,28.4,10.4,normal
1697508757.654,46.251,1800.0,23.0,10.6,normal
1697508758.157,46.251,1800.0,4.5,10.6,normal
1697508758.659,45.277,1800.0,3.5,10.6,normal
1697508759.162,45.277,1800.0,4.5,10.6,normal
1697508759.665,44.79,1800.0,3.5,10.6,normal
1697508760.167,45.277,1800.0,4.5,10.6,normal
1697508760.67,45.764,1800.0,3.9,10.7,normal
1697508761.172,45.764,1800.0,2.5,10.7,normal
1697508761.675,45.277,1800.0,3.5,10.7,normal
1697508762.179,44.79,800.0,6.9,10.7,normal
1697508762.684,44.303,700.0,4.0,10.7,normal
1697508763.188,45.764,1800.0,25.0,10.4,normal
1697508763.69,45.764,1800.0,32.2,10.7,normal
1697508764.193,45.277,1800.0,5.0,10.7,normal
1697508764.695,45.277,1800.0,3.5,10.7,normal
1697508765.198,45.277,1800.0,3.5,10.7,normal
1697508765.7,45.277,1800.0,3.0,10.7,normal
1697508766.203,45.764,1800.0,1.5,10.7,normal
1697508766.706,45.277,1800.0,4.4,10.7,normal
1697508767.208,45.277,1800.0,0.5,10.7,normal
1697508767.711,45.764,1800.0,4.0,10.7,normal
1697508768.216,45.277,600.0,3.9,10.7,normal
1697508768.722,44.79,600.0,6.5,10.6,normal
1697508769.225,47.225,1800.0,26.9,10.4,normal
1697508769.728,46.738,1800.0,26.5,10.6,normal
1697508770.231,45.277,1800.0,3.5,10.6,normal
1697508770.733,46.251,1800.0,4.5,10.6,normal
1697508771.236,46.251,1800.0,3.0,10.7,normal
1697508771.738,45.764,1800.0,4.0,10.7,normal
1697508772.241,46.251,1800.0,2.5,10.7,normal
1697508772.743,45.764,1800.0,3.5,10.7,normal
1697508773.246,44.79,1800.0,3.0,10.7,normal
1697508773.748,45.277,1800.0,4.0,10.7,normal
1697508774.254,45.764,600.0,4.5,10.7,normal
1697508774.759,44.303,600.0,5.4,10.7,normal
1697508775.263,45.277,1800.0,22.3,10.4,normal
1697508775.766,45.764,1800.0,33.2,10.7,normal
1697508776.268,45.764,1800.0,4.4,10.7,normal
1697508776.771,45.764,1800.0,3.0,10.7,normal
1697508777.274,46.738,1800.0,3.5,10.7,normal
1697508777.777,46.251,1800.0,1.5,10.7,normal
1697508778.279,44.79,1800.0,3.0,10.7,normal
1697508778.782,46.251,1800.0,3.5,10.7,normal
1697508779.284,44.79,1800.0,3.5,10.7,normal
1697508779.787,46.251,1800.0,3.0,10.7,normal
1697508780.296,44.79,600.0,3.4,10.7,normal
1697508780.802,45.277,675.0,6.4,10.7,normal
1697508781.305,45.764,1800.0,16.1,10.2,normal
1697508781.811,46.251,1800.0,38.0,10.6,normal
1697508782.314,45.764,1800.0,6.0,10.6,normal
1697508782.817,45.277,1800.0,2.5,10.6,normal
1697508783.319,45.277,1800.0,2.5,10.7,normal
1697508783.822,45.277,1800.0,3.0,10.6,normal
1697508784.324,46.251,1800.0,4.5,10.7,normal
1697508784.827,44.79,1800.0,3.4,10.7,normal
1697508785.33,45.277,1800.0,2.5,10.7,normal
1697508785.832,44.79,1800.0,4.0,10.7,normal
1697508786.338,45.277,700.0,2.0,10.7,normal
1697508786.843,44.303,600.0,7.8,10.7,normal
1697508787.346,46.738,1800.0,19.9,10.2,normal
1697508787.849,45.764,1800.0,36.0,10.6,normal
1697508788.351,45.764,1800.0,3.5,10.6,normal
1697508788.854,46.251,1800.0,3.5,10.6,normal
1697508789.356,45.764,1800.0,4.0,10.6,normal
1697508789.859,45.764,1800.0,3.5,10.7,normal
1697508790.362,45.764,1800.0,2.5,10.7,normal
1697508790.864,44.79,1800.0,4.4,10.7,normal
1697508791.367,46.251,1800.0,4.0,10.7,normal
1697508791.869,46.251,1800.0,3.0,10.7,normal
1697508792.373,45.277,900.0,4.5,10.7,normal
1697508792.877,45.277,1000.0,5.4,10.7,normal
1697508793.38,45.764,1800.0,13.0,10.0,normal
1697508793.883,45.764,1800.0,35.6,10.5,normal
1697508794.386,45.764,1800.0,11.0,10.6,normal
1697508794.889,45.764,1800.0,4.5,10.6,normal
1697508795.391,45.277,1800.0,4.0,10.6,normal
1697508795.894,44.79,1800.0,3.5,10.6,normal
1697508796.396,44.79,1800.0,3.0,10.6,normal
1697508796.899,46.251,1800.0,3.5,10.6,normal
1697508797.401,46.251,1800.0,3.0,10.6,normal
1697508797.904,45.764,1800.0,3.5,10.6,normal
1697508798.409,44.303,700.0,3.5,10.6,normal
1697508798.913,44.79,900.0,4.0,10.6,normal
1697508799.417,45.277,1000.0,7.0,10.5,normal
1697508799.92,44.79,1800.0,29.4,10.5,normal
1697508800.423,45.764,1800.0,23.0,10.6,normal
1697508800.925,45.764,1800.0,3.0,10.7,normal
1697508801.428,45.277,1800.0,3.5,10.7,normal
1697508801.931,45.277,1800.0,3.5,10.7,normal
1697508802.433,45.764,1800.0,3.0,10.7,normal
1697508802.936,45.764,1800.0,3.0,10.7,normal
1697508803.438,44.79,1800.0,4.5,10.7,normal
1697508803.941,45.277,1800.0,3.5,10.7,normal
1697508804.443,46.251,1800.0,3.5,10.7,normal
1697508804.947,45.277,900.0,4.5,10.7,normal
1697508805.452,44.79,800.0,6.4,10.7,normal
1697508805.955,45.277,1800.0,23.6,10.3,normal
1697508806.458,44.79,1800.0,32.8,10.7,normal
1697508806.96,44.79,1800.0,3.5,10.7,normal
1697508807.463,45.764,1800.0,4.0,10.7,normal
1697508807.965,45.764,1800.0,3.5,10.7,normal
1697508808.468,45.277,1800.0,2.5,10.7,normal
1697508808.97,46.251,1800.0,4.0,10.7,normal
1697508809.473,45.764,1800.0,4.0,10.7,normal
1697508809.975,45.764,1800.0,4.5,10.7,normal
1697508810.478,45.764,1800.0,3.0,10.7,normal
1697508810.983,44.79,600.0,3.0,10.7,normal
1697508811.489,44.303,600.0,4.5,10.7,normal
1697508811.993,46.738,1800.0,26.7,10.5,normal
1697508812.496,46.738,1800.0,28.4,10.7,normal
1697508812.999,45.277,1800.0,4.0,10.7,normal
1697508813.501,45.764,1800.0,3.5,10.7,normal
1697508814.004,46.738,1800.0,3.0,10.7,normal
1697508814.506,45.277,1800.0,4.5,10.7,normal
1697508815.009,45.764,1800.0,3.0,10.7,normal
1697508815.511,45.277,1800.0,3.5,10.7,normal
1697508816.014,45.277,1800.0,3.5,10.7,normal
1697508816.516,45.277,1800.0,4.0,10.7,normal
1697508817.021,45.764,700.0,4.0,10.7,normal
1697508817.526,45.764,700.0,4.4,10.7,normal
1697508818.029,45.764,1800.0,17.4,10.3,normal
1697508818.532,46.738,1800.0,37.0,10.6,normal
1697508819.035,45.764,1800.0,3.5,10.6,normal
1697508819.537,44.79,1800.0,2.5,10.6,normal
1697508820.04,46.251,1800.0,2.5,10.6,normal
1697508820.542,44.79,1800.0,4.0,10.6,normal
1697508821.045,45.277,1800.0,3.5,10.6,normal
1697508821.547,45.277,1800.0,3.0,10.6,normal
1697508822.05,44.79,1800.0,4.4,10.6,normal
1697508822.552,45.764,1800.0,3.5,10.6,normal
1697508823.058,45.277,600.0,3.4,10.6,normal
1697508823.564,43.816,600.0,4.5,10.6,normal
1697508824.067,46.251,1800.0,11.9,9.7,normal
1697508824.57,45.764,1800.0,29.9,10.6,normal
1697508825.073,46.251,1800.0,17.1,10.7,normal
1697508825.575,46.251,1800.0,1.5,10.7,normal
1697508826.078,44.79,1800.0,4.0,10.7,normal
1697508826.58,46.251,1800.0,2.5,10.7,normal
1697508827.083,45.277,1800.0,1.5,10.7,normal
1697508827.586,45.277,1800.0,5.0,10.7,normal
1697508828.088,45.277,1800.0,2.5,10.7,normal
1697508828.591,45.277,1800.0,6.0,10.7,normal
1697508829.096,45.277,700.0,2.0,10.7,normal
1697508829.598,46.251,1800.0,5.9,10.7,normal
1697508830.101,45.277,1800.0,3.5,10.7,normal
1697508830.604,45.277,1800.0,27.4,10.5,normal
1697508831.106,45.764,1800.0,23.7,10.7,normal
1697508831.609,45.764,1800.0,4.0,10.7,normal
1697508832.111,44.79,1800.0,3.0,10.7,normal
1697508832.614,45.764,1800.0,3.5,10.7,normal
1697508833.116,46.251,1800.0,3.5,10.7,normal
1697508833.619,46.251,1800.0,4.0,10.7,normal
1697508834.122,45.277,1800.0,3.5,10.7,normal
1697508834.626,44.79,900.0,4.4,10.7,normal
1697508835.131,45.277,700.0,4.0,10.7,normal
1697508835.636,43.816,700.0,5.9,10.7,normal
1697508836.141,44.79,600.0,4.9,10.7,normal
1697508836.645,46.738,1800.0,23.6,10.4,normal
1697508837.148,45.277,1800.0,30.8,10.6,normal
1697508837.651,46.251,1800.0,4.5,10.7,normal
1697508838.153,46.251,1800.0,3.0,10.7,normal
1697508838.656,45.277,1800.0,3.5,10.6,normal
1697508839.158,46.251,1800.0,4.0,10.6,normal
1697508839.661,45.764,1800.0,4.0,10.6,normal
1697508840.163,45.764,1800.0,3.5,10.6,normal
1697508840.666,46.251,1800.0,3.0,10.6,normal
1697508841.168,45.764,1800.0,3.5,10.6,normal
1697508841.673,44.79,800.0,4.9,10.6,normal
1697508842.178,45.277,800.0,5.5,10.6,normal
1697508842.681,46.251,1800.0,29.2,10.5,normal
1697508843.183,45.277,1800.0,26.7,10.7,normal
1697508843.686,44.79,1800.0,4.5,10.7,normal
1697508844.189,45.277,1800.0,4.5,10.7,normal
1697508844.691,45.764,1800.0,3.5,10.7,normal
1697508845.194,44.79,1800.0,3.5,10.7,normal
1697508845.696,46.251,1800.0,4.5,10.7,normal
1697508846.199,45.277,1800.0,3.0,10.7,normal
1697508846.701,45.764,1800.0,4.0,10.7,normal
1697508847.204,44.303,1800.0,3.5,10.7,normal
1697508847.708,44.79,800.0,5.9,10.7,normal
1697508848.214,45.764,800.0,6.0,10.6,normal
1697508848.716,46.251,1800.0,29.0,10.5,normal
1697508849.219,46.738,1800.0,24.0,10.7,normal
1697508849.722,44.79,1800.0,4.9,10.7,normal
1697508850.224,45.277,1800.0,3.0,10.7,normal
1697508850.727,46.251,1800.0,3.5,10.7,normal
1697508851.229,45.277,1800.0,3.5,10.7,normal
1697508851.732,45.277,1800.0,4.0,10.7,normal
1697508852.235,45.764,1800.0,4.0,10.7,normal
1697508852.737,44.79,1800.0,3.5,10.7,normal
1697508853.24,46.251,1800.0,2.5,10.7,normal
1697508853.744,45.277,900.0,5.9,10.7,normal
1697508854.247,44.79,1800.0,11.6,9.9,normal
1697508854.751,46.251,1800.0,32.2,10.5,normal
1697508855.254,45.764,1800.0,14.1,10.6,normal
1697508855.756,45.764,1800.0,5.0,10.6,normal
1697508856.259,45.764,1800.0,4.0,10.6,normal
1697508856.762,45.764,1800.0,2.0,10.6,normal
1697508857.264,46.251,1800.0,4.0,10.6,normal
1697508857.767,46.251,1800.0,4.5,10.6,normal
1697508858.27,45.277,1800.0,3.0,10.6,normal
1697508858.772,46.251,1800.0,3.0,10.6,normal
1697508859.277,45.277,700.0,5.0,10.6,normal
1697508859.783,45.277,600.0,6.4,10.6,normal
1697508860.286,45.277,1800.0,14.5,10.2,normal
1697508860.789,46.251,1800.0,37.2,10.6,normal
1697508861.292,45.277,1800.0,4.5,10.6,normal
1697508861.794,45.277,1800.0,3.5,10.6,normal
1697508862.297,46.251,1800.0,0.0,10.6,normal
1697508862.799,46.251,1800.0,3.5,10.7,normal
1697508863.302,44.79,1800.0,2.5,10.7,normal
1697508863.805,45.764,1800.0,2.5,10.7,normal
1697508864.307,45.277,1800.0,4.0,10.7,normal
1697508864.81,45.277,1800.0,3.9,10.7,normal
1697508865.314,45.277,900.0,4.9,10.7,normal
1697508865.82,45.764,600.0,3.0,10.7,normal
1697508866.323,45.277,1800.0,20.9,10.3,normal
1697508866.826,45.277,1800.0,35.5,10.6,normal
1697508867.329,45.764,1800.0,4.0,10.6,normal
1697508867.831,46.251,1800.0,5.0,10.6,normal
1697508868.334,46.251,1800.0,3.5,10.6,normal
1697508868.836,45.764,1800.0,3.0,10.6,normal
1697508869.339,46.251,1800.0,5.0,10.6,normal
1697508869.842,45.764,1800.0,3.5,10.6,normal
1697508870.344,46.251,1800.0,3.5,10.7,normal
1697508870.847,45.277,1800.0,3.0,10.7,normal
1697508871.352,44.79,700.0,4.5,10.7,normal
1697508871.856,43.816,800.0,5.9,10.7,normal
1697508872.36,44.79,1000.0,9.5,9.6,normal
1697508872.863,44.79,1800.0,28.1,10.6,normal
1697508873.366,45.764,1800.0,23.0,10.7,normal
1697508873.868,46.251,1800.0,4.0,10.7,normal
1697508874.371,45.764,1800.0,4.0,10.7,normal
1697508874.873,45.764,1800.0,4.0,10.7,normal
1697508875.376,45.277,1800.0,3.0,10.7,normal
1697508875.879,46.251,1800.0,4.0,10.7,normal
1697508876.381,44.79,1800.0,3.5,10.7,normal
1697508876.884,46.738,1800.0,3.0,10.7,normal
1697508877.386,45.764,1800.0,3.9,10.7,normal
1697508877.89,44.303,900.0,4.5,10.7,normal
1697508878.393,45.764,1800.0,13.0,10.0,normal
1697508878.896,46.738,1800.0,32.5,10.6,normal
1697508879.399,45.764,1800.0,15.0,10.7,normal
1697508879.902,45.764,1800.0,3.5,10.7,normal
1697508880.404,45.764,1800.0,4.5,10.7,normal
1697508880.907,45.764,1800.0,3.0,10.7,normal
1697508881.41,44.303,1800.0,3.0,10.7,normal
1697508881.912,44.303,1800.0,3.5,10.7,normal
1697508882.415,45.764,1800.0,4.5,10.7,normal
1697508882.917,45.277,1800.0,1.5,10.7,normal
1697508883.422,46.251,700.0,3.9,10.7,normal
1697508883.926,44.79,900.0,5.0,10.7,normal
1697508884.429,44.79,1800.0,18.9,10.3,normal
1697508884.932,46.738,1800.0,37.2,10.6,normal
1697508885.434,46.251,1800.0,3.0,10.7,normal
1697508885.937,46.738,1800.0,4.0,10.7,normal
1697508886.439,45.277,1800.0,2.5,10.7,normal
1697508886.942,44.303,1800.0,2.0,10.7,normal
1697508887.445,46.738,1800.0,2.0,10.7,normal
1697508887.947,45.764,1800.0,2.5,10.7,normal
1697508888.45,45.764,1800.0,4.0,10.7,normal
1697508888.952,44.79,1800.0,2.5,10.7,normal
1697508889.457,45.277,800.0,5.4,10.6,normal
1697508889.962,44.79,600.0,5.4,10.6,normal
1697508890.467,45.277,1000.0,10.0,9.7,normal
1697508890.97,46.251,1800.0,28.9,10.6,normal
1697508891.473,45.764,1800.0,19.6,10.7,normal
1697508891.975,45.764,1800.0,3.0,10.7,normal
1697508892.478,46.251,1800.0,4.0,10.7,normal
1697508892.98,45.277,1800.0,3.5,10.7,normal
1697508893.483,45.277,1800.0,3.5,10.7,normal
1697508893.985,45.277,1800.0,2.5,10.7,normal
1697508894.488,45.277,1800.0,4.5,10.7,normal
1697508894.991,46.251,1800.0,4.5,10.7,normal
1697508895.493,45.277,1800.0,3.5,10.7,normal
1697508895.997,45.277,800.0,5.0,10.7,normal
1697508896.503,44.79,800.0,4.4,10.7,normal
1697508897.007,45.764,1800.0,26.4,10.5,normal
1697508897.509,45.764,1800.0,28.6,10.7,normal
1697508898.012,46.251,1800.0,3.5,10.7,normal
1697508898.515,46.251,1800.0,3.5,10.7,normal
1697508899.017,45.277,1800.0,3.0,10.7,normal
1697508899.519,45.764,1800.0,4.5,10.7,normal
1697508900.022,45.764,1800.0,3.5,10.7,normal
1697508900.524,46.251,1800.0,4.5,10.7,normal
1697508901.027,45.764,1800.0,3.5,10.7,normal
1697508901.529,45.764,1800.0,4.0,10.7,normal
1697508902.035,45.764,600.0,5.4,10.7,normal
1697508902.54,44.303,700.0,4.5,10.7,normal
1697508903.043,47.225,1800.0,19.3,10.2,normal
1697508903.545,46.251,1800.0,35.7,10.6,normal
1697508904.048,44.79,1800.0,3.5,10.6,normal
1697508904.55,45.764,1800.0,2.5,10.7,normal
1697508905.053,45.277,1800.0,3.0,10.7,normal
1697508905.555,45.277,1800.0,3.0,10.7,normal
1697508906.058,44.79,1800.0,3.5,10.7,normal
1697508906.561,45.764,1800.0,2.5,10.7,normal
1697508907.063,45.764,1800.0,3.0,10.7,normal
1697508907.566,44.303,1800.0,3.0,10.7,normal
1697508908.071,45.277,600.0,4.5,10.7,normal
1697508908.577,44.79,600.0,4.5,10.7,normal
1697508909.08,45.277,1800.0,25.0,10.4,normal
1697508909.583,46.251,1800.0,32.3,10.6,normal
1697508910.085,45.764,1800.0,4.0,10.6,normal
1697508910.588,45.277,1800.0,3.5,10.6,normal
1697508911.09,45.764,1800.0,4.0,10.6,normal
1697508911.593,45.277,1800.0,3.5,10.6,normal
1697508912.096,45.764,1800.0,4.0,10.6,normal
1697508912.598,44.79,1800.0,4.0,10.6,normal
1697508913.101,45.277,1800.0,3.0,10.7,normal
1697508913.603,45.277,1800.0,3.5,10.7,normal
1697508914.108,45.277,700.0,5.0,10.7,normal
1697508914.614,44.79,600.0,5.0,10.7,normal
1697508915.117,44.303,1800.0,27.0,10.4,normal
1697508915.62,45.277,1800.0,29.6,10.6,normal
1697508916.122,46.738,1800.0,3.5,10.6,normal
1697508916.625,45.764,1800.0,4.5,10.6,normal
1697508917.127,45.764,1800.0,2.5,10.6,normal
1697508917.63,46.251,1800.0,3.5,10.6,normal
1697508918.132,45.764,1800.0,3.0,10.6,normal
1697508918.635,45.764,1800.0,4.0,10.6,normal
1697508919.138,45.277,1800.0,5.0,10.6,normal
1697508919.64,45.277,1800.0,3.0,10.6,normal
1697508920.144,45.764,800.0,4.0,10.6,normal
1697508920.65,45.277,700.0,5.4,10.6,normal
1697508921.153,46.738,1800.0,29.7,10.4,normal
1697508921.656,44.79,1800.0,25.0,10.6,normal
1697508922.158,45.277,1800.0,3.0,10.6,normal
1697508922.661,45.764,1800.0,3.0,10.6,normal
1697508923.163,46.251,1800.0,4.9,10.6,normal
1697508923.666,46.251,1800.0,3.0,10.6,normal
1697508924.168,45.764,1800.0,3.5,10.6,normal
1697508924.671,45.764,1800.0,4.5,10.6,normal
1697508925.174,46.251,1800.0,4.0,10.6,normal
1697508925.676,45.277,1800.0,3.9,10.6,normal
1697508926.18,45.764,900.0,5.4,10.6,normal
1697508926.683,45.277,1800.0,9.9,9.6,normal
1697508927.186,46.251,1800.0,30.3,10.6,normal
1697508927.688,45.764,1800.0,20.5,10.7,normal
1697508928.191,46.738,1800.0,4.0,10.7,normal
1697508928.694,44.79,1800.0,3.0,10.7,normal
1697508929.196,45.277,1800.0,4.0,10.7,normal
1697508929.699,45.764,1800.0,3.0,10.7,normal
1697508930.201,45.764,1800.0,3.5,10.7,normal
1697508930.704,45.764,1800.0,3.5,10.7,normal
1697508931.206,45.277,1800.0,3.0,10.7,normal
1697508931.711,44.79,700.0,4.0,10.7,normal
1697508932.216,44.79,800.0,5.0,10.7,normal
1697508932.721,45.764,800.0,4.0,10.7,normal
1697508933.223,45.764,1800.0,26.4,10.4,normal
1697508933.726,45.764,1800.0,29.5,10.7,normal
1697508934.229,44.79,1800.0,4.9,10.7,normal
1697508934.731,45.764,1800.0,3.0,10.7,normal
1697508935.234,45.764,1800.0,3.5,10.7,normal
1697508935.736,45.764,1800.0,4.5,10.7,normal
1697508936.239,44.79,1800.0,4.0,10.7,normal
1697508936.741,46.251,1800.0,3.0,10.7,normal
1697508937.244,45.277,1800.0,3.5,10.7,normal
1697508937.746,45.764,1800.0,3.0,10.7,normal
1697508938.252,44.79,600.0,4.0,10.7,normal
1697508938.758,45.277,600.0,6.9,10.6,normal
1697508939.262,46.251,1800.0,28.4,10.5,normal
1697508939.764,45.277,1800.0,26.2,10.6,normal
1697508940.268,46.251,1800.0,4.5,10.6,normal
1697508940.77,45.764,1800.0,3.9,10.6,normal
1697508941.273,45.764,1800.0,3.5,10.6,normal
1697508941.775,45.764,1800.0,1.5,10.6,normal
1697508942.278,44.79,1800.0,5.0,10.6,normal
1697508942.78,45.764,1800.0,4.0,10.6,normal
1697508943.283,45.764,1800.0,3.9,10.6,normal
1697508943.786,46.251,1800.0,2.0,10.6,normal
1697508944.292,46.251,600.0,5.5,10.6,normal
1697508944.796,45.277,800.0,4.4,10.6,normal
1697508945.3,46.738,1800.0,21.4,10.4,normal
1697508945.802,46.738,1800.0,31.7,10.7,normal
1697508946.305,45.764,1800.0,1.0,10.7,normal
1697508946.807,45.277,1800.0,3.0,10.7,normal
1697508947.31,45.764,1800.0,1.5,10.7,normal
1697508947.813,45.764,1800.0,0.5,10.7,normal
1697508948.315,45.277,1800.0,4.0,10.7,normal
1697508948.818,45.764,1800.0,4.0,10.7,normal
1697508949.32,46.251,1800.0,5.5,10.7,normal
1697508949.823,45.764,1800.0,3.5,10.7,normal
1697508950.327,45.277,900.0,3.5,10.7,normal
1697508950.831,45.277,900.0,4.5,10.7,normal
1697508951.334,46.251,1800.0,17.9,10.2,normal
1697508951.837,45.764,1800.0,36.8,10.6,normal
1697508952.342,46.738,1800.0,5.4,10.7,normal
1697508952.845,46.251,1800.0,3.0,10.7,normal
1697508953.348,45.277,1800.0,3.0,10.7,normal
1697508953.85,46.251,1800.0,3.5,10.7,normal
1697508954.353,45.277,1800.0,4.0,10.7,normal
1697508954.855,45.764,1800.0,3.0,10.7,normal
1697508955.358,44.79,1800.0,3.0,10.7,normal
1697508955.86,45.764,1800.0,3.5,10.7,normal
1697508956.364,45.764,900.0,4.0,10.7,normal
1697508956.868,44.303,900.0,5.4,10.7,normal
1697508957.375,45.277,1100.0,10.3,9.6,normal
1697508957.879,45.277,1800.0,29.4,10.5,normal
1697508958.381,46.251,1800.0,21.1,10.6,normal
1697508958.884,45.277,1800.0,4.0,10.6,normal
1697508959.386,45.277,1800.0,4.5,10.6,normal
1697508959.889,45.764,1800.0,3.0,10.6,normal
1697508960.391,45.277,1800.0,3.5,10.6,normal
1697508960.894,45.277,1800.0,4.5,10.7,normal
1697508961.397,45.277,1800.0,4.0,10.7,normal
1697508961.899,45.277,1800.0,3.0,10.7,normal
1697508962.402,45.277,1800.0,3.5,10.7,normal
1697508962.906,45.764,900.0,5.9,10.7,normal
1697508963.41,44.303,900.0,5.0,10.7,normal
1697508963.913,45.277,1800.0,25.4,10.3,normal
1697508964.416,44.79,1800.0,31.0,10.6,normal
1697508964.918,45.764,1800.0,3.5,10.6,normal
1697508965.421,45.764,1800.0,2.5,10.6,normal
1697508965.923,45.277,1800.0,3.5,10.6,normal
1697508966.426,46.251,1800.0,4.0,10.6,normal
1697508966.928,45.764,1800.0,4.5,10.7,normal
1697508967.431,45.764,1800.0,3.5,10.6,normal
1697508967.934,45.764,1800.0,3.0,10.6,normal
1697508968.436,45.764,1800.0,3.5,10.7,normal
1697508968.94,45.764,900.0,5.0,10.6,normal
1697508969.445,45.277,900.0,6.9,10.6,normal
1697508969.947,46.251,1800.0,29.0,10.5,normal
1697508970.45,46.738,1800.0,23.4,10.6,normal
1697508970.953,45.277,1800.0,2.5,10.6,normal
1697508971.455,46.251,1800.0,1.5,10.6,normal
1697508971.958,45.277,1800.0,3.5,10.6,normal
1697508972.46,46.251,1800.0,4.4,10.6,normal
1697508972.963,45.277,1800.0,3.0,10.7,normal
1697508973.465,46.251,1800.0,4.0,10.6,normal
1697508973.968,45.764,1800.0,3.0,10.7,normal
1697508974.471,45.277,1800.0,4.5,10.7,normal
1697508974.976,44.79,600.0,4.0,10.7,normal
1697508975.48,44.79,1000.0,5.4,10.7,normal
1697508975.983,45.764,1800.0,23.4,10.3,normal
1697508976.486,46.738,1800.0,31.7,10.6,normal
1697508976.989,44.79,1800.0,3.0,10.6,normal
1697508977.491,46.251,1800.0,4.0,10.6,normal
1697508977.994,45.277,1800.0,3.5,10.6,normal
1697508978.496,45.764,1800.0,3.5,10.6,normal
1697508978.999,45.277,1800.0,3.9,10.6,normal
1697508979.501,45.764,1800.0,5.0,10.6,normal
1697508980.004,45.764,1800.0,3.5,10.6,normal
1697508980.506,45.277,1800.0,4.0,10.6,normal
1697508981.012,44.79,600.0,3.0,10.6,normal
1697508981.518,45.277,600.0,5.4,10.6,normal
1697508982.021,45.277,1800.0,27.7,10.4,normal
1697508982.524,45.764,1800.0,28.6,10.6,normal
1697508983.027,46.251,1800.0,3.9,10.6,normal
1697508983.529,45.277,1800.0,4.5,10.6,normal
1697508984.032,44.79,1800.0,3.0,10.7,normal
1697508984.534,45.277,1800.0,4.0,10.6,normal
1697508985.037,45.764,1800.0,3.5,10.7,normal
1697508985.539,46.251,1800.0,3.0,10.7,normal
1697508986.042,45.277,1800.0,2.5,10.7,normal
1697508986.545,45.764,1800.0,1.5,10.7,normal
1697508987.049,45.277,800.0,5.5,10.7,normal
1697508987.554,45.277,600.0,5.0,10.7,normal
1697508988.057,45.277,1800.0,17.1,10.4,normal
1697508988.56,45.764,1800.0,35.8,10.7,normal
1697508989.063,44.303,1800.0,3.5,10.7,normal
1697508989.565,45.764,1800.0,4.4,10.7,normal
1697508990.068,45.764,1800.0,3.0,10.7,normal
1697508990.57,45.764,1800.0,3.5,10.7,normal
1697508991.073,46.251,1800.0,3.5,10.7,normal
1697508991.575,44.79,1800.0,3.5,10.7,normal
1697508992.078,45.764,1800.0,3.5,10.7,normal
1697508992.58,45.277,1800.0,3.5,10.7,normal
1697508993.086,45.277,600.0,3.5,10.7,normal
1697508993.592,44.303,600.0,5.4,10.7,normal
1697508994.095,46.251,1800.0,23.4,10.4,normal
1697508994.598,46.251,1800.0,32.5,10.7,normal
1697508995.1,46.251,1800.0,3.5,10.7,normal
1697508995.603,45.277,1800.0,4.5,10.7,normal
1697508996.105,45.764,1800.0,3.0,10.7,normal
1697508996.608,45.277,1800.0,3.0,10.7,normal
1697508997.111,45.764,1800.0,3.0,10.7,normal
1697508997.613,45.277,1800.0,4.0,10.7,normal
1697508998.116,46.251,1800.0,3.0,10.7,normal
1697508998.618,45.277,1800.0,3.5,10.7,normal
1697508999.123,45.277,700.0,5.4,10.7,normal
1697508999.629,46.738,600.0,5.9,10.7,normal
1697509000.131,45.277,1800.0,13.4,10.0,normal
1697509000.635,46.251,1800.0,34.3,10.6,normal
1697509001.138,46.251,1800.0,10.0,10.6,normal
1697509001.64,45.764,1800.0,1.5,10.6,normal
1697509002.143,45.277,1800.0,3.5,10.7,normal
1697509002.646,44.79,1800.0,3.5,10.7,normal
1697509003.148,45.277,1800.0,3.5,10.7,normal
1697509003.651,44.79,1800.0,4.0,10.7,normal
1697509004.153,45.764,1800.0,5.0,10.7,normal
1697509004.656,45.277,1800.0,4.0,10.7,normal
1697509005.161,45.277,725.0,3.5,10.7,normal
1697509005.666,45.764,600.0,2.0,10.7,normal
1697509006.17,45.277,1800.0,6.0,10.6,normal
1697509006.672,46.251,1800.0,28.4,10.5,normal
1697509007.175,46.251,1800.0,22.4,10.7,normal
1697509007.677,45.764,1800.0,2.0,10.7,normal
1697509008.18,46.251,1800.0,2.0,10.7,normal
1697509008.683,45.764,1800.0,3.5,10.7,normal
1697509009.185,45.277,1800.0,5.0,10.7,normal
1697509009.688,45.764,1800.0,1.5,10.7,normal
1697509010.19,45.277,1800.0,1.5,10.7,normal
1697509010.693,45.764,1800.0,4.0,10.7,normal
1697509011.198,45.764,700.0,4.0,10.7,normal
1697509011.702,45.277,800.0,5.4,10.7,normal
1697509012.207,44.79,800.0,5.4,10.7,normal
1697509012.71,46.251,1800.0,24.8,10.3,normal
1697509013.213,45.277,1800.0,31.3,10.6,normal
1697509013.715,45.764,1800.0,3.5,10.6,normal
1697509014.218,45.764,1800.0,4.5,10.6,normal
1697509014.721,46.738,1800.0,3.5,10.6,normal
1697509015.223,44.79,1800.0,4.4,10.6,normal
1697509015.726,45.277,1800.0,3.0,10.7,normal
1697509016.228,45.764,1800.0,4.0,10.7,normal
1697509016.731,45.764,1800.0,3.0,10.7,normal
1697509017.233,46.251,1800.0,4.5,10.7,normal
1697509017.738,44.79,800.0,4.0,10.7,normal
1697509018.242,45.277,800.0,5.0,10.7,normal
1697509018.745,44.79,1800.0,15.4,10.2,normal
1697509019.247,46.251,1800.0,39.0,10.6,normal
1697509019.75,45.764,1800.0,4.5,10.7,normal
1697509020.253,45.277,1800.0,3.5,10.7,normal
1697509020.755,45.764,1800.0,3.5,10.7,normal
1697509021.258,45.764,1800.0,5.9,10.7,normal
1697509021.761,45.764,1800.0,5.0,10.7,normal
1697509022.264,44.303,1800.0,3.5,10.7,normal
1697509022.766,45.764,1800.0,3.0,10.7,normal
1697509023.269,45.764,1800.0,4.0,10.7,normal
1697509023.773,45.764,800.0,3.5,10.7,normal
1697509024.28,45.277,600.0,6.4,10.7,normal
1697509024.783,45.764,1800.0,18.4,10.3,normal
1697509025.286,46.251,1800.0,35.8,10.7,normal
1697509025.789,47.225,1800.0,4.0,10.7,normal
1697509026.291,45.277,1800.0,0.5,10.7,normal
1697509026.794,46.251,1800.0,5.9,10.7,normal
1697509027.296,46.251,1800.0,3.5,10.7,normal
1697509027.799,45.764,1800.0,3.0,10.7,normal
1697509028.302,45.764,1800.0,2.0,10.7,normal
1697509028.804,45.764,1800.0,2.0,10.7,normal
1697509029.307,45.764,1800.0,3.9,10.7,normal
1697509029.812,46.251,600.0,4.5,10.7,normal
1697509030.317,44.79,800.0,3.5,10.7,normal
1697509030.82,46.738,1800.0,21.4,10.4,normal
1697509031.323,47.712,1800.0,31.2,10.7,normal
1697509031.825,46.251,1800.0,3.5,10.7,normal
1697509032.328,47.225,1800.0,3.0,10.7,normal
1697509032.83,45.764,1800.0,4.9,10.7,normal
1697509033.333,45.277,1800.0,4.0,10.7,normal
1697509033.835,45.277,1800.0,2.5,10.7,normal
1697509034.338,45.764,1800.0,5.0,10.7,normal
1697509034.841,46.251,1800.0,2.5,10.7,normal
1697509035.343,45.764,1800.0,3.5,10.7,normal
1697509035.849,45.277,700.0,3.5,10.7,normal
1697509036.355,45.277,600.0,4.5,10.7,normal
1697509036.858,46.251,1800.0,26.5,10.5,normal
1697509037.362,45.277,1800.0,26.2,10.7,normal
1697509037.865,45.764,1800.0,4.0,10.7,normal
1697509038.368,45.764,1800.0,3.0,10.7,normal
1697509038.875,45.764,1800.0,3.4,10.7,normal
1697509039.378,44.79,1800.0,4.5,10.7,normal
1697509039.881,44.79,1800.0,4.0,10.7,normal
1697509040.383,45.764,1800.0,3.9,10.7,normal
1697509040.886,45.277,1800.0,3.5,10.6,normal
1697509041.388,45.764,1800.0,2.5,10.6,normal
1697509041.892,45.277,1000.0,5.9,10.6,normal
1697509042.398,44.79,600.0,3.5,10.6,normal
1697509042.901,45.277,1800.0,21.8,10.3,normal
1697509043.403,46.738,1800.0,32.7,10.6,normal
1697509043.906,46.251,1800.0,4.0,10.6,normal
1697509044.408,45.277,1800.0,4.9,10.6,normal
1697509044.911,45.764,1800.0,3.5,10.6,normal
1697509045.414,45.764,1800.0,3.0,10.6,normal
1697509045.916,45.764,1800.0,3.9,10.6,normal
1697509046.419,45.764,1800.0,3.0,10.6,normal
1697509046.921,45.277,1800.0,3.5,10.6,normal
1697509047.424,45.764,1800.0,3.5,10.6,normal
1697509047.927,44.79,1000.0,6.4,10.6,normal
1697509048.432,44.303,800.0,4.5,10.6,normal
1697509048.936,44.79,1800.0,26.0,10.4,normal
1697509049.438,46.251,1800.0,30.5,10.7,normal
1697509049.941,45.764,1800.0,3.5,10.7,normal
1697509050.443,45.764,1800.0,4.0,10.7,normal
1697509050.946,45.277,1800.0,3.0,10.7,normal
1697509051.448,45.764,1800.0,3.5,10.7,normal
1697509051.951,46.251,1800.0,5.0,10.7,normal
1697509052.454,46.251,1800.0,3.0,10.7,normal
1697509052.956,45.277,1800.0,4.0,10.7,normal
1697509053.459,45.764,1800.0,3.5,10.7,normal
1697509053.963,46.251,1100.0,6.4,10.7,normal
1697509054.468,44.303,1000.0,6.9,10.7,normal
1697509054.971,45.764,1800.0,17.4,10.4,normal
1697509055.473,46.251,1800.0,37.2,10.7,normal
1697509055.976,45.764,1800.0,4.0,10.7,normal
1697509056.478,46.251,1800.0,3.5,10.7,normal
1697509056.981,45.764,1800.0,3.5,10.7,normal
1697509057.483,44.303,1800.0,3.0,10.7,normal
1697509057.986,44.79,1800.0,4.0,10.7,normal
1697509058.488,45.764,1800.0,3.5,10.7,normal
1697509058.991,45.277,1800.0,3.5,10.7,normal
1697509059.493,44.79,1800.0,4.0,10.7,normal
1697509059.999,45.764,600.0,5.9,10.7,normal
1697509060.505,44.79,600.0,3.5,10.7,normal
1697509061.008,44.303,1800.0,22.5,10.4,normal
1697509061.51,46.251,1800.0,33.7,10.7,normal
1697509062.013,45.277,1800.0,4.5,10.7,normal
1697509062.515,46.251,1800.0,4.0,10.7,normal
1697509063.018,45.277,1800.0,3.5,10.7,normal
1697509063.52,45.277,1800.0,3.5,10.7,normal
1697509064.023,45.764,1800.0,4.0,10.7,normal
1697509064.526,45.764,1800.0,4.0,10.7,normal
1697509065.028,44.79,1800.0,4.0,10.7,normal
1697509065.531,45.764,1800.0,2.0,10.7,normal
1697509066.035,45.764,800.0,3.5,10.7,normal
1697509066.54,45.277,800.0,4.5,10.7,normal
1697509067.043,46.251,1800.0,12.6,10.1,normal
1697509067.545,46.251,1800.0,36.5,10.6,normal
1697509068.048,45.764,1800.0,3.5,10.7,normal
1697509068.551,46.251,1800.0,4.5,10.7,normal
1697509069.053,45.277,1800.0,5.5,10.7,normal
1697509069.556,46.251,1800.0,4.0,10.7,normal
1697509070.058,46.251,1800.0,3.5,10.7,normal
1697509070.561,45.277,1800.0,2.0,10.7,normal
1697509071.064,45.764,1800.0,4.0,10.7,normal
1697509071.566,45.277,1800.0,3.5,10.7,normal
1697509072.071,45.764,700.0,2.0,10.7,normal
1697509072.577,44.79,600.0,4.0,10.7,normal
1697509073.083,43.816,600.0,8.9,10.1,normal
1697509073.586,46.738,1800.0,28.0,10.4,normal
1697509074.089,46.251,1800.0,22.5,10.6,normal
1697509074.591,46.251,1800.0,3.5,10.6,normal
1697509075.094,44.79,1800.0,3.0,10.6,normal
1697509075.596,46.251,1800.0,3.0,10.6,normal
1697509076.099,46.251,1800.0,3.5,10.6,normal
1697509076.602,45.277,1800.0,3.5,10.6,normal
1697509077.104,45.277,1800.0,3.5,10.6,normal
1697509077.607,45.277,1800.0,4.4,10.7,normal
1697509078.109,46.251,1800.0,2.5,10.7,normal
1697509078.615,45.764,600.0,4.5,10.7,normal
1697509079.12,45.277,700.0,5.9,10.7,normal
1697509079.623,45.764,1800.0,26.2,10.4,normal
1697509080.126,46.251,1800.0,30.0,10.6,normal
1697509080.628,46.251,1800.0,3.0,10.6,normal
1697509081.131,46.738,1800.0,5.4,10.6,normal
1697509081.634,45.764,1800.0,2.5,10.6,normal
1697509082.136,45.277,1800.0,4.0,10.6,normal
1697509082.639,46.251,1800.0,3.0,10.6,normal
1697509083.141,46.251,1800.0,4.5,10.6,normal
1697509083.644,45.764,1800.0,2.5,10.6,normal
1697509084.146,45.764,1800.0,4.5,10.6,normal
1697509084.652,45.277,600.0,3.0,10.6,normal
1697509085.157,44.303,700.0,5.9,10.6,normal
1697509085.66,45.764,1800.0,29.0,10.4,normal
1697509086.163,45.277,1800.0,25.5,10.7,normal
1697509086.666,45.764,1800.0,3.0,10.7,normal
1697509087.168,45.764,1800.0,3.5,10.7,normal
1697509087.671,45.764,1800.0,3.9,10.7,normal
1697509088.173,45.764,1800.0,3.0,10.7,normal
1697509088.676,46.251,1800.0,4.0,10.7,normal
1697509089.178,45.277,1800.0,5.9,10.7,normal
1697509089.681,46.738,1800.0,3.0,10.7,normal
1697509090.183,46.251,1800.0,3.5,10.7,normal
1697509090.688,44.79,800.0,5.4,10.7,normal
1697509091.192,44.303,800.0,10.0,9.6,normal
1697509091.696,44.79,1800.0,29.4,10.5,normal
1697509092.199,46.251,1800.0,22.2,10.6,normal
1697509092.701,46.251,1800.0,3.5,10.6,normal
1697509093.204,45.764,1800.0,3.0,10.6,normal
1697509093.706,46.251,1800.0,4.5,10.6,normal
1697509094.209,44.79,1800.0,3.0,10.6,normal
1697509094.711,45.764,1800.0,3.5,10.7,normal
1697509095.214,46.251,1800.0,3.5,10.6,normal
1697509095.716,46.738,1800.0,3.5,10.6,normal
1697509096.219,44.79,1800.0,2.5,10.6,normal
1697509096.724,46.738,800.0,5.4,10.6,normal
1697509097.23,45.764,600.0,4.0,10.6,normal
1697509097.733,45.277,1800.0,26.7,10.4,normal
1697509098.235,45.277,1800.0,30.2,10.6,normal
1697509098.738,46.251,1800.0,3.5,10.6,normal
1697509099.24,46.251,1800.0,3.0,10.6,normal
1697509099.743,46.251,1800.0,4.9,10.6,normal
1697509100.245,45.764,1800.0,3.5,10.6,normal
1697509100.748,44.79,1800.0,3.5,10.6,normal
1697509101.25,45.277,1800.0,3.0,10.6,normal
1697509101.753,46.738,1800.0,3.5,10.6,normal
1697509102.255,46.251,1800.0,3.5,10.6,normal
1697509102.76,44.303,800.0,5.9,10.6,normal
1697509103.265,44.303,800.0,4.5,10.6,normal
1697509103.767,45.277,1800.0,19.3,10.2,normal
1697509104.27,46.738,1800.0,38.5,10.6,normal
1697509104.773,45.764,1800.0,3.0,10.6,normal
1697509105.275,46.738,1800.0,3.5,10.6,normal
1697509105.778,45.277,1800.0,3.9,10.6,normal
1697509106.28,45.277,1800.0,3.5,10.6,normal
1697509106.783,47.225,1800.0,4.9,10.6,normal
1697509107.285,46.251,1800.0,3.0,10.6,normal
1697509107.788,45.277,1800.0,4.0,10.6,normal
1697509108.291,46.251,1800.0,4.0,10.6,normal
1697509108.795,45.764,800.0,5.4,10.6,normal
1697509109.299,45.277,1000.0,5.4,10.6,normal
1697509109.802,45.764,1800.0,11.4,9.8,normal
1697509110.312,47.225,1800.0,31.7,10.5,normal
1697509110.814,46.251,1800.0,26.2,10.6,normal
1697509111.317,46.251,1800.0,2.5,10.6,normal
1697509111.82,46.251,1800.0,3.0,10.6,normal
1697509112.322,46.251,1800.0,2.0,10.6,normal
1697509112.825,45.277,1800.0,2.5,10.6,normal
1697509113.327,45.277,1800.0,3.4,10.6,normal
1697509113.83,45.764,1800.0,3.0,10.6,normal
1697509114.332,46.251,1800.0,4.5,10.6,normal
1697509114.837,45.277,700.0,4.9,10.6,normal
1697509115.343,45.277,600.0,4.4,10.7,normal
1697509115.846,46.251,1800.0,12.9,10.0,normal
1697509116.349,46.738,1800.0,33.3,10.5,normal
1697509116.851,46.251,1800.0,14.0,10.6,normal
1697509117.354,45.764,1800.0,3.5,10.6,normal
1697509117.857,45.764,1800.0,4.4,10.6,normal
1697509118.359,44.79,1800.0,3.0,10.6,normal
1697509118.862,45.277,1800.0,3.5,10.6,normal
1697509119.364,44.79,1800.0,4.5,10.6,normal
1697509119.867,45.764,1800.0,3.0,10.6,normal
1697509120.369,45.764,1800.0,3.0,10.6,normal
1697509120.874,46.251,700.0,4.0,10.6,normal
1697509121.379,43.816,900.0,4.9,10.6,normal
1697509121.883,46.251,900.0,5.0,10.5,normal
1697509122.386,47.225,1800.0,28.0,10.4,normal
1697509122.889,46.251,1800.0,25.1,10.6,normal
1697509123.391,45.764,1800.0,3.5,10.6,normal
1697509123.894,46.251,1800.0,3.0,10.6,normal
1697509124.397,45.277,1800.0,4.5,10.6,normal
1697509124.899,45.764,1800.0,3.5,10.6,normal
1697509125.402,46.251,1800.0,4.0,10.6,normal
1697509125.905,45.277,1800.0,3.5,10.7,normal
1697509126.407,44.79,1800.0,2.0,10.7,normal
1697509126.91,46.251,1800.0,4.0,10.7,normal
1697509127.415,44.303,600.0,4.5,10.7,normal
1697509127.919,46.251,1800.0,11.7,10.0,normal
1697509128.423,47.225,1800.0,32.5,10.6,normal
1697509128.925,45.764,1800.0,15.6,10.7,normal
1697509129.428,45.277,1800.0,5.0,10.7,normal
1697509129.931,46.251,1800.0,3.5,10.7,normal
1697509130.433,45.764,1800.0,3.5,10.7,normal
1697509130.936,45.277,1800.0,2.5,10.7,normal
1697509131.438,46.738,1800.0,4.9,10.7,normal
1697509131.941,46.251,1800.0,2.5,10.7,normal
1697509132.443,44.79,1800.0,3.5,10.7,normal
1697509132.948,45.277,700.0,2.5,10.7,normal
1697509133.453,44.303,700.0,5.9,10.7,normal
1697509133.956,45.277,1800.0,16.4,10.2,normal
1697509134.459,46.251,1800.0,38.5,10.6,normal
1697509134.962,45.277,1800.0,5.9,10.7,normal
1697509135.464,45.764,1800.0,3.5,10.7,normal
1697509135.967,44.79,1800.0,3.5,10.7,normal
1697509136.47,45.764,1800.0,3.5,10.7,normal
1697509136.972,46.251,1800.0,4.4,10.7,normal
1697509137.475,45.277,1800.0,3.0,10.7,normal
1697509137.977,46.251,1800.0,3.5,10.7,normal
1697509138.48,45.277,1800.0,3.5,10.7,normal
1697509138.985,45.277,600.0,4.0,10.7,normal
1697509139.49,44.79,800.0,5.9,10.7,normal
1697509139.993,45.277,1800.0,21.0,10.3,normal
1697509140.496,47.712,1800.0,35.0,10.7,normal
1697509140.998,46.251,1800.0,3.5,10.7,normal
1697509141.501,45.764,1800.0,3.5,10.7,normal
1697509142.003,46.251,1800.0,4.4,10.7,normal
1697509142.506,46.251,1800.0,2.5,10.7,normal
1697509143.008,44.79,1800.0,3.0,10.7,normal
1697509143.511,46.251,1800.0,4.4,10.7,normal
1697509144.013,45.277,1800.0,3.0,10.7,normal
1697509144.516,46.251,1800.0,5.4,10.7,normal
1697509145.021,45.764,600.0,4.5,10.7,normal
1697509145.527,45.764,600.0,4.0,10.7,normal
1697509146.031,45.277,1200.0,14.8,10.0,normal
1697509146.535,47.225,1800.0,36.1,10.6,normal
1697509147.038,46.738,1800.0,10.0,10.6,normal
1697509147.54,45.764,1800.0,3.5,10.6,normal
1697509148.043,44.79,1800.0,4.0,10.6,normal
1697509148.545,46.738,1800.0,3.5,10.6,normal
1697509149.048,45.764,1800.0,5.4,10.6,normal
1697509149.55,45.764,1800.0,4.0,10.6,normal
1697509150.053,45.764,1800.0,3.0,10.6,normal
1697509150.556,45.277,1800.0,3.0,10.7,normal
1697509151.058,45.277,1800.0,4.5,10.7,normal
1697509151.564,45.764,600.0,5.0,10.7,normal
1697509152.067,45.277,1800.0,17.1,10.3,normal
1697509152.569,46.738,1800.0,37.0,10.6,normal
1697509153.072,46.251,1800.0,4.5,10.7,normal
1697509153.574,45.277,1800.0,3.5,10.7,normal
1697509154.077,46.738,1800.0,3.0,10.6,normal
1697509154.579,45.277,1800.0,2.5,10.6,normal
1697509155.082,45.764,1800.0,3.5,10.6,normal
1697509155.584,45.277,1800.0,3.0,10.7,normal
1697509156.087,45.764,1800.0,2.5,10.7,normal
1697509156.589,45.277,1800.0,3.0,10.7,normal
1697509157.095,45.277,600.0,3.9,10.7,normal
1697509157.601,43.816,600.0,4.0,10.7,normal
1697509158.104,46.738,1800.0,23.0,10.3,normal
1697509158.606,46.738,1800.0,32.3,10.6,normal
1697509159.109,47.225,1800.0,5.4,10.6,normal
1697509159.611,45.277,1800.0,3.5,10.6,normal
1697509160.114,44.79,1800.0,3.0,10.7,normal
1697509160.616,45.764,1800.0,3.0,10.7,normal
1697509161.119,44.303,1800.0,4.0,10.7,normal
1697509161.621,45.764,1800.0,3.5,10.7,normal
1697509162.124,45.764,1800.0,3.5,10.7,normal
1697509162.626,45.764,1800.0,3.5,10.7,normal
1697509163.132,44.79,600.0,5.4,10.7,normal
1697509163.638,45.277,600.0,4.0,10.7,normal
1697509164.142,45.764,1800.0,28.6,10.4,normal
1697509164.645,46.251,1800.0,27.6,10.6,normal
1697509165.148,45.764,1800.0,5.4,10.6,normal
1697509165.65,46.738,1800.0,3.0,10.6,normal
1697509166.153,46.251,1800.0,3.5,10.6,normal
1697509166.655,45.764,1800.0,3.5,10.6,normal
1697509167.158,45.764,1800.0,4.5,10.6,normal
1697509167.66,45.277,1800.0,3.4,10.6,normal
1697509168.163,45.764,1800.0,1.0,10.6,normal
1697509168.666,44.79,1800.0,2.0,10.6,normal
1697509169.17,45.277,700.0,7.4,10.6,normal
1697509169.677,45.764,700.0,7.4,10.5,normal
1697509170.18,46.738,1800.0,29.6,10.5,normal
1697509170.683,45.764,1800.0,23.1,10.7,normal
1697509171.185,46.251,1800.0,3.0,10.7,normal
1697509171.688,44.303,1800.0,3.9,10.7,normal
1697509172.19,46.738,1800.0,2.5,10.7,normal
1697509172.693,44.303,1800.0,3.0,10.7,normal
1697509173.195,46.738,1800.0,3.5,10.7,normal
1697509173.698,45.764,1800.0,4.0,10.7,normal
1697509174.2,45.277,1800.0,4.0,10.7,normal
1697509174.703,45.764,1800.0,3.9,10.7,normal
1697509175.208,45.277,700.0,5.9,10.7,normal
1697509175.711,46.251,1800.0,11.4,9.9,normal
1697509176.218,45.764,1800.0,32.7,10.6,normal
1697509176.721,46.251,1800.0,14.0,10.7,normal
1697509177.223,45.764,1800.0,4.0,10.7,normal
1697509177.726,45.277,1800.0,4.0,10.7,normal
1697509178.228,46.251,1800.0,2.5,10.7,normal
1697509178.731,46.251,1800.0,3.0,10.7,normal
1697509179.233,46.251,1800.0,5.0,10.7,normal
1697509179.736,45.764,1800.0,3.5,10.6,normal
1697509180.239,45.764,1800.0,3.0,10.7,normal
1697509180.743,44.79,700.0,3.9,10.7,normal
1697509181.249,44.79,600.0,5.4,10.7,normal
1697509181.754,44.79,900.0,6.4,10.6,normal
1697509182.263,45.277,1800.0,29.2,10.5,normal
1697509182.766,44.79,1800.0,25.4,10.7,normal
1697509183.268,45.277,1800.0,5.0,10.7,normal
1697509183.771,46.738,1800.0,3.0,10.7,normal
1697509184.273,45.277,1800.0,4.5,10.7,normal
1697509184.776,45.277,1800.0,2.5,10.7,normal
1697509185.279,45.277,1800.0,5.4,10.7,normal
1697509185.781,46.251,1800.0,4.0,10.7,normal
1697509186.284,44.79,1800.0,1.0,10.7,normal
1697509186.787,45.764,1800.0,3.0,10.7,normal
1697509187.291,45.277,900.0,3.5,10.7,normal
1697509187.795,45.277,900.0,3.9,10.7,normal
1697509188.298,46.738,1800.0,21.9,10.4,normal
1697509188.801,46.251,1800.0,36.4,10.7,normal
1697509189.303,45.277,1800.0,4.5,10.7,normal
1697509189.806,45.277,1800.0,4.0,10.7,normal
1697509190.308,45.277,1800.0,2.5,10.7,normal
1697509190.811,44.79,1800.0,4.0,10.7,normal
1697509191.313,45.277,1800.0,3.0,10.7,normal
1697509191.816,45.277,1800.0,3.5,10.7,normal
1697509192.319,44.79,1800.0,3.4,10.7,normal
1697509192.821,45.764,1800.0,3.5,10.7,normal
1697509193.325,45.277,800.0,4.0,10.7,normal
1697509193.829,46.251,1100.0,4.5,10.7,normal
1697509194.331,46.738,1800.0,27.4,10.5,normal
1697509194.834,46.251,1800.0,26.8,10.7,normal
1697509195.337,45.277,1800.0,3.0,10.7,normal
1697509195.839,46.738,1800.0,3.0,10.7,normal
1697509196.342,45.277,1800.0,2.5,10.7,normal
1697509196.844,44.79,1800.0,3.0,10.7,normal
1697509197.347,45.277,1800.0,3.5,10.7,normal
1697509197.849,44.79,1800.0,4.0,10.7,normal
1697509198.352,45.764,1800.0,3.9,10.6,normal
1697509198.854,45.764,1800.0,4.0,10.7,normal
1697509199.358,45.764,1100.0,6.4,10.6,normal
1697509199.862,46.251,1000.0,5.0,10.6,normal
1697509200.365,45.764,1800.0,17.0,10.2,normal
1697509200.867,46.738,1800.0,37.0,10.6,normal
1697509201.37,46.738,1800.0,5.4,10.7,normal
1697509201.872,46.251,1800.0,4.5,10.7,normal
1697509202.375,45.764,1800.0,3.5,10.7,normal
1697509202.878,45.764,1800.0,3.0,10.7,normal
1697509203.38,45.764,1800.0,3.5,10.7,normal
1697509203.883,47.225,1800.0,4.0,10.7,normal
1697509204.385,45.764,1800.0,4.5,10.7,normal
1697509204.887,45.277,1800.0,3.5,10.7,normal
1697509205.391,45.277,900.0,3.5,10.7,normal
1697509205.896,44.79,800.0,5.0,10.7,normal
1697509206.399,45.277,1800.0,21.4,10.3,normal
1697509206.901,46.251,1800.0,32.3,10.6,normal
1697509207.404,45.764,1800.0,3.0,10.6,normal
1697509207.906,45.764,1800.0,3.4,10.6,normal
1697509208.409,45.764,1800.0,3.5,10.6,normal
1697509208.912,45.277,1800.0,3.5,10.6,normal
1697509209.414,46.251,1800.0,4.0,10.7,normal
1697509209.917,45.764,1800.0,2.5,10.7,normal
1697509210.419,45.277,1800.0,4.0,10.7,normal
1697509210.922,45.764,1800.0,3.5,10.7,normal
1697509211.426,46.251,800.0,4.5,10.7,normal
1697509211.931,45.764,1000.0,4.0,10.7,normal
1697509212.433,45.764,1800.0,16.0,10.3,normal
1697509212.936,47.225,1800.0,37.2,10.6,normal
1697509213.439,45.277,1800.0,5.0,10.7,normal
1697509213.941,46.738,1800.0,3.0,10.7,normal
1697509214.444,46.251,1800.0,5.0,10.7,normal
1697509214.946,45.277,1800.0,3.5,10.7,normal
1697509215.449,45.277,1800.0,3.5,10.7,normal
1697509215.951,45.764,1800.0,3.5,10.7,normal
1697509216.454,46.251,1800.0,3.5,10.7,normal
1697509216.956,44.79,1800.0,4.5,10.7,normal
1697509217.461,45.277,700.0,3.0,10.7,normal
1697509217.967,45.277,600.0,4.5,10.7,normal
1697509218.47,45.764,1800.0,19.3,10.2,normal
1697509218.973,45.764,1800.0,37.0,10.7,normal
1697509219.475,45.764,1800.0,3.5,10.7,normal
1697509219.978,46.251,1800.0,3.5,10.7,normal
1697509220.48,45.277,1800.0,3.0,10.7,normal
1697509220.983,45.277,1800.0,4.5,10.7,normal
1697509221.485,46.251,1800.0,3.5,10.7,normal
1697509221.988,45.764,1800.0,3.5,10.7,normal
1697509222.491,45.764,1800.0,3.5,10.7,normal
1697509222.993,46.251,1800.0,3.0,10.7,normal
1697509223.498,44.303,600.0,4.5,10.7,normal
1697509224.004,45.277,600.0,4.4,10.7,normal
1697509224.508,45.277,1800.0,25.1,10.4,normal
1697509225.01,46.251,1800.0,29.6,10.7,normal
1697509225.513,46.738,1800.0,4.5,10.7,normal
1697509226.015,45.764,1800.0,3.5,10.7,normal
1697509226.518,45.277,1800.0,4.0,10.7,normal
1697509227.02,45.764,1800.0,3.5,10.7,normal
1697509227.523,45.764,1800.0,4.5,10.7,normal
1697509228.025,45.764,1800.0,3.5,10.7,normal
1697509228.528,45.277,1800.0,4.4,10.7,normal
1697509229.031,45.277,1800.0,3.5,10.7,normal
1697509229.536,45.764,600.0,5.9,10.7,normal
1697509230.042,44.79,600.0,4.5,10.6,normal
1697509230.545,45.277,1800.0,28.4,10.5,normal
1697509231.048,45.764,1800.0,25.1,10.7,normal
1697509231.55,45.277,1800.0,4.0,10.7,normal
1697509232.053,45.277,1800.0,2.5,10.7,normal
1697509232.555,45.764,1800.0,3.5,10.7,normal
1697509233.058,46.251,1800.0,3.0,10.7,normal
1697509233.56,45.277,1800.0,2.5,10.7,normal
1697509234.063,46.251,1800.0,5.0,10.7,normal
1697509234.565,44.79,1800.0,2.0,10.7,normal
1697509235.068,45.764,1800.0,3.5,10.7,normal
1697509235.573,44.79,600.0,3.5,10.7,normal
1697509236.079,43.816,600.0,4.4,10.7,normal
1697509236.582,44.79,1800.0,22.4,10.3,normal
1697509237.085,45.277,1800.0,32.0,10.7,normal
1697509237.587,46.251,1800.0,2.5,10.7,normal
1697509238.09,45.764,1800.0,3.5,10.7,normal
1697509238.593,45.764,1800.0,2.5,10.7,normal
1697509239.095,45.764,1800.0,4.0,10.7,normal
1697509239.598,45.277,1800.0,3.5,10.7,normal
1697509240.1,45.764,1800.0,2.5,10.7,normal
1697509240.603,46.738,1800.0,3.5,10.6,normal
1697509241.105,45.764,1800.0,3.0,10.6,normal
1697509241.611,44.79,600.0,4.4,10.6,normal
1697509242.116,43.816,600.0,4.0,10.6,normal
1697509242.619,45.277,1800.0,14.1,10.2,normal
1697509243.122,47.712,1800.0,38.8,10.6,normal
1697509243.625,46.251,1800.0,5.5,10.7,normal
1697509244.127,45.764,1800.0,4.0,10.7,normal
1697509244.63,45.764,1800.0,3.0,10.7,normal
1697509245.132,45.277,1800.0,3.5,10.7,normal
1697509245.635,45.764,1800.0,2.5,10.7,normal
1697509246.137,45.764,1800.0,3.5,10.7,normal
1697509246.64,44.79,1800.0,4.0,10.7,normal
1697509247.143,44.79,1800.0,1.0,10.7,normal
1697509247.648,44.303,700.0,3.9,10.7,normal
1697509248.153,46.251,800.0,4.5,10.7,normal
1697509248.657,44.79,900.0,11.9,9.7,normal
1697509249.16,46.251,1800.0,28.0,10.5,normal
1697509249.663,45.277,1800.0,21.0,10.6,normal
1697509250.165,46.251,1800.0,2.5,10.6,normal
1697509250.668,45.764,1800.0,2.0,10.6,normal
1697509251.17,45.764,1800.0,5.0,10.7,normal
1697509251.673,45.277,1800.0,3.5,10.7,normal
1697509252.175,45.277,1800.0,3.0,10.7,normal
1697509252.678,45.764,1800.0,5.4,10.7,normal
1697509253.18,45.764,1800.0,3.5,10.7,normal
1697509253.683,45.764,1800.0,3.5,10.7,normal
1697509254.188,44.303,700.0,6.4,10.7,normal
1697509254.691,46.251,1800.0,13.9,10.1,normal
1697509255.194,46.251,1800.0,36.1,10.6,normal
1697509255.697,45.277,1800.0,9.5,10.6,normal
1697509256.2,46.251,1800.0,3.5,10.6,normal
1697509256.702,45.764,1800.0,3.5,10.6,normal
1697509257.205,44.79,1800.0,4.0,10.6,normal
1697509257.707,45.277,1800.0,2.5,10.6,normal
1697509258.21,46.251,1800.0,4.4,10.6,normal
1697509258.712,44.79,1800.0,3.5,10.6,normal
1697509259.215,44.79,1800.0,5.0,10.6,normal
1697509259.72,45.764,700.0,3.0,10.6,normal
1697509260.225,45.277,800.0,5.4,10.7,normal
1697509260.731,44.79,600.0,6.4,10.6,normal
1697509261.235,45.764,1800.0,29.9,10.5,normal
1697509261.737,46.738,1800.0,24.5,10.7,normal
1697509262.24,46.251,1800.0,3.0,10.7,normal
1697509262.742,45.277,1800.0,3.0,10.7,normal
1697509263.245,45.764,1800.0,3.5,10.7,normal
1697509263.748,44.79,1800.0,3.5,10.7,normal
1697509264.25,45.764,1800.0,3.5,10.7,normal
1697509264.753,45.277,1800.0,4.0,10.7,normal
1697509265.256,44.79,1800.0,5.0,10.7,normal
1697509265.759,46.251,1800.0,3.5,10.7,normal
1697509266.263,45.277,800.0,3.9,10.7,normal
1697509266.768,45.277,800.0,5.0,10.7,normal
1697509267.27,46.738,1800.0,25.9,10.4,normal
1697509267.773,45.277,1800.0,30.5,10.7,normal
1697509268.276,45.277,1800.0,3.0,10.7,normal
1697509268.779,45.277,1800.0,4.9,10.7,normal
1697509269.281,45.277,1800.0,5.9,10.7,normal
1697509269.784,45.764,1800.0,3.5,10.7,normal
1697509270.286,45.277,1800.0,3.0,10.7,normal
1697509270.789,45.764,1800.0,2.5,10.7,normal
1697509271.292,45.764,1800.0,4.5,10.7,normal
1697509271.794,45.277,1800.0,2.5,10.7,normal
1697509272.299,44.79,800.0,5.9,10.7,normal
1697509272.802,46.251,1100.0,6.4,10.7,normal
1697509273.305,46.251,1800.0,28.5,10.4,normal
1697509273.808,45.764,1800.0,23.2,10.6,normal
1697509274.311,46.251,1800.0,5.4,10.6,normal
1697509274.813,45.277,1800.0,4.0,10.6,normal
1697509275.316,46.251,1800.0,3.5,10.6,normal
1697509275.819,46.251,1800.0,3.5,10.6,normal
1697509276.321,45.764,1800.0,2.5,10.6,normal
1697509276.823,44.79,1800.0,4.0,10.6,normal
1697509277.326,45.277,1800.0,3.5,10.7,normal
1697509277.828,46.251,1800.0,3.0,10.7,normal
1697509278.333,45.277,800.0,4.0,10.6,normal
1697509278.837,45.277,1200.0,8.0,9.6,normal
1697509279.34,46.738,1800.0,28.7,10.5,normal
1697509279.843,45.277,1800.0,20.6,10.6,normal
1697509280.346,46.251,1800.0,2.0,10.6,normal
1697509280.848,46.251,1800.0,3.5,10.6,normal
1697509281.351,45.277,1800.0,3.0,10.6,normal
1697509281.853,45.764,1800.0,3.5,10.6,normal
1697509282.356,45.277,1800.0,2.5,10.6,normal
1697509282.859,46.251,1800.0,3.5,10.6,normal
1697509283.361,45.277,1800.0,3.0,10.6,normal
1697509283.864,46.251,1800.0,3.5,10.6,normal
1697509284.367,45.764,1000.0,6.4,10.6,normal
1697509284.871,45.277,1800.0,14.4,10.1,normal
1697509285.374,47.225,1800.0,33.7,10.6,normal
1697509285.877,45.764,1800.0,12.1,10.7,normal
1697509286.379,45.764,1800.0,3.5,10.7,normal
1697509286.882,46.251,1800.0,4.4,10.7,normal
1697509287.384,46.251,1800.0,3.5,10.7,normal
1697509287.887,46.738,1800.0,3.0,10.7,normal
1697509288.39,45.277,1800.0,4.0,10.7,normal
1697509288.892,45.764,1800.0,3.5,10.7,normal
1697509289.395,46.251,1800.0,5.0,10.7,normal
1697509289.899,44.303,700.0,2.5,10.7,normal
1697509290.404,45.277,900.0,5.5,10.7,normal
1697509290.907,45.277,1800.0,15.1,10.2,normal
1697509291.41,46.251,1800.0,37.6,10.6,normal
1697509291.912,46.738,1800.0,7.0,10.6,normal
1697509292.415,45.764,1800.0,3.5,10.6,normal
1697509292.917,46.738,1800.0,2.0,10.6,normal
1697509293.42,46.251,1800.0,3.5,10.6,normal
1697509293.922,45.764,1800.0,3.5,10.6,normal
1697509294.425,45.764,1800.0,4.0,10.6,normal
1697509294.928,45.277,1800.0,3.0,10.6,normal
1697509295.43,46.251,1800.0,3.5,10.6,normal
1697509295.935,45.277,800.0,3.0,10.6,normal
1697509296.439,44.79,900.0,5.4,10.7,normal
1697509296.942,45.764,1800.0,19.1,10.2,normal
1697509297.444,47.225,1800.0,36.5,10.6,normal
1697509297.947,45.764,1800.0,4.5,10.6,normal
1697509298.449,46.251,1800.0,3.0,10.6,normal
1697509298.952,46.251,1800.0,3.0,10.6,normal
1697509299.455,45.277,1800.0,4.5,10.6,normal
1697509299.957,46.251,1800.0,4.5,10.6,normal
1697509300.46,44.79,1800.0,2.5,10.6,normal
1697509300.962,45.277,1800.0,3.5,10.6,normal
1697509301.465,45.277,1800.0,3.0,10.7,normal
1697509301.97,45.277,800.0,4.5,10.7,normal
1697509302.475,44.79,700.0,6.9,10.7,normal
1697509302.978,46.251,1800.0,12.0,9.7,normal
1697509303.481,44.79,1800.0,30.5,10.6,normal
1697509303.984,45.764,1800.0,17.4,10.7,normal
1697509304.487,46.251,1800.0,5.0,10.7,normal
1697509304.989,45.277,1800.0,3.0,10.7,normal
1697509305.491,45.277,1800.0,3.5,10.7,normal
1697509305.994,45.764,1800.0,3.0,10.7,normal
1697509306.496,44.79,1800.0,2.0,10.7,normal
1697509306.999,45.764,1800.0,2.5,10.7,normal
1697509307.502,44.79,1800.0,3.4,10.7,normal
1697509308.006,45.277,700.0,3.0,10.7,normal
1697509308.511,44.303,800.0,2.5,10.7,normal
1697509309.014,45.277,1800.0,17.7,10.2,normal
1697509309.521,46.738,1800.0,38.7,10.6,normal
1697509310.023,45.277,1800.0,9.4,10.7,normal
1697509310.526,44.79,1800.0,4.5,10.7,normal
1697509311.029,45.277,1800.0,3.5,10.7,normal
1697509311.531,44.79,1800.0,3.0,10.7,normal
1697509312.034,45.764,1800.0,3.0,10.7,normal
1697509312.536,45.277,1800.0,3.5,10.7,normal
1697509313.039,44.79,1800.0,3.5,10.7,normal
1697509313.541,45.764,1800.0,3.5,10.7,normal
1697509314.044,44.79,1800.0,3.0,10.7,normal
1697509314.55,45.277,600.0,5.4,10.7,normal
1697509315.053,46.738,1800.0,19.4,10.2,normal
1697509315.555,46.251,1800.0,36.2,10.6,normal
1697509316.058,45.764,1800.0,3.0,10.6,normal
1697509316.56,46.251,1800.0,3.0,10.6,normal
1697509317.063,45.277,1800.0,3.9,10.6,normal
1697509317.566,46.251,1800.0,2.5,10.7,normal
1697509318.068,45.764,1800.0,3.5,10.7,normal
1697509318.571,45.764,1800.0,3.0,10.7,normal
1697509319.073,45.764,1800.0,5.0,10.7,normal
1697509319.576,45.277,1800.0,4.0,10.7,normal
1697509320.081,44.79,600.0,3.0,10.7,normal
1697509320.587,44.79,600.0,4.0,10.7,normal
1697509321.091,45.764,1800.0,13.9,9.8,normal
1697509321.595,45.764,1800.0,31.7,10.5,normal
1697509322.097,46.251,1800.0,14.6,10.6,normal
1697509322.6,45.764,1800.0,2.5,10.6,normal
1697509323.102,45.277,1800.0,3.9,10.6,normal
1697509323.605,45.764,1800.0,4.0,10.6,normal
1697509324.107,46.251,1800.0,4.0,10.6,normal
1697509324.61,44.79,1800.0,3.0,10.6,normal
1697509325.112,45.277,1800.0,3.0,10.6,normal
1697509325.615,45.764,1800.0,3.0,10.6,normal
1697509326.119,46.251,800.0,3.5,10.6,normal
1697509326.625,45.764,600.0,4.0,10.6,normal
1697509327.131,45.277,600.0,4.9,10.6,normal
1697509327.636,45.764,1800.0,27.9,10.4,normal
1697509328.139,45.764,1800.0,28.4,10.7,normal
1697509328.641,45.764,1800.0,3.5,10.7,normal
1697509329.144,46.251,1800.0,4.0,10.7,normal
1697509329.646,45.277,1800.0,5.0,10.7,normal
1697509330.149,44.79,1800.0,4.0,10.7,normal
1697509330.651,45.277,1800.0,3.5,10.7,normal
1697509331.154,45.277,1800.0,3.5,10.6,normal
1697509331.656,45.764,1800.0,3.0,10.7,normal
1697509332.159,45.277,1800.0,4.0,10.7,normal
1697509332.664,46.251,600.0,3.5,10.6,normal
1697509333.17,46.738,600.0,4.5,10.7,normal
1697509333.673,46.251,1800.0,19.0,10.3,normal
1697509334.176,45.764,1800.0,37.0,10.7,normal
1697509334.678,45.277,1800.0,3.0,10.7,normal
1697509335.181,44.79,1800.0,3.5,10.7,normal
1697509335.683,46.251,1800.0,4.0,10.7,normal
1697509336.186,44.79,1800.0,3.5,10.7,normal
1697509336.688,45.277,1800.0,3.0,10.7,normal
1697509337.191,46.251,1800.0,3.0,10.7,normal
1697509337.694,45.277,1800.0,3.0,10.7,normal
1697509338.196,44.79,1800.0,4.0,10.7,normal
1697509338.702,45.277,600.0,3.9,10.7,normal
1697509339.207,44.79,700.0,5.0,10.7,normal
1697509339.71,45.764,1800.0,25.7,10.3,normal
1697509340.213,46.251,1800.0,28.8,10.6,normal
1697509340.716,45.764,1800.0,5.0,10.6,normal
1697509341.218,45.764,1800.0,3.0,10.6,normal
1697509341.721,46.251,1800.0,4.0,10.6,normal
1697509342.223,46.251,1800.0,2.0,10.6,normal
1697509342.726,45.277,1800.0,2.5,10.6,normal
1697509343.228,46.251,1800.0,3.5,10.7,normal
1697509343.731,45.277,1800.0,4.0,10.7,normal
1697509344.234,46.251,1800.0,4.0,10.7,normal
1697509344.739,46.738,600.0,4.4,10.7,normal
1697509345.246,44.79,600.0,7.9,10.6,normal
1697509345.75,46.251,1800.0,29.5,10.5,normal
1697509346.252,46.738,1800.0,23.6,10.6,normal
1697509346.755,46.251,1800.0,4.0,10.6,normal
1697509347.258,45.764,1800.0,5.0,10.6,normal
1697509347.788,46.251,1800.0,4.7,10.6,normal
1697509348.29,46.738,1800.0,3.5,10.7,normal
1697509348.793,46.251,1800.0,3.0,10.7,normal
1697509349.295,45.277,1800.0,5.4,10.7,normal
1697509349.798,45.764,1800.0,3.0,10.7,normal
1697509350.3,46.251,1800.0,3.9,10.7,normal
1697509350.805,46.251,700.0,4.5,10.7,normal
1697509351.31,45.277,700.0,4.4,10.7,normal
1697509351.813,46.251,1800.0,24.5,10.3,normal
1697509352.316,46.251,1800.0,31.5,10.6,normal
1697509352.818,46.251,1800.0,4.5,10.6,normal
1697509353.321,46.251,1800.0,2.5,10.6,normal
1697509353.823,44.79,1800.0,3.5,10.6,normal
1697509354.326,45.277,1800.0,4.9,10.6,normal
1697509354.829,46.251,1800.0,4.0,10.6,normal
1697509355.331,46.251,1800.0,3.0,10.7,normal
1697509355.834,44.79,1800.0,3.0,10.6,normal
1697509356.337,46.251,1800.0,3.0,10.7,normal
1697509356.841,45.277,900.0,4.4,10.7,normal
1697509357.345,44.79,900.0,5.0,10.7,normal
1697509357.848,46.251,1800.0,26.5,10.4,normal
1697509358.351,46.738,1800.0,27.0,10.6,normal
1697509358.853,45.277,1800.0,2.5,10.6,normal
1697509359.356,46.251,1800.0,4.5,10.6,normal
1697509359.858,45.277,1800.0,4.4,10.6,normal
1697509360.361,45.277,1800.0,2.5,10.6,normal
1697509360.863,45.764,1800.0,3.0,10.6,normal
1697509361.366,45.764,1800.0,3.0,10.6,normal
1697509361.868,44.79,1800.0,3.0,10.7,normal
1697509362.371,45.764,1800.0,3.0,10.7,normal
1697509362.875,44.79,1000.0,3.5,10.7,normal
1697509363.378,44.79,1100.0,5.4,10.7,normal
1697509363.881,45.764,1800.0,20.9,10.3,normal
1697509364.384,45.277,1800.0,34.2,10.7,normal
1697509364.887,45.764,1800.0,4.0,10.7,normal
1697509365.389,45.764,1800.0,2.5,10.7,normal
1697509365.892,45.277,1800.0,4.5,10.7,normal
1697509366.394,46.251,1800.0,2.5,10.7,normal
1697509366.897,45.277,1800.0,3.5,10.7,normal
1697509367.399,45.277,1800.0,3.0,10.7,normal
1697509367.902,45.277,1800.0,1.5,10.7,normal
1697509368.404,45.277,1800.0,3.0,10.7,normal
1697509368.908,45.277,900.0,6.5,10.7,normal
1697509369.414,45.277,600.0,2.0,10.7,normal
1697509369.917,45.764,1800.0,10.1,10.1,normal
1697509370.42,46.251,1800.0,35.3,10.6,normal
1697509370.922,45.764,1800.0,9.9,10.7,normal
1697509371.425,46.251,1800.0,5.0,10.7,normal
1697509371.927,45.764,1800.0,3.5,10.7,normal
1697509372.43,46.251,1800.0,4.5,10.7,normal
1697509372.932,44.79,1800.0,2.5,10.7,normal
1697509373.435,46.251,1800.0,3.5,10.7,normal
1697509373.938,45.764,1800.0,3.0,10.7,normal
1697509374.44,45.277,1800.0,4.5,10.7,normal
1697509374.945,45.764,700.0,4.0,10.7,normal
1697509375.45,45.764,700.0,5.4,10.7,normal
1697509375.956,45.277,600.0,5.9,10.7,normal
1697509376.46,45.764,1800.0,29.4,10.4,normal
1697509376.962,46.251,1800.0,24.6,10.7,normal
1697509377.465,45.277,1800.0,3.5,10.7,normal
1697509377.967,46.738,1800.0,3.5,10.7,normal
1697509378.47,46.738,1800.0,4.0,10.7,normal
1697509378.972,46.251,1800.0,4.0,10.7,normal
1697509379.475,47.225,1800.0,4.9,10.7,normal
1697509379.977,45.764,1800.0,3.0,10.7,normal
1697509380.48,45.277,1800.0,4.0,10.7,normal
1697509380.983,46.738,1800.0,4.0,10.7,normal
1697509381.488,45.764,600.0,5.4,10.7,normal
1697509381.991,45.764,1800.0,12.5,9.9,normal
1697509382.494,46.738,1800.0,30.2,10.6,normal
1697509382.996,45.764,1800.0,17.5,10.7,normal
1697509383.499,45.764,1800.0,4.5,10.7,normal
1697509384.002,45.277,1800.0,2.5,10.7,normal
1697509384.504,45.764,1800.0,4.5,10.7,normal
1697509385.007,46.251,1800.0,4.5,10.7,normal
1697509385.509,45.764,1800.0,3.0,10.7,normal
1697509386.012,45.277,1800.0,3.9,10.7,normal
1697509386.515,45.764,1800.0,3.5,10.7,normal
1697509387.02,45.277,700.0,3.0,10.7,normal
1697509387.531,44.79,600.0,6.3,10.7,normal
1697509388.034,46.738,1800.0,15.9,10.2,normal
1697509388.537,47.225,1800.0,37.4,10.6,normal
1697509389.04,46.251,1800.0,4.5,10.7,normal
1697509389.542,46.251,1800.0,4.0,10.7,normal
1697509390.045,44.303,1800.0,3.0,10.7,normal
1697509390.547,44.79,1800.0,3.0,10.7,normal
1697509391.05,46.251,1800.0,4.0,10.7,normal
1697509391.552,46.738,1800.0,3.5,10.7,normal
1697509392.055,45.764,1800.0,3.5,10.7,normal
1697509392.563,45.277,1800.0,3.9,10.7,normal
1697509393.068,44.303,600.0,3.0,10.7,normal
1697509393.574,45.764,600.0,5.4,10.7,normal
1697509394.079,45.277,700.0,9.0,9.6,normal
1697509394.582,45.764,1800.0,28.7,10.5,normal
1697509395.085,46.251,1800.0,21.1,10.6,normal
1697509395.588,45.277,1800.0,3.0,10.6,normal
1697509396.09,46.251,1800.0,5.4,10.6,normal
1697509396.593,46.251,1800.0,2.5,10.6,normal
1697509397.095,45.277,1800.0,3.0,10.6,normal
1697509397.598,46.251,1800.0,3.0,10.6,normal
1697509398.1,45.277,1800.0,3.5,10.6,normal
1697509398.603,45.764,1800.0,3.0,10.6,normal
1697509399.108,45.277,700.0,4.4,10.6,normal
1697509399.614,44.303,600.0,4.5,10.6,normal
1697509400.119,45.277,600.0,5.9,10.6,normal
1697509400.623,46.251,1800.0,28.4,10.4,normal
1697509401.126,47.225,1800.0,28.0,10.6,normal
1697509401.629,45.277,1800.0,2.5,10.6,normal
1697509402.131,46.251,1800.0,4.9,10.6,normal
1697509402.634,46.251,1800.0,3.0,10.6,normal
1697509403.137,44.79,1800.0,3.5,10.6,normal
1697509403.639,45.764,1800.0,3.0,10.6,normal
1697509404.142,45.764,1800.0,4.5,10.6,normal
1697509404.644,45.764,1800.0,3.5,10.6,normal
1697509405.147,46.251,1800.0,2.0,10.6,normal
1697509405.652,45.764,600.0,3.0,10.6,normal
1697509406.158,44.79,600.0,4.4,10.6,normal
1697509406.661,46.251,1800.0,20.6,10.2,normal
1697509407.164,46.251,1800.0,35.0,10.6,normal
1697509407.667,45.764,1800.0,3.0,10.6,normal
1697509408.169,45.277,1800.0,3.0,10.6,normal
1697509408.672,46.251,1800.0,4.5,10.6,normal
1697509409.174,45.764,1800.0,4.0,10.6,normal
1697509409.677,45.277,1800.0,2.5,10.6,normal
1697509410.179,45.277,1800.0,3.0,10.6,normal
1697509410.682,45.277,1800.0,4.0,10.6,normal
1697509411.184,45.764,1800.0,2.5,10.6,normal
1697509411.69,44.79,600.0,3.9,10.6,normal
1697509412.196,45.277,600.0,3.0,10.6,normal
1697509412.699,45.277,1800.0,14.0,10.1,normal
1697509413.202,47.225,1800.0,39.1,10.6,normal
1697509413.704,46.251,1800.0,6.5,10.7,normal
1697509414.207,45.277,1800.0,4.0,10.7,normal
1697509414.71,45.764,1800.0,3.0,10.7,normal
1697509415.212,45.277,1800.0,4.5,10.7,normal
1697509415.715,46.251,1800.0,3.5,10.7,normal
1697509416.217,45.277,1800.0,3.0,10.7,normal
1697509416.72,45.277,1800.0,3.5,10.7,normal
1697509417.222,45.277,1800.0,4.9,10.7,normal
1697509417.727,45.277,700.0,3.0,10.7,normal
1697509418.233,45.764,600.0,5.0,10.7,normal
1697509418.738,45.764,700.0,7.5,10.6,normal
1697509419.241,45.764,1800.0,30.3,10.5,normal
1697509419.744,45.277,1800.0,23.3,10.7,normal
1697509420.247,45.764,1800.0,3.5,10.7,normal
1697509420.75,45.277,1800.0,3.5,10.7,normal
1697509421.253,46.251,1800.0,3.0,10.7,normal
1697509421.755,45.277,1800.0,5.4,10.7,normal
1697509422.258,45.764,1800.0,4.0,10.7,normal
1697509422.76,45.277,1800.0,2.5,10.7,normal
1697509423.263,46.251,1800.0,2.5,10.7,normal
1697509423.768,45.764,700.0,5.0,10.7,normal
1697509424.272,45.277,800.0,5.4,10.7,normal
1697509424.778,44.79,600.0,4.9,10.7,normal
1697509425.281,45.277,1800.0,24.5,10.4,normal
1697509425.783,45.764,1800.0,28.5,10.6,normal
1697509426.286,45.277,1800.0,3.0,10.6,normal
1697509426.789,45.277,1800.0,2.5,10.6,normal
1697509427.291,45.764,1800.0,3.0,10.7,normal
1697509427.794,45.277,1800.0,2.5,10.7,normal
1697509428.296,45.764,1800.0,3.5,10.7,normal
1697509428.799,45.764,1800.0,3.0,10.7,normal
1697509429.301,44.79,1800.0,2.0,10.7,normal
1697509429.804,44.303,1800.0,1.5,10.7,normal
1697509430.309,45.277,800.0,1.5,10.7,normal
1697509430.815,45.277,600.0,9.5,10.7,normal
1697509431.318,46.251,1800.0,18.0,10.3,normal
1697509431.82,46.738,1800.0,37.8,10.7,normal
1697509432.323,45.277,1800.0,3.9,10.7,normal
1697509432.825,45.277,1800.0,4.0,10.7,normal
1697509433.328,46.738,1800.0,2.5,10.7,normal
1697509433.83,46.251,1800.0,4.0,10.7,normal
1697509434.333,45.764,1800.0,4.0,10.7,normal
1697509434.835,45.764,1800.0,3.0,10.7,normal
1697509435.338,46.251,1800.0,3.5,10.7,normal
1697509435.841,44.79,1800.0,4.0,10.7,normal
1697509436.346,44.79,700.0,5.0,10.7,normal
1697509436.851,45.277,700.0,3.5,10.7,normal
1697509437.355,45.277,1575.0,13.2,9.7,normal
1697509437.859,45.764,1800.0,29.4,10.6,normal
1697509438.362,45.277,1800.0,19.6,10.7,normal
1697509438.864,45.764,1800.0,4.9,10.7,normal
1697509439.367,45.277,1800.0,4.5,10.7,normal
1697509439.869,45.277,1800.0,3.0,10.7,normal
1697509440.372,46.738,1800.0,4.0,10.7,normal
1697509440.875,45.764,1800.0,3.5,10.7,normal
1697509441.377,46.251,1800.0,4.0,10.7,normal
1697509441.88,45.764,1800.0,3.9,10.7,normal
1697509442.384,45.764,800.0,4.5,10.7,normal
1697509442.888,45.277,1100.0,5.0,10.7,normal
1697509443.392,45.764,1000.0,5.4,10.7,normal
1697509443.895,46.738,1800.0,27.7,10.4,normal
1697509444.398,45.277,1800.0,28.5,10.6,normal
1697509444.901,45.764,1800.0,2.5,10.6,normal
1697509445.403,45.764,1800.0,3.5,10.6,normal
1697509445.906,46.251,1800.0,2.5,10.6,normal
1697509446.408,45.764,1800.0,2.0,10.6,normal
1697509446.911,46.251,1800.0,4.0,10.6,normal
1697509447.413,45.277,1800.0,1.5,10.6,normal
1697509447.916,45.277,1800.0,2.5,10.6,normal
1697509448.421,45.764,1800.0,3.4,10.6,normal
1697509448.925,45.277,900.0,3.5,10.6,normal
1697509449.43,45.764,1000.0,5.4,10.6,normal
1697509449.933,46.738,1800.0,20.3,10.4,normal
1697509450.435,46.738,1800.0,33.8,10.6,normal
1697509450.938,46.251,1800.0,3.5,10.6,normal
1697509451.44,46.251,1800.0,3.5,10.6,normal
1697509451.943,45.277,1800.0,3.0,10.6,normal
1697509452.446,45.277,1800.0,1.5,10.6,normal
1697509452.948,45.764,1800.0,2.0,10.6,normal
1697509453.451,45.277,1800.0,2.0,10.6,normal
1697509453.953,46.738,1800.0,5.0,10.6,normal
1697509454.456,45.277,1800.0,4.5,10.6,normal
1697509454.96,44.79,800.0,4.0,10.7,normal
1697509455.465,45.764,800.0,5.0,10.7,normal
1697509455.967,45.764,1800.0,25.4,10.3,normal
1697509456.47,45.764,1800.0,30.0,10.6,normal
1697509456.973,44.79,1800.0,3.5,10.6,normal
1697509457.475,45.764,1800.0,4.9,10.6,normal
1697509457.978,45.764,1800.0,3.0,10.6,normal
1697509458.485,46.251,1800.0,3.0,10.6,normal
1697509458.988,45.764,1800.0,3.5,10.6,normal
1697509459.49,46.738,1800.0,5.4,10.7,normal
1697509459.993,45.277,1800.0,3.5,10.7,normal
1697509460.495,45.764,1800.0,3.0,10.7,normal
1697509461.0,45.764,800.0,4.0,10.7,normal
1697509461.505,44.79,800.0,5.4,10.7,normal
1697509462.007,45.764,1800.0,18.6,10.2,normal
1697509462.51,46.251,1800.0,36.8,10.6,normal
1697509463.012,45.277,1800.0,3.0,10.6,normal
1697509463.52,45.764,1800.0,2.9,10.6,normal
1697509464.022,44.79,1800.0,5.4,10.6,normal
1697509464.525,45.764,1800.0,3.0,10.6,normal
1697509465.027,45.764,1800.0,4.0,10.6,normal
1697509465.53,46.251,1800.0,3.5,10.6,normal
1697509466.033,45.277,1800.0,4.0,10.6,normal
1697509466.535,44.79,1800.0,3.0,10.6,normal
1697509467.041,45.277,600.0,3.0,10.6,normal
1697509467.546,44.303,600.0,2.0,10.6,normal
1697509468.05,45.764,1800.0,22.7,10.3,normal
1697509468.552,46.251,1800.0,33.8,10.7,normal
1697509469.055,45.764,1800.0,3.5,10.7,normal
1697509469.557,45.764,1800.0,4.4,10.6,normal
1697509470.06,46.251,1800.0,3.0,10.7,normal
1697509470.562,45.764,1800.0,4.0,10.7,normal
1697509471.065,44.303,1800.0,2.5,10.6,normal
1697509471.567,45.764,1800.0,3.5,10.7,normal
1697509472.07,45.764,1800.0,3.5,10.7,normal
1697509472.572,44.79,1800.0,4.0,10.7,normal
1697509473.079,45.277,600.0,4.4,10.7,normal
1697509473.584,45.764,600.0,4.0,10.7,normal
1697509474.088,46.251,1800.0,28.5,10.5,normal
1697509474.59,46.738,1800.0,27.4,10.7,normal
1697509475.093,45.764,1800.0,2.0,10.7,normal
1697509475.595,45.764,1800.0,3.5,10.7,normal
1697509476.098,46.738,1800.0,3.0,10.7,normal
1697509476.601,44.79,1800.0,4.0,10.7,normal
1697509477.104,44.79,1800.0,2.5,10.7,normal
1697509477.607,45.277,1800.0,4.0,10.7,normal
1697509478.109,45.764,1800.0,3.5,10.7,normal
1697509478.612,45.764,1800.0,4.0,10.7,normal
1697509479.116,46.251,800.0,5.9,10.7,normal
1697509479.622,45.277,600.0,4.5,10.7,normal
1697509480.125,44.79,1800.0,21.3,10.3,normal
1697509480.627,44.303,1800.0,33.8,10.7,normal
1697509481.13,45.277,1800.0,4.4,10.7,normal
1697509481.633,45.764,1800.0,3.0,10.6,normal
1697509482.135,45.277,1800.0,2.0,10.6,normal
1697509482.638,44.79,1800.0,2.0,10.6,normal
1697509483.14,46.251,1800.0,4.0,10.6,normal
1697509483.643,46.738,1800.0,4.5,10.6,normal
1697509484.145,45.277,1800.0,4.9,10.7,normal
1697509484.648,44.303,1800.0,4.0,10.6,normal
1697509485.153,44.79,600.0,3.5,10.7,normal
1697509485.659,44.79,600.0,4.5,10.7,normal
1697509486.163,46.738,1800.0,24.4,10.4,normal
1697509486.665,47.225,1800.0,27.8,10.7,normal
1697509487.168,45.277,1800.0,2.0,10.7,normal
1697509487.67,45.764,1800.0,3.5,10.7,normal
1697509488.173,46.251,1800.0,2.0,10.7,normal
1697509488.675,46.251,1800.0,4.5,10.7,normal
1697509489.178,45.764,1800.0,3.0,10.7,normal
1697509489.681,45.764,1800.0,3.0,10.7,normal
1697509490.183,45.764,1800.0,3.0,10.7,normal
1697509490.686,44.79,1800.0,4.5,10.7,normal
1697509491.191,45.764,600.0,3.4,10.7,normal
1697509491.697,44.79,600.0,4.5,10.6,normal
1697509492.201,45.764,1800.0,28.9,10.5,normal
1697509492.704,46.251,1800.0,25.0,10.7,normal
1697509493.206,45.277,1800.0,3.0,10.7,normal
1697509493.709,45.277,1800.0,3.0,10.7,normal
1697509494.211,46.251,1800.0,5.4,10.7,normal
1697509494.714,45.764,1800.0,4.9,10.7,normal
1697509495.216,45.764,1800.0,2.5,10.7,normal
1697509495.719,45.277,1800.0,4.0,10.7,normal
1697509496.222,44.79,1800.0,4.0,10.7,normal
1697509496.724,44.79,1800.0,3.5,10.7,normal
1697509497.23,44.79,600.0,4.5,10.7,normal
1697509497.734,44.79,800.0,10.0,9.6,normal
1697509498.238,46.738,1800.0,29.9,10.5,normal
1697509498.741,46.251,1800.0,21.0,10.7,normal
1697509499.243,46.251,1800.0,4.5,10.7,normal
1697509499.746,45.764,1800.0,4.0,10.7,normal
1697509500.249,46.251,1800.0,3.5,10.7,normal
1697509500.752,45.277,1800.0,3.0,10.7,normal
1697509501.254,44.79,1800.0,4.5,10.7,normal
1697509501.757,45.277,1800.0,3.5,10.7,normal
1697509502.26,44.79,1800.0,3.5,10.7,normal
1697509502.765,45.277,700.0,5.0,10.7,normal
1697509503.271,45.764,600.0,4.9,10.7,normal
1697509503.777,45.277,600.0,5.0,10.7,normal
1697509504.281,45.277,1800.0,27.9,10.5,normal
1697509504.783,46.251,1800.0,29.4,10.7,normal
1697509505.286,45.764,1800.0,3.5,10.7,normal
1697509505.789,47.225,1800.0,3.0,10.7,normal
1697509506.291,45.764,1800.0,1.5,10.7,normal
1697509506.794,45.764,1800.0,5.4,10.7,normal
1697509507.296,45.764,1800.0,3.0,10.7,normal
1697509507.799,46.251,1800.0,3.0,10.7,normal
1697509508.301,46.251,1800.0,4.9,10.7,normal
1697509508.804,45.764,1800.0,3.0,10.7,normal
1697509509.308,45.764,900.0,5.9,10.7,normal
1697509509.813,44.303,600.0,4.0,10.7,normal
1697509510.316,44.79,1800.0,18.5,10.3,normal
1697509510.819,46.251,1800.0,37.6,10.7,normal
1697509511.321,44.79,1800.0,3.5,10.7,normal
1697509511.824,44.303,1800.0,3.9,10.7,normal
1697509512.327,46.251,1800.0,3.0,10.7,normal
1697509512.829,45.764,1800.0,4.0,10.7,normal
1697509513.332,46.251,1800.0,3.0,10.7,normal
1697509513.834,46.251,1800.0,4.0,10.7,normal
1697509514.337,45.764,1800.0,3.5,10.7,normal
1697509514.839,46.251,1800.0,4.9,10.7,normal
1697509515.345,45.764,600.0,4.0,10.7,normal
1697509515.849,44.303,750.0,4.0,10.7,normal
1697509516.352,45.277,1800.0,21.9,10.4,normal
1697509516.855,45.764,1800.0,33.5,10.7,normal
1697509517.358,45.764,1800.0,3.0,10.7,normal
1697509517.86,45.764,1800.0,3.5,10.7,normal
1697509518.363,44.79,1800.0,3.5,10.7,normal
1697509518.865,46.738,1800.0,2.5,10.7,normal
1697509519.368,46.251,1800.0,5.4,10.7,normal
1697509519.87,44.303,1800.0,3.0,10.7,normal
1697509520.373,44.79,1800.0,3.5,10.7,normal
1697509520.875,45.764,1800.0,4.0,10.7,normal
1697509521.379,45.764,900.0,4.5,10.7,normal
1697509521.884,44.303,800.0,3.5,10.7,normal
1697509522.387,45.764,1800.0,14.4,10.2,normal
1697509522.89,46.738,1800.0,37.0,10.6,normal
1697509523.393,45.277,1800.0,7.0,10.7,normal
1697509523.895,45.277,1800.0,3.0,10.7,normal
1697509524.398,46.251,1800.0,4.0,10.7,normal
1697509524.9,45.764,1800.0,3.0,10.7,normal
1697509525.403,46.251,1800.0,3.5,10.7,normal
1697509525.905,45.277,1800.0,4.0,10.7,normal
1697509526.408,44.79,1800.0,4.0,10.7,normal
1697509526.91,45.277,1800.0,3.5,10.7,normal
1697509527.415,45.277,900.0,3.5,10.7,normal
1697509527.918,45.277,1000.0,5.9,10.7,normal
1697509528.421,46.251,1800.0,19.0,10.3,normal
1697509528.923,45.277,1800.0,34.2,10.6,normal
1697509529.426,45.277,1800.0,4.0,10.6,normal
1697509529.928,45.277,1800.0,3.5,10.6,normal
1697509530.431,45.764,1800.0,1.5,10.6,normal
1697509530.934,45.277,1800.0,3.0,10.6,normal
1697509531.436,44.79,1800.0,2.5,10.7,normal
1697509531.939,45.764,1800.0,3.5,10.7,normal
1697509532.441,45.277,1800.0,2.5,10.7,normal
1697509532.944,45.764,1800.0,3.5,10.7,normal
1697509533.448,45.764,900.0,4.0,10.7,normal
1697509533.952,44.79,900.0,4.5,10.7,normal
1697509534.455,44.79,1800.0,10.4,9.6,normal
1697509534.958,45.277,1800.0,28.9,10.6,normal
1697509535.46,45.764,1800.0,20.1,10.7,normal
1697509535.963,45.277,1800.0,3.5,10.7,normal
1697509536.465,45.277,1800.0,3.5,10.7,normal
1697509536.968,44.79,1800.0,3.9,10.7,normal
1697509537.47,45.277,1800.0,3.0,10.7,normal
1697509537.973,45.764,1800.0,3.5,10.7,normal
1697509538.475,44.79,1800.0,4.0,10.7,normal
1697509538.978,45.764,1800.0,3.0,10.7,normal
1697509539.483,45.764,700.0,4.9,10.7,normal
1697509539.987,45.764,800.0,4.0,10.7,normal
1697509540.492,45.764,800.0,5.4,10.7,normal
1697509540.995,45.764,1800.0,26.4,10.4,normal
1697509541.498,46.251,1800.0,29.8,10.6,normal
1697509542.001,45.764,1800.0,4.0,10.6,normal
1697509542.503,45.764,1800.0,3.5,10.6,normal
1697509543.006,46.738,1800.0,4.0,10.6,normal
1697509543.508,45.277,1800.0,3.0,10.6,normal
1697509544.011,45.764,1800.0,2.5,10.6,normal
1697509544.514,45.764,1800.0,3.0,10.7,normal
1697509545.016,45.277,1800.0,3.0,10.7,normal
1697509545.519,46.251,1800.0,3.0,10.7,normal
1697509546.024,45.277,600.0,3.5,10.7,normal
1697509546.529,45.277,1000.0,4.0,10.7,normal
1697509547.031,45.764,1800.0,20.0,10.4,normal
1697509547.534,46.251,1800.0,32.5,10.7,normal
1697509548.036,45.277,1800.0,3.0,10.7,normal
1697509548.539,45.764,1800.0,2.0,10.7,normal
1697509549.042,45.764,1800.0,3.5,10.7,normal
1697509549.544,45.764,1800.0,3.0,10.7,normal
1697509550.047,45.764,1800.0,1.5,10.7,normal
1697509550.549,46.738,1800.0,4.5,10.7,normal
1697509551.052,46.251,1800.0,4.0,10.7,normal
1697509551.554,45.764,1800.0,4.0,10.7,normal
1697509552.06,44.79,600.0,4.0,10.7,normal
1697509552.566,45.277,600.0,5.4,10.7,normal
1697509553.069,46.251,1800.0,25.1,10.3,normal
1697509553.572,45.764,1800.0,28.1,10.6,normal
1697509554.074,45.764,1800.0,4.5,10.6,normal
1697509554.577,45.277,1800.0,3.5,10.6,normal
1697509555.079,46.251,1800.0,3.5,10.7,normal
1697509555.582,46.251,1800.0,3.0,10.7,normal
1697509556.084,45.277,1800.0,4.0,10.6,normal
1697509556.587,46.251,1800.0,3.5,10.7,normal
1697509557.089,44.79,1800.0,4.0,10.7,normal
1697509557.592,44.79,1800.0,3.5,10.6,normal
1697509558.097,45.764,600.0,5.4,10.7,normal
1697509558.603,44.79,600.0,3.9,10.7,normal
1697509559.106,45.764,1800.0,21.4,10.4,normal
1697509559.608,46.738,1800.0,35.8,10.7,normal
1697509560.111,46.251,1800.0,4.5,10.7,normal
1697509560.613,46.738,1800.0,3.0,10.7,normal
1697509561.116,46.251,1800.0,4.0,10.7,normal
1697509561.619,46.251,1800.0,3.5,10.7,normal
1697509562.121,45.764,1800.0,4.0,10.7,normal
1697509562.624,45.764,1800.0,3.0,10.7,normal
1697509563.126,45.277,1800.0,2.5,10.7,normal
1697509563.629,46.251,1800.0,2.5,10.7,normal
1697509564.134,45.277,700.0,4.0,10.7,normal
1697509564.64,44.79,600.0,4.0,10.7,normal
1697509565.143,45.277,1800.0,23.8,10.3,normal
1697509565.646,45.764,1800.0,31.5,10.7,normal
1697509566.148,46.251,1800.0,4.0,10.7,normal
1697509566.651,45.764,1800.0,3.0,10.7,normal
1697509567.153,45.277,1800.0,2.5,10.7,normal
1697509567.656,45.277,1800.0,4.0,10.7,normal
1697509568.159,45.277,1800.0,4.0,10.7,normal
1697509568.661,45.764,1800.0,2.5,10.7,normal
1697509569.164,45.764,1800.0,4.5,10.7,normal
1697509569.666,44.79,1800.0,3.5,10.7,normal
1697509570.172,44.303,600.0,3.0,10.7,normal
1697509570.677,45.277,600.0,4.0,10.7,normal
1697509571.18,45.764,1800.0,16.9,10.3,normal
1697509571.683,46.251,1800.0,37.8,10.7,normal
1697509572.186,45.764,1800.0,4.5,10.7,normal
1697509572.688,45.277,1800.0,2.5,10.7,normal
1697509573.191,46.251,1800.0,2.5,10.7,normal
1697509573.693,45.277,1800.0,2.5,10.7,normal
1697509574.196,45.277,1800.0,4.5,10.7,normal
1697509574.698,45.277,1800.0,3.9,10.7,normal
1697509575.201,45.277,1800.0,3.0,10.7,normal
1697509575.703,46.251,1800.0,3.0,10.7,normal
1697509576.209,45.764,600.0,3.0,10.7,normal
1697509576.714,45.764,600.0,5.0,10.7,normal
1697509577.217,45.764,1800.0,9.0,9.7,normal
1697509577.72,46.738,1800.0,28.9,10.6,normal
1697509578.223,46.251,1800.0,20.8,10.7,normal
1697509578.726,44.79,1800.0,4.0,10.7,normal
1697509579.228,45.277,1800.0,4.0,10.7,normal
1697509579.731,45.764,1800.0,4.0,10.7,normal
1697509580.233,45.764,1800.0,3.0,10.7,normal
1697509580.735,45.277,1800.0,4.0,10.7,normal
1697509581.238,45.764,1800.0,3.4,10.7,normal
1697509581.74,45.764,1800.0,3.0,10.7,normal
1697509582.245,44.79,700.0,4.0,10.7,normal
1697509582.751,45.277,600.0,4.4,10.7,normal
1697509583.254,46.251,1800.0,16.8,10.1,normal
1697509583.757,46.738,1800.0,36.5,10.6,normal
1697509584.26,45.277,1800.0,10.0,10.6,normal
1697509584.762,44.79,1800.0,2.5,10.6,normal
1697509585.265,45.764,1800.0,4.5,10.6,normal
1697509585.767,45.277,1800.0,2.5,10.6,normal
1697509586.27,45.764,1800.0,3.5,10.7,normal
1697509586.772,46.251,1800.0,2.5,10.7,normal
1697509587.275,45.764,1800.0,4.0,10.7,normal
1697509587.778,45.277,1800.0,5.0,10.7,normal
1697509588.282,44.303,900.0,4.9,10.7,normal
1697509588.788,45.277,600.0,4.0,10.7,normal
1697509589.293,45.764,800.0,7.4,10.5,normal
1697509589.795,45.764,1800.0,29.6,10.4,normal
1697509590.298,46.251,1800.0,24.9,10.6,normal
1697509590.801,46.251,1800.0,2.5,10.6,normal
1697509591.303,45.277,1800.0,3.9,10.6,normal
1697509591.806,46.251,1800.0,4.0,10.6,normal
1697509592.308,45.764,1800.0,3.5,10.6,normal
1697509592.811,46.251,1800.0,3.9,10.6,normal
1697509593.313,45.277,1800.0,3.0,10.6,normal
1697509593.816,45.764,1800.0,3.5,10.6,normal
1697509594.319,45.764,1800.0,4.0,10.6,normal
1697509594.823,45.764,900.0,5.4,10.6,normal
1697509595.327,45.764,900.0,4.0,10.6,normal
1697509595.83,46.738,1800.0,22.5,10.3,normal
1697509596.332,45.277,1800.0,32.8,10.7,normal
1697509596.835,44.79,1800.0,3.5,10.7,normal
1697509597.338,45.277,1800.0,3.5,10.7,normal
1697509597.84,45.764,1800.0,4.0,10.7,normal
1697509598.343,46.251,1800.0,4.0,10.7,normal
1697509598.845,45.277,1800.0,3.5,10.7,normal
1697509599.348,44.79,1800.0,4.0,10.7,normal
1697509599.85,46.251,1800.0,3.5,10.7,normal
1697509600.353,45.277,1800.0,3.5,10.7,normal
1697509600.857,45.277,800.0,4.4,10.7,normal
1697509601.362,45.277,900.0,5.9,10.7,normal
1697509601.865,45.764,1800.0,13.6,10.2,normal
1697509602.367,46.738,1800.0,38.4,10.7,normal
1697509602.87,46.251,1800.0,6.0,10.7,normal
1697509603.373,45.277,1800.0,3.5,10.7,normal
1697509603.875,45.764,1800.0,3.5,10.7,normal
1697509604.378,46.251,1800.0,5.0,10.7,normal
1697509604.88,45.764,1800.0,3.0,10.7,normal
1697509605.383,44.79,1800.0,3.9,10.7,normal
1697509605.886,45.277,1800.0,2.5,10.7,normal
1697509606.388,46.251,1800.0,3.0,10.7,normal
1697509606.892,45.764,800.0,2.5,10.7,normal
1697509607.397,45.277,1000.0,4.5,10.7,normal
1697509607.905,44.79,900.0,8.4,10.1,normal
1697509608.409,45.764,1800.0,27.2,10.6,normal
1697509608.911,46.251,1800.0,21.5,10.7,normal
1697509609.414,45.277,1800.0,1.5,10.7,normal
1697509609.917,45.764,1800.0,2.5,10.7,normal
1697509610.419,45.277,1800.0,5.4,10.7,normal
1697509610.922,44.79,1800.0,4.0,10.7,normal
1697509611.424,45.277,1800.0,3.5,10.7,normal
1697509611.927,45.764,1800.0,3.5,10.7,normal
1697509612.429,45.764,1800.0,3.5,10.7,normal
1697509612.934,45.764,700.0,4.4,10.7,normal
1697509613.439,45.764,700.0,4.0,10.7,normal
1697509613.943,45.764,1100.0,4.5,10.7,normal
1697509614.446,46.251,1800.0,26.2,10.4,normal
1697509614.949,45.764,1800.0,29.1,10.7,normal
1697509615.451,45.277,1800.0,2.0,10.6,normal
1697509615.954,45.764,1800.0,2.5,10.6,normal
1697509616.456,45.764,1800.0,2.0,10.7,normal
1697509616.959,45.277,1800.0,3.5,10.6,normal
1697509617.462,45.764,1800.0,3.0,10.6,normal
1697509617.964,45.277,1800.0,3.5,10.7,normal
1697509618.467,45.277,1800.0,4.0,10.6,normal
1697509618.969,45.277,1800.0,2.5,10.6,normal
1697509619.472,45.764,1800.0,16.8,10.6,normal
1697509619.975,45.277,1800.0,4.5,10.5,normal
1697509620.478,46.738,1800.0,28.9,10.5,normal
1697509620.981,45.764,1800.0,22.1,10.7,normal
1697509621.483,46.251,1800.0,5.0,10.7,normal
1697509621.986,45.277,1800.0,3.5,10.7,normal
1697509622.488,45.764,1800.0,3.5,10.7,normal
1697509622.991,44.79,1800.0,3.9,10.7,normal
1697509623.494,45.277,1800.0,4.0,10.7,normal
1697509623.996,45.764,1800.0,3.5,10.7,normal
1697509624.501,45.277,800.0,5.0,10.7,normal
1697509625.006,44.303,700.0,4.5,10.7,normal
1697509625.51,44.79,800.0,4.5,10.7,normal
1697509626.015,43.816,800.0,5.9,10.7,normal
1697509626.518,45.277,1800.0,24.5,10.4,normal
1697509627.02,45.764,1800.0,30.2,10.7,normal
1697509627.523,44.79,1800.0,3.5,10.7,normal
1697509628.025,45.764,1800.0,4.4,10.7,normal
1697509628.528,46.738,1800.0,4.0,10.7,normal
1697509629.031,45.764,1800.0,3.5,10.7,normal
1697509629.533,45.277,1800.0,4.5,10.7,normal
1697509630.036,45.277,1800.0,4.0,10.7,normal
1697509630.538,45.764,1800.0,3.5,10.7,normal
1697509631.041,45.764,1800.0,3.0,10.7,normal
1697509631.546,45.277,700.0,4.0,10.7,normal
1697509632.05,45.764,800.0,5.9,10.7,normal
1697509632.553,45.764,1800.0,18.4,10.3,normal
1697509633.056,46.251,1800.0,37.2,10.7,normal
1697509633.558,45.277,1800.0,3.5,10.7,normal
1697509634.061,44.79,1800.0,3.5,10.7,normal
1697509634.563,45.764,1800.0,5.9,10.7,normal
1697509635.066,46.738,1800.0,5.0,10.7,normal
1697509635.568,45.277,1800.0,3.0,10.7,normal
1697509636.071,45.277,1800.0,3.0,10.7,normal
1697509636.574,45.764,1800.0,4.9,10.7,normal
1697509637.076,45.277,1800.0,3.0,10.7,normal
1697509637.58,45.277,900.0,3.5,10.7,normal
1697509638.085,45.277,600.0,5.4,10.7,normal
1697509638.588,44.79,1800.0,13.4,9.8,normal
1697509639.092,46.251,1800.0,30.2,10.5,normal
1697509639.595,45.764,1800.0,18.0,10.6,normal
1697509640.098,46.251,1800.0,2.5,10.6,normal
1697509640.6,45.764,1800.0,4.5,10.6,normal
1697509641.103,46.251,1800.0,4.0,10.7,normal
1697509641.605,45.764,1800.0,3.0,10.7,normal
1697509642.108,45.277,1800.0,3.5,10.7,normal
1697509642.61,45.764,1800.0,3.0,10.7,normal
1697509643.113,45.764,1800.0,4.5,10.7,normal
1697509643.618,44.79,700.0,4.0,10.7,normal
1697509644.124,45.277,700.0,5.9,10.7,normal
1697509644.629,44.303,600.0,4.9,10.6,normal
1697509645.133,45.764,1800.0,29.6,10.4,normal
1697509645.635,45.277,1800.0,27.1,10.6,normal
1697509646.138,45.277,1800.0,4.0,10.6,normal
1697509646.64,45.764,1800.0,3.5,10.6,normal
1697509647.143,46.251,1800.0,4.0,10.6,normal
1697509647.646,45.764,1800.0,3.5,10.6,normal
1697509648.148,47.225,1800.0,3.0,10.6,normal
1697509648.651,46.251,1800.0,3.0,10.7,normal
1697509649.153,45.277,1800.0,6.0,10.7,normal
1697509649.656,46.251,1800.0,3.0,10.7,normal
1697509650.162,45.277,600.0,3.9,10.7,normal
1697509650.668,44.79,600.0,4.9,10.7,normal
1697509651.175,45.277,1800.0,21.6,10.3,normal
1697509651.678,46.251,1800.0,36.9,10.7,normal
1697509652.18,45.277,1800.0,3.5,10.7,normal
1697509652.683,45.764,1800.0,3.5,10.7,normal
1697509653.185,44.79,1800.0,3.0,10.7,normal
1697509653.688,44.79,1800.0,4.9,10.7,normal
1697509654.19,45.764,1800.0,5.0,10.7,normal
1697509654.693,45.277,1800.0,3.0,10.7,normal
1697509655.196,45.764,1800.0,2.5,10.7,normal
1697509655.698,45.277,1800.0,4.5,10.7,normal
1697509656.203,44.79,700.0,3.0,10.7,normal
1697509656.709,44.79,600.0,3.0,10.7,normal
1697509657.212,45.764,1800.0,11.4,10.1,normal
1697509657.715,46.251,1800.0,36.6,10.6,normal
1697509658.218,45.764,1800.0,9.5,10.7,normal
1697509658.721,45.764,1800.0,3.0,10.7,normal
1697509659.223,45.277,1800.0,4.5,10.7,normal
1697509659.726,45.764,1800.0,2.5,10.7,normal
1697509660.228,45.277,1800.0,3.0,10.7,normal
1697509660.731,44.79,1800.0,4.0,10.7,normal
1697509661.233,45.277,1800.0,2.5,10.7,normal
1697509661.736,44.79,1800.0,4.5,10.7,normal
1697509662.242,45.277,700.0,3.5,10.7,normal
1697509662.748,44.79,600.0,5.0,10.7,normal
1697509663.255,45.277,600.0,5.9,10.7,normal
1697509663.758,45.764,1800.0,31.2,10.5,normal
1697509664.261,44.79,1800.0,26.6,10.7,normal
1697509664.763,45.277,1800.0,3.0,10.7,normal
1697509665.266,44.79,1800.0,3.0,10.7,normal
1697509665.769,45.277,1800.0,2.5,10.7,normal
1697509666.271,45.277,1800.0,2.0,10.7,normal
1697509666.774,45.277,1800.0,3.0,10.7,normal
1697509667.276,46.251,1800.0,2.5,10.7,normal
1697509667.779,46.251,1800.0,2.0,10.7,normal
1697509668.281,44.303,1800.0,1.0,10.7,normal
1697509668.787,45.764,600.0,3.5,10.7,normal
1697509669.293,45.764,600.0,3.4,10.7,normal
1697509669.795,44.79,1800.0,28.9,10.3,normal
1697509670.298,46.251,1800.0,32.0,10.6,normal
1697509670.801,46.251,1800.0,2.5,10.6,normal
1697509671.303,45.764,1800.0,3.5,10.6,normal
1697509671.806,46.738,1800.0,3.5,10.6,normal
1697509672.308,46.251,1800.0,3.5,10.7,normal
1697509672.811,45.277,1800.0,3.5,10.6,normal
1697509673.313,45.277,1800.0,3.0,10.7,normal
1697509673.816,45.764,1800.0,3.5,10.7,normal
1697509674.319,44.79,1800.0,4.5,10.6,normal
1697509674.823,45.277,700.0,4.9,10.6,normal
1697509675.329,44.79,600.0,3.5,10.7,normal
1697509675.832,44.79,1800.0,16.3,10.3,normal
1697509676.335,46.738,1800.0,36.9,10.7,normal
1697509676.838,46.251,1800.0,5.0,10.7,normal
1697509677.34,45.277,1800.0,3.0,10.7,normal
1697509677.843,45.277,1800.0,3.5,10.7,normal
1697509678.345,45.277,1800.0,4.0,10.7,normal
1697509678.848,45.277,1800.0,4.0,10.7,normal
1697509679.35,44.79,1800.0,5.0,10.7,normal
1697509679.853,45.764,1800.0,3.0,10.7,normal
1697509680.356,46.251,1800.0,4.4,10.7,normal
1697509680.86,45.764,800.0,3.0,10.7,normal
1697509681.364,45.764,1000.0,5.9,10.7,normal
1697509681.867,45.764,1800.0,19.8,10.2,normal
1697509682.369,45.277,1800.0,35.4,10.7,normal
1697509682.872,46.251,1800.0,3.0,10.7,normal
1697509683.374,45.277,1800.0,4.0,10.7,normal
1697509683.877,45.764,1800.0,4.0,10.7,normal
1697509684.379,45.277,1800.0,3.0,10.7,normal
1697509684.882,45.764,1800.0,3.5,10.7,normal
1697509685.385,45.277,1800.0,3.0,10.7,normal
1697509685.887,45.764,1800.0,4.0,10.7,normal
1697509686.39,45.764,1800.0,3.5,10.7,normal
1697509686.894,45.764,800.0,4.0,10.7,normal
1697509687.399,44.303,800.0,5.0,10.7,normal
1697509687.902,45.764,1800.0,11.5,10.0,normal
1697509688.405,46.251,1800.0,33.7,10.6,normal
1697509688.908,46.738,1800.0,14.9,10.7,normal
1697509689.41,45.277,1800.0,5.0,10.7,normal
1697509689.913,45.764,1800.0,4.0,10.7,normal
1697509690.415,45.764,1800.0,2.5,10.7,normal
1697509690.918,46.251,1800.0,3.0,10.7,normal
1697509691.421,45.277,1800.0,3.0,10.7,normal
1697509691.923,45.277,1800.0,4.5,10.7,normal
1697509692.426,45.764,1800.0,3.5,10.7,normal
1697509692.93,45.277,800.0,3.5,10.7,normal
1697509693.435,44.79,800.0,4.5,10.7,normal
1697509693.94,45.764,800.0,6.0,10.6,normal
1697509694.443,46.251,1800.0,29.0,10.4,normal
1697509694.945,45.764,1800.0,25.0,10.6,normal
1697509695.448,44.79,1800.0,3.5,10.6,normal
1697509695.951,45.277,1800.0,4.0,10.6,normal
1697509696.453,46.251,1800.0,3.5,10.6,normal
1697509696.956,46.738,1800.0,3.9,10.6,normal
1697509697.458,45.764,1800.0,2.0,10.7,normal
1697509697.961,45.764,1800.0,2.5,10.7,normal
1697509698.463,45.764,1800.0,2.5,10.7,normal
1697509698.966,45.764,1800.0,2.5,10.7,normal
1697509699.472,44.79,600.0,5.4,10.7,normal
1697509699.976,46.251,1800.0,9.0,9.6,normal
1697509700.479,47.225,1800.0,28.4,10.5,normal
1697509700.981,46.251,1800.0,19.5,10.6,normal
1697509701.484,45.277,1800.0,3.5,10.6,normal
1697509701.986,45.764,1800.0,3.9,10.6,normal
1697509702.489,45.764,1800.0,2.5,10.6,normal
1697509702.992,45.764,1800.0,3.0,10.6,normal
1697509703.494,45.277,1800.0,3.5,10.6,normal
1697509703.997,45.764,1800.0,4.0,10.6,normal
1697509704.499,45.764,1800.0,5.0,10.7,normal
1697509705.004,46.251,800.0,4.0,10.7,normal
1697509705.508,45.277,800.0,3.5,10.7,normal
1697509706.013,44.79,800.0,4.9,10.7,normal
1697509706.516,45.764,1800.0,26.9,10.4,normal
1697509707.019,46.251,1800.0,27.5,10.7,normal
1697509707.522,45.277,1800.0,3.5,10.7,normal
1697509708.024,45.277,1800.0,3.0,10.7,normal
1697509708.527,45.277,1800.0,2.5,10.7,normal
1697509709.029,46.251,1800.0,4.5,10.7,normal
1697509709.532,45.764,1800.0,3.5,10.7,normal
1697509710.035,45.277,1800.0,3.9,10.7,normal
1697509710.537,44.79,1800.0,2.0,10.7,normal
1697509711.04,45.277,1800.0,5.0,10.7,normal
1697509711.545,44.79,700.0,3.5,10.7,normal
1697509712.05,45.277,700.0,3.5,10.7,normal
1697509712.553,45.764,1800.0,21.9,10.3,normal
1697509713.055,45.764,1800.0,34.7,10.7,normal
1697509713.558,45.277,1800.0,3.0,10.7,normal
1697509714.06,45.764,1800.0,3.0,10.7,normal
1697509714.563,45.764,1800.0,4.9,10.7,normal
1697509715.066,44.79,1800.0,3.5,10.7,normal
1697509715.568,45.764,1800.0,3.5,10.7,normal
1697509716.071,45.764,1800.0,3.5,10.7,normal
1697509716.574,45.277,1800.0,4.0,10.7,normal
1697509717.076,45.277,1800.0,3.5,10.7,normal
1697509717.581,44.79,800.0,5.0,10.7,normal
1697509718.085,45.764,800.0,4.0,10.7,normal
1697509718.588,45.764,1800.0,14.4,10.2,normal
1697509719.091,47.225,1800.0,37.8,10.6,normal
1697509719.593,46.251,1800.0,7.4,10.7,normal
1697509720.096,45.277,1800.0,4.0,10.7,normal
1697509720.598,45.764,1800.0,3.0,10.7,normal
1697509721.101,45.764,1800.0,3.0,10.7,normal
1697509721.603,45.277,1800.0,3.5,10.7,normal
1697509722.106,45.277,1800.0,4.0,10.7,normal
1697509722.608,45.277,1800.0,3.0,10.7,normal
1697509723.111,44.79,1800.0,4.4,10.7,normal
1697509723.617,45.277,600.0,4.0,10.7,normal
1697509724.122,45.764,600.0,5.0,10.7,normal
1697509724.625,45.277,1800.0,6.0,10.3,normal
1697509725.128,45.277,1800.0,28.7,10.6,normal
1697509725.631,45.764,1800.0,23.4,10.7,normal
1697509726.133,45.277,1800.0,4.5,10.7,normal
1697509726.636,45.764,1800.0,3.0,10.7,normal
1697509727.138,45.764,1800.0,4.0,10.7,normal
1697509727.641,45.764,1800.0,3.5,10.7,normal
1697509728.144,46.251,1800.0,2.5,10.7,normal
1697509728.646,45.764,1800.0,5.4,10.7,normal
1697509729.149,46.251,1800.0,4.0,10.7,normal
1697509729.653,45.277,800.0,3.5,10.7,normal
1697509730.158,45.764,600.0,4.5,10.7,normal
1697509730.662,45.277,1800.0,11.4,10.0,normal
1697509731.166,45.764,1800.0,32.0,10.6,normal
1697509731.669,45.277,1800.0,14.9,10.7,normal
1697509732.172,44.79,1800.0,3.5,10.7,normal
1697509732.674,44.79,1800.0,5.4,10.7,normal
1697509733.177,45.277,1800.0,3.0,10.7,normal
1697509733.679,44.79,1800.0,3.0,10.7,normal
1697509734.182,45.277,1800.0,5.0,10.7,normal
1697509734.684,45.764,1800.0,3.5,10.7,normal
1697509735.187,45.277,1800.0,3.5,10.7,normal
1697509735.692,45.277,700.0,3.0,10.7,normal
1697509736.198,44.303,600.0,4.9,10.7,normal
1697509736.705,44.79,600.0,4.5,10.6,normal
1697509737.208,45.764,1800.0,29.7,10.4,normal
1697509737.711,45.277,1800.0,25.6,10.6,normal
1697509738.215,46.251,1800.0,2.5,10.6,normal
1697509738.717,46.251,1800.0,4.0,10.6,normal
1697509739.22,45.277,1800.0,4.5,10.7,normal
1697509739.722,45.277,1800.0,2.5,10.7,normal
1697509740.225,44.303,1800.0,2.0,10.7,normal
1697509740.727,45.764,1800.0,2.0,10.7,normal
1697509741.23,45.277,1800.0,3.5,10.7,normal
1697509741.732,45.764,1800.0,3.0,10.7,normal
1697509742.238,44.79,600.0,3.5,10.7,normal
1697509742.743,45.277,1000.0,10.0,9.6,normal
1697509743.246,45.764,1800.0,28.9,10.6,normal
1697509743.748,46.251,1800.0,22.6,10.7,normal
1697509744.251,45.277,1800.0,5.0,10.7,normal
1697509744.754,45.764,1800.0,2.0,10.7,normal
1697509745.256,45.277,1800.0,5.0,10.7,normal
1697509745.759,45.764,1800.0,4.0,10.7,normal
1697509746.261,45.764,1800.0,1.5,10.7,normal
1697509746.765,44.79,1800.0,4.5,10.7,normal
1697509747.267,46.251,1800.0,4.9,10.7,normal
1697509747.77,45.277,1800.0,3.0,10.7,normal
1697509748.275,44.79,600.0,4.5,10.7,normal
1697509748.781,44.79,600.0,5.4,10.7,normal
1697509749.285,46.738,1800.0,26.2,10.4,normal
1697509749.787,46.251,1800.0,28.6,10.7,normal
1697509750.29,45.764,1800.0,3.0,10.7,normal
1697509750.793,46.251,1800.0,3.5,10.7,normal
1697509751.295,45.764,1800.0,4.0,10.7,normal
1697509751.798,46.738,1800.0,3.0,10.7,normal
1697509752.3,45.764,1800.0,3.0,10.7,normal
1697509752.803,45.764,1800.0,4.0,10.7,normal
1697509753.305,45.277,1800.0,4.5,10.7,normal
1697509753.808,46.251,1800.0,3.5,10.7,normal
1697509754.312,45.277,800.0,5.9,10.7,normal
1697509754.818,45.277,600.0,5.0,10.7,normal
1697509755.32,45.277,1800.0,20.9,10.3,normal
1697509755.823,46.251,1800.0,36.2,10.7,normal
1697509756.326,45.764,1800.0,3.9,10.7,normal
1697509756.828,45.764,1800.0,3.5,10.7,normal
1697509757.331,45.277,1800.0,3.5,10.7,normal
1697509757.833,44.79,1800.0,4.0,10.7,normal
1697509758.336,45.764,1800.0,3.5,10.7,normal
1697509758.839,46.251,1800.0,3.5,10.7,normal
1697509759.341,45.277,1800.0,4.0,10.7,normal
1697509759.844,46.251,1800.0,4.0,10.7,normal
1697509760.348,45.277,800.0,4.0,10.7,normal
1697509760.852,45.277,900.0,4.9,10.7,normal
1697509761.356,45.764,1800.0,12.5,9.9,normal
1697509761.859,46.251,1800.0,32.8,10.6,normal
1697509762.362,45.764,1800.0,14.1,10.7,normal
1697509762.865,45.277,1800.0,4.0,10.7,normal
1697509763.367,45.764,1800.0,4.0,10.7,normal
1697509763.87,45.764,1800.0,5.4,10.7,normal
1697509764.372,45.764,1800.0,4.5,10.7,normal
1697509764.875,45.764,1800.0,3.5,10.7,normal
1697509765.378,46.251,1800.0,3.0,10.7,normal
1697509765.88,44.303,1800.0,3.9,10.7,normal
1697509766.384,44.79,800.0,4.5,10.7,normal
1697509766.889,45.277,800.0,5.9,10.7,normal
1697509767.394,45.277,900.0,5.5,10.7,normal
1697509767.896,46.251,1800.0,28.4,10.5,normal
1697509768.399,45.764,1800.0,26.4,10.7,normal
1697509768.902,45.277,1800.0,4.5,10.7,normal
1697509769.404,45.764,1800.0,3.0,10.7,normal
1697509769.907,45.277,1800.0,3.5,10.7,normal
1697509770.409,45.764,1800.0,4.0,10.7,normal
1697509770.912,44.79,1800.0,2.5,10.7,normal
1697509771.415,45.277,1800.0,3.9,10.7,normal
1697509771.917,45.764,1800.0,3.0,10.7,normal
1697509772.42,45.277,1800.0,4.5,10.7,normal
1697509772.924,45.277,800.0,4.5,10.7,normal
1697509773.428,45.277,800.0,4.4,10.7,normal
1697509773.931,46.738,1800.0,22.9,10.4,normal
1697509774.434,46.251,1800.0,35.0,10.7,normal
1697509774.936,45.764,1800.0,3.0,10.7,normal
1697509775.439,46.251,1800.0,4.0,10.7,normal
1697509775.942,45.764,1800.0,3.0,10.7,normal
1697509776.444,46.251,1800.0,4.5,10.7,normal
1697509776.947,45.764,1800.0,3.5,10.7,normal
1697509777.449,46.251,1800.0,3.5,10.7,normal
1697509777.952,46.251,1800.0,4.0,10.7,normal
1697509778.454,45.277,1800.0,4.0,10.7,normal
1697509778.959,44.79,700.0,4.0,10.7,normal
1697509779.465,44.79,600.0,4.9,10.7,normal
1697509779.968,45.277,1800.0,15.8,10.2,normal
1697509780.471,46.738,1800.0,37.8,10.6,normal
1697509780.974,45.764,1800.0,5.5,10.6,normal
1697509781.476,45.764,1800.0,3.0,10.6,normal
1697509781.979,44.79,1800.0,2.5,10.6,normal
1697509782.481,45.277,1800.0,2.5,10.7,normal
1697509782.984,45.764,1800.0,4.0,10.7,normal
1697509783.486,45.764,1800.0,2.5,10.7,normal
1697509783.989,45.277,1800.0,3.5,10.7,normal
1697509784.491,44.79,1800.0,4.0,10.7,normal
1697509784.997,45.764,600.0,4.0,10.7,normal
1697509785.502,45.764,700.0,4.0,10.7,normal
1697509786.005,45.277,1800.0,8.5,10.5,normal
1697509786.508,46.251,1800.0,27.5,10.4,normal
1697509787.011,45.277,1800.0,20.5,10.6,normal
1697509787.513,45.277,1800.0,3.0,10.6,normal
1697509788.016,45.764,1800.0,3.0,10.6,normal
1697509788.519,45.764,1800.0,2.5,10.6,normal
1697509789.021,46.251,1800.0,3.5,10.7,normal
1697509789.524,45.277,1800.0,4.0,10.7,normal
1697509790.026,44.79,1800.0,2.0,10.7,normal
1697509790.529,46.251,1800.0,4.5,10.7,normal
1697509791.032,44.79,1800.0,3.5,10.7,normal
1697509791.536,44.303,800.0,5.4,10.7,normal
1697509792.039,45.764,1800.0,12.5,10.0,normal
1697509792.544,47.225,1800.0,33.8,10.6,normal
1697509793.047,45.764,1800.0,11.5,10.6,normal
1697509793.55,45.277,1800.0,4.9,10.6,normal
1697509794.052,46.738,1800.0,2.5,10.6,normal
1697509794.555,45.277,1800.0,5.0,10.7,normal
1697509795.057,45.764,1800.0,2.5,10.7,normal
1697509795.56,45.277,1800.0,5.4,10.7,normal
1697509796.062,45.764,1800.0,3.0,10.7,normal
1697509796.565,44.79,1800.0,3.5,10.7,normal
1697509797.07,45.764,700.0,3.0,10.7,normal
1697509797.574,45.277,900.0,6.9,10.7,normal
1697509798.077,44.79,1800.0,14.5,10.2,normal
1697509798.579,46.738,1800.0,38.7,10.6,normal
1697509799.082,45.764,1800.0,4.5,10.6,normal
1697509799.584,45.764,1800.0,5.4,10.6,normal
1697509800.087,45.764,1800.0,4.0,10.6,normal
1697509800.589,44.79,1800.0,3.0,10.7,normal
1697509801.092,46.251,1800.0,4.0,10.7,normal
1697509801.595,46.738,1800.0,5.0,10.7,normal
1697509802.097,45.277,1800.0,3.5,10.7,normal
1697509802.6,46.251,1800.0,3.9,10.7,normal
1697509803.104,44.79,800.0,4.5,10.7,normal
1697509803.608,45.277,800.0,5.9,10.7,normal
1697509804.113,45.277,900.0,10.0,10.2,normal
1697509804.616,46.251,1800.0,28.4,10.5,normal
1697509805.118,44.79,1800.0,22.4,10.7,normal
1697509805.621,45.764,1800.0,3.0,10.7,normal
1697509806.124,45.277,1800.0,4.0,10.7,normal
1697509806.626,45.277,1800.0,3.0,10.7,normal
1697509807.129,45.277,1800.0,3.5,10.7,normal
1697509807.631,46.251,1800.0,3.5,10.7,normal
1697509808.134,44.79,1800.0,4.0,10.7,normal
1697509808.636,45.764,1800.0,2.5,10.7,normal
1697509809.139,45.764,1800.0,4.5,10.7,normal
1697509809.643,45.764,800.0,5.5,10.7,normal
1697509810.149,45.277,600.0,4.9,10.7,normal
1697509810.651,46.251,1800.0,25.8,10.3,normal
1697509811.154,45.277,1800.0,28.5,10.7,normal
1697509811.657,45.764,1800.0,4.0,10.7,normal
1697509812.159,46.251,1800.0,3.0,10.7,normal
1697509812.662,45.277,1800.0,3.0,10.7,normal
1697509813.164,45.277,1800.0,3.0,10.7,normal
1697509813.667,46.251,1800.0,2.5,10.7,normal
1697509814.17,45.277,1800.0,2.5,10.7,normal
1697509814.672,46.251,1800.0,3.0,10.7,normal
1697509815.175,46.251,1800.0,3.0,10.7,normal
1697509815.679,44.303,800.0,4.5,10.7,normal
1697509816.185,44.79,600.0,5.4,10.7,normal
1697509816.688,45.764,1800.0,28.6,10.5,normal
1697509817.191,46.738,1800.0,25.0,10.7,normal
1697509817.693,45.277,1800.0,3.5,10.7,normal
1697509818.196,45.277,1800.0,3.0,10.7,normal
1697509818.698,45.764,1800.0,4.0,10.7,normal
1697509819.201,44.79,1800.0,4.5,10.7,normal
1697509819.703,45.277,1800.0,3.5,10.7,normal
1697509820.206,45.277,1800.0,3.0,10.7,normal
1697509820.708,46.251,1800.0,3.0,10.7,normal
1697509821.211,45.277,1800.0,3.0,10.7,normal
1697509821.717,46.251,600.0,3.9,10.7,normal
1697509822.223,45.277,600.0,4.5,10.7,normal
1697509822.727,44.79,1800.0,22.3,10.4,normal
1697509823.23,46.251,1800.0,31.0,10.7,normal
1697509823.733,45.764,1800.0,2.5,10.7,normal
1697509824.236,45.277,1800.0,4.0,10.7,normal
1697509824.739,45.764,1800.0,3.0,10.7,normal
1697509825.241,46.251,1800.0,2.5,10.7,normal
1697509825.744,44.79,1800.0,3.0,10.7,normal
1697509826.247,44.79,1800.0,3.9,10.7,normal
1697509826.749,46.738,1800.0,3.5,10.7,normal
1697509827.252,45.764,1800.0,3.5,10.7,normal
1697509827.758,45.764,600.0,3.5,10.7,normal
1697509828.263,45.277,600.0,6.4,10.7,normal
1697509828.766,46.738,1800.0,17.0,10.2,normal
1697509829.269,46.251,1800.0,39.9,10.7,normal
1697509829.772,46.251,1800.0,5.0,10.7,normal
1697509830.275,45.277,1800.0,3.5,10.7,normal
1697509830.777,45.764,1800.0,3.5,10.7,normal
1697509831.28,44.79,1800.0,3.0,10.7,normal
1697509831.782,45.764,1800.0,3.5,10.7,normal
1697509832.285,45.277,1800.0,3.5,10.7,normal
1697509832.787,45.764,1800.0,3.0,10.7,normal
1697509833.29,44.79,1800.0,4.5,10.7,normal
1697509833.794,46.251,800.0,4.0,10.7,normal
1697509834.299,46.251,800.0,6.5,10.7,normal
1697509834.803,45.277,1200.0,9.4,10.0,normal
1697509835.306,47.225,1800.0,29.4,10.4,normal
1697509835.809,45.277,1800.0,21.6,10.6,normal
1697509836.311,45.277,1800.0,4.5,10.6,normal
1697509836.814,45.764,1800.0,3.5,10.6,normal
1697509837.316,45.277,1800.0,4.0,10.6,normal
1697509837.819,46.251,1800.0,4.0,10.6,normal
1697509838.321,45.764,1800.0,4.0,10.6,normal
1697509838.824,46.251,1800.0,4.0,10.6,normal
1697509839.327,45.277,1800.0,5.0,10.7,normal
1697509839.829,46.251,1800.0,4.0,10.7,normal
1697509840.335,44.303,600.0,4.5,10.7,normal
1697509840.838,45.764,1800.0,13.5,10.1,normal
1697509841.341,46.738,1800.0,34.8,10.6,normal
1697509841.843,45.764,1800.0,10.4,10.7,normal
1697509842.346,45.764,1800.0,3.5,10.7,normal
1697509842.849,45.764,1800.0,3.5,10.7,normal
1697509843.351,46.251,1800.0,4.0,10.7,normal
1697509843.854,44.79,1800.0,4.0,10.7,normal
1697509844.356,45.764,1800.0,5.0,10.7,normal
1697509844.859,46.251,1800.0,4.0,10.7,normal
1697509845.361,45.764,1800.0,2.0,10.7,normal
1697509845.866,46.251,700.0,3.0,10.7,normal
1697509846.371,45.277,800.0,5.9,10.7,normal
1697509846.874,45.764,1800.0,16.9,10.3,normal
1697509847.377,45.764,1800.0,36.8,10.6,normal
1697509847.88,45.764,1800.0,4.0,10.7,normal
1697509848.382,46.251,1800.0,1.5,10.7,normal
1697509848.885,45.277,1800.0,5.5,10.7,normal
1697509849.387,46.251,1800.0,5.0,10.7,normal
1697509849.89,45.277,1800.0,3.0,10.7,normal
1697509850.393,45.764,1800.0,4.0,10.7,normal
1697509850.895,45.277,1800.0,3.0,10.7,normal
1697509851.398,46.251,1800.0,4.5,10.7,normal
1697509851.902,46.251,900.0,4.0,10.7,normal
1697509852.407,44.79,600.0,4.9,10.7,normal
1697509852.91,46.251,1800.0,20.9,10.3,normal
1697509853.413,45.764,1800.0,34.7,10.6,normal
1697509853.915,45.277,1800.0,3.5,10.6,normal
1697509854.418,44.79,1800.0,4.4,10.6,normal
1697509854.921,46.251,1800.0,4.0,10.6,normal
1697509855.423,44.79,1800.0,4.0,10.6,normal
1697509855.926,45.277,1800.0,4.4,10.6,normal
1697509856.428,46.251,1800.0,3.5,10.6,normal
1697509856.931,45.277,1800.0,3.5,10.6,normal
1697509857.433,45.277,1800.0,3.5,10.7,normal
1697509857.937,44.79,900.0,4.0,10.7,normal
1697509858.442,45.277,800.0,4.5,10.7,normal
1697509858.945,45.764,1800.0,13.6,10.1,normal
1697509859.448,46.738,1800.0,38.3,10.6,normal
1697509859.951,45.764,1800.0,9.0,10.6,normal
1697509860.454,46.251,1800.0,3.5,10.6,normal
1697509860.956,45.764,1800.0,3.5,10.6,normal
1697509861.459,45.277,1800.0,4.0,10.6,normal
1697509861.961,45.764,1800.0,4.5,10.7,normal
1697509862.464,44.79,1800.0,3.0,10.7,normal
1697509862.966,45.277,1800.0,3.5,10.7,normal
1697509863.469,46.251,1800.0,4.0,10.7,normal
1697509863.974,45.764,700.0,3.0,10.7,normal
1697509864.48,45.764,600.0,6.0,10.7,normal
1697509864.987,44.79,600.0,7.4,10.6,normal
1697509865.49,46.251,1800.0,27.7,10.5,normal
1697509865.993,46.738,1800.0,21.3,10.7,normal
1697509866.495,45.277,1800.0,3.0,10.7,normal
1697509866.998,45.764,1800.0,3.0,10.7,normal
1697509867.5,45.277,1800.0,2.5,10.7,normal
1697509868.003,44.79,1800.0,3.0,10.7,normal
1697509868.505,46.251,1800.0,4.0,10.7,normal
1697509869.008,45.764,1800.0,3.5,10.7,normal
1697509869.51,45.277,1800.0,4.4,10.7,normal
1697509870.013,45.764,1800.0,3.0,10.7,normal
1697509870.518,44.303,600.0,5.4,10.7,normal
1697509871.024,44.79,600.0,4.5,10.7,normal
1697509871.527,44.79,1800.0,23.9,10.3,normal
1697509872.03,45.764,1800.0,31.5,10.6,normal
1697509872.532,46.251,1800.0,4.0,10.6,normal
1697509873.035,46.738,1800.0,4.0,10.6,normal
1697509873.537,46.251,1800.0,3.0,10.6,normal
1697509874.04,45.277,1800.0,4.0,10.6,normal
1697509874.542,46.251,1800.0,5.0,10.6,normal
1697509875.045,45.764,1800.0,3.0,10.6,normal
1697509875.548,45.277,1800.0,3.0,10.6,normal
1697509876.05,44.303,1800.0,3.5,10.7,normal
1697509876.555,44.303,700.0,5.0,10.7,normal
1697509877.06,46.251,800.0,4.0,10.7,normal
1697509877.562,46.738,1800.0,17.8,10.2,normal
1697509878.065,45.277,1800.0,37.8,10.7,normal
1697509878.567,45.277,1800.0,4.5,10.7,normal
1697509879.07,46.251,1800.0,2.5,10.7,normal
1697509879.573,46.251,1800.0,4.0,10.7,normal
1697509880.075,44.79,1800.0,3.5,10.7,normal
1697509880.578,46.251,1800.0,4.5,10.7,normal
1697509881.08,46.738,1800.0,3.0,10.7,normal
1697509881.583,46.738,1800.0,3.0,10.7,normal
1697509882.085,45.764,1800.0,3.5,10.7,normal
1697509882.59,45.277,800.0,3.5,10.7,normal
1697509883.094,45.764,800.0,4.5,10.7,normal
1697509883.598,46.251,1800.0,10.4,9.7,normal
1697509884.107,47.225,1800.0,30.5,10.6,normal
1697509884.61,45.277,1800.0,18.3,10.7,normal
1697509885.112,46.251,1800.0,4.0,10.7,normal
1697509885.615,45.764,1800.0,3.5,10.7,normal
1697509886.117,45.764,1800.0,3.0,10.7,normal
1697509886.62,45.277,1800.0,3.5,10.7,normal
1697509887.123,44.303,1800.0,4.0,10.7,normal
1697509887.625,46.251,1800.0,2.5,10.7,normal
1697509888.128,45.277,1800.0,3.0,10.7,normal
1697509888.633,44.79,700.0,4.4,10.7,normal
1697509889.137,45.764,800.0,6.9,10.7,normal
1697509889.641,45.277,1200.0,11.5,10.0,normal
1697509890.144,46.251,1800.0,30.2,10.5,normal
1697509890.647,45.764,1800.0,16.7,10.7,normal
1697509891.149,45.277,1800.0,4.5,10.7,normal
1697509891.651,45.764,1800.0,3.0,10.7,normal
1697509892.154,45.764,1800.0,3.5,10.7,normal
1697509892.656,45.277,1800.0,3.5,10.7,normal
1697509893.159,45.764,1800.0,3.5,10.7,normal
1697509893.662,45.764,1800.0,3.0,10.7,normal
1697509894.164,45.764,1800.0,4.0,10.7,normal
1697509894.667,45.764,1800.0,3.5,10.7,normal
1697509895.172,44.79,600.0,5.0,10.7,normal
1697509895.675,45.764,1800.0,16.3,10.2,normal
1697509896.178,45.764,1800.0,36.8,10.7,normal
1697509896.681,45.277,1800.0,6.0,10.7,normal
1697509897.183,45.764,1800.0,4.5,10.7,normal
1697509897.686,45.764,1800.0,3.5,10.7,normal
1697509898.188,45.277,1800.0,3.5,10.7,normal
1697509898.691,45.764,1800.0,4.0,10.7,normal
1697509899.193,44.79,1800.0,5.0,10.7,normal
1697509899.696,45.764,1800.0,3.5,10.7,normal
1697509900.199,46.251,1800.0,3.5,10.7,normal
1697509900.703,45.277,700.0,3.0,10.7,normal
1697509901.209,44.79,600.0,5.9,10.7,normal
1697509901.712,46.738,1800.0,19.9,10.3,normal
1697509902.215,46.738,1800.0,34.5,10.6,normal
1697509902.717,44.79,1800.0,3.0,10.6,normal
1697509903.22,45.764,1800.0,4.0,10.7,normal
1697509903.723,45.277,1800.0,3.5,10.7,normal
1697509904.225,46.738,1800.0,4.0,10.7,normal
1697509904.728,45.277,1800.0,4.5,10.7,normal
1697509905.23,45.277,1800.0,2.5,10.7,normal
1697509905.733,45.764,1800.0,2.0,10.7,normal
1697509906.235,45.277,1800.0,2.5,10.7,normal
1697509906.74,45.277,700.0,3.5,10.7,normal
1697509907.245,45.764,700.0,4.4,10.7,normal
1697509907.748,45.764,1800.0,24.5,10.4,normal
1697509908.251,45.277,1800.0,27.6,10.7,normal
1697509908.753,45.764,1800.0,4.0,10.7,normal
1697509909.256,45.764,1800.0,5.0,10.7,normal
1697509909.759,45.764,1800.0,4.0,10.7,normal
1697509910.262,45.277,1800.0,3.5,10.7,normal
1697509910.764,45.764,1800.0,3.0,10.7,normal
1697509911.267,45.277,1800.0,2.5,10.7,normal
1697509911.769,46.251,1800.0,5.0,10.7,normal
1697509912.272,45.277,1800.0,3.5,10.7,normal
1697509912.777,45.764,600.0,4.0,10.7,normal
1697509913.284,45.277,600.0,5.0,10.7,normal
1697509913.787,45.277,1800.0,30.0,10.5,normal
1697509914.29,46.251,1800.0,25.4,10.7,normal
1697509914.793,45.764,1800.0,3.0,10.7,normal
1697509915.295,45.277,1800.0,5.0,10.6,normal
1697509915.798,45.277,1800.0,4.0,10.7,normal
1697509916.3,45.277,1800.0,3.0,10.7,normal
1697509916.803,46.738,1800.0,3.5,10.6,normal
1697509917.305,44.79,1800.0,4.0,10.7,normal
1697509917.808,45.277,1800.0,4.0,10.7,normal
1697509918.311,45.277,1800.0,2.5,10.7,normal
1697509918.814,46.251,1100.0,6.0,10.7,normal
1697509919.317,45.277,1800.0,10.0,9.5,normal
1697509919.82,46.251,1800.0,29.2,10.5,normal
1697509920.323,45.764,1800.0,21.2,10.6,normal
1697509920.825,45.764,1800.0,3.5,10.6,normal
1697509921.328,45.764,1800.0,4.5,10.6,normal
1697509921.831,45.277,1800.0,3.5,10.6,normal
1697509922.333,46.251,1800.0,3.5,10.6,normal
1697509922.836,45.277,1800.0,2.5,10.6,normal
1697509923.338,44.79,1800.0,3.0,10.7,normal
1697509923.841,44.79,1800.0,4.0,10.6,normal
1697509924.346,44.79,700.0,4.5,10.7,normal
1697509924.85,43.816,800.0,5.9,10.7,normal
1697509925.353,45.764,1800.0,13.9,10.0,normal
1697509925.856,46.251,1800.0,35.0,10.6,normal
1697509926.359,45.764,1800.0,11.4,10.7,normal
1697509926.862,45.764,1800.0,3.5,10.7,normal
1697509927.364,45.764,1800.0,3.5,10.7,normal
1697509927.867,46.251,1800.0,3.5,10.7,normal
1697509928.369,46.251,1800.0,4.5,10.6,normal
1697509928.872,45.764,1800.0,3.0,10.6,normal
1697509929.375,44.79,1800.0,4.9,10.7,normal
1697509929.877,46.251,1800.0,3.0,10.6,normal
1697509930.381,44.79,900.0,5.4,10.7,normal
1697509930.886,45.277,900.0,4.5,10.7,normal
1697509931.389,45.277,1800.0,17.8,10.1,normal
1697509931.891,46.738,1800.0,36.7,10.6,normal
1697509932.394,45.764,1800.0,4.5,10.6,normal
1697509932.897,45.764,1800.0,4.5,10.6,normal
1697509933.399,45.277,1800.0,3.5,10.6,normal
1697509933.902,45.764,1800.0,3.5,10.6,normal
1697509934.404,44.79,1800.0,5.4,10.7,normal
1697509934.907,45.764,1800.0,3.5,10.7,normal
1697509935.409,44.79,1800.0,3.0,10.7,normal
1697509935.912,45.277,1800.0,3.5,10.7,normal
1697509936.416,44.303,900.0,4.5,10.7,normal
1697509936.92,45.277,1100.0,5.5,10.7,normal
1697509937.423,45.277,1800.0,11.4,9.8,normal
1697509937.927,47.225,1800.0,31.5,10.6,normal
1697509938.43,46.251,1800.0,15.6,10.7,normal
1697509938.933,45.277,1800.0,4.5,10.7,normal
1697509939.435,44.79,1800.0,4.9,10.7,normal
1697509939.938,45.277,1800.0,3.0,10.7,normal
1697509940.44,44.79,1800.0,3.5,10.7,normal
1697509940.943,44.79,1800.0,3.5,10.7,normal
1697509941.445,45.277,1800.0,3.5,10.7,normal
1697509941.948,45.277,1800.0,3.5,10.7,normal
1697509942.453,45.277,700.0,4.0,10.7,normal
1697509942.957,45.764,900.0,5.0,10.7,normal
1697509943.46,43.816,1000.0,4.5,10.6,normal
1697509943.964,45.277,1800.0,28.2,10.4,normal
1697509944.466,46.251,1800.0,26.3,10.6,normal
1697509944.969,46.251,1800.0,3.0,10.6,normal
1697509945.471,46.251,1800.0,4.9,10.6,normal
1697509945.974,45.277,1800.0,2.5,10.6,normal
1697509946.477,45.764,1800.0,3.5,10.6,normal
1697509946.979,45.764,1800.0,3.5,10.6,normal
1697509947.482,45.277,1800.0,3.5,10.7,normal
1697509947.984,45.764,1800.0,3.0,10.7,normal
1697509948.487,44.303,1800.0,3.0,10.7,normal
1697509948.992,44.79,600.0,3.5,10.7,normal
1697509949.495,44.303,1800.0,6.9,10.7,normal
1697509949.998,46.738,1800.0,21.0,10.3,normal
1697509950.5,45.764,1800.0,30.2,10.6,normal
1697509951.003,45.764,1800.0,3.0,10.6,normal
1697509951.505,46.251,1800.0,4.0,10.6,normal
1697509952.008,46.251,1800.0,2.0,10.6,normal
1697509952.511,46.251,1800.0,3.0,10.6,normal
1697509953.013,45.277,1800.0,4.0,10.6,normal
1697509953.516,45.764,1800.0,3.0,10.6,normal
1697509954.018,45.277,1800.0,4.0,10.7,normal
1697509954.524,43.816,600.0,5.0,10.7,normal
1697509955.029,44.79,600.0,4.5,10.6,normal
1697509955.535,44.79,600.0,4.4,10.7,normal
1697509956.038,45.277,1800.0,17.0,10.2,normal
1697509956.541,45.764,1800.0,37.5,10.5,normal
1697509957.043,44.79,1800.0,4.5,10.6,normal
1697509957.546,45.277,1800.0,3.5,10.6,normal
1697509958.048,45.764,1800.0,4.0,10.6,normal
1697509958.551,46.251,1800.0,4.0,10.6,normal
1697509959.053,46.738,1800.0,3.5,10.6,normal
1697509959.556,45.764,1800.0,4.5,10.6,normal
1697509960.058,45.277,1800.0,4.0,10.6,normal
1697509960.561,45.764,1800.0,4.0,10.6,normal
1697509961.066,45.277,600.0,3.0,10.6,normal
1697509961.571,44.79,800.0,5.0,10.6,normal
1697509962.075,44.79,1800.0,9.5,9.5,normal
1697509962.578,46.251,1800.0,31.5,10.5,normal
1697509963.081,45.277,1800.0,18.0,10.6,normal
1697509963.583,45.764,1800.0,3.5,10.6,normal
1697509964.086,46.251,1800.0,4.9,10.6,normal
1697509964.589,45.764,1800.0,4.5,10.6,normal
1697509965.091,45.764,1800.0,3.0,10.6,normal
1697509965.594,45.277,1800.0,2.5,10.6,normal
1697509966.096,45.277,1800.0,2.0,10.6,normal
1697509966.599,45.277,1800.0,2.0,10.7,normal
1697509967.104,44.79,700.0,1.0,10.7,normal
1697509967.608,45.764,900.0,6.9,10.7,normal
1697509968.114,44.79,600.0,2.0,10.7,normal
1697509968.617,46.251,1800.0,29.7,10.4,normal
1697509969.12,45.764,1800.0,30.0,10.6,normal
1697509969.623,45.764,1800.0,3.0,10.6,normal
1697509970.125,45.764,1800.0,3.5,10.6,normal
1697509970.628,46.738,1800.0,3.5,10.6,normal
1697509971.13,45.764,1800.0,4.0,10.6,normal
1697509971.633,45.277,1800.0,3.0,10.6,normal
1697509972.135,45.277,1800.0,2.5,10.6,normal
1697509972.638,46.251,1800.0,3.0,10.6,normal
1697509973.14,46.738,1800.0,4.0,10.6,normal
1697509973.645,44.79,700.0,4.0,10.6,normal
1697509974.15,44.79,800.0,6.9,10.6,normal
1697509974.653,45.764,1800.0,17.5,10.2,normal
1697509975.155,45.764,1800.0,36.9,10.7,normal
1697509975.658,45.277,1800.0,3.5,10.7,normal
1697509976.161,46.738,1800.0,3.5,10.7,normal
1697509976.663,45.764,1800.0,3.0,10.7,normal
1697509977.166,45.277,1800.0,4.0,10.7,normal
1697509977.668,44.303,1800.0,3.0,10.6,normal
1697509978.171,44.79,1800.0,3.5,10.7,normal
1697509978.673,45.764,1800.0,3.0,10.7,normal
1697509979.176,46.251,1800.0,5.0,10.7,normal
1697509979.681,45.277,600.0,4.9,10.7,normal
1697509980.186,45.277,800.0,5.0,10.7,normal
1697509980.689,45.764,1800.0,22.9,10.4,normal
1697509981.192,46.251,1800.0,32.8,10.7,normal
1697509981.695,45.277,1800.0,3.5,10.7,normal
1697509982.197,45.764,1800.0,2.5,10.7,normal
1697509982.7,46.251,1800.0,3.5,10.7,normal
1697509983.202,45.764,1800.0,4.0,10.7,normal
1697509983.705,46.251,1800.0,3.9,10.7,normal
1697509984.207,46.251,1800.0,4.0,10.7,normal
1697509984.71,46.251,1800.0,3.0,10.7,normal
1697509985.213,44.79,1800.0,4.5,10.7,normal
1697509985.718,45.277,600.0,3.9,10.7,normal
1697509986.224,45.277,600.0,4.5,10.7,normal
1697509986.727,45.277,1800.0,17.0,10.2,normal
1697509987.231,45.764,1800.0,37.5,10.7,normal
1697509987.734,46.738,1800.0,3.5,10.7,normal
1697509988.237,45.277,1800.0,3.0,10.7,normal
1697509988.74,46.738,1800.0,4.0,10.7,normal
1697509989.243,46.251,1800.0,6.9,10.7,normal
1697509989.745,46.251,1800.0,2.5,10.7,normal
1697509990.248,46.251,1800.0,2.5,10.7,normal
1697509990.75,45.277,1800.0,2.5,10.7,normal
1697509991.253,45.277,1800.0,3.0,10.7,normal
1697509991.758,46.251,825.0,4.4,10.7,normal
1697509992.263,45.277,900.0,4.0,10.7,normal
1697509992.767,44.303,1800.0,10.4,9.7,normal
1697509993.272,45.277,1800.0,29.7,10.5,normal
1697509993.775,45.277,1800.0,18.5,10.7,normal
1697509994.278,45.277,1800.0,4.0,10.7,normal
1697509994.781,45.764,1800.0,4.5,10.7,normal
1697509995.283,46.738,1800.0,4.5,10.6,normal
1697509995.786,45.764,1800.0,2.5,10.7,normal
1697509996.288,46.738,1800.0,3.0,10.7,normal
1697509996.791,45.764,1800.0,4.9,10.6,normal
1697509997.294,45.764,1800.0,3.5,10.7,normal
1697509997.798,45.277,700.0,2.5,10.6,normal
1697509998.304,44.79,600.0,4.9,10.6,normal
1697509998.807,45.764,1800.0,15.8,10.1,normal
1697509999.31,46.251,1800.0,38.3,10.6,normal
1697509999.813,45.764,1800.0,6.0,10.7,normal
1697510000.315,45.764,1800.0,3.5,10.7,normal
1697510000.818,45.764,1800.0,4.5,10.7,normal
1697510001.32,45.277,1800.0,3.5,10.7,normal
1697510001.823,45.764,1800.0,3.0,10.7,normal
1697510002.326,44.303,1800.0,3.5,10.7,normal
1697510002.829,45.764,1800.0,5.5,10.7,normal
1697510003.332,45.277,1800.0,4.0,10.7,normal
1697510003.836,45.764,775.0,4.0,10.7,normal
1697510004.341,44.303,800.0,5.0,10.7,normal
1697510004.845,44.79,1200.0,9.0,10.6,normal
1697510005.348,45.764,1800.0,28.6,10.5,normal
1697510005.85,45.764,1800.0,23.8,10.7,normal
1697510006.353,46.251,1800.0,3.5,10.7,normal
1697510006.856,44.79,1800.0,3.0,10.7,normal
1697510007.358,45.764,1800.0,3.9,10.7,normal
1697510007.861,44.79,1800.0,3.0,10.7,normal
1697510008.363,45.764,1800.0,3.5,10.7,normal
1697510008.866,45.277,1800.0,3.5,10.7,normal
1697510009.368,45.764,1800.0,5.5,10.7,normal
1697510009.871,46.251,1800.0,4.0,10.7,normal
1697510010.375,45.764,800.0,3.5,10.7,normal
1697510010.88,44.79,800.0,5.0,10.7,normal
1697510011.383,45.764,1800.0,25.2,10.4,normal
1697510011.886,46.738,1800.0,31.5,10.7,normal
1697510012.389,46.251,1800.0,3.5,10.7,normal
1697510012.891,45.277,1800.0,4.0,10.7,normal
1697510013.394,44.79,1800.0,4.5,10.7,normal
1697510013.896,44.303,1800.0,3.0,10.7,normal
1697510014.399,46.251,1800.0,4.0,10.7,normal
1697510014.901,45.277,1800.0,3.0,10.7,normal
1697510015.404,45.277,1800.0,4.0,10.7,normal
1697510015.907,45.764,1800.0,3.5,10.7,normal
1697510016.411,45.764,900.0,4.4,10.7,normal
1697510016.915,45.277,800.0,4.0,10.7,normal
1697510017.418,46.738,1800.0,16.3,10.3,normal
1697510017.921,46.251,1800.0,38.2,10.6,normal
1697510018.423,46.251,1800.0,4.5,10.7,normal
1697510018.926,46.251,1800.0,3.0,10.7,normal
1697510019.428,45.764,1800.0,4.0,10.7,normal
1697510019.931,45.277,1800.0,3.5,10.6,normal
1697510020.434,44.79,1800.0,3.0,10.7,normal
1697510020.936,45.764,1800.0,3.5,10.7,normal
1697510021.439,45.277,1800.0,4.0,10.6,normal
1697510021.941,46.251,1800.0,3.5,10.7,normal
1697510022.446,46.738,900.0,3.5,10.7,normal
1697510022.951,45.277,700.0,4.5,10.6,normal
1697510023.455,45.277,1000.0,11.3,9.5,normal
1697510023.958,45.277,1800.0,29.0,10.4,normal
1697510024.461,45.764,1800.0,24.0,10.6,normal
1697510024.963,46.738,1800.0,3.5,10.6,normal
1697510025.466,46.251,1800.0,3.0,10.6,normal
1697510025.969,45.764,1800.0,4.0,10.6,normal
1697510026.471,45.764,1800.0,1.5,10.6,normal
1697510026.974,45.764,1800.0,2.0,10.6,normal
1697510027.477,46.251,1800.0,2.0,10.6,normal
1697510027.979,45.277,1800.0,4.0,10.6,normal
1697510028.482,45.277,1800.0,1.0,10.6,normal
1697510028.984,45.764,1800.0,7.4,10.6,normal
1697510029.487,45.277,1800.0,12.1,10.1,normal
1697510029.99,47.225,1800.0,37.7,10.6,normal
1697510030.492,45.764,1800.0,7.0,10.6,normal
1697510030.995,45.764,1800.0,4.0,10.6,normal
1697510031.497,45.764,1800.0,3.0,10.7,normal
1697510032.0,45.277,1800.0,3.0,10.7,normal
1697510032.503,45.764,1800.0,2.5,10.7,normal
1697510033.005,45.764,1800.0,2.5,10.6,normal
1697510033.508,44.79,1800.0,3.0,10.6,normal
1697510034.013,45.277,600.0,3.0,10.7,normal
1697510034.519,45.764,600.0,5.4,10.6,normal
1697510035.024,44.79,600.0,4.5,10.6,normal
1697510035.531,43.816,700.0,7.4,10.5,normal
1697510036.035,45.764,1800.0,28.0,10.5,normal
1697510036.538,46.738,1800.0,21.9,10.6,normal
1697510037.04,46.738,1800.0,4.5,10.6,normal
1697510037.543,44.79,1800.0,3.5,10.6,normal
1697510038.045,45.764,1800.0,4.0,10.6,normal
1697510038.548,45.277,1800.0,4.0,10.6,normal
1697510039.05,46.251,1800.0,4.0,10.6,normal
1697510039.553,45.764,1800.0,4.0,10.6,normal
1697510040.055,45.764,1800.0,3.5,10.6,normal
1697510040.558,46.251,1800.0,3.0,10.6,normal
1697510041.063,45.277,700.0,5.9,10.6,normal
1697510041.566,44.303,1800.0,12.9,10.1,normal
1697510042.069,47.225,1800.0,35.5,10.6,normal
1697510042.572,45.277,1800.0,10.0,10.7,normal
1697510043.074,45.277,1800.0,3.5,10.7,normal
1697510043.577,45.764,1800.0,4.0,10.7,normal
1697510044.079,45.277,1800.0,3.0,10.7,normal
1697510044.582,44.303,1800.0,4.5,10.7,normal
1697510045.085,44.79,1800.0,2.5,10.7,normal
1697510045.587,45.277,1800.0,4.0,10.7,normal
1697510046.09,44.303,1800.0,4.0,10.7,normal
1697510046.594,45.277,700.0,3.9,10.7,normal
1697510047.1,45.764,600.0,4.5,10.7,normal
1697510047.606,44.79,800.0,7.4,10.6,normal
1697510048.109,46.251,1800.0,28.2,10.5,normal
1697510048.612,45.764,1800.0,23.5,10.6,normal
1697510049.115,45.277,1800.0,4.5,10.6,normal
1697510049.617,45.764,1800.0,3.5,10.6,normal
1697510050.12,46.738,1800.0,3.5,10.6,normal
1697510050.622,45.277,1800.0,3.5,10.6,normal
1697510051.125,45.277,1800.0,3.0,10.6,normal
1697510051.627,46.251,1800.0,4.0,10.6,normal
1697510052.13,45.277,1800.0,4.0,10.7,normal
1697510052.632,45.277,1800.0,4.5,10.7,normal
1697510053.137,45.764,700.0,5.0,10.7,normal
1697510053.642,44.79,800.0,5.0,10.7,normal
1697510054.145,46.738,1800.0,25.7,10.3,normal
1697510054.648,45.764,1800.0,33.8,10.6,normal
1697510055.15,45.277,1800.0,4.5,10.6,normal
1697510055.653,45.764,1800.0,3.5,10.6,normal
1697510056.155,46.738,1800.0,4.0,10.6,normal
1697510056.658,45.277,1800.0,3.0,10.6,normal
1697510057.16,45.764,1800.0,3.0,10.6,normal
1697510057.663,44.79,1800.0,3.0,10.6,normal
1697510058.166,45.277,1800.0,4.0,10.6,normal
1697510058.668,45.764,1800.0,3.5,10.6,normal
1697510059.172,44.79,900.0,4.5,10.7,normal
1697510059.677,44.79,900.0,5.4,10.7,normal
1697510060.18,44.79,1800.0,25.5,10.4,normal
1697510060.683,46.251,1800.0,29.5,10.7,normal
1697510061.185,45.277,1800.0,4.0,10.7,normal
1697510061.688,44.79,1800.0,3.0,10.7,normal
1697510062.19,45.764,1800.0,3.0,10.7,normal
1697510062.693,45.764,1800.0,3.0,10.7,normal
1697510063.195,46.251,1800.0,3.5,10.7,normal
1697510063.698,45.764,1800.0,4.4,10.7,normal
1697510064.2,45.764,1800.0,3.5,10.7,normal
1697510064.703,46.251,1800.0,4.0,10.7,normal
1697510065.208,45.764,700.0,3.5,10.7,normal
1697510065.713,44.303,700.0,4.5,10.7,normal
1697510066.216,44.79,1800.0,19.6,10.3,normal
1697510066.718,46.738,1800.0,34.7,10.7,normal
1697510067.221,46.251,1800.0,4.4,10.7,normal
1697510067.723,45.764,1800.0,3.5,10.7,normal
1697510068.226,45.764,1800.0,4.0,10.7,normal
1697510068.729,45.277,1800.0,2.5,10.7,normal
1697510069.231,45.764,1800.0,5.4,10.7,normal
1697510069.734,45.764,1800.0,4.0,10.7,normal
1697510070.237,44.79,1800.0,5.0,10.7,normal
1697510070.74,44.79,1800.0,3.0,10.7,normal
1697510071.245,44.79,600.0,5.0,10.7,normal
1697510071.75,45.764,900.0,5.9,10.7,normal
1697510072.253,45.277,1800.0,14.0,10.2,normal
1697510072.756,46.738,1800.0,35.3,10.6,normal
1697510073.258,46.251,1800.0,9.5,10.7,normal
1697510073.761,45.277,1800.0,2.0,10.7,normal
1697510074.263,45.764,1800.0,3.5,10.7,normal
1697510074.766,45.764,1800.0,3.9,10.7,normal
1697510075.269,45.764,1800.0,1.5,10.7,normal
1697510075.771,44.79,1800.0,3.5,10.7,normal
1697510076.274,46.251,1800.0,3.0,10.7,normal
1697510076.776,45.277,1800.0,2.0,10.7,normal
1697510077.281,46.251,700.0,4.5,10.7,normal
1697510077.786,44.79,900.0,5.4,10.7,normal
1697510078.289,46.251,1800.0,17.8,10.2,normal
1697510078.791,46.738,1800.0,35.9,10.6,normal
1697510079.294,45.277,1800.0,5.4,10.6,normal
1697510079.797,45.764,1800.0,2.5,10.6,normal
1697510080.3,45.764,1800.0,3.0,10.6,normal
1697510080.802,44.79,1800.0,3.0,10.6,normal
1697510081.305,45.277,1800.0,4.9,10.6,normal
1697510081.807,44.79,1800.0,3.5,10.6,normal
1697510082.31,44.79,1800.0,3.9,10.6,normal
1697510082.812,45.764,1800.0,2.5,10.6,normal
1697510083.318,45.277,600.0,4.9,10.6,normal
1697510083.822,45.764,800.0,5.4,10.6,normal
1697510084.325,46.738,1800.0,24.9,10.3,normal
1697510084.827,46.738,1800.0,30.5,10.6,normal
1697510085.33,46.251,1800.0,3.5,10.6,normal
1697510085.833,45.764,1800.0,3.5,10.6,normal
1697510086.335,45.764,1800.0,3.5,10.6,normal
1697510086.838,46.251,1800.0,3.9,10.6,normal
1697510087.34,45.277,1800.0,2.0,10.6,normal
1697510087.843,45.277,1800.0,2.5,10.6,normal
1697510088.345,45.277,1800.0,2.0,10.6,normal
1697510088.848,45.764,1800.0,5.4,10.6,normal
1697510089.353,45.764,600.0,3.0,10.6,normal
1697510089.859,44.79,600.0,3.0,10.6,normal
1697510090.362,46.738,1800.0,13.0,10.1,normal
1697510090.865,46.738,1800.0,35.0,10.6,normal
1697510091.368,45.277,1800.0,9.0,10.6,normal
1697510091.87,45.764,1800.0,3.9,10.6,normal
1697510092.373,44.79,1800.0,4.5,10.6,normal
1697510092.875,45.764,1800.0,3.5,10.7,normal
1697510093.378,45.277,1800.0,3.5,10.7,normal
1697510093.881,45.764,1800.0,2.5,10.7,normal
1697510094.383,45.764,1800.0,5.4,10.7,normal
1697510094.886,46.251,1800.0,2.5,10.7,normal
1697510095.39,45.764,900.0,4.5,10.6,normal
1697510095.894,44.303,900.0,6.3,10.7,normal
1697510096.397,45.277,1800.0,20.9,10.3,normal
1697510096.899,45.764,1800.0,37.0,10.6,normal
1697510097.402,46.251,1800.0,3.0,10.6,normal
1697510097.905,45.764,1800.0,3.0,10.6,normal
1697510098.407,45.277,1800.0,4.5,10.6,normal
1697510098.91,46.738,1800.0,4.0,10.6,normal
1697510099.412,45.277,1800.0,4.0,10.6,normal
1697510099.915,45.277,1800.0,3.5,10.6,normal
1697510100.417,45.764,1800.0,3.5,10.6,normal
1697510100.92,45.764,1800.0,2.0,10.6,normal
1697510101.425,45.764,700.0,4.4,10.6,normal
1697510101.929,44.303,900.0,5.4,10.6,normal
1697510102.432,45.764,1800.0,21.1,10.2,normal
1697510102.935,46.251,1800.0,33.8,10.6,normal
1697510103.437,45.764,1800.0,3.5,10.6,normal
1697510103.94,45.277,1800.0,3.0,10.6,normal
1697510104.442,45.277,1800.0,4.5,10.6,normal
1697510104.945,46.251,1800.0,4.5,10.6,normal
1697510105.448,44.79,1800.0,3.5,10.6,normal
1697510105.95,45.764,1800.0,3.0,10.6,normal
1697510106.453,45.764,1800.0,3.0,10.6,normal
1697510106.955,45.764,1800.0,3.0,10.6,normal
1697510107.46,45.764,1100.0,6.4,10.6,normal
1697510107.965,44.303,600.0,4.9,10.7,normal
1697510108.468,44.79,1800.0,12.6,10.1,normal
1697510108.972,46.738,1800.0,34.5,10.6,normal
1697510109.475,46.738,1800.0,12.0,10.7,normal
1697510109.977,44.79,1800.0,4.0,10.7,normal
1697510110.48,45.764,1800.0,2.5,10.7,normal
1697510110.982,46.251,1800.0,4.0,10.7,normal
1697510111.485,45.277,1800.0,4.0,10.7,normal
1697510111.987,46.251,1800.0,3.0,10.7,normal
1697510112.49,45.277,1800.0,3.0,10.7,normal
1697510112.992,45.764,1800.0,3.0,10.7,normal
1697510113.497,45.764,700.0,4.9,10.7,normal
1697510114.003,45.277,600.0,4.5,10.7,normal
1697510114.506,46.251,1800.0,19.8,10.2,normal
1697510115.009,46.251,1800.0,36.8,10.7,normal
1697510115.511,45.277,1800.0,1.5,10.7,normal
1697510116.014,46.251,1800.0,3.5,10.6,normal
1697510116.516,46.251,1800.0,3.5,10.6,normal
1697510117.019,46.251,1800.0,3.0,10.6,normal
1697510117.521,45.277,1800.0,3.0,10.6,normal
1697510118.024,45.764,1800.0,3.0,10.6,normal
1697510118.527,45.764,1800.0,2.5,10.6,normal
1697510119.029,45.764,1800.0,3.0,10.6,normal
1697510119.535,44.79,600.0,4.0,10.6,normal
1697510120.04,44.79,600.0,6.4,10.6,normal
1697510120.544,44.79,1800.0,23.9,10.3,normal
1697510121.047,44.79,1800.0,31.5,10.7,normal
1697510121.549,45.277,1800.0,3.5,10.7,normal
1697510122.052,46.738,1800.0,4.0,10.7,normal
1697510122.554,45.277,1800.0,2.0,10.7,normal
1697510123.057,46.251,1800.0,3.0,10.7,normal
1697510123.559,45.277,1800.0,3.0,10.7,normal
1697510124.062,45.277,1800.0,3.0,10.7,normal
1697510124.564,45.764,1800.0,5.0,10.7,normal
1697510125.067,45.764,1800.0,3.5,10.7,normal
1697510125.572,45.277,600.0,4.0,10.7,normal
1697510126.078,45.277,600.0,4.9,10.7,normal
1697510126.581,45.764,1800.0,15.0,10.2,normal
1697510127.083,47.225,1800.0,37.5,10.7,normal
1697510127.586,45.277,1800.0,6.0,10.7,normal
1697510128.089,45.764,1800.0,2.5,10.7,normal
1697510128.591,45.277,1800.0,13.4,10.7,normal
1697510129.094,45.277,1800.0,3.5,10.7,normal
1697510129.596,45.764,1800.0,4.5,10.7,normal
1697510130.099,45.277,1800.0,3.5,10.7,normal
1697510130.601,45.277,1800.0,3.5,10.7,normal
1697510131.104,46.738,1800.0,4.5,10.7,normal
1697510131.609,45.764,800.0,3.4,10.7,normal
1697510132.114,44.79,700.0,4.5,10.7,normal
1697510132.619,46.251,800.0,8.4,9.9,normal
1697510133.123,46.251,1800.0,29.7,10.4,normal
1697510133.626,45.764,1800.0,21.1,10.6,normal
1697510134.128,44.303,1800.0,4.0,10.6,normal
1697510134.631,45.764,1800.0,3.5,10.6,normal
1697510135.133,45.764,1800.0,4.0,10.6,normal
1697510135.636,46.251,1800.0,3.0,10.6,normal
1697510136.139,45.764,1800.0,3.5,10.6,normal
1697510136.641,46.738,1800.0,3.5,10.6,normal
1697510137.144,45.764,1800.0,4.5,10.6,normal
1697510137.646,45.764,1800.0,3.5,10.7,normal
1697510138.15,45.764,900.0,5.9,10.7,normal
1697510138.656,45.764,600.0,4.5,10.7,normal
1697510139.159,46.251,1800.0,27.5,10.3,normal
1697510139.662,46.251,1800.0,29.1,10.6,normal
1697510140.164,44.79,1800.0,2.5,10.6,normal
1697510140.667,45.764,1800.0,3.5,10.6,normal
1697510141.17,45.764,1800.0,3.5,10.6,normal
1697510141.672,45.277,1800.0,3.5,10.6,normal
1697510142.175,44.303,1800.0,3.5,10.7,normal
1697510142.677,45.277,1800.0,3.0,10.7,normal
1697510143.18,46.251,1800.0,3.0,10.7,normal
1697510143.682,45.277,1800.0,4.0,10.6,normal
1697510144.186,45.764,900.0,5.4,10.6,normal
1697510144.691,45.764,900.0,6.9,10.6,normal
1697510145.194,46.251,1800.0,28.9,10.5,normal
1697510145.697,45.764,1800.0,27.4,10.7,normal
1697510146.2,45.277,1800.0,2.5,10.7,normal
1697510146.702,45.277,1800.0,3.0,10.7,normal
1697510147.205,44.79,1800.0,1.0,10.7,normal
1697510147.707,45.277,1800.0,2.5,10.7,normal
1697510148.21,45.277,1800.0,2.5,10.7,normal
1697510148.712,45.277,1800.0,3.5,10.7,normal
1697510149.215,46.251,1800.0,2.5,10.7,normal
1697510149.718,45.277,1800.0,1.5,10.7,normal
1697510150.223,44.79,600.0,2.5,10.7,normal
1697510150.726,45.277,1800.0,7.5,10.7,normal
1697510151.229,47.225,1800.0,23.1,10.3,normal
1697510151.732,46.251,1800.0,29.9,10.6,normal
1697510152.235,46.251,1800.0,4.5,10.6,normal
1697510152.737,45.764,1800.0,3.0,10.6,normal
1697510153.24,45.277,1800.0,4.0,10.6,normal
1697510153.743,45.764,1800.0,3.0,10.6,normal
1697510154.245,45.277,1800.0,4.0,10.6,normal
1697510154.748,45.277,1800.0,4.5,10.6,normal
1697510155.251,46.251,1800.0,3.5,10.7,normal
1697510155.756,44.79,600.0,3.5,10.7,normal
1697510156.262,46.738,600.0,6.0,10.7,normal
1697510156.768,44.79,700.0,5.0,10.6,normal
1697510157.272,45.764,1800.0,28.7,10.4,normal
1697510157.775,46.738,1800.0,22.5,10.6,normal
1697510158.277,46.251,1800.0,3.5,10.6,normal
1697510158.779,45.764,1800.0,3.0,10.6,normal
1697510159.282,45.277,1800.0,2.5,10.6,normal
1697510159.785,46.251,1800.0,2.0,10.6,normal
1697510160.287,45.277,1800.0,2.0,10.6,normal
1697510160.79,46.251,1800.0,2.0,10.6,normal
1697510161.292,45.277,1800.0,8.0,10.7,normal
1697510161.795,45.764,1800.0,3.5,10.7,normal
1697510162.299,44.79,900.0,4.0,10.7,normal
1697510162.803,45.764,1100.0,5.9,10.7,normal
1697510163.306,45.764,1800.0,23.5,10.3,normal
1697510163.809,45.764,1800.0,29.6,10.6,normal
1697510164.312,44.79,1800.0,4.0,10.7,normal
1697510164.814,45.277,1800.0,4.4,10.7,normal
1697510165.317,46.251,1800.0,3.0,10.7,normal
1697510165.819,46.738,1800.0,3.0,10.7,normal
1697510166.322,44.79,1800.0,2.0,10.7,normal
1697510166.824,45.764,1800.0,4.5,10.7,normal
1697510167.327,45.277,1800.0,3.0,10.7,normal
1697510167.83,44.79,1800.0,3.5,10.7,normal
1697510168.334,45.277,900.0,5.0,10.7,normal
1697510168.838,45.764,900.0,6.4,10.7,normal
1697510169.341,45.277,1800.0,19.0,10.3,normal
1697510169.843,46.738,1800.0,36.7,10.7,normal
1697510170.346,45.277,1800.0,4.0,10.7,normal
1697510170.849,45.277,1800.0,4.0,10.7,normal
1697510171.351,46.251,1800.0,3.0,10.7,normal
1697510171.854,45.277,1800.0,2.5,10.7,normal
1697510172.356,46.251,1800.0,3.5,10.7,normal
1697510172.859,46.251,1800.0,4.0,10.7,normal
1697510173.361,44.79,1800.0,3.5,10.7,normal
1697510173.864,44.79,1800.0,3.0,10.7,normal
1697510174.374,44.303,600.0,2.9,10.7,normal
1697510174.88,45.277,600.0,2.0,10.7,normal
1697510175.383,45.277,1800.0,15.9,10.1,normal
1697510175.887,45.764,1800.0,35.8,10.6,normal
1697510176.389,45.764,1800.0,8.1,10.6,normal
1697510176.892,45.277,1800.0,4.0,10.6,normal
1697510177.395,45.277,1800.0,5.4,10.6,normal
1697510177.897,46.251,1800.0,4.5,10.6,normal
1697510178.4,45.277,1800.0,3.5,10.7,normal
1697510178.902,46.738,1800.0,3.0,10.7,normal
1697510179.408,45.764,1800.0,5.0,10.7,normal
1697510179.911,45.277,1800.0,3.5,10.7,normal
1697510180.415,46.251,800.0,4.5,10.7,normal
1697510180.919,45.764,900.0,4.5,10.7,normal
1697510181.422,45.277,1800.0,19.4,10.3,normal
1697510181.925,46.251,1800.0,38.0,10.7,normal
1697510182.427,45.764,1800.0,4.0,10.7,normal
1697510182.93,46.251,1800.0,4.0,10.7,normal
1697510183.432,45.277,1800.0,2.5,10.7,normal
1697510183.935,45.277,1800.0,4.9,10.7,normal
1697510184.44,45.277,1800.0,4.0,10.7,normal
1697510184.943,46.251,1800.0,3.0,10.7,normal
1697510185.445,44.79,1800.0,4.4,10.7,normal
1697510185.948,46.251,1800.0,4.0,10.7,normal
1697510186.452,44.79,800.0,4.9,10.7,normal
1697510186.958,46.738,600.0,5.4,10.7,normal
1697510187.461,45.764,1800.0,11.4,9.8,normal
1697510187.964,45.764,1800.0,32.2,10.5,normal
1697510188.467,46.251,1800.0,15.6,10.6,normal
1697510188.969,45.764,1800.0,2.5,10.6,normal
1697510189.476,45.277,1800.0,1.5,10.6,normal
1697510189.979,45.764,1800.0,4.0,10.6,normal
1697510190.482,46.251,1800.0,4.0,10.6,normal
1697510190.984,44.79,1800.0,3.5,10.6,normal
1697510191.487,44.79,1800.0,3.0,10.6,normal
1697510191.989,45.277,1800.0,3.0,10.6,normal
1697510192.494,45.764,700.0,5.4,10.6,normal
1697510193.0,44.79,600.0,5.4,10.6,normal
1697510193.503,45.764,1800.0,15.4,10.2,normal
1697510194.006,46.738,1800.0,37.8,10.6,normal
1697510194.513,44.79,1800.0,6.0,10.7,normal
1697510195.016,46.251,1800.0,3.5,10.7,normal
1697510195.519,45.764,1800.0,4.0,10.7,normal
1697510196.021,44.79,1800.0,2.5,10.7,normal
1697510196.524,45.277,1800.0,4.5,10.7,normal
1697510197.026,45.764,1800.0,3.0,10.7,normal
1697510197.529,45.764,1800.0,3.0,10.7,normal
1697510198.031,45.277,1800.0,3.5,10.7,normal
1697510198.537,44.303,600.0,3.5,10.7,normal
1697510199.042,45.277,600.0,3.5,10.7,normal
1697510199.549,44.79,1800.0,10.4,9.6,normal
1697510200.051,45.764,1800.0,27.9,10.5,normal
1697510200.554,45.277,1800.0,20.0,10.7,normal
1697510201.057,45.277,1800.0,3.5,10.7,normal
1697510201.56,45.277,1800.0,3.5,10.7,normal
1697510202.062,46.251,1800.0,3.0,10.7,normal
1697510202.565,46.738,1800.0,3.0,10.7,normal
1697510203.067,45.277,1800.0,3.5,10.7,normal
1697510203.57,45.277,1800.0,4.5,10.7,normal
1697510204.072,45.277,1800.0,4.0,10.7,normal
1697510204.577,45.764,700.0,5.0,10.7,normal
1697510205.083,45.277,700.0,6.9,10.7,normal
1697510205.588,44.79,700.0,4.0,10.7,normal
1697510206.092,45.764,1800.0,25.9,10.5,normal
1697510206.595,46.251,1800.0,26.0,10.6,normal
1697510207.097,46.738,1800.0,3.0,10.6,normal
1697510207.6,46.251,1800.0,2.0,10.6,normal
1697510208.102,45.764,1800.0,2.5,10.6,normal
1697510208.605,45.277,1800.0,4.0,10.6,normal
1697510209.108,44.79,1800.0,5.0,10.6,normal
1697510209.615,44.79,1800.0,5.4,10.6,normal
1697510210.118,44.79,1800.0,3.5,10.6,normal
1697510210.62,44.303,1800.0,3.0,10.6,normal
1697510211.126,44.303,600.0,5.9,10.6,normal
1697510211.632,44.303,600.0,4.5,10.6,normal
1697510212.135,46.251,1800.0,21.9,10.2,normal
1697510212.637,47.225,1800.0,34.7,10.6,normal
1697510213.14,46.251,1800.0,5.0,10.6,normal
1697510213.642,46.251,1800.0,3.0,10.6,normal
1697510214.145,47.225,1800.0,4.0,10.6,normal
1697510214.647,46.251,1800.0,3.0,10.6,normal
1697510215.15,45.277,1800.0,4.9,10.6,normal
1697510215.653,46.251,1800.0,2.5,10.6,normal
1697510216.155,45.277,1800.0,3.0,10.6,normal
1697510216.658,46.251,1800.0,3.0,10.6,normal
1697510217.163,45.277,600.0,4.9,10.6,normal
1697510217.669,45.277,600.0,4.0,10.6,normal
1697510218.172,46.251,1800.0,24.4,10.3,normal
1697510218.675,45.764,1800.0,32.0,10.6,normal
1697510219.178,45.764,1800.0,5.0,10.6,normal
1697510219.68,45.764,1800.0,4.5,10.6,normal
1697510220.183,44.79,1800.0,3.0,10.6,normal
1697510220.685,45.277,1800.0,4.0,10.6,normal
1697510221.188,45.764,1800.0,3.0,10.6,normal
1697510221.69,45.277,1800.0,4.5,10.6,normal
1697510222.193,46.738,1800.0,3.0,10.6,normal
1697510222.696,45.277,1800.0,4.0,10.6,normal
1697510223.2,45.277,800.0,3.5,10.6,normal
1697510223.706,45.764,600.0,5.9,10.7,normal
1697510224.209,45.764,1800.0,17.5,10.1,normal
1697510224.712,46.738,1800.0,36.7,10.6,normal
1697510225.214,46.738,1800.0,4.0,10.6,normal
1697510225.717,45.764,1800.0,3.5,10.6,normal
1697510226.219,46.251,1800.0,3.0,10.6,normal
1697510226.722,45.764,1800.0,3.0,10.6,normal
1697510227.225,46.251,1800.0,3.9,10.6,normal
1697510227.727,45.277,1800.0,3.5,10.6,normal
1697510228.23,46.251,1800.0,5.0,10.6,normal
1697510228.733,45.277,1800.0,3.5,10.6,normal
1697510229.237,44.79,900.0,5.0,10.6,normal
1697510229.742,45.277,800.0,5.0,10.6,normal
1697510230.245,44.79,1800.0,10.0,9.5,normal
1697510230.748,46.251,1800.0,29.4,10.5,normal
1697510231.25,45.764,1800.0,20.7,10.7,normal
1697510231.753,45.764,1800.0,5.0,10.7,normal
1697510232.255,45.764,1800.0,2.5,10.7,normal
1697510232.758,46.251,1800.0,3.0,10.7,normal
1697510233.26,44.79,1800.0,2.0,10.7,normal
1697510233.763,45.764,1800.0,4.0,10.7,normal
1697510234.266,45.277,1800.0,5.0,10.7,normal
1697510234.768,45.277,1800.0,3.5,10.7,normal
1697510235.273,45.277,700.0,4.0,10.7,normal
1697510235.777,45.764,1000.0,5.9,10.7,normal
1697510236.282,45.277,800.0,4.0,10.7,normal
1697510236.785,45.764,1800.0,27.4,10.5,normal
1697510237.287,46.251,1800.0,26.6,10.7,normal
1697510237.79,45.277,1800.0,3.9,10.7,normal
1697510238.292,46.251,1800.0,3.5,10.7,normal
1697510238.795,46.251,1800.0,3.0,10.7,normal
1697510239.298,45.277,1800.0,5.4,10.7,normal
1697510239.8,46.738,1800.0,3.0,10.7,normal
1697510240.303,45.277,1800.0,2.0,10.7,normal
1697510240.805,45.764,1800.0,3.0,10.7,normal
1697510241.308,46.251,1800.0,3.5,10.7,normal
1697510241.812,45.277,1000.0,3.0,10.7,normal
1697510242.318,45.277,600.0,3.5,10.7,normal
1697510242.821,45.277,1800.0,20.9,10.2,normal
1697510243.324,45.277,1800.0,34.7,10.6,normal
1697510243.826,45.277,1800.0,2.0,10.6,normal
1697510244.329,46.251,1800.0,4.0,10.6,normal
1697510244.831,45.764,1800.0,3.5,10.6,normal
1697510245.334,45.764,1800.0,4.0,10.6,normal
1697510245.836,45.277,1800.0,3.5,10.6,normal
1697510246.339,44.303,1800.0,3.0,10.6,normal
1697510246.842,45.277,1800.0,4.0,10.7,normal
1697510247.344,46.251,1800.0,2.5,10.7,normal
1697510247.848,45.764,1000.0,5.0,10.7,normal
1697510248.352,44.79,900.0,5.4,10.7,normal
1697510248.855,45.764,1800.0,25.0,10.3,normal
1697510249.358,45.277,1800.0,30.8,10.6,normal
1697510249.86,46.738,1800.0,4.5,10.6,normal
1697510250.363,46.251,1800.0,3.5,10.6,normal
1697510250.866,46.738,1800.0,3.5,10.6,normal
1697510251.368,45.277,1800.0,3.5,10.6,normal
1697510251.871,45.764,1800.0,3.5,10.6,normal
1697510252.373,45.764,1800.0,3.5,10.6,normal
1697510252.877,46.251,1800.0,3.0,10.6,normal
1697510253.379,45.277,1800.0,4.0,10.6,normal
1697510253.885,45.277,900.0,4.4,10.6,normal
1697510254.39,45.277,900.0,5.9,10.6,normal
1697510254.893,45.277,1800.0,17.4,10.2,normal
1697510255.397,46.251,1800.0,36.8,10.6,normal
1697510255.899,46.251,1800.0,3.5,10.6,normal
1697510256.402,44.79,1800.0,4.0,10.6,normal
1697510256.904,45.277,1800.0,3.5,10.6,normal
1697510257.407,45.764,1800.0,3.0,10.6,normal
1697510257.91,45.764,1800.0,3.5,10.6,normal
1697510258.412,45.277,1800.0,4.0,10.7,normal
1697510258.915,45.277,1800.0,3.5,10.7,normal
1697510259.417,45.764,1800.0,4.5,10.7,normal
1697510259.921,45.764,900.0,4.0,10.7,normal
1697510260.427,45.277,600.0,7.8,10.7,normal
1697510260.931,46.251,1800.0,12.3,10.0,normal
1697510261.435,46.738,1800.0,32.3,10.6,normal
1697510261.938,45.764,1800.0,13.6,10.7,normal
1697510262.44,45.277,1800.0,4.0,10.7,normal
1697510262.943,44.79,1800.0,3.0,10.7,normal
1697510263.445,45.277,1800.0,3.5,10.7,normal
1697510263.948,45.277,1800.0,3.5,10.7,normal
1697510264.451,45.764,1800.0,4.0,10.7,normal
1697510264.953,45.764,1800.0,4.5,10.7,normal
1697510265.456,45.764,1800.0,3.5,10.6,normal
1697510265.96,45.277,700.0,3.0,10.6,normal
1697510266.465,46.251,700.0,4.0,10.7,normal
1697510266.968,45.764,1800.0,14.6,10.3,normal
1697510267.471,46.251,1800.0,36.8,10.6,normal
1697510267.973,44.79,1800.0,3.5,10.6,normal
1697510268.476,45.764,1800.0,3.0,10.6,normal
1697510268.979,46.251,1800.0,3.0,10.7,normal
1697510269.481,45.764,1800.0,3.5,10.7,normal
1697510269.984,45.764,1800.0,4.4,10.7,normal
1697510270.486,45.764,1800.0,3.0,10.7,normal
1697510270.989,45.277,1800.0,3.0,10.7,normal
1697510271.491,45.764,1800.0,2.5,10.7,normal
1697510271.997,45.277,600.0,3.0,10.7,normal
1697510272.503,44.79,600.0,6.4,10.7,normal
1697510273.006,45.277,1800.0,23.3,10.3,normal
1697510273.509,46.251,1800.0,32.3,10.7,normal
1697510274.011,45.277,1800.0,3.0,10.7,normal
1697510274.514,44.79,1800.0,3.5,10.7,normal
1697510275.017,45.764,1800.0,3.5,10.7,normal
1697510275.519,45.764,1800.0,4.0,10.7,normal
1697510276.022,45.764,1800.0,3.0,10.7,normal
1697510276.524,45.764,1800.0,3.0,10.7,normal
1697510277.027,45.764,1800.0,3.0,10.7,normal
1697510277.529,45.764,1800.0,5.0,10.7,normal
1697510278.035,44.303,600.0,3.9,10.7,normal
1697510278.541,44.303,600.0,4.5,10.7,normal
1697510279.043,46.738,1800.0,27.0,10.4,normal
1697510279.546,45.764,1800.0,31.0,10.6,normal
1697510280.049,45.764,1800.0,3.5,10.6,normal
1697510280.551,46.251,1800.0,3.0,10.6,normal
1697510281.054,45.764,1800.0,4.5,10.6,normal
1697510281.556,46.251,1800.0,3.0,10.7,normal
1697510282.059,45.277,1800.0,4.5,10.7,normal
1697510282.561,46.251,1800.0,3.5,10.7,normal
1697510283.064,45.764,1800.0,1.5,10.7,normal
1697510283.566,45.764,1800.0,2.5,10.7,normal
1697510284.072,45.764,600.0,5.0,10.7,normal
1697510284.578,45.277,600.0,5.0,10.7,normal
1697510285.081,44.79,1800.0,18.5,10.2,normal
1697510285.583,46.251,1800.0,36.7,10.6,normal
1697510286.086,46.251,1800.0,3.0,10.6,normal
1697510286.588,46.251,1800.0,2.0,10.6,normal
1697510287.091,45.277,1800.0,3.5,10.6,normal
1697510287.593,44.79,1800.0,4.0,10.6,normal
1697510288.096,44.79,1800.0,4.0,10.6,normal
1697510288.598,44.79,1800.0,4.0,10.7,normal
1697510289.101,46.738,1800.0,3.0,10.7,normal
1697510289.604,45.277,1800.0,5.0,10.7,normal
1697510290.109,45.764,700.0,4.9,10.7,normal
1697510290.614,45.277,600.0,5.0,10.7,normal
1697510291.118,45.277,1800.0,23.0,10.4,normal
1697510291.621,47.225,1800.0,31.8,10.6,normal
1697510292.123,46.251,1800.0,4.0,10.6,normal
1697510292.626,45.764,1800.0,3.5,10.6,normal
1697510293.128,45.277,1800.0,3.5,10.6,normal
1697510293.631,45.764,1800.0,3.5,10.7,normal
1697510294.133,44.79,1800.0,6.4,10.7,normal
1697510294.636,46.251,1800.0,4.0,10.7,normal
1697510295.139,46.738,1800.0,3.5,10.7,normal
1697510295.641,44.79,1800.0,3.0,10.7,normal
1697510296.146,45.277,700.0,5.9,10.7,normal
1697510296.652,44.303,600.0,4.0,10.7,normal
1697510297.156,45.764,1800.0,26.7,10.4,normal
1697510297.659,46.251,1800.0,27.3,10.6,normal
1697510298.162,45.277,1800.0,4.9,10.6,normal
1697510298.664,45.764,1800.0,3.0,10.6,normal
1697510299.167,46.251,1800.0,5.0,10.6,normal
1697510299.669,45.764,1800.0,3.5,10.7,normal
1697510300.172,45.764,1800.0,4.0,10.7,normal
1697510300.674,45.764,1800.0,3.5,10.7,normal
1697510301.177,46.738,1800.0,3.0,10.7,normal
1697510301.68,45.277,1800.0,3.0,10.7,normal
1697510302.185,44.303,600.0,4.5,10.7,normal
1697510302.691,45.764,600.0,4.5,10.7,normal
1697510303.194,46.738,1800.0,20.8,10.3,normal
1697510303.696,46.251,1800.0,34.0,10.7,normal
1697510304.199,46.251,1800.0,5.0,10.7,normal
1697510304.701,44.79,1800.0,3.5,10.7,normal
1697510305.204,45.277,1800.0,3.0,10.7,normal
1697510305.707,46.251,1800.0,3.0,10.7,normal
1697510306.209,45.277,1800.0,4.5,10.7,normal
1697510306.712,45.277,1800.0,2.5,10.7,normal
1697510307.214,45.277,1800.0,4.0,10.7,normal
1697510307.717,45.764,1800.0,4.0,10.7,normal
1697510308.223,45.764,600.0,4.4,10.7,normal
1697510308.729,45.277,700.0,5.0,10.7,normal
1697510309.232,45.277,1800.0,15.1,10.2,normal
1697510309.736,46.738,1800.0,38.3,10.6,normal
1697510310.238,46.251,1800.0,6.5,10.7,normal
1697510310.741,46.251,1800.0,4.0,10.7,normal
1697510311.243,45.764,1800.0,4.0,10.7,normal
1697510311.746,45.764,1800.0,3.5,10.7,normal
1697510312.249,44.79,1800.0,4.5,10.7,normal
1697510312.751,45.764,1800.0,3.5,10.7,normal
1697510313.254,44.79,1800.0,3.9,10.7,normal
1697510313.756,45.764,1800.0,3.0,10.7,normal
1697510314.26,45.277,900.0,5.9,10.7,normal
1697510314.765,45.277,800.0,3.5,10.7,normal
1697510315.269,45.277,900.0,7.5,10.3,normal
1697510315.772,45.764,1800.0,29.4,10.5,normal
1697510316.275,46.251,1800.0,23.4,10.7,normal
1697510316.778,45.277,1800.0,4.0,10.7,normal
1697510317.28,45.277,1800.0,3.5,10.7,normal
1697510317.783,45.764,1800.0,4.0,10.7,normal
1697510318.285,45.764,1800.0,3.0,10.7,normal
1697510318.788,45.764,1800.0,3.0,10.7,normal
1697510319.29,46.251,1800.0,4.5,10.7,normal
1697510319.793,46.251,1800.0,3.5,10.7,normal
1697510320.295,46.738,1800.0,3.5,10.7,normal
1697510320.799,46.251,1100.0,5.0,10.7,normal
1697510321.303,46.251,1800.0,12.0,9.9,normal
1697510321.806,45.277,1800.0,32.3,10.6,normal
1697510322.309,45.277,1800.0,15.5,10.7,normal
1697510322.811,45.277,1800.0,3.0,10.7,normal
1697510323.314,45.764,1800.0,3.9,10.7,normal
1697510323.816,45.277,1800.0,2.5,10.7,normal
1697510324.319,46.251,1800.0,4.0,10.7,normal
1697510324.821,45.277,1800.0,2.0,10.7,normal
1697510325.324,46.251,1800.0,3.0,10.7,normal
1697510325.826,46.251,1800.0,3.4,10.7,normal
1697510326.331,45.764,700.0,0.0,10.7,normal
1697510326.836,45.277,900.0,6.4,10.7,normal
1697510327.338,45.277,1800.0,14.4,10.2,normal
1697510327.841,46.251,1800.0,39.1,10.6,normal
1697510328.344,45.277,1800.0,5.0,10.6,normal
1697510328.846,46.251,1800.0,6.9,10.6,normal
1697510329.349,45.764,1800.0,4.9,10.6,normal
1697510329.852,45.277,1800.0,2.5,10.6,normal
1697510330.354,45.764,1800.0,3.5,10.6,normal
1697510330.857,45.277,1800.0,3.5,10.6,normal
1697510331.359,44.79,1800.0,3.0,10.7,normal
1697510331.862,45.764,1800.0,3.0,10.6,normal
1697510332.366,46.251,900.0,5.0,10.7,normal
1697510332.869,44.79,1200.0,5.9,10.7,normal
1697510333.373,46.251,1000.0,8.9,10.2,normal
1697510333.877,46.251,1800.0,28.0,10.5,normal
1697510334.379,47.225,1800.0,22.6,10.6,normal
1697510334.882,46.738,1800.0,4.0,10.6,normal
1697510335.384,46.738,1800.0,3.0,10.7,normal
1697510335.887,46.251,1800.0,3.9,10.7,normal
1697510336.39,45.277,1800.0,3.0,10.7,normal
1697510336.892,45.764,1800.0,3.5,10.7,normal
1697510337.395,46.251,1800.0,3.5,10.7,normal
1697510337.897,45.764,1800.0,4.5,10.7,normal
1697510338.4,46.251,1800.0,3.0,10.7,normal
1697510338.904,45.277,900.0,4.0,10.7,normal
1697510339.407,46.738,1800.0,14.4,10.1,normal
1697510339.911,46.251,1800.0,35.1,10.6,normal
1697510340.414,46.251,1800.0,9.5,10.7,normal
1697510340.916,45.764,1800.0,3.9,10.7,normal
1697510341.419,45.764,1800.0,5.5,10.6,normal
1697510341.921,46.251,1800.0,4.0,10.7,normal
1697510342.424,45.277,1800.0,4.0,10.6,normal
1697510342.926,45.764,1800.0,4.0,10.6,normal
1697510343.429,45.764,1800.0,3.5,10.6,normal
1697510343.931,45.277,1800.0,2.5,10.6,normal
1697510344.437,45.277,600.0,4.4,10.6,normal
1697510344.942,45.277,800.0,5.0,10.6,normal
1697510345.447,45.764,700.0,5.9,10.5,normal
1697510345.95,45.764,1800.0,29.7,10.5,normal
1697510346.452,45.277,1800.0,23.6,10.7,normal
1697510346.955,45.764,1800.0,3.0,10.7,normal
1697510347.462,46.251,1800.0,3.0,10.7,normal
1697510347.965,45.764,1800.0,3.5,10.6,normal
1697510348.467,45.764,1800.0,3.0,10.6,normal
1697510348.97,46.251,1800.0,3.5,10.6,normal
1697510349.473,44.79,1800.0,3.5,10.7,normal
1697510349.975,45.764,1800.0,4.0,10.7,normal
1697510350.478,46.251,1800.0,2.5,10.7,normal
1697510350.983,44.79,600.0,4.9,10.7,normal
1697510351.489,45.764,800.0,5.0,10.7,normal
1697510351.991,46.251,1800.0,24.3,10.4,normal
1697510352.497,45.764,1800.0,31.5,10.7,normal
1697510353.0,45.764,1800.0,3.0,10.7,normal
1697510353.502,45.277,1800.0,3.5,10.7,normal
1697510354.005,45.764,1800.0,2.5,10.7,normal
1697510354.508,44.79,1800.0,4.5,10.7,normal
1697510355.01,45.764,1800.0,3.5,10.7,normal
1697510355.513,45.277,1800.0,2.5,10.7,normal
1697510356.015,45.277,1800.0,3.0,10.7,normal
1697510356.518,46.251,1800.0,4.5,10.7,normal
1697510357.023,46.251,600.0,3.9,10.7,normal
1697510357.53,44.79,600.0,4.5,10.7,normal
1697510358.034,46.251,1800.0,26.7,10.4,normal
1697510358.537,46.251,1800.0,28.5,10.7,normal
1697510359.039,45.277,1800.0,3.5,10.7,normal
1697510359.542,45.764,1800.0,4.5,10.7,normal
1697510360.044,45.277,1800.0,3.0,10.7,normal
1697510360.547,45.277,1800.0,4.0,10.7,normal
1697510361.05,46.251,1800.0,3.0,10.7,normal
1697510361.552,44.79,1800.0,3.5,10.7,normal
1697510362.055,45.277,1800.0,3.5,10.7,normal
1697510362.562,45.764,1800.0,3.0,10.7,normal
1697510363.067,45.277,600.0,4.5,10.7,normal
1697510363.573,45.764,600.0,7.5,10.6,normal
1697510364.076,46.251,1800.0,28.7,10.5,normal
1697510364.579,46.251,1800.0,24.4,10.7,normal
1697510365.081,45.277,1800.0,3.5,10.7,normal
1697510365.584,46.251,1800.0,3.0,10.7,normal
1697510366.087,46.738,1800.0,3.0,10.7,normal
1697510366.589,45.764,1800.0,2.5,10.7,normal
1697510367.092,46.251,1800.0,3.5,10.7,normal
1697510367.594,45.277,1800.0,3.0,10.7,normal
1697510368.097,46.251,1800.0,2.5,10.7,normal
1697510368.599,45.764,1800.0,3.5,10.7,normal
1697510369.105,45.277,600.0,4.0,10.7,normal
1697510369.608,45.764,1800.0,12.4,9.9,normal
1697510370.112,46.251,1800.0,32.0,10.6,normal
1697510370.615,44.79,1800.0,13.9,10.7,normal
1697510371.118,46.738,1800.0,3.0,10.7,normal
1697510371.62,46.251,1800.0,5.4,10.7,normal
1697510372.123,45.277,1800.0,3.0,10.7,normal
1697510372.625,44.79,1800.0,4.0,10.7,normal
1697510373.128,45.764,1800.0,3.0,10.7,normal
1697510373.63,46.251,1800.0,4.0,10.7,normal
1697510374.133,45.764,1800.0,5.0,10.7,normal
1697510374.637,45.277,800.0,3.5,10.7,normal
1697510375.143,45.277,600.0,4.9,10.7,normal
1697510375.649,45.764,600.0,5.5,10.6,normal
1697510376.152,46.738,1800.0,28.7,10.5,normal
1697510376.655,46.251,1800.0,27.0,10.7,normal
1697510377.157,45.764,1800.0,3.5,10.7,normal
1697510377.66,45.277,1800.0,3.5,10.7,normal
1697510378.163,46.251,1800.0,3.5,10.7,normal
1697510378.665,46.251,1800.0,3.0,10.7,normal
1697510379.168,44.79,1800.0,4.0,10.7,normal
1697510379.67,45.277,1800.0,3.5,10.7,normal
1697510380.173,45.277,1800.0,3.5,10.7,normal
1697510380.675,45.277,1800.0,4.4,10.7,normal
1697510381.181,45.277,600.0,3.5,10.7,normal
1697510381.685,44.79,800.0,9.0,9.6,normal
1697510382.188,46.251,1800.0,30.0,10.4,normal
1697510382.691,46.251,1800.0,23.6,10.6,normal
1697510383.193,45.277,1800.0,3.0,10.6,normal
1697510383.696,45.277,1800.0,3.5,10.6,normal
1697510384.198,45.277,1800.0,5.4,10.6,normal
1697510384.701,45.277,1800.0,4.0,10.6,normal
1697510385.204,44.79,1800.0,3.0,10.7,normal
1697510385.706,45.277,1800.0,3.5,10.7,normal
1697510386.209,45.764,1800.0,2.0,10.7,normal
1697510386.711,45.277,1800.0,3.5,10.7,normal
1697510387.217,46.738,600.0,5.4,10.7,normal
1697510387.721,45.764,1025.0,10.4,9.7,normal
1697510388.224,45.764,1800.0,27.2,10.5,normal
1697510388.727,46.251,1800.0,20.1,10.6,normal
1697510389.229,44.303,1800.0,3.0,10.6,normal
1697510389.732,45.277,1800.0,6.9,10.7,normal
1697510390.235,44.79,1800.0,4.0,10.7,normal
1697510390.737,46.738,1800.0,3.5,10.7,normal
1697510391.239,46.251,1800.0,4.5,10.7,normal
1697510391.742,45.277,1800.0,4.0,10.7,normal
1697510392.245,44.79,1800.0,2.0,10.7,normal
1697510392.747,45.277,1800.0,5.0,10.7,normal
1697510393.253,44.79,600.0,2.5,10.7,normal
1697510393.759,44.303,700.0,8.8,10.7,normal
1697510394.262,46.251,1800.0,28.0,10.5,normal
1697510394.764,44.79,1800.0,28.4,10.7,normal
1697510395.267,45.764,1800.0,3.0,10.7,normal
1697510395.769,45.764,1800.0,3.5,10.7,normal
1697510396.272,45.764,1800.0,3.5,10.7,normal
1697510396.774,46.251,1800.0,4.0,10.7,normal
1697510397.277,46.251,1800.0,3.0,10.7,normal
1697510397.779,45.277,1800.0,3.0,10.7,normal
1697510398.282,45.277,1800.0,3.0,10.7,normal
1697510398.784,46.251,1800.0,4.0,10.7,normal
1697510399.289,45.764,800.0,4.5,10.7,normal
1697510399.793,44.303,900.0,5.9,10.7,normal
1697510400.296,46.738,1800.0,19.0,10.3,normal
1697510400.798,45.277,1800.0,37.1,10.6,normal
1697510401.301,45.764,1800.0,4.0,10.6,normal
1697510401.804,45.764,1800.0,2.0,10.6,normal
1697510402.306,46.738,1800.0,4.5,10.6,normal
1697510402.809,44.79,1800.0,4.5,10.6,normal
1697510403.311,45.277,1800.0,4.0,10.6,normal
1697510403.814,44.79,1800.0,3.5,10.7,normal
1697510404.316,45.764,1800.0,4.0,10.7,normal
1697510404.819,45.764,1800.0,3.5,10.7,normal
1697510405.323,45.764,900.0,5.0,10.7,normal
1697510405.827,45.277,1100.0,5.0,10.7,normal
1697510406.331,44.79,1800.0,10.4,9.7,normal
1697510406.834,47.225,1800.0,31.0,10.5,normal
1697510407.337,44.79,1800.0,17.6,10.7,normal
1697510407.84,45.277,1800.0,3.5,10.7,normal
1697510408.342,45.764,1800.0,2.5,10.7,normal
1697510408.845,46.251,1800.0,3.5,10.7,normal
1697510409.347,45.277,1800.0,4.0,10.7,normal
1697510409.85,45.764,1800.0,2.0,10.7,normal
1697510410.352,45.764,1800.0,3.5,10.7,normal
1697510410.855,45.764,1800.0,3.5,10.7,normal
1697510411.36,45.277,700.0,3.0,10.7,normal
1697510411.864,44.79,900.0,4.5,10.7,normal
1697510412.367,47.225,1800.0,15.0,10.1,normal
1697510412.87,45.764,1800.0,37.5,10.6,normal
1697510413.373,46.251,1800.0,6.5,10.7,normal
1697510413.875,45.277,1800.0,4.0,10.7,normal
1697510414.378,46.251,1800.0,4.5,10.7,normal
1697510414.88,46.738,1800.0,3.5,10.7,normal
1697510415.383,46.251,1800.0,3.0,10.7,normal
1697510415.886,46.251,1800.0,3.4,10.7,normal
1697510416.388,45.277,1800.0,3.0,10.7,normal
1697510416.891,45.764,1800.0,4.0,10.7,normal
1697510417.396,45.277,700.0,4.4,10.7,normal
1697510417.9,46.251,800.0,4.9,10.7,normal
1697510418.406,46.251,900.0,6.0,10.6,normal
1697510418.909,46.251,1800.0,29.2,10.5,normal
1697510419.411,46.251,1800.0,24.0,10.7,normal
1697510419.913,45.764,1800.0,3.0,10.7,normal
1697510420.416,46.251,1800.0,4.0,10.7,normal
1697510420.919,45.277,1800.0,4.0,10.7,normal
1697510421.421,45.764,1800.0,2.5,10.7,normal
1697510421.924,45.764,1800.0,3.0,10.7,normal
1697510422.426,44.79,1800.0,3.5,10.7,normal
1697510422.929,45.764,1800.0,3.0,10.6,normal
1697510423.432,45.764,1800.0,3.5,10.6,normal
1697510423.937,45.764,600.0,5.0,10.7,normal
1697510424.443,44.79,700.0,5.9,10.6,normal
1697510424.947,46.738,1800.0,25.5,10.4,normal
1697510425.45,44.303,1800.0,29.6,10.7,normal
1697510425.952,44.79,1800.0,3.9,10.7,normal
1697510426.455,45.764,1800.0,3.5,10.7,normal
1697510426.957,46.251,1800.0,4.5,10.7,normal
1697510427.46,45.277,1800.0,3.5,10.7,normal
1697510427.962,45.277,1800.0,3.0,10.7,normal
1697510428.465,45.764,1800.0,3.0,10.7,normal
1697510428.968,45.764,1800.0,3.5,10.7,normal
1697510429.471,45.764,1800.0,5.9,10.7,normal
1697510429.976,45.277,600.0,4.0,10.6,normal
1697510430.482,45.764,600.0,4.5,10.6,normal
1697510430.985,45.764,1800.0,19.1,10.3,normal
1697510431.487,46.738,1800.0,37.8,10.7,normal
1697510431.99,44.79,1800.0,3.5,10.7,normal
1697510432.492,45.764,1800.0,3.5,10.7,normal
1697510432.995,45.277,1800.0,4.0,10.7,normal
1697510433.497,46.738,1800.0,3.5,10.7,normal
1697510434.0,45.764,1800.0,4.0,10.7,normal
1697510434.503,46.251,1800.0,4.0,10.7,normal
1697510435.005,46.251,1800.0,3.5,10.7,normal
1697510435.508,45.277,1800.0,4.5,10.7,normal
1697510436.013,45.277,600.0,3.5,10.7,normal
1697510436.519,45.277,600.0,5.0,10.7,normal
1697510437.024,45.764,800.0,10.4,9.6,normal
1697510437.527,45.764,1800.0,28.9,10.6,normal
1697510438.03,46.251,1800.0,21.6,10.7,normal
1697510438.533,46.251,1800.0,3.5,10.7,normal
1697510439.035,44.79,1800.0,3.5,10.7,normal
1697510439.538,46.251,1800.0,4.5,10.7,normal
1697510440.04,44.79,1800.0,3.5,10.7,normal
1697510440.543,45.277,1800.0,4.0,10.7,normal
1697510441.046,44.79,1800.0,2.5,10.7,normal
1697510441.548,45.764,1800.0,4.5,10.7,normal
1697510442.051,45.277,1800.0,3.0,10.7,normal
1697510442.556,45.277,600.0,4.4,10.7,normal
1697510443.062,44.303,600.0,5.0,10.7,normal
1697510443.565,46.251,1800.0,25.9,10.4,normal
1697510444.068,45.764,1800.0,30.7,10.7,normal
1697510444.57,45.277,1800.0,4.5,10.6,normal
1697510445.073,45.277,1800.0,3.0,10.6,normal
1697510445.576,45.277,1800.0,3.5,10.6,normal
1697510446.078,45.764,1800.0,2.0,10.7,normal
1697510446.581,45.764,1800.0,3.9,10.6,normal
1697510447.083,44.79,1800.0,3.0,10.6,normal
1697510447.586,44.303,1800.0,2.5,10.7,normal
1697510448.088,45.764,1800.0,4.0,10.7,normal
1697510448.594,45.277,600.0,5.4,10.7,normal
1697510449.1,45.277,600.0,4.0,10.7,normal
1697510449.603,45.764,1800.0,28.9,10.5,normal
1697510450.106,45.277,1800.0,26.5,10.7,normal
1697510450.608,46.738,1800.0,2.5,10.7,normal
1697510451.111,45.277,1800.0,2.5,10.7,normal
1697510451.613,45.277,1800.0,2.5,10.7,normal
1697510452.116,45.277,1800.0,2.5,10.7,normal
1697510452.619,44.79,1800.0,2.0,10.7,normal
1697510453.121,45.764,1800.0,3.5,10.7,normal
1697510453.624,45.764,1800.0,3.5,10.7,normal
1697510454.126,45.277,1800.0,3.0,10.7,normal
1697510454.631,44.79,600.0,5.5,10.7,normal
1697510455.137,45.277,700.0,8.4,10.6,normal
1697510455.64,46.251,1800.0,29.1,10.6,normal
1697510456.143,45.764,1800.0,22.6,10.7,normal
1697510456.646,45.277,1800.0,4.0,10.7,normal
1697510457.148,45.277,1800.0,3.0,10.7,normal
1697510457.651,45.764,1800.0,3.0,10.7,normal
1697510458.154,45.764,1800.0,4.0,10.7,normal
1697510458.656,45.764,1800.0,3.5,10.7,normal
1697510459.159,44.79,1800.0,4.4,10.7,normal
1697510459.661,45.277,1800.0,3.0,10.7,normal
1697510460.164,46.738,1800.0,3.5,10.7,normal
1697510460.669,45.277,600.0,4.0,10.7,normal
1697510461.175,45.277,600.0,6.0,10.7,normal
1697510461.678,46.251,1800.0,26.2,10.4,normal
1697510462.181,45.277,1800.0,29.3,10.7,normal
1697510462.684,45.764,1800.0,3.5,10.7,normal
1697510463.186,45.277,1800.0,3.0,10.7,normal
1697510463.689,45.277,1800.0,2.5,10.7,normal
1697510464.191,45.764,1800.0,5.4,10.7,normal
1697510464.694,45.277,1800.0,2.0,10.7,normal
1697510465.196,46.251,1800.0,3.0,10.7,normal
1697510465.699,45.764,1800.0,5.0,10.7,normal
1697510466.201,45.764,1800.0,3.0,10.7,normal
1697510466.707,44.79,600.0,3.0,10.7,normal
1697510467.213,44.79,600.0,5.9,10.6,normal
1697510467.716,45.277,1800.0,30.0,10.5,normal
1697510468.219,46.738,1800.0,23.7,10.6,normal
1697510468.722,45.277,1800.0,4.4,10.7,normal
1697510469.225,44.79,1800.0,4.0,10.7,normal
1697510469.727,45.277,1800.0,5.4,10.7,normal
1697510470.23,45.277,1800.0,4.0,10.7,normal
1697510470.732,45.277,1800.0,2.5,10.7,normal
1697510471.235,45.764,1800.0,3.5,10.7,normal
1697510471.738,45.764,1800.0,3.5,10.7,normal
1697510472.24,45.277,1800.0,3.5,10.7,normal
1697510472.745,44.79,800.0,4.5,10.7,normal
1697510473.248,45.277,1200.0,10.8,9.6,normal
1697510473.751,46.738,1800.0,29.9,10.5,normal
1697510474.254,45.764,1800.0,20.9,10.6,normal
1697510474.756,46.251,1800.0,4.5,10.6,normal
1697510475.259,45.764,1800.0,2.5,10.6,normal
1697510475.761,46.738,1800.0,3.5,10.6,normal
1697510476.264,45.764,1800.0,4.0,10.7,normal
1697510476.767,46.738,1800.0,4.0,10.6,normal
1697510477.269,45.764,1800.0,3.0,10.7,normal
1697510477.772,46.738,1800.0,5.0,10.7,normal
1697510478.274,45.764,1800.0,3.5,10.6,normal
1697510478.779,45.764,800.0,3.5,10.7,normal
1697510479.284,45.764,800.0,5.0,10.7,normal
1697510479.787,46.251,1800.0,27.9,10.5,normal
1697510480.289,47.225,1800.0,26.3,10.7,normal
1697510480.792,45.277,1800.0,4.4,10.7,normal
1697510481.294,46.251,1800.0,3.0,10.7,normal
1697510481.797,45.764,1800.0,3.5,10.7,normal
1697510482.3,45.764,1800.0,1.5,10.7,normal
1697510482.802,46.738,1800.0,4.5,10.7,normal
1697510483.305,45.277,1800.0,3.0,10.8,normal
1697510483.807,46.251,1800.0,4.5,10.8,normal
1697510484.31,44.79,1800.0,3.0,10.8,normal
1697510484.815,45.764,700.0,4.0,10.8,normal
1697510485.319,45.277,900.0,4.9,10.7,normal
1697510485.822,45.764,1800.0,18.4,10.3,normal
1697510486.324,45.764,1800.0,36.5,10.7,normal
1697510486.827,46.738,1800.0,3.5,10.7,normal
1697510487.33,46.251,1800.0,3.0,10.7,normal
1697510487.832,45.764,1800.0,3.0,10.7,normal
1697510488.335,44.79,1800.0,4.5,10.7,normal
1697510488.837,46.251,1800.0,4.0,10.7,normal
1697510489.339,44.79,1800.0,4.5,10.7,normal
1697510489.842,45.764,1800.0,3.0,10.7,normal
1697510490.344,45.277,1800.0,3.5,10.7,normal
1697510490.848,45.764,1000.0,4.0,10.7,normal
1697510491.352,44.79,900.0,4.4,10.7,normal
1697510491.856,45.764,1800.0,10.6,9.7,normal
1697510492.36,47.225,1800.0,31.2,10.5,normal
1697510492.862,45.764,1800.0,15.3,10.6,normal
1697510493.365,45.277,1800.0,3.5,10.6,normal
1697510493.868,45.277,1800.0,3.5,10.6,normal
1697510494.37,45.764,1800.0,4.0,10.6,normal
1697510494.873,45.277,1800.0,3.0,10.6,normal
1697510495.375,44.79,1800.0,3.9,10.6,normal
1697510495.878,45.277,1800.0,3.0,10.7,normal
1697510496.38,44.79,1800.0,3.5,10.7,normal
1697510496.885,44.79,700.0,3.5,10.7,normal
1697510497.389,45.277,900.0,4.5,10.7,normal
1697510497.893,44.79,900.0,5.4,10.6,normal
1697510498.397,45.764,1800.0,28.4,10.5,normal
1697510498.899,46.251,1800.0,27.2,10.7,normal
1697510499.402,46.251,1800.0,4.5,10.7,normal
1697510499.904,45.764,1800.0,2.5,10.7,normal
1697510500.407,45.277,1800.0,3.5,10.7,normal
1697510500.91,45.764,1800.0,4.5,10.7,normal
1697510501.412,44.79,1800.0,3.0,10.7,normal
1697510501.915,45.764,1800.0,3.0,10.7,normal
1697510502.417,44.79,1800.0,4.4,10.7,normal
1697510502.92,45.277,1800.0,2.5,10.7,normal
1697510503.424,45.277,900.0,4.5,10.7,normal
1697510503.928,45.277,1100.0,10.9,9.6,normal
1697510504.431,45.764,1800.0,29.9,10.5,normal
1697510504.934,45.277,1800.0,20.0,10.7,normal
1697510505.436,45.764,1800.0,4.0,10.7,normal
1697510505.939,45.764,1800.0,1.0,10.7,normal
1697510506.441,45.764,1800.0,4.0,10.7,normal
1697510506.944,44.79,1800.0,1.0,10.7,normal
1697510507.446,45.277,1800.0,4.0,10.7,normal
1697510507.949,44.79,1800.0,3.0,10.7,normal
1697510508.451,45.764,1800.0,1.5,10.7,normal
1697510508.954,44.79,1800.0,2.5,10.7,normal
1697510509.459,46.251,700.0,7.9,10.7,normal
1697510509.964,44.79,600.0,4.4,10.7,normal
1697510510.468,45.277,1800.0,23.4,10.4,normal
1697510510.971,46.738,1800.0,30.7,10.7,normal
1697510511.473,46.738,1800.0,3.5,10.7,normal
1697510511.976,45.764,1800.0,3.5,10.7,normal
1697510512.478,46.251,1800.0,4.0,10.7,normal
1697510512.981,45.764,1800.0,3.0,10.7,normal
1697510513.483,45.764,1800.0,3.5,10.7,normal
1697510513.986,45.764,1800.0,3.0,10.7,normal
1697510514.488,45.277,1800.0,3.0,10.7,normal
1697510514.991,44.79,1800.0,3.0,10.7,normal
1697510515.497,46.251,600.0,6.9,10.7,normal
1697510516.002,44.303,600.0,4.0,10.7,normal
1697510516.505,46.251,1800.0,19.6,10.2,normal
1697510517.008,46.738,1800.0,36.3,10.6,normal
1697510517.511,45.764,1800.0,3.5,10.6,normal
1697510518.014,45.277,1800.0,3.0,10.6,normal
1697510518.516,45.277,1800.0,2.5,10.6,normal
1697510519.019,45.277,1800.0,2.5,10.6,normal
1697510519.522,46.251,1800.0,5.4,10.6,normal
1697510520.024,45.764,1800.0,3.5,10.6,normal
1697510520.527,45.277,1800.0,3.5,10.6,normal
1697510521.029,46.251,1800.0,4.0,10.6,normal
1697510521.535,45.764,600.0,4.4,10.7,normal
1697510522.04,45.764,600.0,4.0,10.7,normal
1697510522.544,45.277,1800.0,12.0,10.0,normal
1697510523.048,46.251,1800.0,34.8,10.6,normal
1697510523.55,46.251,1800.0,11.4,10.7,normal
1697510524.053,46.251,1800.0,4.0,10.7,normal
1697510524.555,45.277,1800.0,4.0,10.6,normal
1697510525.058,45.277,1800.0,3.9,10.7,normal
1697510525.56,45.277,1800.0,3.5,10.6,normal
1697510526.063,46.738,1800.0,3.5,10.7,normal
1697510526.565,45.764,1800.0,3.0,10.7,normal
1697510527.068,45.277,1800.0,2.5,10.6,normal
1697510527.573,45.277,700.0,4.4,10.6,normal
1697510528.079,43.816,600.0,5.0,10.6,normal
1697510528.585,44.303,600.0,5.0,10.6,normal
1697510529.088,46.251,1800.0,28.7,10.5,normal
1697510529.591,45.764,1800.0,27.1,10.7,normal
1697510530.093,46.251,1800.0,3.5,10.7,normal
1697510530.596,46.738,1800.0,3.0,10.7,normal
1697510531.098,46.251,1800.0,3.9,10.7,normal
1697510531.601,45.764,1800.0,4.0,10.7,normal
1697510532.103,45.277,1800.0,3.5,10.7,normal
1697510532.606,45.764,1800.0,4.0,10.7,normal
1697510533.108,45.277,1800.0,3.5,10.7,normal
1697510533.611,44.79,1800.0,4.0,10.7,normal
1697510534.116,46.251,600.0,3.4,10.7,normal
1697510534.623,45.277,600.0,8.9,10.6,normal
1697510535.126,44.79,1800.0,28.2,10.5,normal
1697510535.629,46.251,1800.0,21.6,10.6,normal
1697510536.131,45.764,1800.0,3.0,10.6,normal
1697510536.634,45.764,1800.0,3.0,10.6,normal
1697510537.136,44.79,1800.0,2.5,10.7,normal
1697510537.639,45.277,1800.0,3.5,10.7,normal
1697510538.141,45.764,1800.0,3.0,10.7,normal
1697510538.644,45.764,1800.0,3.5,10.7,normal
1697510539.147,45.764,1800.0,4.0,10.7,normal
1697510539.651,45.277,700.0,4.0,10.7,normal
1697510540.157,45.277,600.0,4.0,10.7,normal
1697510540.661,45.764,1800.0,11.4,9.9,normal
1697510541.164,46.738,1800.0,33.2,10.5,normal
1697510541.667,45.764,1800.0,14.4,10.6,normal
1697510542.169,45.764,1800.0,4.0,10.6,normal
1697510542.672,45.764,1800.0,2.5,10.7,normal
1697510543.175,45.277,1800.0,3.0,10.7,normal
1697510543.677,45.764,1800.0,3.5,10.7,normal
1697510544.18,45.764,1800.0,4.0,10.7,normal
1697510544.682,45.764,1800.0,4.0,10.7,normal
1697510545.185,46.251,1800.0,2.5,10.7,normal
1697510545.689,45.764,700.0,4.4,10.7,normal
1697510546.195,45.764,600.0,5.9,10.7,normal
1697510546.701,45.277,600.0,5.0,10.6,normal
1697510547.205,44.79,1800.0,29.9,10.4,normal
1697510547.707,45.764,1800.0,24.6,10.7,normal
1697510548.21,46.251,1800.0,4.5,10.7,normal
1697510548.712,45.764,1800.0,3.0,10.7,normal
1697510549.215,45.764,1800.0,4.0,10.7,normal
1697510549.718,45.764,1800.0,3.5,10.7,normal
1697510550.22,46.738,1800.0,3.5,10.7,normal
1697510550.723,45.277,1800.0,4.5,10.7,normal
1697510551.226,45.764,1800.0,4.0,10.7,normal
1697510551.728,45.277,1800.0,3.5,10.7,normal
1697510552.233,45.277,700.0,3.5,10.7,normal
1697510552.739,45.277,700.0,11.3,9.6,normal
1697510553.243,46.251,1800.0,29.6,10.5,normal
1697510553.745,45.764,1800.0,22.4,10.7,normal
1697510554.248,45.764,1800.0,4.5,10.7,normal
1697510554.751,45.277,1800.0,5.0,10.7,normal
1697510555.253,46.251,1800.0,3.0,10.7,normal
1697510555.756,45.277,1800.0,3.0,10.7,normal
1697510556.258,46.251,1800.0,4.0,10.7,normal
1697510556.761,45.764,1800.0,3.5,10.7,normal
1697510557.263,45.764,1800.0,2.5,10.7,normal
1697510557.768,45.277,700.0,3.9,10.7,normal
1697510558.274,45.277,600.0,4.5,10.7,normal
1697510558.779,46.251,700.0,6.9,10.7,normal
1697510559.284,45.764,1800.0,26.9,10.5,normal
1697510559.786,46.738,1800.0,28.4,10.7,normal
1697510560.289,45.277,1800.0,3.0,10.7,normal
1697510560.792,46.251,1800.0,4.0,10.7,normal
1697510561.297,45.277,1800.0,3.0,10.7,normal
1697510561.799,45.764,1800.0,3.5,10.7,normal
1697510562.302,44.79,1800.0,3.0,10.7,normal
1697510562.804,45.277,1800.0,4.5,10.7,normal
1697510563.307,45.764,1800.0,3.5,10.7,normal
1697510563.81,44.79,1800.0,2.5,10.7,normal
1697510564.314,45.277,900.0,5.5,10.7,normal
1697510564.818,45.277,900.0,8.9,10.2,normal
1697510565.321,46.251,1800.0,29.7,10.5,normal
1697510565.823,46.251,1800.0,24.0,10.6,normal
1697510566.326,45.277,1800.0,3.5,10.6,normal
1697510566.829,45.764,1800.0,2.0,10.6,normal
1697510567.331,45.764,1800.0,3.5,10.6,normal
1697510567.834,46.251,1800.0,2.0,10.6,normal
1697510568.336,45.764,1800.0,2.5,10.7,normal
1697510568.839,46.251,1800.0,5.9,10.7,normal
1697510569.342,44.79,1800.0,5.4,10.7,normal
1697510569.844,45.277,1800.0,3.5,10.7,normal
1697510570.348,45.277,900.0,5.0,10.7,normal
1697510570.853,45.277,800.0,4.0,10.7,normal
1697510571.356,46.251,1800.0,25.6,10.3,normal
1697510571.859,45.764,1800.0,30.5,10.6,normal
1697510572.362,45.764,1800.0,4.0,10.6,normal
1697510572.864,45.277,1800.0,3.0,10.6,normal
1697510573.367,46.738,1800.0,4.4,10.6,normal
1697510573.869,46.251,1800.0,2.5,10.6,normal
1697510574.372,46.251,1800.0,4.5,10.7,normal
1697510574.875,45.764,1800.0,3.0,10.7,normal
1697510575.377,44.79,1800.0,3.0,10.7,normal
1697510575.88,45.764,1800.0,3.5,10.7,normal
1697510576.384,46.251,1000.0,4.5,10.7,normal
1697510576.888,44.79,900.0,4.0,10.7,normal
1697510577.391,46.251,1800.0,15.9,10.2,normal
1697510577.894,46.251,1800.0,37.8,10.6,normal
1697510578.397,46.251,1800.0,3.0,10.6,normal
1697510578.899,46.251,1800.0,2.5,10.6,normal
1697510579.402,45.277,1800.0,5.0,10.6,normal
1697510579.904,45.764,1800.0,3.5,10.6,normal
1697510580.407,46.251,1800.0,3.5,10.6,normal
1697510580.909,45.764,1800.0,4.5,10.7,normal
1697510581.412,45.764,1800.0,4.0,10.7,normal
1697510581.914,45.764,1800.0,3.0,10.7,normal
1697510582.419,44.79,700.0,5.0,10.7,normal
1697510582.923,44.79,1000.0,4.5,10.7,normal
1697510583.427,45.764,1800.0,10.8,9.8,normal
1697510583.931,45.764,1800.0,30.5,10.6,normal
1697510584.434,46.738,1800.0,16.6,10.6,normal
1697510584.936,45.764,1800.0,2.0,10.6,normal
1697510585.439,44.79,1800.0,4.4,10.6,normal
1697510585.941,45.764,1800.0,1.5,10.6,normal
1697510586.444,45.764,1800.0,1.5,10.6,normal
1697510586.946,45.277,1800.0,5.9,10.6,normal
1697510587.449,46.738,1800.0,3.5,10.6,normal
1697510587.952,46.251,1800.0,3.9,10.6,normal
1697510588.456,44.303,700.0,4.0,10.6,normal
1697510588.961,45.277,800.0,5.4,10.6,normal
1697510589.464,46.251,1800.0,16.4,10.1,normal
1697510589.967,46.738,1800.0,37.0,10.5,normal
1697510590.469,45.277,1800.0,6.5,10.6,normal
1697510590.972,45.277,1800.0,4.0,10.6,normal
1697510591.475,46.251,1800.0,3.5,10.6,normal
1697510591.977,46.251,1800.0,3.9,10.6,normal
1697510592.48,45.764,1800.0,3.0,10.6,normal
1697510592.982,45.764,1800.0,4.4,10.6,normal
1697510593.485,45.764,1800.0,3.5,10.6,normal
1697510593.987,45.277,1800.0,3.0,10.7,normal
1697510594.492,45.764,700.0,4.9,10.6,normal
1697510594.997,45.764,800.0,5.0,10.6,normal
1697510595.5,47.225,1800.0,19.1,10.2,normal
1697510596.002,45.764,1800.0,35.5,10.6,normal
1697510596.505,45.764,1800.0,4.0,10.6,normal
1697510597.008,46.251,1800.0,3.5,10.6,normal
1697510597.51,45.277,1800.0,4.9,10.6,normal
1697510598.013,47.225,1800.0,3.5,10.6,normal
1697510598.515,45.277,1800.0,3.0,10.6,normal
1697510599.018,46.251,1800.0,2.5,10.6,normal
1697510599.52,46.251,1800.0,5.9,10.6,normal
1697510600.023,46.251,1800.0,3.5,10.7,normal
1697510600.528,46.251,600.0,3.5,10.6,normal
1697510601.033,46.738,800.0,5.9,10.7,normal
1697510601.536,44.79,1800.0,13.5,10.1,normal
1697510602.039,46.251,1800.0,37.3,10.6,normal
1697510602.541,46.251,1800.0,8.5,10.7,normal
1697510603.044,46.251,1800.0,3.0,10.7,normal
1697510603.546,45.277,1800.0,1.5,10.7,normal
1697510604.049,45.764,1800.0,0.5,10.7,normal
1697510604.552,45.764,1800.0,4.5,10.7,normal
1697510605.054,44.79,1800.0,4.0,10.7,normal
1697510605.557,45.277,1800.0,2.5,10.7,normal
1697510606.059,46.738,1800.0,4.0,10.7,normal
1697510606.564,45.764,700.0,3.5,10.7,normal
1697510607.07,44.79,600.0,4.9,10.7,normal
1697510607.573,46.251,1800.0,17.9,10.2,normal
1697510608.075,45.764,1800.0,37.7,10.7,normal
1697510608.578,46.251,1800.0,3.5,10.7,normal
1697510609.08,45.764,1800.0,4.0,10.7,normal
1697510609.583,44.79,1800.0,4.0,10.7,normal
1697510610.086,46.251,1800.0,3.5,10.7,normal
1697510610.588,45.277,1800.0,4.5,10.7,normal
1697510611.091,44.79,1800.0,2.5,10.7,normal
1697510611.593,45.764,1800.0,4.0,10.7,normal
1697510612.096,45.764,1800.0,3.5,10.7,normal
1697510612.601,45.277,600.0,4.5,10.7,normal
1697510613.107,45.764,600.0,5.4,10.7,normal
1697510613.61,46.251,1800.0,21.5,10.3,normal
1697510614.113,46.251,1800.0,32.0,10.7,normal
1697510614.615,45.764,1800.0,5.0,10.7,normal
1697510615.118,45.764,1800.0,3.5,10.7,normal
1697510615.62,44.79,1800.0,3.5,10.7,normal
1697510616.123,45.764,1800.0,3.5,10.7,normal
1697510616.625,45.764,1800.0,3.5,10.7,normal
1697510617.128,45.277,1800.0,2.5,10.7,normal
1697510617.63,45.277,1800.0,3.0,10.7,normal
1697510618.133,46.251,1800.0,2.5,10.7,normal
1697510618.638,44.79,600.0,3.0,10.7,normal
1697510619.144,45.277,600.0,4.9,10.7,normal
1697510619.647,44.79,1800.0,16.0,10.2,normal
1697510620.15,47.225,1800.0,37.1,10.7,normal
1697510620.653,45.277,1800.0,5.0,10.7,normal
1697510621.155,45.277,1800.0,3.5,10.7,normal
1697510621.658,46.251,1800.0,3.0,10.7,normal
1697510622.16,45.277,1800.0,3.0,10.7,normal
1697510622.663,45.277,1800.0,3.5,10.7,normal
1697510623.166,45.764,1800.0,4.0,10.7,normal
1697510623.668,45.277,1800.0,4.0,10.7,normal
1697510624.171,45.277,1800.0,4.0,10.7,normal
1697510624.676,44.79,600.0,3.5,10.7,normal
1697510625.182,45.277,700.0,5.9,10.7,normal
1697510625.686,45.764,900.0,9.9,9.7,normal
1697510626.189,45.764,1800.0,28.9,10.5,normal
1697510626.691,45.764,1800.0,20.1,10.7,normal
1697510627.194,46.251,1800.0,3.0,10.7,normal
1697510627.696,45.277,1800.0,3.0,10.7,normal
1697510628.199,45.764,1800.0,3.5,10.7,normal
1697510628.702,45.764,1800.0,5.0,10.7,normal
1697510629.204,45.764,1800.0,4.0,10.7,normal
1697510629.707,44.79,1800.0,4.5,10.7,normal
1697510630.209,45.277,1800.0,3.0,10.7,normal
1697510630.714,44.79,700.0,3.4,10.7,normal
1697510631.221,46.251,600.0,4.0,10.7,normal
1697510631.728,45.764,600.0,7.4,10.7,normal
1697510632.231,46.251,1800.0,26.4,10.4,normal
1697510632.733,46.251,1800.0,29.1,10.6,normal
1697510633.236,47.225,1800.0,3.0,10.6,normal
1697510633.739,46.738,1800.0,5.0,10.6,normal
1697510634.241,46.738,1800.0,4.0,10.6,normal
1697510634.744,45.764,1800.0,3.0,10.6,normal
1697510635.247,46.738,1800.0,3.5,10.6,normal
1697510635.749,45.764,1800.0,5.0,10.6,normal
1697510636.252,45.764,1800.0,3.5,10.6,normal
1697510636.754,46.251,1800.0,3.0,10.6,normal
1697510637.259,45.764,800.0,4.0,10.6,normal
1697510637.765,44.79,600.0,3.9,10.6,normal
1697510638.267,46.738,1800.0,30.3,10.4,normal
1697510638.77,46.738,1800.0,25.0,10.7,normal
1697510639.273,46.251,1800.0,4.0,10.7,normal
1697510639.775,46.738,1800.0,3.0,10.7,normal
1697510640.278,46.251,1800.0,5.9,10.7,normal
1697510640.781,45.277,1800.0,3.5,10.7,normal
1697510641.283,45.764,1800.0,3.5,10.7,normal
1697510641.786,45.277,1800.0,4.5,10.6,normal
1697510642.288,45.764,1800.0,2.5,10.7,normal
1697510642.791,45.764,1800.0,3.5,10.6,normal
1697510643.295,45.277,800.0,4.0,10.7,normal
1697510643.801,44.79,600.0,5.9,10.7,normal
1697510644.304,45.277,1800.0,33.0,10.4,normal
1697510644.807,47.712,1800.0,32.2,10.7,normal
1697510645.309,45.277,1800.0,4.5,10.7,normal
1697510645.812,45.277,1800.0,4.0,10.7,normal
1697510646.314,45.277,1800.0,1.5,10.7,normal
1697510646.817,44.79,1800.0,5.0,10.7,normal
1697510647.319,45.277,1800.0,3.5,10.7,normal
1697510647.822,45.764,1800.0,3.0,10.7,normal
1697510648.325,45.764,1800.0,4.5,10.7,normal
1697510648.827,44.79,1800.0,3.5,10.7,normal
1697510649.331,45.277,900.0,5.9,10.7,normal
1697510649.836,44.79,800.0,4.5,10.7,normal
1697510650.339,45.764,1800.0,15.8,10.2,normal
1697510650.842,47.225,1800.0,37.2,10.6,normal
1697510651.344,46.251,1800.0,6.5,10.6,normal
1697510651.847,45.764,1800.0,3.5,10.6,normal
1697510652.349,45.277,1800.0,4.5,10.7,normal
1697510652.852,45.764,1800.0,2.5,10.6,normal
1697510653.355,44.79,1800.0,3.0,10.6,normal
1697510653.857,45.277,1800.0,3.5,10.6,normal
1697510654.36,46.738,1800.0,4.0,10.6,normal
1697510654.862,45.764,1800.0,3.0,10.6,normal
1697510655.366,46.251,900.0,4.9,10.6,normal
1697510655.87,45.277,900.0,5.0,10.6,normal
1697510656.376,44.79,800.0,5.5,10.5,normal
1697510656.879,46.738,1800.0,29.7,10.5,normal
1697510657.382,45.277,1800.0,23.6,10.7,normal
1697510657.884,45.764,1800.0,2.0,10.7,normal
1697510658.387,45.764,1800.0,3.0,10.7,normal
1697510658.889,46.738,1800.0,3.0,10.7,normal
1697510659.392,45.764,1800.0,4.9,10.7,normal
1697510659.895,45.277,1800.0,4.5,10.6,normal
1697510660.397,45.764,1800.0,1.5,10.7,normal
1697510660.9,46.251,1800.0,3.0,10.7,normal
1697510661.402,45.277,1800.0,2.5,10.7,normal
1697510661.907,44.79,800.0,3.0,10.7,normal
1697510662.411,44.79,900.0,3.0,10.7,normal
1697510662.914,45.764,1800.0,23.4,10.3,normal
1697510663.416,46.738,1800.0,30.7,10.7,normal
1697510663.919,45.277,1800.0,3.4,10.7,normal
1697510664.421,45.764,1800.0,3.5,10.7,normal
1697510664.924,46.251,1800.0,3.0,10.7,normal
1697510665.427,46.251,1800.0,2.0,10.7,normal
1697510665.929,45.277,1800.0,4.5,10.7,normal
1697510666.432,45.764,1800.0,3.0,10.7,normal
1697510666.934,45.277,1800.0,3.0,10.7,normal
1697510667.437,44.303,1800.0,4.0,10.7,normal
1697510667.941,45.764,900.0,4.4,10.7,normal
1697510668.445,44.79,800.0,4.5,10.7,normal
1697510668.947,46.251,1800.0,16.1,10.2,normal
1697510669.45,46.738,1800.0,39.3,10.6,normal
1697510669.953,46.251,1800.0,4.5,10.7,normal
1697510670.455,46.251,1800.0,4.4,10.7,normal
1697510670.958,46.251,1800.0,3.0,10.7,normal
1697510671.46,45.764,1800.0,4.0,10.7,normal
1697510671.963,45.277,1800.0,3.0,10.7,normal
1697510672.466,46.251,1800.0,3.0,10.7,normal
1697510672.968,43.816,1800.0,4.0,10.7,normal
1697510673.471,45.764,1800.0,3.0,10.6,normal
1697510673.975,46.251,700.0,4.5,10.7,normal
1697510674.481,45.277,700.0,6.4,10.6,normal
1697510674.984,46.251,1800.0,9.5,9.7,normal
1697510675.487,46.738,1800.0,30.8,10.6,normal
1697510675.99,45.277,1800.0,18.4,10.7,normal
1697510676.493,45.277,1800.0,2.5,10.7,normal
1697510676.995,46.738,1800.0,4.0,10.7,normal
1697510677.498,45.277,1800.0,2.5,10.7,normal
1697510678.0,46.251,1800.0,4.5,10.7,normal
1697510678.503,46.251,1800.0,3.0,10.7,normal
1697510679.006,46.251,1800.0,3.5,10.7,normal
1697510679.508,46.251,1800.0,5.0,10.7,normal
1697510680.013,46.738,700.0,5.0,10.7,normal
1697510680.517,44.79,800.0,5.0,10.7,normal
1697510681.022,45.277,600.0,4.0,10.7,normal
1697510681.526,46.251,1800.0,28.1,10.5,normal
1697510682.028,45.277,1800.0,25.6,10.7,normal
1697510682.531,46.251,1800.0,4.5,10.7,normal
1697510683.034,44.79,1800.0,3.0,10.7,normal
1697510683.536,46.738,1800.0,3.9,10.7,normal
1697510684.039,45.764,1800.0,2.5,10.7,normal
1697510684.541,45.277,1800.0,5.0,10.7,normal
1697510685.044,45.764,1800.0,2.0,10.7,normal
1697510685.546,44.79,1800.0,2.5,10.7,normal
1697510686.049,46.251,1800.0,2.5,10.7,normal
1697510686.554,44.79,600.0,2.5,10.7,normal
1697510687.06,43.816,600.0,1.0,10.7,normal
1697510687.563,44.303,1800.0,17.9,10.3,normal
1697510688.066,45.764,1800.0,31.7,10.6,normal
1697510688.568,45.277,1800.0,5.0,10.7,normal
1697510689.071,45.764,1800.0,7.4,10.7,normal
1697510689.574,45.277,1800.0,5.9,10.7,normal
1697510690.076,44.79,1800.0,3.0,10.7,normal
1697510690.579,44.79,1800.0,3.0,10.7,normal
1697510691.081,44.79,1800.0,3.5,10.7,normal
1697510691.584,45.277,1800.0,3.5,10.7,normal
1697510692.088,44.79,1800.0,3.0,10.7,normal
1697510692.594,44.303,600.0,3.9,10.7,normal
1697510693.1,45.277,600.0,5.4,10.7,normal
1697510693.604,45.277,1800.0,14.4,10.1,normal
1697510694.106,47.225,1800.0,37.2,10.6,normal
1697510694.609,45.277,1800.0,8.5,10.6,normal
1697510695.111,44.79,1800.0,4.4,10.6,normal
1697510695.614,45.764,1800.0,3.5,10.6,normal
1697510696.116,45.277,1800.0,3.0,10.6,normal
1697510696.619,46.251,1800.0,4.0,10.7,normal
1697510697.122,45.764,1800.0,5.0,10.7,normal
1697510697.624,45.764,1800.0,3.0,10.7,normal
1697510698.127,45.277,1800.0,3.0,10.7,normal
1697510698.632,45.277,600.0,3.4,10.7,normal
1697510699.138,44.79,600.0,4.4,10.7,normal
1697510699.644,45.764,600.0,8.9,10.6,normal
1697510700.147,46.251,1800.0,28.7,10.5,normal
1697510700.65,45.764,1800.0,21.8,10.7,normal
1697510701.152,45.277,1800.0,3.5,10.7,normal
1697510701.655,45.277,1800.0,5.0,10.7,normal
1697510702.157,45.764,1800.0,3.0,10.7,normal
1697510702.66,45.764,1800.0,3.9,10.7,normal
1697510703.162,44.79,1800.0,2.0,10.7,normal
1697510703.665,45.764,1800.0,3.5,10.7,normal
1697510704.168,45.277,1800.0,3.5,10.7,normal
1697510704.671,45.764,1800.0,3.5,10.7,normal
1697510705.176,45.277,600.0,4.9,10.7,normal
1697510705.682,44.79,600.0,5.4,10.7,normal
1697510706.186,45.764,1800.0,26.0,10.4,normal
1697510706.688,46.251,1800.0,27.8,10.7,normal
1697510707.191,45.277,1800.0,3.5,10.7,normal
1697510707.694,46.251,1800.0,2.5,10.7,normal
1697510708.196,45.277,1800.0,4.0,10.7,normal
1697510708.699,45.277,1800.0,3.5,10.7,normal
1697510709.201,44.79,1800.0,4.0,10.7,normal
1697510709.704,45.277,1800.0,3.0,10.7,normal
1697510710.206,45.277,1800.0,4.5,10.7,normal
1697510710.708,45.277,1800.0,3.5,10.7,normal
1697510711.214,45.277,600.0,3.9,10.7,normal
1697510711.72,45.277,600.0,6.4,10.7,normal
1697510712.223,45.764,1800.0,30.7,10.5,normal
1697510712.726,45.277,1800.0,26.0,10.7,normal
1697510713.229,45.277,1800.0,3.5,10.7,normal
1697510713.731,45.764,1800.0,2.5,10.7,normal
1697510714.234,45.764,1800.0,6.5,10.7,normal
1697510714.736,44.79,1800.0,3.5,10.7,normal
1697510715.239,45.277,1800.0,3.0,10.7,normal
1697510715.741,46.251,1800.0,4.0,10.7,normal
1697510716.244,46.251,1800.0,3.5,10.7,normal
1697510716.747,46.738,1800.0,4.0,10.7,normal
1697510717.252,45.277,600.0,3.5,10.7,normal
1697510717.755,44.79,1800.0,9.9,9.6,normal
1697510718.259,46.738,1800.0,29.2,10.5,normal
1697510718.761,45.764,1800.0,21.9,10.7,normal
1697510719.264,46.738,1800.0,4.4,10.7,normal
1697510719.767,46.738,1800.0,4.0,10.7,normal
1697510720.269,46.251,1800.0,2.5,10.7,normal
1697510720.772,46.251,1800.0,4.9,10.7,normal
1697510721.274,45.764,1800.0,2.5,10.7,normal
1697510721.777,45.764,1800.0,3.5,10.7,normal
1697510722.279,45.277,1800.0,1.0,10.7,normal
1697510722.784,45.764,700.0,6.4,10.7,normal
1697510723.288,44.79,1100.0,5.4,10.7,normal
1697510723.791,46.738,1800.0,13.9,10.1,normal
1697510724.295,47.225,1800.0,37.0,10.6,normal
1697510724.797,46.251,1800.0,9.0,10.7,normal
1697510725.3,45.764,1800.0,3.9,10.7,normal
1697510725.802,45.764,1800.0,3.5,10.7,normal
1697510726.305,46.251,1800.0,3.0,10.7,normal
1697510726.807,45.277,1800.0,4.0,10.7,normal
1697510727.31,45.277,1800.0,3.5,10.7,normal
1697510727.813,45.764,1800.0,3.0,10.7,normal
1697510728.315,45.277,1800.0,3.5,10.7,normal
1697510728.82,45.764,700.0,4.9,10.7,normal
1697510729.324,44.79,900.0,5.9,10.7,normal
1697510729.829,44.79,1000.0,7.5,10.5,normal
1697510730.332,45.764,1800.0,28.9,10.5,normal
1697510730.835,46.251,1800.0,21.6,10.7,normal
1697510731.337,46.251,1800.0,5.0,10.7,normal
1697510731.84,45.764,1800.0,3.5,10.7,normal
1697510732.342,45.277,1800.0,3.0,10.7,normal
1697510732.845,45.764,1800.0,3.5,10.7,normal
1697510733.347,45.764,1800.0,4.0,10.7,normal
1697510733.85,44.79,1800.0,3.5,10.7,normal
1697510734.352,46.251,1800.0,4.0,10.7,normal
1697510734.855,44.79,1800.0,3.5,10.7,normal
1697510735.359,45.277,900.0,5.0,10.6,normal
1697510735.865,45.277,600.0,4.0,10.7,normal
1697510736.368,45.277,1800.0,22.9,10.4,normal
1697510736.871,45.277,1800.0,32.8,10.7,normal
1697510737.373,46.251,1800.0,3.0,10.7,normal
1697510737.876,44.79,1800.0,4.0,10.7,normal
1697510738.378,45.764,1800.0,3.5,10.7,normal
1697510738.881,45.277,1800.0,3.5,10.7,normal
1697510739.383,45.764,1800.0,4.0,10.7,normal
1697510739.886,44.303,1800.0,4.5,10.7,normal
1697510740.389,45.764,1800.0,3.5,10.7,normal
1697510740.891,45.277,1800.0,3.5,10.7,normal
1697510741.395,45.277,800.0,4.4,10.7,normal
1697510741.899,45.277,1100.0,5.9,10.7,normal
1697510742.402,46.251,1800.0,16.0,10.2,normal
1697510742.905,46.251,1800.0,36.2,10.6,normal
1697510743.407,45.764,1800.0,4.5,10.7,normal
1697510743.91,45.764,1800.0,3.5,10.7,normal
1697510744.412,45.764,1800.0,3.5,10.7,normal
1697510744.915,46.251,1800.0,3.5,10.7,normal
1697510745.417,46.738,1800.0,2.0,10.7,normal
1697510745.92,44.79,1800.0,3.5,10.7,normal
1697510746.423,45.764,1800.0,2.0,10.7,normal
1697510746.925,44.79,1800.0,1.5,10.7,normal
1697510747.43,44.303,600.0,1.5,10.7,normal
1697510747.933,46.738,1800.0,7.9,10.7,normal
1697510748.437,45.764,1800.0,7.9,10.0,normal
1697510748.94,46.738,1800.0,35.3,10.6,normal
1697510749.443,45.277,1800.0,16.4,10.7,normal
1697510749.945,46.251,1800.0,4.0,10.7,normal
1697510750.448,45.764,1800.0,4.0,10.7,normal
1697510750.95,46.738,1800.0,3.0,10.7,normal
1697510751.453,45.764,1800.0,4.0,10.7,normal
1697510751.955,46.251,1800.0,3.9,10.7,normal
1697510752.458,45.764,1800.0,4.0,10.7,normal
1697510752.966,45.764,800.0,3.9,10.7,normal
1697510753.471,44.79,800.0,5.0,10.7,normal
1697510753.976,45.277,700.0,5.4,10.7,normal
1697510754.48,45.277,800.0,5.4,10.6,normal
1697510754.983,46.251,1800.0,28.9,10.5,normal
1697510755.486,44.79,1800.0,25.0,10.6,normal
1697510755.988,45.277,1800.0,3.0,10.6,normal
1697510756.491,46.251,1800.0,3.0,10.6,normal
1697510756.994,44.79,1800.0,5.4,10.6,normal
1697510757.496,45.277,1800.0,3.5,10.6,normal
1697510757.999,44.79,1800.0,3.9,10.6,normal
1697510758.501,45.277,1800.0,2.5,10.6,normal
1697510759.004,45.277,1800.0,4.9,10.7,normal
1697510759.506,45.764,1800.0,4.5,10.7,normal
1697510760.011,45.764,800.0,4.5,10.6,normal
1697510760.519,46.738,700.0,9.9,9.5,normal
1697510761.023,46.738,1800.0,30.2,10.4,normal
1697510761.525,45.277,1800.0,20.2,10.6,normal
1697510762.028,45.764,1800.0,3.0,10.7,normal
1697510762.53,45.764,1800.0,3.9,10.7,normal
1697510763.033,44.303,1800.0,3.0,10.7,normal
1697510763.535,44.79,1800.0,3.5,10.7,normal
1697510764.038,45.764,1800.0,4.0,10.7,normal
1697510764.54,45.277,1800.0,3.0,10.7,normal
1697510765.043,45.764,1800.0,2.0,10.7,normal
1697510765.548,45.277,700.0,4.5,10.7,normal
1697510766.054,44.303,600.0,5.9,10.7,normal
1697510766.559,45.277,600.0,4.5,10.7,normal
1697510767.063,45.764,1800.0,26.1,10.5,normal
1697510767.566,44.79,1800.0,28.6,10.7,normal
1697510768.068,46.251,1800.0,4.0,10.7,normal
1697510768.571,45.277,1800.0,3.0,10.7,normal
1697510769.073,45.764,1800.0,3.0,10.7,normal
1697510769.576,45.277,1800.0,4.0,10.7,normal
1697510770.079,45.764,1800.0,3.5,10.7,normal
1697510770.581,45.764,1800.0,3.0,10.7,normal
1697510771.084,45.764,1800.0,3.5,10.7,normal
1697510771.586,45.277,1800.0,2.5,10.7,normal
1697510772.092,45.764,600.0,5.9,10.7,normal
1697510772.598,45.764,600.0,4.5,10.7,normal
1697510773.101,45.277,1800.0,19.5,10.3,normal
1697510773.603,46.738,1800.0,37.3,10.7,normal
1697510774.106,45.277,1800.0,3.5,10.7,normal
1697510774.608,44.79,1800.0,4.5,10.7,normal
1697510775.111,44.79,1800.0,4.5,10.7,normal
1697510775.613,45.277,1800.0,2.5,10.7,normal
1697510776.116,45.277,1800.0,4.9,10.7,normal
1697510776.619,45.277,1800.0,3.0,10.7,normal
1697510777.121,44.303,1800.0,2.0,10.7,normal
1697510777.624,45.277,1800.0,2.5,10.7,normal
1697510778.13,46.251,600.0,3.9,10.7,normal
1697510778.636,45.764,600.0,4.0,10.7,normal
1697510779.139,44.79,1800.0,11.8,9.6,normal
1697510779.643,45.764,1800.0,30.8,10.5,normal
1697510780.146,45.764,1800.0,17.1,10.6,normal
1697510780.648,44.79,1800.0,4.0,10.6,normal
1697510781.151,45.764,1800.0,3.0,10.6,normal
1697510781.654,45.764,1800.0,3.5,10.6,normal
1697510782.156,45.277,1800.0,4.0,10.6,normal
1697510782.659,46.251,1800.0,3.4,10.6,normal
1697510783.161,45.764,1800.0,4.0,10.6,normal
1697510783.664,45.764,1800.0,2.5,10.6,normal
1697510784.168,45.764,800.0,4.9,10.6,normal
1697510784.674,44.303,600.0,3.5,10.6,normal
1697510785.177,45.764,1800.0,16.0,10.0,normal
1697510785.68,46.738,1800.0,37.0,10.6,normal
1697510786.183,45.764,1800.0,3.5,10.6,normal
1697510786.685,45.764,1800.0,2.5,10.6,normal
1697510787.188,45.764,1800.0,3.0,10.6,normal
1697510787.69,46.251,1800.0,3.5,10.6,normal
1697510788.193,44.303,1800.0,2.5,10.6,normal
1697510788.695,45.764,1800.0,3.0,10.6,normal
1697510789.198,46.738,1800.0,5.4,10.7,normal
1697510789.7,45.764,1800.0,4.0,10.7,normal
1697510790.206,44.303,600.0,3.9,10.7,normal
1697510790.712,44.79,600.0,4.0,10.7,normal
1697510791.215,46.251,1800.0,20.9,10.3,normal
1697510791.718,46.251,1800.0,34.7,10.6,normal
1697510792.22,46.251,1800.0,4.5,10.6,normal
1697510792.723,45.277,1800.0,3.0,10.6,normal
1697510793.226,45.764,1800.0,4.5,10.7,normal
1697510793.728,45.764,1800.0,4.0,10.6,normal
1697510794.231,46.251,1800.0,4.0,10.6,normal
1697510794.733,45.277,1800.0,2.5,10.7,normal
1697510795.236,44.79,1800.0,4.0,10.6,normal
1697510795.739,46.251,1800.0,2.0,10.6,normal
1697510796.245,45.764,600.0,5.4,10.7,normal
1697510796.749,44.303,900.0,5.0,10.6,normal
1697510797.252,45.764,1800.0,25.7,10.4,normal
1697510797.755,46.738,1800.0,30.2,10.7,normal
1697510798.257,46.251,1800.0,4.0,10.7,normal
1697510798.76,45.277,1800.0,3.0,10.7,normal
1697510799.262,45.277,1800.0,4.5,10.7,normal
1697510799.765,45.764,1800.0,2.5,10.7,normal
1697510800.267,45.764,1800.0,4.4,10.7,normal
1697510800.77,45.277,1800.0,3.5,10.7,normal
1697510801.272,45.764,1800.0,4.0,10.7,normal
1697510801.775,45.277,1800.0,3.5,10.7,normal
1697510802.28,44.79,700.0,4.5,10.7,normal
1697510802.785,44.303,600.0,4.0,10.7,normal
1697510803.288,45.277,1800.0,16.5,10.3,normal
1697510803.791,45.764,1800.0,38.1,10.6,normal
1697510804.294,45.764,1800.0,4.0,10.7,normal
1697510804.796,44.79,1800.0,4.0,10.7,normal
1697510805.299,46.738,1800.0,2.0,10.7,normal
1697510805.801,44.79,1800.0,2.0,10.7,normal
1697510806.304,45.764,1800.0,4.9,10.7,normal
1697510806.806,45.277,1800.0,2.0,10.7,normal
1697510807.309,46.251,1800.0,2.0,10.7,normal
1697510807.811,46.251,1800.0,2.5,10.7,normal
1697510808.317,45.764,600.0,3.0,10.7,normal
1697510808.821,44.79,1000.0,8.4,10.7,normal
1697510809.324,44.79,1800.0,12.4,9.8,normal
1697510809.832,46.251,1800.0,31.7,10.6,normal
1697510810.334,45.277,1800.0,14.1,10.6,normal
1697510810.837,44.79,1800.0,3.0,10.6,normal
1697510811.339,45.764,1800.0,4.0,10.6,normal
1697510811.842,45.277,1800.0,3.0,10.6,normal
1697510812.344,45.764,1800.0,3.0,10.6,normal
1697510812.847,45.764,1800.0,3.5,10.6,normal
1697510813.35,45.277,1800.0,3.5,10.7,normal
1697510813.852,45.764,1800.0,4.0,10.6,normal
1697510814.357,44.79,700.0,5.0,10.7,normal
1697510814.862,44.303,900.0,4.9,10.7,normal
1697510815.365,44.79,1800.0,17.0,10.2,normal
1697510815.868,46.738,1800.0,37.8,10.6,normal
1697510816.371,46.251,1800.0,4.0,10.7,normal
1697510816.873,45.764,1800.0,3.0,10.7,normal
1697510817.376,45.764,1800.0,3.0,10.7,normal
1697510817.879,45.764,1800.0,3.5,10.7,normal
1697510818.381,45.764,1800.0,3.5,10.7,normal
1697510818.884,44.79,1800.0,3.5,10.7,normal
1697510819.386,45.277,1800.0,5.0,10.7,normal
1697510819.889,45.277,1800.0,3.0,10.7,normal
1697510820.393,45.764,900.0,3.5,10.7,normal
1697510820.898,46.251,600.0,4.4,10.7,normal
1697510821.401,45.277,1800.0,22.6,10.2,normal
1697510821.904,46.251,1800.0,34.0,10.6,normal
1697510822.407,45.764,1800.0,3.0,10.6,normal
1697510822.909,45.277,1800.0,4.0,10.6,normal
1697510823.412,46.251,1800.0,4.0,10.6,normal
1697510823.914,45.277,1800.0,3.5,10.6,normal
1697510824.417,45.764,1800.0,5.0,10.6,normal
1697510824.919,45.764,1800.0,3.0,10.6,normal
1697510825.422,45.277,1800.0,4.0,10.6,normal
1697510825.925,44.79,1800.0,3.0,10.6,normal
1697510826.429,44.79,900.0,4.5,10.6,normal
1697510826.934,45.277,600.0,5.0,10.6,normal
1697510827.437,45.764,1800.0,13.4,10.1,normal
1697510827.941,47.225,1800.0,36.2,10.6,normal
1697510828.444,45.277,1800.0,6.5,10.6,normal
1697510828.946,46.251,1800.0,3.5,10.6,normal
1697510829.449,45.764,1800.0,4.5,10.6,normal
1697510829.951,45.764,1800.0,3.0,10.6,normal
1697510830.454,45.277,1800.0,3.5,10.6,normal
1697510830.956,45.277,1800.0,3.0,10.6,normal
1697510831.459,45.764,1800.0,5.0,10.6,normal
1697510831.961,45.764,1800.0,2.5,10.6,normal
1697510832.467,44.79,600.0,3.0,10.6,normal
1697510832.971,45.277,900.0,5.0,10.6,normal
1697510833.477,44.79,700.0,7.0,10.5,normal
1697510833.98,45.764,1800.0,29.1,10.4,normal
1697510834.483,45.764,1800.0,23.9,10.6,normal
1697510834.985,45.764,1800.0,3.0,10.6,normal
1697510835.488,45.277,1800.0,4.0,10.6,normal
1697510835.99,46.251,1800.0,4.5,10.6,normal
1697510836.493,45.277,1800.0,3.5,10.6,normal
1697510836.995,45.764,1800.0,3.0,10.6,normal
1697510837.498,44.79,1800.0,3.0,10.6,normal
1697510838.001,45.277,1800.0,4.0,10.6,normal
1697510838.503,44.79,1800.0,4.4,10.6,normal
1697510839.007,45.277,800.0,4.5,10.6,normal
1697510839.51,46.251,1800.0,14.4,10.0,normal
1697510840.016,45.764,1800.0,33.0,10.5,normal
1697510840.519,45.764,1800.0,11.1,10.6,normal
1697510841.022,44.79,1800.0,3.0,10.6,normal
1697510841.524,45.277,1800.0,2.5,10.6,normal
1697510842.027,44.79,1800.0,2.5,10.6,normal
1697510842.529,46.738,1800.0,4.5,10.6,normal
1697510843.032,44.79,1800.0,4.0,10.6,normal
1697510843.534,45.764,1800.0,3.0,10.6,normal
1697510844.037,46.251,1800.0,3.0,10.6,normal
1697510844.541,44.79,700.0,5.0,10.6,normal
1697510845.046,45.277,800.0,5.9,10.6,normal
1697510845.551,45.277,900.0,6.4,10.6,normal
1697510846.054,45.764,1800.0,30.0,10.4,normal
1697510846.557,45.277,1800.0,24.4,10.6,normal
1697510847.059,45.764,1800.0,3.5,10.6,normal
1697510847.562,46.738,1800.0,3.0,10.6,normal
1697510848.065,45.277,1800.0,4.0,10.6,normal
1697510848.567,44.79,1800.0,2.5,10.6,normal
1697510849.07,45.277,1800.0,3.5,10.6,normal
1697510849.572,45.764,1800.0,4.0,10.6,normal
1697510850.075,45.277,1800.0,4.5,10.6,normal
1697510850.577,45.277,1800.0,2.5,10.6,normal
1697510851.082,44.79,800.0,2.5,10.6,normal
1697510851.587,44.79,600.0,2.0,10.6,normal
1697510852.091,45.764,1800.0,20.5,10.3,normal
1697510852.593,46.251,1800.0,33.7,10.7,normal
1697510853.096,45.764,1800.0,3.0,10.7,normal
1697510853.598,46.251,1800.0,3.5,10.7,normal
1697510854.101,45.764,1800.0,3.9,10.7,normal
1697510854.603,44.79,1800.0,6.0,10.7,normal
1697510855.106,46.251,1800.0,3.5,10.7,normal
1697510855.608,45.764,1800.0,4.0,10.7,normal
1697510856.111,45.764,1800.0,4.0,10.7,normal
1697510856.613,46.251,1800.0,4.5,10.7,normal
1697510857.119,44.79,600.0,3.5,10.7,normal
1697510857.625,45.277,600.0,5.4,10.7,normal
1697510858.127,45.764,1800.0,16.3,10.2,normal
1697510858.63,46.251,1800.0,38.0,10.7,normal
1697510859.133,45.764,1800.0,2.5,10.7,normal
1697510859.635,45.764,1800.0,4.0,10.7,normal
1697510860.138,45.764,1800.0,3.0,10.7,normal
1697510860.64,45.277,1800.0,4.0,10.7,normal
1697510861.143,45.764,1800.0,3.0,10.7,normal
1697510861.646,44.79,1800.0,2.5,10.7,normal
1697510862.148,45.277,1800.0,4.0,10.7,normal
1697510862.651,46.251,1800.0,4.5,10.8,normal
1697510863.156,45.764,600.0,3.0,10.8,normal
1697510863.662,45.277,600.0,4.4,10.8,normal
1697510864.165,47.225,1800.0,24.5,10.4,normal
1697510864.668,45.764,1800.0,32.2,10.7,normal
1697510865.17,46.738,1800.0,3.9,10.7,normal
1697510865.673,45.277,1800.0,2.5,10.7,normal
1697510866.175,45.764,1800.0,3.0,10.7,normal
1697510866.678,45.277,1800.0,2.5,10.7,normal
1697510867.18,45.764,1800.0,2.5,10.7,normal
1697510867.683,45.277,1800.0,2.5,10.7,normal
1697510868.185,45.764,1800.0,3.0,10.7,normal
1697510868.688,46.251,1800.0,3.0,10.7,normal
1697510869.194,45.764,600.0,4.9,10.7,normal
1697510869.697,44.303,1800.0,4.5,10.7,normal
1697510870.199,45.764,1800.0,27.9,10.4,normal
1697510870.702,46.251,1800.0,22.6,10.6,normal
1697510871.204,45.764,1800.0,3.0,10.6,normal
1697510871.707,45.277,1800.0,3.5,10.6,normal
1697510872.21,44.79,1800.0,3.0,10.6,normal
1697510872.712,46.251,1800.0,3.0,10.6,normal
1697510873.215,45.764,1800.0,5.0,10.6,normal
1697510873.718,45.764,1800.0,3.9,10.6,normal
1697510874.221,45.764,1800.0,3.5,10.6,normal
1697510874.726,45.764,600.0,4.9,10.6,normal
1697510875.233,45.764,600.0,5.9,10.6,normal
1697510875.736,45.277,1800.0,11.0,9.8,normal
1697510876.24,46.251,1800.0,29.4,10.6,normal
1697510876.743,46.251,1800.0,18.0,10.7,normal
1697510877.245,45.277,1800.0,5.4,10.7,normal
1697510877.748,46.738,1800.0,2.5,10.7,normal
1697510878.25,46.251,1800.0,3.0,10.7,normal
1697510878.753,46.251,1800.0,4.5,10.7,normal
1697510879.255,45.277,1800.0,4.5,10.7,normal
1697510879.758,45.764,1800.0,3.5,10.7,normal
1697510880.261,45.764,1800.0,2.5,10.7,normal
1697510880.766,44.79,700.0,5.9,10.7,normal
1697510881.27,45.277,800.0,6.9,10.7,normal
1697510881.773,44.79,1800.0,15.3,10.1,normal
1697510882.276,45.764,1800.0,36.8,10.6,normal
1697510882.779,45.764,1800.0,7.9,10.6,normal
1697510883.281,46.251,1800.0,2.5,10.6,normal
1697510883.784,45.277,1800.0,3.5,10.6,normal
1697510884.286,44.79,1800.0,4.0,10.6,normal
1697510884.789,44.79,1800.0,3.5,10.6,normal
1697510885.292,45.764,1800.0,0.5,10.6,normal
1697510885.794,45.764,1800.0,5.0,10.6,normal
1697510886.297,45.764,1800.0,2.0,10.6,normal
1697510886.801,45.277,900.0,5.9,10.6,normal
1697510887.305,44.79,900.0,3.5,10.6,normal
1697510887.814,44.79,800.0,10.2,10.2,normal
1697510888.317,45.764,1800.0,28.4,10.5,normal
1697510888.82,46.738,1800.0,22.5,10.7,normal
1697510889.323,46.251,1800.0,4.5,10.7,normal
1697510889.825,45.277,1800.0,3.0,10.7,normal
1697510890.328,45.764,1800.0,3.0,10.7,normal
1697510890.83,45.764,1800.0,4.0,10.7,normal
1697510891.333,45.764,1800.0,3.5,10.7,normal
1697510891.835,45.277,1800.0,3.5,10.7,normal
1697510892.338,45.277,1800.0,3.0,10.7,normal
1697510892.843,46.251,700.0,4.5,10.7,normal
1697510893.347,45.277,900.0,4.5,10.7,normal
1697510893.851,44.79,1800.0,13.4,9.9,normal
1697510894.355,46.251,1800.0,32.3,10.6,normal
1697510894.857,46.251,1800.0,15.5,10.7,normal
1697510895.36,45.764,1800.0,3.9,10.7,normal
1697510895.863,44.79,1800.0,4.0,10.7,normal
1697510896.365,45.764,1800.0,3.9,10.7,normal
1697510896.868,45.764,1800.0,2.5,10.7,normal
1697510897.37,46.251,1800.0,4.0,10.7,normal
1697510897.873,45.277,1800.0,3.5,10.7,normal
1697510898.375,44.79,1800.0,3.0,10.7,normal
1697510898.88,46.251,700.0,4.4,10.7,normal
1697510899.384,45.764,900.0,6.0,10.7,normal
1697510899.89,44.303,600.0,5.9,10.6,normal
1697510900.393,45.764,1800.0,27.9,10.5,normal
1697510900.896,46.251,1800.0,25.1,10.6,normal
1697510901.399,45.764,1800.0,5.0,10.6,normal
1697510901.901,45.764,1800.0,3.0,10.6,normal
1697510902.404,45.277,1800.0,3.5,10.6,normal
1697510902.906,46.251,1800.0,3.5,10.6,normal
1697510903.409,46.738,1800.0,4.5,10.6,normal
1697510903.911,44.79,1800.0,3.0,10.6,normal
1697510904.414,45.277,1800.0,4.5,10.6,normal
1697510904.917,45.764,1800.0,3.0,10.6,normal
1697510905.42,45.277,1100.0,5.5,10.6,normal
1697510905.925,44.79,800.0,4.0,10.6,normal
1697510906.428,46.251,1800.0,21.9,10.4,normal
1697510906.93,46.251,1800.0,32.5,10.7,normal
1697510907.433,45.764,1800.0,3.5,10.7,normal
1697510907.935,45.764,1800.0,3.0,10.7,normal
1697510908.438,45.764,1800.0,3.0,10.7,normal
1697510908.94,45.764,1800.0,3.5,10.7,normal
1697510909.443,45.764,1800.0,5.0,10.7,normal
1697510909.946,46.251,1800.0,3.5,10.7,normal
1697510910.448,45.764,1800.0,3.5,10.7,normal
1697510910.951,45.277,1800.0,3.0,10.7,normal
1697510911.456,44.79,600.0,4.5,10.7,normal
1697510911.962,45.277,600.0,4.9,10.7,normal
1697510912.465,46.738,1800.0,14.0,10.2,normal
1697510912.967,45.277,1800.0,36.2,10.6,normal
1697510913.47,44.79,1800.0,5.0,10.7,normal
1697510913.973,46.251,1800.0,3.5,10.7,normal
1697510914.475,44.79,1800.0,3.5,10.7,normal
1697510914.978,46.251,1800.0,2.5,10.7,normal
1697510915.48,45.277,1800.0,4.9,10.7,normal
1697510915.983,44.79,1800.0,3.0,10.7,normal
1697510916.485,45.764,1800.0,2.5,10.7,normal
1697510916.988,44.79,1800.0,4.0,10.7,normal
1697510917.494,44.79,600.0,4.4,10.7,normal
1697510917.999,46.251,600.0,5.0,10.7,normal
1697510918.505,45.764,700.0,8.4,10.2,normal
1697510919.008,44.79,1800.0,28.5,10.6,normal
1697510919.511,45.764,1800.0,22.9,10.7,normal
1697510920.014,45.764,1800.0,3.5,10.7,normal
1697510920.516,44.79,1800.0,3.0,10.7,normal
1697510921.019,46.738,1800.0,3.5,10.7,normal
1697510921.521,45.764,1800.0,3.5,10.7,normal
1697510922.024,45.277,1800.0,3.9,10.7,normal
1697510922.526,45.277,1800.0,4.0,10.7,normal
1697510923.029,45.277,1800.0,3.5,10.7,normal
1697510923.534,45.764,700.0,4.0,10.7,normal
1697510924.039,45.764,700.0,4.4,10.7,normal
1697510924.544,45.764,800.0,6.4,10.7,normal
1697510925.047,45.277,1800.0,26.0,10.4,normal
1697510925.55,45.764,1800.0,28.5,10.7,normal
1697510926.053,45.764,1800.0,3.5,10.7,normal
1697510926.555,45.764,1800.0,2.0,10.7,normal
1697510927.058,46.251,1800.0,4.5,10.7,normal
1697510927.56,45.277,1800.0,2.5,10.7,normal
1697510928.063,45.277,1800.0,3.5,10.7,normal
1697510928.565,44.79,1800.0,1.0,10.7,normal
1697510929.068,45.277,1800.0,2.0,10.7,normal
1697510929.571,44.79,1800.0,5.4,10.7,normal
1697510930.075,44.303,700.0,4.5,10.7,normal
1697510930.58,45.764,800.0,5.0,10.7,normal
1697510931.083,45.277,1800.0,29.4,10.5,normal
1697510931.586,45.277,1800.0,24.2,10.7,normal
1697510932.088,45.764,1800.0,4.0,10.7,normal
1697510932.591,45.764,1800.0,3.5,10.7,normal
1697510933.094,45.764,1800.0,4.0,10.7,normal
1697510933.596,45.764,1800.0,2.5,10.7,normal
1697510934.099,44.79,1800.0,4.0,10.7,normal
1697510934.601,44.79,1800.0,5.4,10.7,normal
1697510935.104,46.251,1800.0,3.0,10.7,normal
1697510935.606,45.764,1800.0,3.0,10.7,normal
1697510936.111,44.79,800.0,5.4,10.7,normal
1697510936.615,45.277,800.0,5.0,10.7,normal
1697510937.119,45.277,1800.0,21.1,10.3,normal
1697510937.621,46.251,1800.0,32.2,10.7,normal
1697510938.124,45.277,1800.0,4.5,10.7,normal
1697510938.626,45.764,1800.0,4.5,10.7,normal
1697510939.129,46.251,1800.0,2.5,10.7,normal
1697510939.632,45.277,1800.0,4.9,10.7,normal
1697510940.134,45.277,1800.0,4.0,10.7,normal
1697510940.637,45.277,1800.0,3.5,10.7,normal
1697510941.139,44.79,1800.0,4.0,10.7,normal
1697510941.642,45.277,1800.0,3.5,10.7,normal
1697510942.147,45.764,600.0,3.9,10.7,normal
1697510942.652,44.79,700.0,5.4,10.7,normal
1697510943.155,45.764,1800.0,15.4,10.2,normal
1697510943.658,46.738,1800.0,37.3,10.6,normal
1697510944.161,46.738,1800.0,7.0,10.6,normal
1697510944.663,46.251,1800.0,5.4,10.6,normal
1697510945.166,45.277,1800.0,4.0,10.6,normal
1697510945.669,45.764,1800.0,3.0,10.6,normal
1697510946.171,45.277,1800.0,3.0,10.7,normal
1697510946.674,45.277,1800.0,3.5,10.7,normal
1697510947.176,46.251,1800.0,3.5,10.7,normal
1697510947.679,44.79,1800.0,3.0,10.7,normal
1697510948.184,44.79,600.0,3.9,10.7,normal
1697510948.69,45.764,600.0,5.9,10.7,normal
1697510949.196,45.277,600.0,8.0,10.5,normal
1697510949.699,46.251,1800.0,28.9,10.5,normal
1697510950.202,46.251,1800.0,23.6,10.6,normal
1697510950.705,46.251,1800.0,3.5,10.6,normal
1697510951.207,45.277,1800.0,4.5,10.6,normal
1697510951.71,45.764,1800.0,4.0,10.6,normal
1697510952.214,46.738,1800.0,2.5,10.7,normal
1697510952.716,45.764,1800.0,2.5,10.7,normal
1697510953.219,44.79,1800.0,3.5,10.7,normal
1697510953.721,46.251,1800.0,3.0,10.7,normal
1697510954.224,45.277,1800.0,3.5,10.7,normal
1697510954.729,45.277,700.0,2.5,10.7,normal
1697510955.236,45.764,600.0,5.4,10.7,normal
1697510955.739,46.251,1800.0,26.4,10.4,normal
1697510956.242,45.764,1800.0,29.7,10.6,normal
1697510956.745,46.738,1800.0,2.5,10.7,normal
1697510957.247,45.277,1800.0,3.0,10.6,normal
1697510957.75,45.764,1800.0,3.5,10.7,normal
1697510958.252,45.764,1800.0,3.0,10.7,normal
1697510958.755,45.764,1800.0,3.0,10.6,normal
1697510959.258,45.764,1800.0,5.4,10.7,normal
1697510959.76,45.764,1800.0,3.5,10.7,normal
1697510960.263,45.277,1800.0,4.0,10.7,normal
1697510960.768,45.764,600.0,3.5,10.7,normal
1697510961.274,45.764,600.0,5.9,10.6,normal
1697510961.777,44.79,1800.0,18.4,10.2,normal
1697510962.279,46.251,1800.0,34.3,10.6,normal
1697510962.782,44.79,1800.0,5.9,10.6,normal
1697510963.284,45.764,1800.0,4.0,10.6,normal
1697510963.787,46.251,1800.0,3.5,10.6,normal
1697510964.29,45.277,1800.0,4.0,10.7,normal
1697510964.792,45.764,1800.0,3.0,10.7,normal
1697510965.295,44.79,1800.0,3.5,10.7,normal
1697510965.797,45.277,1800.0,2.5,10.7,normal
1697510966.3,45.764,1800.0,4.0,10.7,normal
1697510966.805,44.79,700.0,4.5,10.7,normal
1697510967.31,44.79,800.0,4.9,10.7,normal
1697510967.812,44.79,1800.0,12.4,9.9,normal
1697510968.316,45.764,1800.0,31.7,10.6,normal
1697510968.819,46.251,1800.0,15.0,10.6,normal
1697510969.321,45.764,1800.0,4.0,10.6,normal
1697510969.824,46.251,1800.0,4.0,10.6,normal
1697510970.327,45.764,1800.0,3.5,10.6,normal
1697510970.829,46.251,1800.0,3.5,10.7,normal
1697510971.332,45.764,1800.0,2.5,10.7,normal
1697510971.834,45.277,1800.0,4.5,10.7,normal
1697510972.337,44.79,1800.0,3.5,10.7,normal
1697510972.842,45.277,700.0,3.0,10.7,normal
1697510973.346,45.277,900.0,4.0,10.7,normal
1697510973.85,45.764,900.0,5.0,10.6,normal
1697510974.353,46.251,1800.0,29.5,10.5,normal
1697510974.856,45.764,1800.0,24.5,10.7,normal
1697510975.358,45.277,1800.0,4.5,10.7,normal
1697510975.861,45.764,1800.0,3.5,10.7,normal
1697510976.363,45.277,1800.0,4.0,10.7,normal
1697510976.866,44.303,1800.0,3.5,10.7,normal
1697510977.368,46.251,1800.0,3.0,10.7,normal
1697510977.871,45.277,1800.0,3.5,10.7,normal
1697510978.374,46.251,1800.0,3.5,10.7,normal
1697510978.876,46.251,1800.0,4.0,10.7,normal
1697510979.382,45.277,600.0,6.9,10.7,normal
1697510979.886,44.303,1100.0,10.9,9.7,normal
1697510980.39,45.277,1800.0,29.0,10.6,normal
1697510980.892,45.277,1800.0,20.9,10.7,normal
1697510981.395,46.251,1800.0,3.9,10.7,normal
1697510981.897,45.277,1800.0,2.5,10.7,normal
1697510982.4,45.277,1800.0,4.5,10.7,normal
1697510982.902,44.303,1800.0,3.5,10.7,normal
1697510983.405,45.277,1800.0,3.5,10.7,normal
1697510983.907,44.303,1800.0,3.5,10.7,normal
1697510984.41,45.764,1800.0,4.0,10.7,normal
1697510984.913,46.251,1800.0,4.0,10.7,normal
1697510985.417,45.277,900.0,4.0,10.7,normal
1697510985.92,45.764,1800.0,12.6,10.1,normal
1697510986.423,45.764,1800.0,36.6,10.6,normal
1697510986.926,45.277,1800.0,7.5,10.7,normal
1697510987.429,45.277,1800.0,1.5,10.7,normal
1697510987.931,45.277,1800.0,3.0,10.7,normal
1697510988.434,45.764,1800.0,2.5,10.7,normal
1697510988.936,46.251,1800.0,1.5,10.7,normal
1697510989.439,46.738,1800.0,4.5,10.7,normal
1697510989.941,45.764,1800.0,5.9,10.7,normal
1697510990.444,46.738,1800.0,3.0,10.7,normal
1697510990.949,45.277,700.0,3.5,10.7,normal
1697510991.454,45.277,600.0,4.9,10.7,normal
1697510991.961,45.764,800.0,8.4,10.5,normal
1697510992.464,45.764,1800.0,28.0,10.4,normal
1697510992.966,46.251,1800.0,21.5,10.6,normal
1697510993.469,45.277,1800.0,2.5,10.6,normal
1697510993.972,45.277,1800.0,3.5,10.6,normal
1697510994.474,45.277,1800.0,4.0,10.6,normal
1697510994.977,45.277,1800.0,2.5,10.6,normal
1697510995.479,45.277,1800.0,3.0,10.7,normal
1697510995.982,45.277,1800.0,2.5,10.7,normal
1697510996.484,45.764,1800.0,3.0,10.7,normal
1697510996.987,45.277,1800.0,3.0,10.7,normal
1697510997.493,44.79,600.0,4.5,10.7,normal
1697510997.999,45.764,600.0,4.9,10.7,normal
1697510998.502,46.251,1800.0,25.7,10.4,normal
1697510999.005,45.277,1800.0,28.6,10.6,normal
1697510999.507,45.764,1800.0,4.0,10.6,normal
1697511000.01,44.79,1800.0,4.0,10.6,normal
1697511000.512,45.277,1800.0,3.5,10.6,normal
1697511001.015,44.303,1800.0,3.5,10.6,normal
1697511001.517,45.277,1800.0,3.5,10.6,normal
1697511002.02,44.79,1800.0,4.4,10.7,normal
1697511002.523,44.79,1800.0,3.5,10.7,normal
1697511003.025,45.277,1800.0,2.5,10.7,normal
1697511003.53,43.816,600.0,5.4,10.7,normal
1697511004.036,44.79,600.0,5.0,10.7,normal
1697511004.539,45.764,1800.0,17.9,10.2,normal
1697511005.042,45.764,1800.0,37.7,10.6,normal
1697511005.545,44.303,1800.0,4.0,10.7,normal
1697511006.047,44.79,1800.0,4.0,10.7,normal
1697511006.55,45.277,1800.0,3.5,10.7,normal
1697511007.052,44.79,1800.0,4.4,10.7,normal
1697511007.555,45.764,1800.0,2.5,10.7,normal
1697511008.057,46.251,1800.0,4.5,10.7,normal
1697511008.56,45.277,1800.0,3.5,10.7,normal
1697511009.062,45.277,1800.0,4.0,10.7,normal
1697511009.568,44.79,600.0,4.4,10.7,normal
1697511010.072,45.764,800.0,4.5,10.7,normal
1697511010.575,46.251,1800.0,22.0,10.2,normal
1697511011.078,45.764,1800.0,36.2,10.6,normal
1697511011.58,46.251,1800.0,3.0,10.6,normal
1697511012.083,45.277,1800.0,3.0,10.6,normal
1697511012.586,45.764,1800.0,4.5,10.6,normal
1697511013.088,45.764,1800.0,3.5,10.6,normal
1697511013.591,45.277,1800.0,4.0,10.6,normal
1697511014.093,45.764,1800.0,3.5,10.6,normal
1697511014.596,45.764,1800.0,5.5,10.7,normal
1697511015.098,45.277,1800.0,3.5,10.7,normal
1697511015.604,44.79,600.0,4.0,10.7,normal
1697511016.109,44.303,700.0,5.0,10.7,normal
1697511016.612,45.764,1800.0,25.7,10.4,normal
1697511017.115,46.738,1800.0,31.3,10.6,normal
1697511017.618,45.277,1800.0,3.5,10.6,normal
1697511018.12,45.764,1800.0,3.5,10.6,normal
1697511018.623,45.277,1800.0,5.4,10.6,normal
1697511019.125,45.277,1800.0,3.5,10.6,normal
1697511019.628,44.79,1800.0,5.4,10.6,normal
1697511020.131,45.277,1800.0,3.5,10.6,normal
1697511020.633,46.251,1800.0,3.5,10.6,normal
1697511021.136,45.277,1800.0,2.5,10.6,normal
1697511021.64,46.251,800.0,3.9,10.6,normal
1697511022.146,45.764,600.0,4.5,10.6,normal
1697511022.649,45.764,1800.0,16.1,10.2,normal
1697511023.151,46.738,1800.0,37.8,10.6,normal
1697511023.654,45.764,1800.0,4.0,10.6,normal
1697511024.156,45.764,1800.0,3.5,10.6,normal
1697511024.659,45.764,1800.0,3.5,10.6,normal
1697511025.162,45.764,1800.0,4.5,10.6,normal
1697511025.664,45.277,1800.0,3.5,10.6,normal
1697511026.167,46.738,1800.0,4.4,10.6,normal
1697511026.669,44.79,1800.0,4.0,10.6,normal
1697511027.172,45.764,1800.0,3.5,10.6,normal
1697511027.677,45.277,700.0,4.5,10.6,normal
1697511028.182,45.277,700.0,4.9,10.6,normal
1697511028.685,46.251,1800.0,21.6,10.3,normal
1697511029.188,47.225,1800.0,34.2,10.6,normal
1697511029.69,46.738,1800.0,4.0,10.6,normal
1697511030.193,46.251,1800.0,4.4,10.6,normal
1697511030.695,46.251,1800.0,3.0,10.6,normal
1697511031.198,45.764,1800.0,4.0,10.6,normal
1697511031.7,45.277,1800.0,3.0,10.6,normal
1697511032.203,45.764,1800.0,4.9,10.6,normal
1697511032.706,46.251,1800.0,3.0,10.6,normal
1697511033.209,45.764,1800.0,2.0,10.7,normal
1697511033.714,44.79,600.0,2.9,10.7,normal
1697511034.221,45.277,600.0,8.4,10.7,normal
1697511034.724,44.79,1800.0,26.9,10.4,normal
1697511035.227,46.251,1800.0,27.1,10.7,normal
1697511035.729,46.738,1800.0,2.5,10.7,normal
1697511036.232,45.277,1800.0,4.5,10.7,normal
1697511036.735,45.764,1800.0,4.0,10.7,normal
1697511037.237,45.764,1800.0,1.5,10.7,normal
1697511037.74,46.251,1800.0,3.5,10.7,normal
1697511038.242,46.738,1800.0,3.5,10.7,normal
1697511038.745,45.764,1800.0,2.5,10.7,normal
1697511039.247,46.738,1800.0,4.0,10.7,normal
1697511039.751,46.251,900.0,3.0,10.7,normal
1697511040.257,45.764,600.0,5.0,10.7,normal
1697511040.761,47.225,1800.0,22.4,10.4,normal
1697511041.263,45.764,1800.0,31.2,10.7,normal
1697511041.766,45.764,1800.0,2.5,10.7,normal
1697511042.269,45.764,1800.0,3.5,10.7,normal
1697511042.771,45.764,1800.0,3.5,10.7,normal
1697511043.274,45.764,1800.0,3.0,10.7,normal
1697511043.777,45.764,1800.0,3.5,10.7,normal
1697511044.279,46.251,1800.0,5.4,10.7,normal
1697511044.782,45.277,1800.0,4.0,10.7,normal
1697511045.284,45.277,1800.0,4.0,10.7,normal
1697511045.789,45.764,700.0,2.5,10.7,normal
1697511046.295,45.277,600.0,4.0,10.7,normal
1697511046.799,46.738,1800.0,26.7,10.4,normal
1697511047.301,46.251,1800.0,29.1,10.7,normal
1697511047.804,44.79,1800.0,0.5,10.7,normal
1697511048.306,44.79,1800.0,0.5,10.7,normal
1697511048.809,45.764,1800.0,3.0,10.7,normal
1697511049.311,45.277,1800.0,3.4,10.7,normal
1697511049.814,44.303,1800.0,7.4,10.7,normal
1697511050.316,45.277,1800.0,3.5,10.7,normal
1697511050.819,45.764,1800.0,4.5,10.7,normal
1697511051.322,45.277,1800.0,4.0,10.7,normal
1697511051.826,45.277,900.0,5.0,10.7,normal
1697511052.33,45.764,900.0,6.4,10.6,normal
1697511052.833,46.251,1800.0,29.9,10.5,normal
1697511053.336,46.251,1800.0,25.5,10.7,normal
1697511053.838,46.738,1800.0,3.5,10.7,normal
1697511054.341,45.764,1800.0,4.0,10.7,normal
1697511054.843,45.764,1800.0,3.5,10.7,normal
1697511055.346,45.764,1800.0,3.5,10.7,normal
1697511055.849,45.764,1800.0,2.5,10.7,normal
1697511056.351,45.764,1800.0,3.5,10.7,normal
1697511056.854,45.764,1800.0,3.0,10.7,normal
1697511057.356,44.79,1800.0,3.5,10.7,normal
1697511057.86,44.303,900.0,5.9,10.7,normal
1697511058.364,45.764,900.0,5.0,10.7,normal
1697511058.868,45.277,1800.0,22.0,10.4,normal
1697511059.37,45.764,1800.0,32.7,10.8,normal
1697511059.873,45.764,1800.0,3.0,10.8,normal
1697511060.375,46.251,1800.0,4.5,10.8,normal
1697511060.878,45.277,1800.0,2.0,10.8,normal
1697511061.38,45.764,1800.0,5.0,10.8,normal
1697511061.883,45.277,1800.0,3.5,10.8,normal
1697511062.386,45.277,1800.0,3.9,10.8,normal
1697511062.888,45.277,1800.0,3.0,10.8,normal
1697511063.391,45.277,1800.0,5.0,10.8,normal
1697511063.895,45.764,900.0,3.5,10.8,normal
1697511064.399,44.79,800.0,5.9,10.8,normal
1697511064.902,45.764,1800.0,18.2,10.2,normal
1697511065.405,45.764,1800.0,36.7,10.6,normal
1697511065.908,44.79,1800.0,5.0,10.6,normal
1697511066.41,45.277,1800.0,3.5,10.6,normal
1697511066.913,44.79,1800.0,3.0,10.6,normal
1697511067.415,46.251,1800.0,3.5,10.6,normal
1697511067.918,44.79,1800.0,4.5,10.7,normal
1697511068.42,44.79,1800.0,3.5,10.7,normal
1697511068.923,45.764,1800.0,3.9,10.7,normal
1697511069.425,44.79,1800.0,4.0,10.7,normal
1697511069.931,45.764,700.0,5.4,10.7,normal
1697511070.436,44.79,600.0,5.0,10.7,normal
1697511070.939,44.303,1800.0,9.4,9.6,normal
1697511071.444,45.277,1800.0,28.0,10.6,normal
1697511071.946,46.738,1800.0,20.0,10.6,normal
1697511072.449,45.764,1800.0,3.5,10.6,normal
1697511072.951,44.79,1800.0,3.0,10.6,normal
1697511073.454,45.277,1800.0,3.0,10.6,normal
1697511073.957,45.764,1800.0,2.5,10.6,normal
1697511074.459,45.277,1800.0,4.5,10.6,normal
1697511074.962,44.79,1800.0,3.5,10.6,normal
1697511075.464,45.764,1800.0,3.5,10.6,normal
1697511075.969,45.277,700.0,4.0,10.6,normal
1697511076.475,45.764,650.0,5.0,10.6,normal
1697511076.981,44.303,600.0,4.4,10.6,normal
1697511077.484,45.277,1800.0,26.9,10.4,normal
1697511077.987,45.277,1800.0,28.0,10.6,normal
1697511078.489,45.764,1800.0,3.5,10.6,normal
1697511078.992,46.251,1800.0,2.0,10.6,normal
1697511079.495,44.79,1800.0,3.5,10.6,normal
1697511079.997,46.251,1800.0,2.5,10.6,normal
1697511080.499,45.277,1800.0,4.0,10.6,normal
1697511081.002,45.764,1800.0,3.0,10.6,normal
1697511081.504,45.277,1800.0,3.0,10.6,normal
1697511082.007,44.79,1800.0,3.0,10.6,normal
1697511082.512,43.816,600.0,3.9,10.6,normal
1697511083.018,44.303,600.0,4.5,10.6,normal
1697511083.521,45.764,1800.0,19.5,10.2,normal
1697511084.023,46.251,1800.0,36.2,10.6,normal
1697511084.526,45.277,1800.0,5.0,10.6,normal
1697511085.028,44.303,1800.0,3.5,10.6,normal
1697511085.531,46.251,1800.0,3.5,10.6,normal
1697511086.034,45.764,1800.0,3.5,10.6,normal
1697511086.536,46.738,1800.0,3.5,10.6,normal
1697511087.039,46.251,1800.0,4.0,10.6,normal
1697511087.541,46.738,1800.0,3.5,10.6,normal
1697511088.044,46.251,1800.0,3.5,10.6,normal
1697511088.549,45.277,600.0,3.0,10.6,normal
1697511089.055,45.764,600.0,5.9,10.6,normal
1697511089.559,46.251,1800.0,11.9,9.7,normal
1697511090.063,46.251,1800.0,29.7,10.6,normal
1697511090.566,45.764,1800.0,17.9,10.7,normal
1697511091.068,46.738,1800.0,3.5,10.7,normal
1697511091.571,45.764,1800.0,4.4,10.7,normal
1697511092.073,45.277,1800.0,3.5,10.7,normal
1697511092.576,45.764,1800.0,4.0,10.7,normal
1697511093.079,45.277,1800.0,3.5,10.7,normal
1697511093.581,45.277,1800.0,3.5,10.6,normal
1697511094.084,45.277,1800.0,3.0,10.7,normal
1697511094.588,45.277,700.0,4.5,10.7,normal
1697511095.093,46.251,900.0,5.4,10.7,normal
1697511095.598,45.764,600.0,6.4,10.6,normal
1697511096.101,45.277,1800.0,28.0,10.4,normal
1697511096.604,46.738,1800.0,27.5,10.6,normal
1697511097.106,46.251,1800.0,3.5,10.6,normal
1697511097.609,45.764,1800.0,4.0,10.6,normal
1697511098.111,46.251,1800.0,3.0,10.6,normal
1697511098.614,45.764,1800.0,4.0,10.6,normal
1697511099.116,45.277,1800.0,3.0,10.7,normal
1697511099.619,45.764,1800.0,4.0,10.6,normal
1697511100.121,45.277,1800.0,4.4,10.7,normal
1697511100.624,45.764,1800.0,3.0,10.7,normal
1697511101.128,44.79,1000.0,5.4,10.6,normal
1697511101.631,46.251,1800.0,8.5,9.5,normal
1697511102.135,45.277,1800.0,29.7,10.5,normal
1697511102.637,45.764,1800.0,21.4,10.6,normal
1697511103.14,46.251,1800.0,3.5,10.6,normal
1697511103.642,45.764,1800.0,4.4,10.6,normal
1697511104.145,46.738,1800.0,4.0,10.6,normal
1697511104.647,45.764,1800.0,3.5,10.6,normal
1697511105.15,46.251,1800.0,4.0,10.6,normal
1697511105.653,45.764,1800.0,4.0,10.6,normal
1697511106.155,44.303,1800.0,3.0,10.6,normal
1697511106.66,46.251,800.0,2.5,10.6,normal
1697511107.164,45.277,900.0,5.4,10.6,normal
1697511107.669,45.277,700.0,4.5,10.6,normal
1697511108.171,45.277,1800.0,22.7,10.4,normal
1697511108.674,46.738,1800.0,28.9,10.7,normal
1697511109.177,46.738,1800.0,1.5,10.7,normal
1697511109.679,45.764,1800.0,6.9,10.7,normal
1697511110.182,46.251,1800.0,3.5,10.7,normal
1697511110.684,44.303,1800.0,4.0,10.7,normal
1697511111.187,45.764,1800.0,3.0,10.7,normal
1697511111.689,45.764,1800.0,3.0,10.7,normal
1697511112.192,46.251,1800.0,3.5,10.7,normal
1697511112.694,45.277,1800.0,3.5,10.7,normal
1697511113.201,44.79,600.0,4.9,10.7,normal
1697511113.709,44.303,600.0,6.5,10.6,normal
1697511114.212,45.764,1800.0,30.7,10.5,normal
1697511114.714,45.764,1800.0,26.9,10.7,normal
1697511115.217,45.764,1800.0,3.5,10.7,normal
1697511115.719,46.738,1800.0,4.0,10.7,normal
1697511116.222,45.277,1800.0,3.5,10.7,normal
1697511116.725,45.764,1800.0,2.0,10.7,normal
1697511117.227,46.251,1800.0,5.0,10.7,normal
1697511117.73,44.303,1800.0,3.0,10.7,normal
1697511118.232,46.738,1800.0,3.0,10.7,normal
1697511118.735,46.251,1800.0,3.0,10.7,normal
1697511119.238,44.79,1200.0,6.9,10.7,normal
1697511119.743,45.277,900.0,7.0,10.5,normal
1697511120.246,47.225,1800.0,28.2,10.5,normal
1697511120.749,45.764,1800.0,21.1,10.7,normal
1697511121.252,45.764,1800.0,5.4,10.7,normal
1697511121.754,47.225,1800.0,3.9,10.7,normal
1697511122.257,47.225,1800.0,3.0,10.7,normal
1697511122.759,45.764,1800.0,2.5,10.7,normal
1697511123.262,46.251,1800.0,3.5,10.7,normal
1697511123.764,45.764,1800.0,2.5,10.7,normal
1697511124.267,45.764,1800.0,4.5,10.7,normal
1697511124.769,45.764,1800.0,3.0,10.7,normal
1697511125.275,45.764,600.0,5.9,10.7,normal
1697511125.778,44.303,1800.0,12.0,9.9,normal
1697511126.282,46.251,1800.0,30.3,10.5,normal
1697511126.785,45.764,1800.0,15.0,10.6,normal
1697511127.287,45.277,1800.0,3.0,10.6,normal
1697511127.79,45.764,1800.0,3.0,10.6,normal
1697511128.292,46.251,1800.0,3.5,10.6,normal
1697511128.795,46.251,1800.0,3.5,10.6,normal
1697511129.298,45.764,1800.0,4.0,10.6,normal
1697511129.8,45.277,1800.0,4.0,10.7,normal
1697511130.303,45.277,1800.0,3.5,10.7,normal
1697511130.808,45.764,700.0,3.9,10.6,normal
1697511131.312,45.277,900.0,5.0,10.7,normal
1697511131.815,45.764,1800.0,16.5,10.2,normal
1697511132.318,45.764,1800.0,38.1,10.6,normal
1697511132.82,45.764,1800.0,4.0,10.7,normal
1697511133.323,45.277,1800.0,3.9,10.7,normal
1697511133.83,47.225,1800.0,4.4,10.7,normal
1697511134.333,44.79,1800.0,4.0,10.7,normal
1697511134.835,45.277,1800.0,3.0,10.7,normal
1697511135.338,45.764,1800.0,3.0,10.7,normal
1697511135.84,45.277,1800.0,3.5,10.7,normal
1697511136.343,44.79,1800.0,3.5,10.7,normal
1697511136.846,45.764,1100.0,5.5,10.7,normal
1697511137.35,44.79,900.0,5.9,10.7,normal
1697511137.855,44.79,1000.0,10.4,9.6,normal
1697511138.357,46.251,1800.0,29.0,10.5,normal
1697511138.865,45.277,1800.0,19.9,10.6,normal
1697511139.367,45.277,1800.0,4.0,10.6,normal
1697511139.87,45.277,1800.0,3.5,10.6,normal
1697511140.373,45.277,1800.0,4.0,10.6,normal
1697511140.875,45.764,1800.0,3.0,10.6,normal
1697511141.378,44.79,1800.0,3.5,10.6,normal
1697511141.88,45.277,1800.0,3.5,10.6,normal
1697511142.383,45.277,1800.0,3.5,10.7,normal
1697511142.888,45.764,700.0,2.5,10.7,normal
1697511143.392,45.764,900.0,5.9,10.6,normal
1697511143.895,46.251,1800.0,14.0,10.1,normal
1697511144.399,47.225,1800.0,37.9,10.6,normal
1697511144.901,45.277,1800.0,8.0,10.7,normal
1697511145.404,47.225,1800.0,3.5,10.7,normal
1697511145.907,46.251,1800.0,3.5,10.7,normal
1697511146.409,45.277,1800.0,4.4,10.7,normal
1697511146.912,45.764,1800.0,4.0,10.7,normal
1697511147.414,45.277,1800.0,3.0,10.7,normal
1697511147.917,45.764,1800.0,3.0,10.7,normal
1697511148.419,45.277,1800.0,3.5,10.7,normal
1697511148.929,44.79,600.0,3.9,10.7,normal
1697511149.435,46.738,600.0,5.9,10.7,normal
1697511149.938,45.277,1800.0,18.9,10.4,normal
1697511150.441,46.738,1800.0,35.7,10.7,normal
1697511150.943,46.251,1800.0,4.0,10.7,normal
1697511151.446,45.764,1800.0,13.5,10.7,normal
1697511151.948,46.738,1800.0,3.9,10.7,normal
1697511152.451,46.251,1800.0,3.0,10.7,normal
1697511152.953,45.277,1800.0,3.0,10.7,normal
1697511153.456,44.79,1800.0,4.0,10.7,normal
1697511153.958,45.764,1800.0,3.5,10.7,normal
1697511154.461,45.277,1800.0,4.5,10.7,normal
1697511154.966,45.764,600.0,4.4,10.7,normal
1697511155.472,45.277,600.0,6.4,10.7,normal
1697511155.975,45.764,1800.0,23.4,10.3,normal
1697511156.478,46.251,1800.0,33.3,10.6,normal
1697511156.981,46.251,1800.0,3.0,10.6,normal
1697511157.483,45.764,1800.0,4.4,10.6,normal
1697511157.986,45.277,1800.0,4.5,10.6,normal
1697511158.488,46.251,1800.0,3.5,10.6,normal
1697511158.991,45.277,1800.0,3.0,10.6,normal
1697511159.493,46.251,1800.0,4.5,10.7,normal
1697511159.996,44.303,1800.0,4.0,10.7,normal
1697511160.498,45.764,1800.0,3.0,10.7,normal
1697511161.004,45.764,600.0,2.0,10.7,normal
1697511161.51,46.251,600.0,5.9,10.7,normal
1697511162.014,45.277,1800.0,25.0,10.4,normal
1697511162.517,46.251,1800.0,27.6,10.6,normal
1697511163.019,45.764,1800.0,3.9,10.6,normal
1697511163.522,45.277,1800.0,3.0,10.6,normal
1697511164.024,45.764,1800.0,3.0,10.6,normal
1697511164.527,45.764,1800.0,4.0,10.6,normal
1697511165.029,46.251,1800.0,3.5,10.6,normal
1697511165.532,45.764,1800.0,3.5,10.6,normal
1697511166.034,45.764,1800.0,3.0,10.6,normal
1697511166.537,44.79,1800.0,4.0,10.6,normal
1697511167.041,45.764,900.0,5.9,10.6,normal
1697511167.547,45.764,600.0,5.4,10.6,normal
1697511168.059,45.277,1800.0,20.4,10.2,normal
1697511168.563,45.764,1800.0,33.8,10.6,normal
1697511169.066,45.764,1800.0,4.5,10.6,normal
1697511169.568,44.79,1800.0,3.5,10.6,normal
1697511170.071,45.764,1800.0,4.0,10.7,normal
1697511170.574,45.764,1800.0,4.0,10.7,normal
1697511171.076,45.277,1800.0,4.0,10.7,normal
1697511171.579,44.79,1800.0,3.0,10.7,normal
1697511172.081,45.277,1800.0,3.0,10.7,normal
1697511172.584,46.738,1800.0,4.0,10.7,normal
1697511173.089,45.277,600.0,4.0,10.7,normal
1697511173.595,45.277,600.0,4.5,10.7,normal
1697511174.098,46.251,1800.0,24.4,10.4,normal
1697511174.601,45.277,1800.0,31.2,10.7,normal
1697511175.103,46.251,1800.0,3.5,10.7,normal
1697511175.606,44.79,1800.0,4.0,10.7,normal
1697511176.108,46.251,1800.0,3.5,10.7,normal
1697511176.611,46.251,1800.0,4.5,10.7,normal
1697511177.113,45.277,1800.0,3.5,10.7,normal
1697511177.616,45.764,1800.0,4.0,10.7,normal
1697511178.119,45.277,1800.0,3.0,10.7,normal
1697511178.621,46.738,1800.0,3.5,10.7,normal
1697511179.127,44.79,600.0,3.9,10.7,normal
1697511179.632,44.303,800.0,7.9,10.5,normal
1697511180.135,46.251,1800.0,28.0,10.4,normal
1697511180.638,46.251,1800.0,24.5,10.6,normal
1697511181.141,45.764,1800.0,4.5,10.7,normal
1697511181.643,45.764,1800.0,4.0,10.7,normal
1697511182.146,45.277,1800.0,3.0,10.7,normal
1697511182.648,45.277,1800.0,3.5,10.7,normal
1697511183.151,46.251,1800.0,4.0,10.7,normal
1697511183.653,46.251,1800.0,3.0,10.7,normal
1697511184.156,45.764,1800.0,3.5,10.7,normal
1697511184.659,45.764,1800.0,4.5,10.7,normal
1697511185.163,45.277,800.0,6.4,10.7,normal
1697511185.669,44.303,600.0,4.0,10.7,normal
1697511186.171,46.251,1800.0,24.0,10.5,normal
1697511186.674,45.764,1800.0,29.6,10.7,normal
1697511187.177,46.251,1800.0,4.0,10.7,normal
1697511187.679,45.764,1800.0,3.5,10.7,normal
1697511188.182,45.764,1800.0,3.0,10.7,normal
1697511188.684,45.277,1800.0,3.0,10.7,normal
1697511189.187,46.251,1800.0,4.0,10.7,normal
1697511189.689,45.277,1800.0,4.5,10.7,normal
1697511190.192,45.277,1800.0,4.0,10.7,normal
1697511190.694,45.277,1800.0,3.5,10.7,normal
1697511191.198,45.764,900.0,3.5,10.7,normal
1697511191.703,45.277,800.0,5.0,10.6,normal
1697511192.206,45.764,1800.0,18.9,10.2,normal
1697511192.709,46.738,1800.0,36.9,10.6,normal
1697511193.211,45.277,1800.0,4.0,10.6,normal
1697511193.714,44.79,1800.0,5.0,10.6,normal
1697511194.216,46.251,1800.0,4.0,10.6,normal
1697511194.719,45.277,1800.0,3.5,10.6,normal
1697511195.221,45.277,1800.0,3.0,10.6,normal
1697511195.724,45.764,1800.0,5.0,10.7,normal
1697511196.227,45.764,1800.0,2.5,10.6,normal
1697511196.729,45.277,1800.0,4.0,10.7,normal
1697511197.233,45.764,800.0,4.0,10.7,normal
1697511197.738,44.79,900.0,4.0,10.7,normal
1697511198.241,45.764,1800.0,22.4,10.3,normal
1697511198.743,46.251,1800.0,32.7,10.6,normal
1697511199.246,45.764,1800.0,4.0,10.6,normal
1697511199.748,45.764,1800.0,4.5,10.6,normal
1697511200.251,45.764,1800.0,3.0,10.7,normal
1697511200.754,45.277,1800.0,3.0,10.7,normal
1697511201.256,46.251,1800.0,3.5,10.7,normal
1697511201.759,46.738,1800.0,4.0,10.7,normal
1697511202.261,44.79,1800.0,0.0,10.7,normal
1697511202.764,45.277,1800.0,5.5,10.7,normal
1697511203.268,45.764,900.0,3.5,10.7,normal
1697511203.772,44.79,800.0,5.0,10.7,normal
1697511204.275,45.764,1800.0,14.5,10.2,normal
1697511204.778,46.251,1800.0,35.8,10.6,normal
1697511205.281,46.251,1800.0,6.0,10.7,normal
1697511205.783,44.79,1800.0,4.0,10.7,normal
1697511206.286,45.764,1800.0,3.5,10.7,normal
1697511206.788,45.764,1800.0,4.4,10.7,normal
1697511207.291,45.277,1800.0,3.5,10.7,normal
1697511207.793,44.79,1800.0,3.5,10.7,normal
1697511208.296,46.251,1800.0,3.0,10.7,normal
1697511208.799,44.79,1800.0,3.5,10.7,normal
1697511209.303,46.251,900.0,5.9,10.7,normal
1697511209.807,45.277,900.0,4.5,10.7,normal
1697511210.312,44.303,1100.0,8.5,10.5,normal
1697511210.815,45.277,1800.0,29.2,10.4,normal
1697511211.318,46.251,1800.0,23.5,10.6,normal
1697511211.82,45.764,1800.0,3.5,10.6,normal
1697511212.323,46.251,1800.0,3.0,10.6,normal
1697511212.826,46.251,1800.0,3.0,10.6,normal
1697511213.328,45.277,1800.0,3.5,10.6,normal
1697511213.831,45.277,1800.0,4.0,10.6,normal
1697511214.333,45.277,1800.0,3.5,10.6,normal
1697511214.836,45.277,1800.0,3.5,10.6,normal
1697511215.338,44.79,1800.0,4.0,10.6,normal
1697511215.842,44.79,900.0,5.0,10.6,normal
1697511216.346,45.764,1800.0,11.6,9.8,normal
1697511216.85,45.764,1800.0,32.0,10.6,normal
1697511217.353,45.277,1800.0,15.6,10.6,normal
1697511217.855,45.764,1800.0,4.9,10.6,normal
1697511218.358,45.764,1800.0,3.5,10.7,normal
1697511218.86,45.277,1800.0,3.5,10.7,normal
1697511219.363,45.764,1800.0,4.0,10.7,normal
1697511219.866,46.251,1800.0,5.0,10.7,normal
1697511220.368,45.764,1800.0,4.0,10.7,normal
1697511220.871,45.764,1800.0,3.9,10.7,normal
1697511221.376,45.277,700.0,3.5,10.7,normal
1697511221.88,45.764,800.0,5.9,10.7,normal
1697511222.384,44.79,900.0,3.5,10.6,normal
1697511222.887,45.277,1800.0,28.4,10.5,normal
1697511223.39,46.251,1800.0,26.0,10.7,normal
1697511223.892,45.764,1800.0,4.0,10.7,normal
1697511224.395,45.764,1800.0,4.5,10.7,normal
1697511224.897,45.764,1800.0,3.5,10.7,normal
1697511225.4,46.251,1800.0,3.5,10.7,normal
1697511225.903,45.277,1800.0,2.5,10.7,normal
1697511226.405,45.764,1800.0,2.5,10.7,normal
1697511226.908,45.764,1800.0,5.4,10.7,normal
1697511227.41,45.277,1800.0,2.5,10.7,normal
1697511227.915,44.79,800.0,5.5,10.7,normal
1697511228.42,44.79,700.0,5.4,10.7,normal
1697511228.923,44.79,1800.0,24.5,10.3,normal
1697511229.425,46.251,1800.0,34.2,10.6,normal
1697511229.928,45.277,1800.0,4.5,10.6,normal
1697511230.43,45.764,1800.0,4.0,10.6,normal
1697511230.933,45.764,1800.0,3.5,10.6,normal
1697511231.435,45.764,1800.0,3.0,10.6,normal
1697511231.938,45.764,1800.0,4.0,10.7,normal
1697511232.44,45.764,1800.0,3.0,10.7,normal
1697511232.943,45.764,1800.0,3.5,10.7,normal
1697511233.446,44.303,1800.0,3.9,10.7,normal
1697511233.951,44.79,600.0,4.5,10.7,normal
1697511234.457,45.277,600.0,5.4,10.7,normal
1697511234.96,45.764,1800.0,25.5,10.4,normal
1697511235.463,45.764,1800.0,29.0,10.7,normal
1697511235.966,45.764,1800.0,3.5,10.7,normal
1697511236.468,44.79,1800.0,4.0,10.7,normal
1697511236.971,44.79,1800.0,4.0,10.7,normal
1697511237.473,45.764,1800.0,3.5,10.7,normal
1697511237.976,45.277,1800.0,3.0,10.7,normal
1697511238.478,45.277,1800.0,4.0,10.7,normal
1697511238.981,45.764,1800.0,3.5,10.7,normal
1697511239.483,46.251,1800.0,3.5,10.7,normal
1697511239.989,44.79,600.0,4.0,10.7,normal
1697511240.494,45.277,600.0,5.0,10.7,normal
1697511240.997,45.764,1800.0,19.9,10.3,normal
1697511241.5,46.251,1800.0,37.7,10.6,normal
1697511242.002,46.738,1800.0,3.0,10.6,normal
1697511242.505,45.764,1800.0,4.0,10.6,normal
1697511243.008,45.764,1800.0,3.0,10.6,normal
1697511243.51,45.764,1800.0,3.0,10.6,normal
1697511244.013,44.303,1800.0,3.0,10.6,normal
1697511244.515,45.277,1800.0,3.0,10.6,normal
1697511245.018,44.79,1800.0,3.4,10.6,normal
1697511245.52,45.764,1800.0,3.0,10.6,normal
1697511246.026,46.251,600.0,3.0,10.7,normal
1697511246.532,45.277,600.0,3.0,10.7,normal
1697511247.035,46.251,1800.0,13.4,10.0,normal
1697511247.539,46.251,1800.0,34.2,10.5,normal
1697511248.042,45.764,1800.0,9.6,10.6,normal
1697511248.544,46.251,1800.0,3.0,10.6,normal
1697511249.047,45.764,1800.0,4.5,10.6,normal
1697511249.549,45.764,1800.0,3.5,10.6,normal
1697511250.052,44.79,1800.0,3.0,10.6,normal
1697511250.554,46.738,1800.0,3.9,10.7,normal
1697511251.057,45.764,1800.0,3.5,10.7,normal
1697511251.559,45.764,1800.0,4.4,10.6,normal
1697511252.064,45.277,700.0,3.9,10.7,normal
1697511252.57,45.277,600.0,4.0,10.7,normal
1697511253.076,45.277,600.0,5.0,10.6,normal
1697511253.579,46.251,1800.0,29.7,10.5,normal
1697511254.082,45.764,1800.0,27.2,10.7,normal
1697511254.584,45.277,1800.0,5.0,10.7,normal
1697511255.087,44.79,1800.0,2.0,10.7,normal
1697511255.589,45.277,1800.0,3.5,10.7,normal
1697511256.092,46.738,1800.0,4.5,10.7,normal
1697511256.595,45.764,1800.0,3.0,10.7,normal
1697511257.097,45.277,1800.0,3.5,10.7,normal
1697511257.6,45.277,1800.0,5.0,10.7,normal
1697511258.102,45.764,1800.0,3.5,10.8,normal
1697511258.608,45.277,600.0,4.5,10.8,normal
1697511259.111,44.303,1500.0,8.0,10.4,normal
1697511259.614,46.738,1800.0,30.5,10.5,normal
1697511260.117,46.251,1800.0,22.5,10.6,normal
1697511260.619,45.764,1800.0,3.0,10.6,normal
1697511261.122,45.764,1800.0,3.5,10.6,normal
1697511261.624,45.764,1800.0,3.0,10.7,normal
1697511262.127,45.764,1800.0,4.9,10.7,normal
1697511262.63,44.79,1800.0,2.5,10.7,normal
1697511263.132,45.277,1800.0,4.0,10.7,normal
1697511263.635,45.764,1800.0,3.5,10.7,normal
1697511264.14,46.251,700.0,4.0,10.7,normal
1697511264.644,45.764,800.0,5.4,10.7,normal
1697511265.15,44.303,600.0,4.5,10.7,normal
1697511265.654,46.251,1800.0,24.9,10.4,normal
1697511266.157,45.277,1800.0,30.7,10.7,normal
1697511266.659,46.251,1800.0,3.9,10.7,normal
1697511267.162,46.251,1800.0,3.0,10.7,normal
1697511267.664,46.738,1800.0,3.5,10.7,normal
1697511268.167,45.277,1800.0,4.0,10.7,normal
1697511268.669,45.764,1800.0,3.0,10.7,normal
1697511269.172,45.764,1800.0,3.5,10.7,normal
1697511269.675,44.79,1800.0,3.5,10.7,normal
1697511270.177,46.251,1800.0,4.0,10.7,normal
1697511270.682,45.764,800.0,4.4,10.7,normal
1697511271.187,45.764,800.0,4.0,10.7,normal
1697511271.69,46.738,1800.0,18.8,10.2,normal
1697511272.192,46.738,1800.0,37.5,10.6,normal
1697511272.695,44.79,1800.0,5.9,10.6,normal
1697511273.198,45.277,1800.0,3.5,10.6,normal
1697511273.701,44.79,1800.0,3.0,10.6,normal
1697511274.203,46.251,1800.0,4.0,10.6,normal
1697511274.706,46.738,1800.0,4.9,10.6,normal
1697511275.209,46.251,1800.0,3.0,10.6,normal
1697511275.712,45.277,1800.0,4.5,10.6,normal
1697511276.214,46.251,1800.0,3.5,10.6,normal
1697511276.72,44.303,700.0,5.0,10.6,normal
1697511277.225,45.764,700.0,5.4,10.6,normal
1697511277.728,45.764,1800.0,7.5,10.0,normal
1697511278.231,46.738,1800.0,29.1,10.5,normal
1697511278.734,45.277,1800.0,21.1,10.6,normal
1697511279.236,45.277,1800.0,5.0,10.6,normal
1697511279.739,47.225,1800.0,3.5,10.6,normal
1697511280.241,45.764,1800.0,3.0,10.6,normal
1697511280.744,46.738,1800.0,4.0,10.6,normal
1697511281.246,46.251,1800.0,4.9,10.6,normal
1697511281.749,45.764,1800.0,3.5,10.6,normal
1697511282.251,44.79,1800.0,3.0,10.6,normal
1697511282.756,46.251,700.0,5.0,10.6,normal
1697511283.26,46.251,1100.0,5.9,10.6,normal
1697511283.763,46.738,1800.0,13.0,10.1,normal
1697511284.267,46.251,1800.0,35.8,10.6,normal
1697511284.769,46.738,1800.0,9.0,10.6,normal
1697511285.272,46.251,1800.0,2.0,10.6,normal
1697511285.775,45.277,1800.0,1.5,10.6,normal
1697511286.277,45.764,1800.0,3.0,10.6,normal
1697511286.78,44.79,1800.0,4.0,10.6,normal
1697511287.282,45.764,1800.0,3.0,10.7,normal
1697511287.785,45.277,1800.0,2.0,10.7,normal
1697511288.287,45.764,1800.0,3.0,10.7,normal
1697511288.792,45.277,700.0,5.0,10.7,normal
1697511289.296,44.79,1000.0,6.4,10.7,normal
1697511289.799,46.738,1800.0,17.5,10.3,normal
1697511290.302,45.764,1800.0,36.7,10.6,normal
1697511290.804,46.251,1800.0,6.4,10.7,normal
1697511291.307,46.251,1800.0,3.5,10.7,normal
1697511291.809,45.277,1800.0,3.5,10.7,normal
1697511292.312,45.764,1800.0,3.5,10.7,normal
1697511292.814,45.764,1800.0,2.5,10.7,normal
1697511293.317,45.277,1800.0,4.0,10.7,normal
1697511293.82,45.277,1800.0,3.5,10.7,normal
1697511294.322,46.251,1800.0,4.9,10.7,normal
1697511294.827,45.764,800.0,3.5,10.7,normal
1697511295.331,45.764,900.0,4.9,10.7,normal
1697511295.834,44.303,1800.0,9.0,9.6,normal
1697511296.337,45.764,1800.0,29.6,10.4,normal
1697511296.839,46.251,1800.0,20.6,10.6,normal
1697511297.342,45.277,1800.0,3.5,10.6,normal
1697511297.844,45.277,1800.0,4.0,10.6,normal
1697511298.347,44.79,1800.0,3.0,10.6,normal
1697511298.85,45.277,1800.0,3.5,10.6,normal
1697511299.352,45.764,1800.0,4.5,10.6,normal
1697511299.855,44.303,1800.0,4.5,10.6,normal
1697511300.358,45.277,1800.0,3.0,10.6,normal
1697511300.862,46.251,700.0,4.4,10.6,normal
1697511301.368,45.277,800.0,5.0,10.6,normal
1697511301.872,45.764,900.0,4.0,10.6,normal
1697511302.375,46.251,1800.0,26.7,10.5,normal
1697511302.878,47.225,1800.0,28.5,10.7,normal
1697511303.38,45.277,1800.0,3.5,10.7,normal
1697511303.883,45.277,1800.0,3.5,10.7,normal
1697511304.385,46.251,1800.0,4.0,10.7,normal
1697511304.888,45.764,1800.0,3.5,10.7,normal
1697511305.391,45.277,1800.0,4.0,10.7,normal
1697511305.893,47.225,1800.0,4.0,10.7,normal
1697511306.396,45.277,1800.0,2.0,10.7,normal
1697511306.898,46.738,1800.0,5.0,10.7,normal
1697511307.403,45.277,900.0,5.0,10.7,normal
1697511307.908,44.303,900.0,7.9,10.5,normal
1697511308.411,47.225,1800.0,29.4,10.5,normal
1697511308.913,46.251,1800.0,23.5,10.6,normal
1697511309.416,46.251,1800.0,4.5,10.6,normal
1697511309.919,44.79,1800.0,3.5,10.6,normal
1697511310.421,46.738,1800.0,4.5,10.6,normal
1697511310.924,46.251,1800.0,3.0,10.6,normal
1697511311.426,45.764,1800.0,3.9,10.6,normal
1697511311.929,45.764,1800.0,3.0,10.6,normal
1697511312.431,45.764,1800.0,5.0,10.6,normal
1697511312.934,45.764,1800.0,3.9,10.6,normal
1697511313.439,43.816,700.0,4.5,10.6,normal
1697511313.943,45.764,1800.0,10.9,9.8,normal
1697511314.448,46.738,1800.0,33.2,10.6,normal
1697511314.951,46.738,1800.0,16.3,10.7,normal
1697511315.453,46.251,1800.0,3.0,10.7,normal
1697511315.956,44.303,1800.0,4.0,10.7,normal
1697511316.458,45.277,1800.0,4.9,10.7,normal
1697511316.961,44.79,1800.0,3.5,10.7,normal
1697511317.463,46.738,1800.0,3.0,10.7,normal
1697511317.966,45.764,1800.0,3.5,10.7,normal
1697511318.468,45.277,1800.0,4.5,10.7,normal
1697511318.973,45.764,700.0,4.4,10.7,normal
1697511319.476,45.277,1800.0,5.0,10.7,normal
1697511319.978,44.79,1800.0,4.0,10.6,normal
1697511320.481,47.225,1800.0,28.9,10.4,normal
1697511320.984,45.764,1800.0,22.7,10.6,normal
1697511321.486,46.251,1800.0,4.0,10.6,normal
1697511321.989,45.764,1800.0,3.5,10.6,normal
1697511322.491,45.764,1800.0,3.5,10.6,normal
1697511322.994,45.277,1800.0,4.0,10.6,normal
1697511323.496,46.251,1800.0,3.0,10.7,normal
1697511323.999,46.251,1800.0,3.5,10.7,normal
1697511324.505,46.251,600.0,5.0,10.7,normal
1697511325.01,46.251,600.0,4.5,10.7,normal
1697511325.516,44.79,600.0,5.4,10.7,normal
1697511326.022,44.79,600.0,4.0,10.7,normal
1697511326.525,47.225,1800.0,24.9,10.4,normal
1697511327.028,45.277,1800.0,30.7,10.7,normal
1697511327.53,45.277,1800.0,2.5,10.7,normal
1697511328.033,45.764,1800.0,1.5,10.7,normal
1697511328.535,45.277,1800.0,3.0,10.7,normal
1697511329.038,44.79,1800.0,3.5,10.7,normal
1697511329.54,46.251,1800.0,2.0,10.7,normal
1697511330.043,45.277,1800.0,4.0,10.7,normal
1697511330.545,46.251,1800.0,3.5,10.7,normal
1697511331.048,45.764,1800.0,3.0,10.7,normal
1697511331.553,44.79,600.0,3.5,10.8,normal
1697511332.062,44.79,600.0,4.9,10.7,normal
1697511332.565,46.738,1800.0,26.4,10.5,normal
1697511333.067,46.251,1800.0,26.6,10.6,normal
1697511333.57,46.251,1800.0,3.5,10.6,normal
1697511334.073,44.79,1800.0,3.0,10.6,normal
1697511334.575,45.764,1800.0,4.5,10.6,normal
1697511335.078,45.764,1800.0,3.5,10.6,normal
1697511335.58,45.277,1800.0,3.0,10.7,normal
1697511336.083,45.277,1800.0,3.9,10.7,normal
1697511336.585,45.764,1800.0,4.5,10.7,normal
1697511337.088,45.764,1800.0,3.5,10.7,normal
1697511337.593,46.251,600.0,5.0,10.7,normal
1697511338.099,45.277,600.0,3.9,10.7,normal
1697511338.602,45.764,1800.0,21.3,10.3,normal
1697511339.105,46.251,1800.0,35.4,10.6,normal
1697511339.607,46.251,1800.0,5.0,10.6,normal
1697511340.11,45.277,1800.0,3.5,10.6,normal
1697511340.612,45.277,1800.0,4.5,10.6,normal
1697511341.115,45.764,1800.0,3.0,10.6,normal
1697511341.617,45.764,1800.0,3.5,10.6,normal
1697511342.12,45.277,1800.0,3.0,10.6,normal
1697511342.623,44.79,1800.0,4.0,10.6,normal
1697511343.125,45.277,1800.0,3.5,10.6,normal
1697511343.63,45.277,600.0,3.9,10.6,normal
1697511344.136,46.251,600.0,4.5,10.6,normal
1697511344.639,45.277,1800.0,14.4,10.0,normal
1697511345.144,47.225,1800.0,34.0,10.5,normal
1697511345.646,45.764,1800.0,12.9,10.6,normal
1697511346.149,45.277,1800.0,2.0,10.6,normal
1697511346.651,45.277,1800.0,2.0,10.6,normal
1697511347.154,45.277,1800.0,0.5,10.6,normal
1697511347.656,44.79,1800.0,0.0,10.6,normal
1697511348.159,45.277,1800.0,0.0,10.6,normal
1697511348.661,45.764,1800.0,4.5,10.7,normal
1697511349.164,44.303,1800.0,5.9,10.7,normal
1697511349.668,45.764,700.0,5.4,10.7,normal
1697511350.173,45.764,700.0,4.0,10.7,normal
1697511350.676,45.277,1800.0,17.5,10.3,normal
1697511351.179,47.225,1800.0,37.0,10.6,normal
1697511351.682,45.277,1800.0,4.5,10.7,normal
1697511352.184,45.277,1800.0,4.0,10.7,normal
1697511352.687,44.79,1800.0,3.0,10.7,normal
1697511353.189,45.764,1800.0,3.0,10.7,normal
1697511353.692,45.277,1800.0,4.0,10.6,normal
1697511354.195,45.277,1800.0,4.5,10.7,normal
1697511354.698,46.251,1800.0,2.5,10.7,normal
1697511355.2,45.277,1800.0,4.4,10.7,normal
1697511355.705,45.277,800.0,5.0,10.7,normal
1697511356.21,44.79,700.0,5.4,10.7,normal
1697511356.715,45.277,900.0,9.0,9.6,normal
1697511357.219,45.277,1800.0,28.0,10.4,normal
1697511357.722,45.764,1800.0,22.1,10.6,normal
1697511358.224,45.764,1800.0,3.9,10.6,normal
1697511358.727,46.251,1800.0,3.5,10.6,normal
1697511359.229,47.225,1800.0,3.5,10.6,normal
1697511359.732,45.764,1800.0,3.0,10.6,normal
1697511360.235,45.277,1800.0,4.0,10.6,normal
1697511360.737,45.277,1800.0,3.0,10.7,normal
1697511361.24,45.764,1800.0,4.0,10.7,normal
1697511361.745,46.251,700.0,4.0,10.6,normal
1697511362.249,45.764,900.0,5.0,10.7,normal
1697511362.753,45.277,900.0,3.5,10.7,normal
1697511363.257,45.764,1800.0,25.5,10.4,normal
1697511363.759,45.764,1800.0,28.5,10.7,normal
1697511364.262,46.738,1800.0,5.4,10.7,normal
1697511364.765,45.764,1800.0,3.0,10.7,normal
1697511365.267,45.764,1800.0,3.0,10.7,normal
1697511365.77,45.277,1800.0,3.5,10.7,normal
1697511366.272,44.79,1800.0,0.0,10.7,normal
1697511366.775,45.764,1800.0,6.9,10.7,normal
1697511367.277,45.277,1800.0,3.0,10.7,normal
1697511367.78,46.251,1800.0,3.5,10.7,normal
1697511368.286,45.277,600.0,4.5,10.7,normal
1697511368.79,45.764,800.0,5.9,10.7,normal
1697511369.293,45.277,1800.0,19.0,10.3,normal
1697511369.796,45.277,1800.0,35.2,10.7,normal
1697511370.298,45.764,1800.0,2.0,10.7,normal
1697511370.801,46.251,1800.0,2.5,10.6,normal
1697511371.303,45.764,1800.0,2.5,10.6,normal
1697511371.806,46.738,1800.0,3.5,10.6,normal
1697511372.308,46.251,1800.0,4.0,10.6,normal
1697511372.811,46.738,1800.0,3.5,10.6,normal
1697511373.314,45.764,1800.0,3.5,10.6,normal
1697511373.816,45.277,1800.0,3.5,10.6,normal
1697511374.32,46.251,1000.0,5.0,10.6,normal
1697511374.824,45.277,1000.0,5.0,10.6,normal
1697511375.327,46.251,1800.0,23.5,10.2,normal
1697511375.83,46.251,1800.0,33.0,10.6,normal
1697511376.332,46.738,1800.0,1.5,10.6,normal
1697511376.835,46.251,1800.0,5.4,10.6,normal
1697511377.337,45.764,1800.0,3.5,10.7,normal
1697511377.84,46.251,1800.0,3.0,10.7,normal
1697511378.342,45.277,1800.0,3.5,10.7,normal
1697511378.845,45.764,1800.0,3.5,10.7,normal
1697511379.347,45.764,1800.0,4.0,10.7,normal
1697511379.85,45.277,1800.0,3.5,10.7,normal
1697511380.354,45.277,900.0,4.5,10.7,normal
1697511380.858,45.277,900.0,5.0,10.7,normal
1697511381.361,46.251,1800.0,16.4,10.2,normal
1697511381.863,46.738,1800.0,39.1,10.6,normal
1697511382.366,45.277,1800.0,4.5,10.6,normal
1697511382.868,46.251,1800.0,3.5,10.6,normal
1697511383.371,45.277,1800.0,4.0,10.6,normal
1697511383.874,45.764,1800.0,3.5,10.6,normal
1697511384.377,46.251,1800.0,3.5,10.6,normal
1697511384.879,45.277,1800.0,3.5,10.7,normal
1697511385.382,45.764,1800.0,4.0,10.7,normal
1697511385.884,45.277,1800.0,3.0,10.7,normal
1697511386.389,45.764,700.0,4.5,10.7,normal
1697511386.894,44.79,900.0,4.0,10.7,normal
1697511387.398,44.303,900.0,9.9,9.6,normal
1697511387.901,45.764,1800.0,28.0,10.5,normal
1697511388.403,46.251,1800.0,21.5,10.7,normal
1697511388.906,45.764,1800.0,4.4,10.7,normal
1697511389.408,46.251,1800.0,5.0,10.7,normal
1697511389.911,46.251,1800.0,3.0,10.7,normal
1697511390.413,45.764,1800.0,3.5,10.7,normal
1697511390.916,45.764,1800.0,3.5,10.7,normal
1697511391.419,46.738,1800.0,4.5,10.7,normal
1697511391.921,45.764,1800.0,3.5,10.7,normal
1697511392.424,46.251,1800.0,3.0,10.7,normal
1697511392.93,44.79,600.0,5.0,10.7,normal
1697511393.435,44.79,800.0,4.9,10.7,normal
1697511393.938,46.738,1800.0,25.9,10.5,normal
1697511394.441,46.251,1800.0,31.3,10.7,normal
1697511394.943,46.251,1800.0,3.5,10.7,normal
1697511395.446,45.764,1800.0,3.5,10.7,normal
1697511395.948,45.764,1800.0,5.4,10.7,normal
1697511396.451,44.79,1800.0,3.0,10.7,normal
1697511396.954,45.764,1800.0,4.0,10.7,normal
1697511397.456,45.764,1800.0,3.0,10.7,normal
1697511397.959,45.764,1800.0,4.5,10.7,normal
1697511398.461,45.764,1800.0,3.0,10.7,normal
1697511398.967,46.251,600.0,5.4,10.7,normal
1697511399.473,45.277,600.0,5.0,10.7,normal
1697511399.975,45.764,1800.0,17.5,10.2,normal
1697511400.478,46.251,1800.0,37.3,10.7,normal
1697511400.98,45.764,1800.0,3.5,10.7,normal
1697511401.483,45.764,1800.0,4.0,10.7,normal
1697511401.986,45.764,1800.0,3.0,10.7,normal
1697511402.488,45.764,1800.0,4.0,10.7,normal
1697511402.991,45.764,1800.0,3.5,10.7,normal
1697511403.493,45.277,1800.0,3.5,10.7,normal
1697511403.996,45.277,1800.0,3.0,10.7,normal
1697511404.498,45.277,1800.0,4.5,10.7,normal
1697511405.004,44.303,600.0,3.5,10.7,normal
1697511405.509,45.764,600.0,4.4,10.7,normal
1697511406.012,44.79,1800.0,8.5,10.0,normal
1697511406.516,46.251,1800.0,34.7,10.5,normal
1697511407.018,45.277,1800.0,12.4,10.6,normal
1697511407.521,45.764,1800.0,2.0,10.6,normal
1697511408.023,45.764,1800.0,3.0,10.6,normal
1697511408.526,45.764,1800.0,2.5,10.6,normal
1697511409.028,46.251,1800.0,5.0,10.6,normal
1697511409.531,44.79,1800.0,4.0,10.6,normal
1697511410.034,45.277,1800.0,4.0,10.7,normal
1697511410.536,45.764,1800.0,3.0,10.7,normal
1697511411.042,45.277,600.0,3.5,10.7,normal
1697511411.548,44.303,600.0,3.5,10.7,normal
1697511412.051,44.79,1800.0,16.5,10.2,normal
1697511412.553,45.277,1800.0,36.2,10.6,normal
1697511413.056,45.277,1800.0,4.0,10.6,normal
1697511413.559,46.738,1800.0,3.0,10.6,normal
1697511414.061,44.79,1800.0,3.5,10.6,normal
1697511414.564,45.764,1800.0,4.0,10.7,normal
1697511415.066,45.764,1800.0,3.5,10.7,normal
1697511415.569,44.79,1800.0,3.0,10.7,normal
1697511416.071,46.251,1800.0,4.0,10.7,normal
1697511416.574,45.277,1800.0,3.0,10.7,normal
1697511417.079,45.764,600.0,4.4,10.7,normal
1697511417.585,44.303,600.0,4.0,10.7,normal
1697511418.088,44.79,1800.0,10.9,9.6,normal
1697511418.592,45.764,1800.0,28.9,10.5,normal
1697511419.095,45.277,1800.0,20.9,10.7,normal
1697511419.597,46.251,1800.0,3.5,10.7,normal
1697511420.1,45.277,1800.0,3.5,10.7,normal
1697511420.603,44.79,1800.0,4.0,10.7,normal
1697511421.105,45.764,1800.0,4.0,10.7,normal
1697511421.608,45.764,1800.0,3.5,10.7,normal
1697511422.11,45.764,1800.0,3.0,10.7,normal
1697511422.613,45.277,1800.0,3.0,10.7,normal
1697511423.118,45.764,700.0,4.9,10.7,normal
1697511423.623,45.277,600.0,4.9,10.7,normal
1697511424.129,44.303,600.0,5.0,10.7,normal
1697511424.631,45.277,1800.0,29.2,10.4,normal
1697511425.134,46.251,1800.0,27.6,10.6,normal
1697511425.637,45.764,1800.0,4.0,10.6,normal
1697511426.139,45.764,1800.0,3.5,10.6,normal
1697511426.642,46.251,1800.0,3.5,10.6,normal
1697511427.144,45.277,1800.0,4.0,10.6,normal
1697511427.647,45.764,1800.0,3.5,10.6,normal
1697511428.149,45.277,1800.0,3.5,10.6,normal
1697511428.652,45.277,1800.0,3.0,10.6,normal
1697511429.154,46.738,1800.0,5.4,10.6,normal
1697511429.66,44.79,600.0,4.5,10.6,normal
1697511430.164,45.277,1200.0,7.5,10.3,normal
1697511430.667,45.764,1800.0,28.7,10.4,normal
1697511431.17,45.764,1800.0,22.4,10.6,normal
1697511431.672,45.277,1800.0,3.5,10.6,normal
1697511432.175,44.79,1800.0,3.5,10.6,normal
1697511432.677,45.764,1800.0,2.5,10.6,normal
1697511433.18,45.277,1800.0,4.0,10.6,normal
1697511433.682,46.251,1800.0,4.5,10.6,normal
1697511434.185,45.277,1800.0,4.0,10.6,normal
1697511434.687,46.251,1800.0,3.5,10.6,normal
1697511435.19,45.764,1800.0,4.5,10.6,normal
1697511435.695,45.277,700.0,4.4,10.6,normal
1697511436.2,45.277,1800.0,11.9,9.9,normal
1697511436.704,47.225,1800.0,31.8,10.6,normal
1697511437.207,45.764,1800.0,16.0,10.7,normal
1697511437.709,45.764,1800.0,3.5,10.7,normal
1697511438.212,45.277,1800.0,3.0,10.7,normal
1697511438.714,44.79,1800.0,2.0,10.7,normal
1697511439.217,46.251,1800.0,5.0,10.7,normal
1697511439.719,45.764,1800.0,4.0,10.7,normal
1697511440.222,47.225,1800.0,4.4,10.7,normal
1697511440.724,47.225,1800.0,3.5,10.7,normal
1697511441.23,46.251,700.0,3.0,10.7,normal
1697511441.734,45.277,800.0,6.4,10.7,normal
1697511442.237,45.764,1800.0,12.6,10.2,normal
1697511442.74,47.712,1800.0,37.8,10.6,normal
1697511443.243,46.251,1800.0,7.5,10.7,normal
1697511443.745,46.251,1800.0,4.0,10.7,normal
1697511444.248,46.251,1800.0,4.0,10.7,normal
1697511444.75,46.251,1800.0,3.0,10.7,normal
1697511445.253,45.764,1800.0,4.5,10.7,normal
1697511445.755,46.738,1800.0,3.0,10.7,normal
1697511446.258,45.764,1800.0,3.5,10.7,normal
1697511446.761,45.277,1800.0,3.0,10.7,normal
1697511447.264,46.738,1200.0,5.4,10.7,normal
1697511447.769,45.764,700.0,4.9,10.7,normal
1697511448.272,45.277,1800.0,17.0,10.2,normal
1697511448.774,46.251,1800.0,37.3,10.6,normal
1697511449.277,46.738,1800.0,4.5,10.6,normal
1697511449.779,46.738,1800.0,2.5,10.7,normal
1697511450.282,45.764,1800.0,3.9,10.7,normal
1697511450.785,46.251,1800.0,2.5,10.7,normal
1697511451.287,45.764,1800.0,4.0,10.7,normal
1697511451.79,45.277,1800.0,2.5,10.7,normal
1697511452.292,44.79,1800.0,2.0,10.7,normal
1697511452.795,46.251,1800.0,2.5,10.7,normal
1697511453.298,45.277,1100.0,4.5,10.7,normal
1697511453.802,45.277,900.0,4.0,10.7,normal
1697511454.305,47.225,1800.0,23.9,10.3,normal
1697511454.808,45.764,1800.0,31.7,10.6,normal
1697511455.311,45.764,1800.0,4.5,10.6,normal
1697511455.813,46.251,1800.0,3.5,10.6,normal
1697511456.316,45.277,1800.0,4.0,10.6,normal
1697511456.818,46.251,1800.0,3.0,10.7,normal
1697511457.321,45.764,1800.0,3.5,10.7,normal
1697511457.823,45.764,1800.0,3.5,10.7,normal
1697511458.326,46.251,1800.0,3.5,10.7,normal
1697511458.829,45.764,1800.0,3.0,10.7,normal
1697511459.332,46.251,1000.0,5.9,10.7,normal
1697511459.836,45.277,1000.0,5.4,10.7,normal
1697511460.339,46.738,1800.0,14.5,10.2,normal
1697511460.842,46.738,1800.0,38.0,10.6,normal
1697511461.345,46.251,1800.0,5.5,10.6,normal
1697511461.847,45.277,1800.0,4.9,10.6,normal
1697511462.35,45.277,1800.0,3.5,10.6,normal
1697511462.852,46.251,1800.0,3.5,10.6,normal
1697511463.355,46.251,1800.0,2.5,10.6,normal
1697511463.857,46.251,1800.0,4.9,10.6,normal
1697511464.36,45.277,1800.0,4.0,10.7,normal
1697511464.862,44.79,1800.0,3.5,10.7,normal
1697511465.367,45.764,700.0,1.5,10.7,normal
1697511465.872,44.303,700.0,5.4,10.7,normal
1697511466.377,44.303,1000.0,6.5,9.6,normal
1697511466.88,46.738,1800.0,31.0,10.5,normal
1697511467.383,45.764,1800.0,20.5,10.7,normal
1697511467.885,45.277,1800.0,2.5,10.7,normal
1697511468.388,44.303,1800.0,2.5,10.7,normal
1697511468.891,45.764,1800.0,6.4,10.7,normal
1697511469.395,45.764,1800.0,3.5,10.7,normal
1697511469.898,45.277,1800.0,3.5,10.7,normal
1697511470.401,44.303,1800.0,3.0,10.7,normal
1697511470.903,45.764,1800.0,4.4,10.7,normal
1697511471.406,45.277,1800.0,3.0,10.7,normal
1697511471.91,45.277,800.0,5.4,10.7,normal
1697511472.415,46.251,700.0,5.0,10.7,normal
1697511472.919,46.251,1800.0,26.7,10.4,normal
1697511473.422,45.277,1800.0,29.4,10.7,normal
1697511473.924,45.277,1800.0,3.5,10.7,normal
1697511474.427,45.764,1800.0,4.0,10.7,normal
1697511474.929,45.277,1800.0,4.0,10.7,normal
1697511475.432,45.277,1800.0,3.5,10.7,normal
1697511475.935,45.277,1800.0,3.5,10.7,normal
1697511476.437,44.79,1800.0,3.0,10.7,normal
1697511476.939,45.764,1800.0,4.5,10.7,normal
1697511477.442,46.251,1800.0,4.0,10.7,normal
1697511477.947,44.303,600.0,5.4,10.7,normal
1697511478.452,45.277,900.0,5.9,10.7,normal
1697511478.955,46.251,1800.0,21.8,10.2,normal
1697511479.457,46.738,1800.0,36.4,10.6,normal
1697511479.96,45.764,1800.0,3.5,10.6,normal
1697511480.462,45.764,1800.0,3.0,10.6,normal
1697511480.965,45.277,1800.0,5.0,10.6,normal
1697511481.467,44.79,1800.0,4.0,10.6,normal
1697511481.97,45.277,1800.0,3.5,10.6,normal
1697511482.472,45.277,1800.0,3.5,10.7,normal
1697511482.975,45.277,1800.0,3.0,10.6,normal
1697511483.478,45.764,1800.0,3.5,10.6,normal
1697511483.983,45.277,600.0,3.9,10.7,normal
1697511484.489,45.764,600.0,5.4,10.6,normal
1697511484.992,47.225,1800.0,24.4,10.4,normal
1697511485.495,45.277,1800.0,32.7,10.7,normal
1697511485.997,46.251,1800.0,2.5,10.7,normal
1697511486.5,45.764,1800.0,4.0,10.7,normal
1697511487.002,45.277,1800.0,3.0,10.7,normal
1697511487.505,45.277,1800.0,4.0,10.7,normal
1697511488.008,46.251,1800.0,4.0,10.7,normal
1697511488.51,45.764,1800.0,4.0,10.7,normal
1697511489.013,45.764,1800.0,4.0,10.7,normal
1697511489.515,44.79,1800.0,5.9,10.7,normal
1697511490.021,46.251,600.0,3.0,10.7,normal
1697511490.526,44.79,600.0,5.4,10.7,normal
1697511491.029,46.738,1800.0,17.0,10.2,normal
1697511491.532,45.277,1800.0,37.8,10.6,normal
1697511492.035,45.277,1800.0,3.0,10.7,normal
1697511492.537,46.251,1800.0,2.5,10.7,normal
1697511493.04,45.277,1800.0,3.0,10.7,normal
1697511493.542,44.303,1800.0,3.0,10.7,normal
1697511494.045,44.303,1800.0,3.0,10.7,normal
1697511494.548,45.277,1800.0,2.0,10.7,normal
1697511495.05,44.79,1800.0,2.5,10.7,normal
1697511495.553,45.764,1800.0,3.0,10.7,normal
1697511496.058,45.764,600.0,3.4,10.7,normal
1697511496.564,45.764,600.0,4.9,10.7,normal
1697511497.067,45.764,1800.0,9.5,9.6,normal
1697511497.571,46.738,1800.0,28.7,10.5,normal
1697511498.074,45.764,1800.0,19.2,10.7,normal
1697511498.576,45.764,1800.0,3.0,10.7,normal
1697511499.079,45.764,1800.0,4.0,10.7,normal
1697511499.581,46.251,1800.0,3.0,10.7,normal
1697511500.084,45.277,1800.0,4.0,10.7,normal
1697511500.586,45.764,1800.0,4.0,10.7,normal
1697511501.089,44.79,1800.0,4.0,10.7,normal
1697511501.591,45.277,1800.0,3.5,10.7,normal
1697511502.096,45.277,700.0,3.0,10.7,normal
1697511502.602,45.277,600.0,5.9,10.7,normal
1697511503.108,44.303,600.0,5.4,10.6,normal
1697511503.611,45.764,1800.0,27.7,10.5,normal
1697511504.114,45.764,1800.0,26.3,10.6,normal
1697511504.616,46.251,1800.0,3.5,10.6,normal
1697511505.119,46.251,1800.0,4.5,10.7,normal
1697511505.621,46.251,1800.0,4.0,10.7,normal
1697511506.124,46.251,1800.0,3.5,10.7,normal
1697511506.626,46.738,1800.0,3.0,10.7,normal
1697511507.129,46.251,1800.0,4.0,10.7,normal
1697511507.632,45.764,1800.0,3.5,10.7,normal
1697511508.134,45.764,1800.0,3.5,10.7,normal
1697511508.64,44.79,600.0,4.9,10.7,normal
1697511509.145,43.816,600.0,4.5,10.7,normal
1697511509.648,46.738,1800.0,23.4,10.3,normal
1697511510.151,46.251,1800.0,33.5,10.6,normal
1697511510.654,44.79,1800.0,3.0,10.6,normal
1697511511.156,45.764,1800.0,4.0,10.6,normal
1697511511.659,45.277,1800.0,3.0,10.6,normal
1697511512.161,45.764,1800.0,4.0,10.6,normal
1697511512.664,46.251,1800.0,4.5,10.6,normal
1697511513.167,45.277,1800.0,4.4,10.6,normal
1697511513.669,44.79,1800.0,2.5,10.6,normal
1697511514.171,45.764,1800.0,4.0,10.6,normal
1697511514.677,44.303,700.0,3.5,10.6,normal
1697511515.182,44.79,600.0,5.9,10.6,normal
1697511515.685,45.277,1800.0,15.0,10.2,normal
1697511516.188,47.225,1800.0,37.0,10.6,normal
1697511516.69,45.277,1800.0,7.5,10.7,normal
1697511517.193,44.79,1800.0,3.5,10.7,normal
1697511517.696,46.738,1800.0,3.5,10.7,normal
1697511518.199,44.79,1800.0,4.0,10.7,normal
1697511518.701,44.79,1800.0,3.0,10.7,normal
1697511519.204,45.277,1800.0,3.5,10.7,normal
1697511519.707,45.764,1800.0,4.9,10.7,normal
1697511520.209,44.303,1800.0,3.0,10.7,normal
1697511520.714,45.277,700.0,3.0,10.7,normal
1697511521.219,45.277,800.0,5.0,10.7,normal
1697511521.722,45.764,1800.0,20.3,10.3,normal
1697511522.225,46.251,1800.0,37.3,10.7,normal
1697511522.727,45.277,1800.0,4.0,10.7,normal
1697511523.23,45.764,1800.0,2.0,10.7,normal
1697511523.733,45.277,1800.0,5.0,10.7,normal
1697511524.235,45.764,1800.0,3.0,10.7,normal
1697511524.738,44.79,1800.0,4.0,10.7,normal
1697511525.24,46.251,1800.0,1.5,10.7,normal
1697511525.743,44.303,1800.0,3.5,10.7,normal
1697511526.245,46.251,1800.0,2.0,10.7,normal
1697511526.75,45.277,900.0,2.5,10.7,normal
1697511527.256,44.303,600.0,4.4,10.7,normal
1697511527.759,45.277,1800.0,9.9,9.7,normal
1697511528.263,46.251,1800.0,29.4,10.6,normal
1697511528.766,45.764,1800.0,20.8,10.7,normal
1697511529.269,46.251,1800.0,2.0,10.7,normal
1697511529.771,45.764,1800.0,3.0,10.7,normal
1697511530.274,45.764,1800.0,2.5,10.7,normal
1697511530.776,45.277,1800.0,2.0,10.7,normal
1697511531.279,46.251,1800.0,6.5,10.7,normal
1697511531.781,45.277,1800.0,3.0,10.7,normal
1697511532.284,45.764,1800.0,2.5,10.7,normal
1697511532.789,45.277,700.0,4.4,10.7,normal
1697511533.293,45.764,900.0,5.0,10.7,normal
1697511533.797,44.79,900.0,4.5,10.7,normal
1697511534.3,46.251,1800.0,28.2,10.5,normal
1697511534.803,46.251,1800.0,25.6,10.7,normal
1697511535.305,46.251,1800.0,3.5,10.7,normal
1697511535.808,45.277,1800.0,3.0,10.7,normal
1697511536.31,45.277,1800.0,3.0,10.7,normal
1697511536.813,46.251,1800.0,2.5,10.7,normal
1697511537.315,45.277,1800.0,3.0,10.7,normal
1697511537.818,44.79,1800.0,2.5,10.7,normal
1697511538.32,45.764,1800.0,3.0,10.7,normal
1697511538.823,45.277,1800.0,3.5,10.7,normal
1697511539.329,44.79,600.0,5.4,10.7,normal
1697511539.831,45.764,1800.0,7.6,9.6,normal
1697511540.335,46.738,1800.0,28.9,10.6,normal
1697511540.837,46.251,1800.0,20.2,10.7,normal
1697511541.34,44.79,1800.0,4.5,10.7,normal
1697511541.842,46.738,1800.0,2.5,10.7,normal
1697511542.345,45.764,1800.0,4.0,10.7,normal
1697511542.847,45.764,1800.0,3.5,10.7,normal
1697511543.35,44.79,1800.0,4.5,10.7,normal
1697511543.852,46.251,1800.0,3.0,10.7,normal
1697511544.355,46.738,1800.0,3.5,10.7,normal
1697511544.86,45.764,700.0,3.9,10.7,normal
1697511545.364,45.277,1000.0,4.5,10.7,normal
1697511545.867,46.738,1800.0,15.0,10.2,normal
1697511546.37,46.738,1800.0,34.7,10.6,normal
1697511546.872,46.251,1800.0,8.5,10.7,normal
1697511547.375,45.764,1800.0,3.5,10.7,normal
1697511547.877,45.764,1800.0,4.0,10.7,normal
1697511548.38,45.764,1800.0,3.0,10.7,normal
1697511548.882,45.277,1800.0,3.5,10.7,normal
1697511549.385,45.764,1800.0,3.5,10.7,normal
1697511549.887,46.251,1800.0,3.5,10.7,normal
1697511550.39,45.764,1800.0,3.5,10.7,normal
1697511550.894,46.251,800.0,4.4,10.7,normal
1697511551.398,45.277,1100.0,6.0,10.7,normal
1697511551.901,46.251,1800.0,18.5,10.2,normal
1697511552.403,46.251,1800.0,37.6,10.6,normal
1697511552.906,46.251,1800.0,3.0,10.6,normal
1697511553.408,46.738,1800.0,3.5,10.7,normal
1697511553.911,45.277,1800.0,3.0,10.7,normal
1697511554.414,45.277,1800.0,3.0,10.7,normal
1697511554.916,45.277,1800.0,3.0,10.7,normal
1697511555.419,46.251,1800.0,3.0,10.7,normal
1697511555.921,44.79,1800.0,4.5,10.7,normal
1697511556.424,46.251,1800.0,3.0,10.7,normal
1697511556.929,45.277,600.0,3.5,10.7,normal
1697511557.435,44.303,600.0,4.4,10.7,normal
1697511557.938,45.764,1800.0,25.2,10.2,normal
1697511558.44,46.738,1800.0,33.2,10.6,normal
1697511558.943,45.764,1800.0,4.5,10.6,normal
1697511559.445,45.277,1800.0,4.0,10.6,normal
1697511559.948,46.251,1800.0,4.0,10.6,normal
1697511560.45,45.764,1800.0,4.4,10.6,normal
1697511560.953,45.764,1800.0,3.5,10.7,normal
1697511561.455,45.277,1800.0,2.5,10.7,normal
1697511561.958,46.251,1800.0,4.5,10.7,normal
1697511562.461,45.764,1800.0,3.0,10.7,normal
1697511562.966,45.277,600.0,4.4,10.7,normal
1697511563.472,44.79,600.0,4.9,10.7,normal
1697511563.975,45.764,1800.0,24.5,10.4,normal
1697511564.478,45.764,1800.0,30.8,10.7,normal
1697511564.984,45.277,1800.0,3.0,10.7,normal
1697511565.486,46.251,1800.0,4.0,10.7,normal
1697511565.989,45.277,1800.0,3.0,10.7,normal
1697511566.491,45.764,1800.0,4.0,10.7,normal
1697511566.994,45.764,1800.0,3.0,10.7,normal
1697511567.496,44.303,1800.0,3.0,10.7,normal
1697511567.999,46.251,1800.0,3.5,10.7,normal
1697511568.502,45.277,1800.0,3.5,10.7,normal
1697511569.007,44.79,600.0,5.9,10.7,normal
1697511569.513,45.277,600.0,5.9,10.7,normal
1697511570.015,46.251,1800.0,18.4,10.3,normal
1697511570.518,46.251,1800.0,36.9,10.7,normal
1697511571.02,46.251,1800.0,3.5,10.7,normal
1697511571.523,45.277,1800.0,3.5,10.7,normal
1697511572.026,45.764,1800.0,2.5,10.7,normal
1697511572.528,46.251,1800.0,4.0,10.7,normal
1697511573.031,44.79,1800.0,4.0,10.7,normal
1697511573.533,44.79,1800.0,2.0,10.7,normal
1697511574.036,45.277,1800.0,3.0,10.7,normal
1697511574.538,45.277,1800.0,4.5,10.7,normal
1697511575.044,45.277,600.0,4.4,10.7,normal
1697511575.55,44.79,600.0,4.4,10.7,normal
1697511576.053,46.738,1800.0,22.5,10.3,normal
1697511576.556,45.764,1800.0,33.2,10.6,normal
1697511577.058,44.79,1800.0,3.5,10.6,normal
1697511577.561,45.277,1800.0,3.5,10.6,normal
1697511578.063,46.251,1800.0,3.0,10.7,normal
1697511578.566,45.764,1800.0,2.0,10.7,normal
1697511579.068,46.251,1800.0,3.5,10.7,normal
1697511579.571,45.764,1800.0,3.0,10.7,normal
1697511580.074,46.251,1800.0,3.5,10.7,normal
1697511580.576,43.816,1800.0,3.0,10.7,normal
1697511581.082,45.277,600.0,3.9,10.7,normal
1697511581.588,45.277,600.0,4.5,10.7,normal
1697511582.091,46.738,1800.0,27.9,10.4,normal
1697511582.594,45.277,1800.0,28.1,10.7,normal
1697511583.096,45.764,1800.0,4.0,10.7,normal
1697511583.599,45.764,1800.0,4.0,10.7,normal
1697511584.101,45.764,1800.0,4.0,10.7,normal
1697511584.604,45.277,1800.0,4.0,10.7,normal
1697511585.106,45.277,1800.0,3.5,10.7,normal
1697511585.609,45.277,1800.0,4.0,10.7,normal
1697511586.112,44.79,1800.0,1.0,10.7,normal
1697511586.614,46.251,1800.0,3.9,10.7,normal
1697511587.12,45.277,600.0,1.0,10.7,normal
1697511587.625,44.79,700.0,4.5,10.7,normal
1697511588.128,45.277,1800.0,18.9,10.2,normal
1697511588.63,45.277,1800.0,36.5,10.6,normal
1697511589.133,45.764,1800.0,1.0,10.6,normal
1697511589.635,45.277,1800.0,5.4,10.6,normal
1697511590.138,46.738,1800.0,4.0,10.6,normal
1697511590.64,45.764,1800.0,3.5,10.6,normal
1697511591.143,44.79,1800.0,3.5,10.7,normal
1697511591.645,45.277,1800.0,3.0,10.7,normal
1697511592.148,44.79,1800.0,3.5,10.7,normal
1697511592.651,45.277,1800.0,4.5,10.7,normal
1697511593.156,45.277,600.0,3.5,10.7,normal
1697511593.661,44.79,700.0,4.9,10.7,normal
1697511594.164,45.764,1800.0,12.0,10.0,normal
1697511594.668,46.738,1800.0,36.0,10.6,normal
1697511595.171,46.738,1800.0,11.9,10.6,normal
1697511595.673,46.251,1800.0,3.0,10.6,normal
1697511596.176,45.277,1800.0,3.5,10.6,normal
1697511596.678,46.251,1800.0,3.5,10.6,normal
1697511597.181,45.764,1800.0,4.0,10.7,normal
1697511597.683,45.277,1800.0,3.9,10.6,normal
1697511598.186,44.79,1800.0,3.5,10.7,normal
1697511598.688,44.79,1800.0,5.0,10.7,normal
1697511599.194,45.277,700.0,3.5,10.6,normal
1697511599.7,45.277,600.0,5.0,10.7,normal
1697511600.206,46.251,600.0,6.9,10.6,normal
1697511600.709,45.764,1800.0,30.5,10.4,normal
1697511601.212,45.277,1800.0,24.6,10.6,normal
1697511601.714,45.764,1800.0,4.0,10.6,normal
1697511602.217,44.79,1800.0,3.5,10.6,normal
1697511602.719,45.764,1800.0,5.0,10.6,normal
1697511603.222,44.303,1800.0,4.0,10.7,normal
1697511603.725,45.764,1800.0,3.0,10.7,normal
1697511604.227,45.277,1800.0,3.5,10.7,normal
1697511604.73,46.251,1800.0,3.9,10.7,normal
1697511605.232,45.277,1800.0,3.5,10.7,normal
1697511605.737,45.277,800.0,5.4,10.7,normal
1697511606.24,46.251,1800.0,8.0,9.8,normal
1697511606.744,45.764,1800.0,32.2,10.6,normal
1697511607.247,44.79,1800.0,17.2,10.7,normal
1697511607.749,46.251,1800.0,2.5,10.7,normal
1697511608.251,45.764,1800.0,4.0,10.7,normal
1697511608.754,45.764,1800.0,4.0,10.7,normal
1697511609.256,44.79,1800.0,4.0,10.7,normal
1697511609.759,44.79,1800.0,4.0,10.7,normal
1697511610.261,44.79,1800.0,3.5,10.7,normal
1697511610.764,45.764,1800.0,3.5,10.7,normal
1697511611.269,45.277,700.0,3.4,10.7,normal
1697511611.774,45.277,800.0,5.0,10.7,normal
1697511612.276,45.277,1800.0,14.6,10.2,normal
1697511612.779,47.225,1800.0,37.8,10.7,normal
1697511613.282,45.277,1800.0,7.4,10.7,normal
1697511613.784,46.251,1800.0,4.5,10.7,normal
1697511614.287,45.764,1800.0,4.0,10.7,normal
1697511614.789,44.79,1800.0,4.0,10.7,normal
1697511615.292,46.738,1800.0,3.5,10.7,normal
1697511615.795,45.277,1800.0,3.5,10.7,normal
1697511616.297,45.764,1800.0,4.0,10.7,normal
1697511616.8,45.764,1800.0,4.0,10.7,normal
1697511617.305,45.277,700.0,3.0,10.7,normal
1697511617.809,45.764,800.0,4.0,10.7,normal
1697511618.313,46.251,1100.0,7.5,10.3,normal
1697511618.816,46.738,1800.0,29.9,10.5,normal
1697511619.319,45.764,1800.0,23.4,10.6,normal
1697511619.821,45.764,1800.0,2.5,10.6,normal
1697511620.324,45.277,1800.0,2.5,10.6,normal
1697511620.826,45.764,1800.0,3.5,10.6,normal
1697511621.329,46.251,1800.0,3.5,10.6,normal
1697511621.831,45.764,1800.0,3.0,10.6,normal
1697511622.334,44.79,1800.0,1.5,10.6,normal
1697511622.837,45.277,1800.0,4.0,10.6,normal
1697511623.339,44.79,1800.0,3.5,10.6,normal
1697511623.843,45.277,900.0,4.0,10.7,normal
1697511624.348,44.79,1000.0,5.9,10.7,normal
1697511624.852,45.764,1800.0,24.3,10.4,normal
1697511625.354,46.251,1800.0,30.3,10.7,normal
1697511625.857,45.277,1800.0,3.0,10.7,normal
1697511626.359,45.277,1800.0,3.5,10.7,normal
1697511626.862,45.764,1800.0,3.0,10.7,normal
1697511627.365,45.764,1800.0,4.0,10.7,normal
1697511627.867,46.251,1800.0,3.5,10.6,normal
1697511628.37,45.277,1800.0,3.5,10.7,normal
1697511628.872,45.277,1800.0,3.5,10.7,normal
1697511629.375,44.79,1800.0,4.5,10.7,normal
1697511629.879,46.251,900.0,4.5,10.7,normal
1697511630.383,45.764,800.0,3.5,10.6,normal
1697511630.887,45.764,1800.0,28.7,10.4,normal
1697511631.389,44.79,1800.0,25.8,10.6,normal
1697511631.892,45.277,1800.0,3.9,10.6,normal
1697511632.395,45.277,1800.0,3.0,10.7,normal
1697511632.897,45.764,1800.0,3.0,10.7,normal
1697511633.4,45.277,1800.0,3.5,10.7,normal
1697511633.902,45.764,1800.0,3.0,10.7,normal
1697511634.405,46.738,1800.0,4.0,10.7,normal
1697511634.907,45.764,1800.0,4.0,10.7,normal
1697511635.41,44.79,1800.0,3.0,10.7,normal
1697511635.915,45.277,600.0,4.9,10.7,normal
1697511636.419,45.764,1200.0,8.9,9.7,normal
1697511636.922,45.764,1800.0,29.4,10.6,normal
1697511637.425,46.251,1800.0,21.6,10.7,normal
1697511637.927,46.251,1800.0,3.5,10.7,normal
1697511638.43,46.251,1800.0,2.5,10.7,normal
1697511638.932,45.764,1800.0,2.5,10.7,normal
1697511639.435,45.764,1800.0,4.4,10.7,normal
1697511639.938,46.251,1800.0,2.0,10.7,normal
1697511640.44,45.277,1800.0,3.0,10.7,normal
1697511640.943,44.303,1800.0,3.5,10.7,normal
1697511641.445,46.251,1800.0,3.0,10.7,normal
1697511641.95,45.764,700.0,5.0,10.7,normal
1697511642.455,45.764,700.0,5.4,10.7,normal
1697511642.959,46.251,1800.0,25.9,10.4,normal
1697511643.461,46.738,1800.0,30.2,10.7,normal
1697511643.964,45.277,1800.0,3.0,10.7,normal
1697511644.466,44.79,1800.0,4.9,10.7,normal
1697511644.969,45.277,1800.0,3.5,10.7,normal
1697511645.472,44.79,1800.0,5.0,10.7,normal
1697511645.974,45.277,1800.0,1.5,10.7,normal
1697511646.477,46.251,1800.0,3.5,10.7,normal
1697511646.979,46.251,1800.0,3.5,10.7,normal
1697511647.482,45.764,1800.0,2.0,10.7,normal
1697511647.986,45.764,800.0,2.5,10.7,normal
1697511648.492,45.277,600.0,1.5,10.7,normal
1697511648.996,46.251,1800.0,26.2,10.4,normal
1697511649.498,46.738,1800.0,27.9,10.7,normal
1697511650.001,46.251,1800.0,4.0,10.7,normal
1697511650.504,45.764,1800.0,3.5,10.7,normal
1697511651.006,45.277,1800.0,3.0,10.7,normal
1697511651.509,46.251,1800.0,3.5,10.7,normal
1697511652.011,45.277,1800.0,4.0,10.7,normal
1697511652.514,45.764,1800.0,4.5,10.7,normal
1697511653.016,45.277,1800.0,3.0,10.7,normal
1697511653.519,45.764,1800.0,3.5,10.7,normal
1697511654.024,44.79,600.0,5.0,10.7,normal
1697511654.53,44.79,600.0,5.9,10.7,normal
1697511655.033,45.764,1800.0,22.0,10.4,normal
1697511655.536,45.764,1800.0,31.8,10.7,normal
1697511656.038,44.79,1800.0,4.0,10.7,normal
1697511656.541,45.277,1800.0,3.5,10.7,normal
1697511657.043,45.764,1800.0,3.0,10.7,normal
1697511657.546,46.251,1800.0,3.0,10.7,normal
1697511658.048,45.764,1800.0,4.0,10.7,normal
1697511658.551,45.764,1800.0,3.5,10.7,normal
1697511659.054,46.738,1800.0,12.4,10.7,normal
1697511659.556,45.764,1800.0,4.0,10.7,normal
1697511660.062,45.764,600.0,5.0,10.7,normal
1697511660.567,44.303,600.0,4.0,10.7,normal
1697511661.07,45.764,1800.0,18.4,10.2,normal
1697511661.573,45.764,1800.0,36.2,10.6,normal
1697511662.076,45.277,1800.0,3.0,10.7,normal
1697511662.578,45.277,1800.0,4.0,10.7,normal
1697511663.081,45.764,1800.0,2.5,10.7,normal
1697511663.583,45.764,1800.0,3.5,10.7,normal
1697511664.086,44.79,1800.0,3.0,10.7,normal
1697511664.589,45.277,1800.0,3.5,10.7,normal
1697511665.091,46.251,1800.0,3.5,10.7,normal
1697511665.594,45.764,1800.0,3.5,10.7,normal
1697511666.098,44.79,700.0,3.9,10.7,normal
1697511666.604,45.764,600.0,5.0,10.7,normal
1697511667.108,45.764,1200.0,9.5,9.6,normal
1697511667.611,46.251,1800.0,28.2,10.5,normal
1697511668.114,45.764,1800.0,22.0,10.7,normal
1697511668.616,44.79,1800.0,5.4,10.7,normal
1697511669.119,45.764,1800.0,3.0,10.7,normal
1697511669.621,45.764,1800.0,4.0,10.7,normal
1697511670.124,45.277,1800.0,3.5,10.7,normal
1697511670.626,45.277,1800.0,4.0,10.7,normal
1697511671.129,46.251,1800.0,4.0,10.7,normal
1697511671.631,44.79,1800.0,3.5,10.7,normal
1697511672.134,45.277,1800.0,2.5,10.7,normal
1697511672.639,44.79,600.0,4.5,10.7,normal
1697511673.145,45.277,600.0,5.9,10.7,normal
1697511673.649,45.764,1800.0,25.9,10.4,normal
1697511674.151,45.277,1800.0,29.1,10.7,normal
1697511674.654,45.764,1800.0,4.5,10.7,normal
1697511675.156,45.764,1800.0,3.5,10.7,normal
1697511675.659,46.251,1800.0,4.0,10.7,normal
1697511676.161,45.277,1800.0,3.0,10.7,normal
1697511676.664,46.251,1800.0,4.0,10.7,normal
1697511677.167,45.764,1800.0,4.5,10.7,normal
1697511677.669,45.764,1800.0,3.0,10.7,normal
1697511678.172,45.764,1800.0,3.5,10.7,normal
1697511678.677,45.764,600.0,3.5,10.7,normal
1697511679.183,45.277,600.0,5.0,10.6,normal
1697511679.687,45.277,1800.0,30.2,10.4,normal
1697511680.19,46.251,1800.0,26.0,10.6,normal
1697511680.693,45.277,1800.0,2.5,10.6,normal
1697511681.195,45.764,1800.0,3.5,10.6,normal
1697511681.698,45.764,1800.0,4.5,10.6,normal
1697511682.201,45.764,1800.0,2.5,10.6,normal
1697511682.703,45.764,1800.0,4.0,10.6,normal
1697511683.206,45.277,1800.0,3.5,10.7,normal
1697511683.708,46.251,1800.0,5.0,10.7,normal
1697511684.211,45.277,1800.0,4.0,10.7,normal
1697511684.716,45.764,600.0,5.0,10.7,normal
1697511685.219,45.277,1800.0,9.5,9.5,normal
1697511685.723,46.738,1800.0,30.5,10.5,normal
1697511686.226,45.764,1800.0,20.6,10.6,normal
1697511686.728,45.764,1800.0,4.0,10.6,normal
1697511687.231,45.764,1800.0,3.5,10.6,normal
1697511687.733,45.764,1800.0,3.0,10.7,normal
1697511688.236,45.764,1800.0,3.5,10.7,normal
1697511688.738,46.738,1800.0,3.5,10.7,normal
1697511689.241,44.79,1800.0,3.0,10.7,normal
1697511689.743,44.79,1800.0,4.0,10.7,normal
1697511690.248,45.764,700.0,3.9,10.7,normal
1697511690.754,45.764,600.0,5.0,10.7,normal
1697511691.257,45.277,1800.0,13.9,10.1,normal
1697511691.76,46.738,1800.0,33.8,10.5,normal
1697511692.262,46.251,1800.0,12.5,10.6,normal
1697511692.765,45.764,1800.0,3.0,10.6,normal
1697511693.267,45.277,1800.0,3.5,10.6,normal
1697511693.77,45.764,1800.0,4.0,10.6,normal
1697511694.272,45.764,1800.0,4.0,10.6,normal
1697511694.775,44.79,1800.0,4.5,10.6,normal
1697511695.278,46.251,1800.0,3.0,10.7,normal
1697511695.78,45.764,1800.0,3.5,10.7,normal
1697511696.285,45.277,700.0,5.0,10.7,normal
1697511696.789,45.277,1000.0,4.5,10.7,normal
1697511697.292,45.277,1800.0,16.4,10.2,normal
1697511697.794,45.764,1800.0,36.0,10.6,normal
1697511698.297,45.764,1800.0,6.0,10.7,normal
1697511698.8,45.277,1800.0,3.0,10.7,normal
1697511699.302,45.764,1800.0,4.5,10.7,normal
1697511699.805,44.79,1800.0,3.0,10.7,normal
1697511700.307,45.764,1800.0,4.4,10.7,normal
1697511700.81,45.764,1800.0,3.5,10.7,normal
1697511701.312,46.251,1800.0,3.5,10.7,normal
1697511701.815,45.277,1800.0,3.0,10.7,normal
1697511702.319,46.251,1100.0,4.0,10.7,normal
1697511702.822,44.79,1000.0,3.5,10.7,normal
1697511703.327,45.277,1100.0,7.9,10.1,normal
1697511703.829,45.764,1800.0,28.7,10.4,normal
1697511704.332,46.251,1800.0,22.2,10.6,normal
1697511704.834,45.764,1800.0,3.9,10.6,normal
1697511705.337,45.277,1800.0,2.0,10.6,normal
1697511705.839,45.764,1800.0,2.5,10.6,normal
1697511706.342,46.251,1800.0,2.5,10.6,normal
1697511706.844,45.277,1800.0,3.5,10.6,normal
1697511707.347,46.251,1800.0,2.0,10.6,normal
1697511707.85,45.764,1800.0,3.5,10.7,normal
1697511708.352,45.277,1800.0,4.0,10.7,normal
1697511708.856,45.764,1000.0,7.0,10.7,normal
1697511709.359,44.79,1800.0,13.0,9.8,normal
1697511709.863,46.251,1800.0,32.5,10.6,normal
1697511710.366,46.738,1800.0,14.1,10.7,normal
1697511710.868,45.764,1800.0,2.5,10.7,normal
1697511711.371,45.764,1800.0,5.0,10.7,normal
1697511711.873,46.251,1800.0,4.0,10.7,normal
1697511712.376,45.277,1800.0,3.0,10.7,normal
1697511712.878,44.79,1800.0,3.5,10.7,normal
1697511713.381,45.277,1800.0,4.9,10.7,normal
1697511713.883,45.764,1800.0,2.5,10.7,normal
1697511714.388,46.251,800.0,4.5,10.7,normal
1697511714.893,45.277,700.0,5.4,10.7,normal
1697511715.396,45.277,1800.0,17.0,10.2,normal
1697511715.899,45.764,1800.0,36.7,10.6,normal
1697511716.401,45.277,1800.0,5.0,10.6,normal
1697511716.904,46.251,1800.0,4.0,10.6,normal
1697511717.407,46.251,1800.0,4.5,10.6,normal
1697511717.909,45.764,1800.0,3.0,10.6,normal
1697511718.412,45.277,1800.0,3.5,10.6,normal
1697511718.914,46.251,1800.0,2.5,10.6,normal
1697511719.417,45.764,1800.0,4.5,10.6,normal
1697511719.919,46.251,1800.0,3.0,10.6,normal
1697511720.425,45.764,600.0,3.5,10.6,normal
1697511720.93,44.303,700.0,3.5,10.7,normal
1697511721.434,44.303,800.0,12.4,9.6,normal
1697511721.937,45.764,1800.0,27.9,10.5,normal
1697511722.44,45.277,1800.0,20.6,10.6,normal
1697511722.942,46.251,1800.0,3.5,10.6,normal
1697511723.445,44.79,1800.0,4.0,10.6,normal
1697511723.947,45.277,1800.0,3.0,10.6,normal
1697511724.45,45.764,1800.0,4.0,10.6,normal
1697511724.953,45.277,1800.0,3.5,10.6,normal
1697511725.455,45.764,1800.0,4.0,10.7,normal
1697511725.958,46.738,1800.0,3.9,10.6,normal
1697511726.462,46.251,1250.0,3.5,10.7,normal
1697511726.968,45.764,600.0,5.5,10.7,normal
1697511727.471,45.277,1800.0,12.0,9.9,normal
1697511727.975,46.251,1800.0,34.1,10.5,normal
1697511728.478,45.764,1800.0,12.5,10.6,normal
1697511728.981,45.277,1800.0,2.5,10.6,normal
1697511729.483,45.277,1800.0,4.5,10.6,normal
1697511729.986,46.738,1800.0,3.5,10.6,normal
1697511730.488,45.764,1800.0,3.0,10.6,normal
1697511730.991,46.738,1800.0,3.5,10.6,normal
1697511731.494,46.251,1800.0,4.0,10.7,normal
1697511731.996,45.277,1800.0,3.5,10.7,normal
1697511732.501,44.79,700.0,3.0,10.7,normal
1697511733.007,45.764,600.0,4.9,10.7,normal
1697511733.509,45.277,1800.0,16.5,10.1,normal
1697511734.012,46.738,1800.0,37.0,10.6,normal
1697511734.515,45.764,1800.0,6.5,10.6,normal
1697511735.017,45.277,1800.0,3.5,10.6,normal
1697511735.52,45.277,1800.0,3.5,10.6,normal
1697511736.023,45.764,1800.0,3.0,10.6,normal
1697511736.525,46.251,1800.0,3.5,10.7,normal
1697511737.028,45.764,1800.0,3.0,10.7,normal
1697511737.53,45.277,1800.0,3.5,10.7,normal
1697511738.033,46.251,1800.0,3.0,10.7,normal
1697511738.538,45.764,700.0,3.0,10.7,normal
1697511739.044,45.277,600.0,4.5,10.7,normal
1697511739.547,45.764,1800.0,21.8,10.3,normal
1697511740.05,46.251,1800.0,34.0,10.6,normal
1697511740.552,46.251,1800.0,3.5,10.6,normal
1697511741.055,45.764,1800.0,2.5,10.6,normal
1697511741.557,45.764,1800.0,3.5,10.7,normal
1697511742.06,44.79,1800.0,3.0,10.7,normal
1697511742.562,46.251,1800.0,1.0,10.7,normal
1697511743.065,45.764,1800.0,1.5,10.7,normal
1697511743.567,45.764,1800.0,5.0,10.7,normal
1697511744.07,45.764,1800.0,4.0,10.7,normal
1697511744.575,45.277,600.0,3.4,10.7,normal
1697511745.081,44.79,600.0,3.5,10.7,normal
1697511745.584,46.251,1800.0,13.4,10.0,normal
1697511746.088,46.738,1800.0,36.8,10.6,normal
1697511746.591,44.303,1800.0,8.0,10.6,normal
1697511747.093,46.251,1800.0,2.5,10.6,normal
1697511747.596,46.251,1800.0,3.0,10.6,normal
1697511748.098,45.277,1800.0,4.4,10.6,normal
1697511748.601,46.251,1800.0,2.5,10.6,normal
1697511749.103,45.277,1800.0,3.5,10.6,normal
1697511749.606,44.79,1800.0,3.5,10.6,normal
1697511750.108,45.764,1800.0,4.0,10.6,normal
1697511750.613,45.277,700.0,4.9,10.6,normal
1697511751.119,44.79,600.0,3.9,10.6,normal
1697511751.624,44.303,700.0,7.5,10.5,normal
1697511752.127,46.251,1800.0,29.9,10.5,normal
1697511752.63,45.277,1800.0,24.5,10.6,normal
1697511753.132,44.79,1800.0,3.0,10.6,normal
1697511753.635,45.764,1800.0,3.5,10.6,normal
1697511754.138,45.277,1800.0,3.5,10.6,normal
1697511754.64,45.277,1800.0,4.0,10.6,normal
1697511755.143,45.277,1800.0,4.0,10.6,normal
1697511755.645,45.764,1800.0,3.5,10.6,normal
1697511756.148,45.764,1800.0,4.0,10.6,normal
1697511756.65,44.303,1800.0,4.5,10.6,normal
1697511757.156,45.764,600.0,4.5,10.6,normal
1697511757.66,44.79,1800.0,11.9,9.7,normal
1697511758.163,46.251,1800.0,31.5,10.5,normal
1697511758.666,44.79,1800.0,16.0,10.6,normal
1697511759.169,45.277,1800.0,3.5,10.6,normal
1697511759.671,46.251,1800.0,4.0,10.6,normal
1697511760.174,46.251,1800.0,3.5,10.6,normal
1697511760.676,45.764,1800.0,3.5,10.6,normal
1697511761.179,44.79,1800.0,4.0,10.6,normal
1697511761.682,45.277,1800.0,3.0,10.6,normal
1697511762.184,45.764,1800.0,3.5,10.6,normal
1697511762.689,46.251,700.0,3.9,10.6,normal
1697511763.195,45.764,600.0,4.5,10.6,normal
1697511763.698,46.738,1800.0,16.0,10.1,normal
1697511764.201,47.225,1800.0,37.5,10.6,normal
1697511764.704,45.277,1800.0,9.0,10.6,normal
1697511765.207,46.251,1800.0,3.0,10.6,normal
1697511765.709,46.251,1800.0,4.0,10.6,normal
1697511766.212,45.764,1800.0,2.0,10.6,normal
1697511766.714,44.303,1800.0,1.5,10.6,normal
1697511767.217,45.764,1800.0,2.5,10.6,normal
1697511767.724,45.764,1800.0,0.5,10.6,normal
1697511768.226,45.277,1800.0,6.0,10.7,normal
1697511768.731,45.277,700.0,4.9,10.7,normal
1697511769.238,45.277,600.0,6.4,10.7,normal
1697511769.746,45.764,1800.0,20.7,10.3,normal
1697511770.248,46.738,1800.0,35.0,10.7,normal
1697511770.751,46.251,1800.0,4.5,10.7,normal
1697511771.253,46.251,1800.0,2.5,10.7,normal
1697511771.756,45.764,1800.0,4.5,10.7,normal
1697511772.258,45.764,1800.0,3.5,10.7,normal
1697511772.761,44.79,1800.0,4.0,10.7,normal
1697511773.264,45.277,1800.0,4.0,10.7,normal
1697511773.766,44.79,1800.0,3.5,10.7,normal
1697511774.269,45.764,1800.0,3.5,10.7,normal
1697511774.772,45.764,1100.0,5.4,10.7,normal
1697511775.277,45.764,700.0,4.9,10.7,normal
1697511775.779,45.277,1800.0,13.5,10.0,normal
1697511776.283,47.225,1800.0,35.5,10.5,normal
1697511776.786,45.764,1800.0,10.9,10.6,normal
1697511777.288,45.764,1800.0,4.0,10.6,normal
1697511777.791,45.277,1800.0,3.0,10.6,normal
1697511778.293,45.764,1800.0,3.5,10.6,normal
1697511778.796,45.277,1800.0,3.0,10.6,normal
1697511779.298,45.764,1800.0,5.9,10.7,normal
1697511779.801,46.251,1800.0,3.5,10.7,normal
1697511780.304,45.764,1800.0,3.5,10.7,normal
1697511780.808,45.764,800.0,4.0,10.7,normal
1697511781.312,45.277,1000.0,6.9,10.7,normal
1697511781.817,46.251,1100.0,7.0,10.5,normal
1697511782.32,46.738,1800.0,28.5,10.5,normal
1697511782.823,45.764,1800.0,22.4,10.7,normal
1697511783.325,46.738,1800.0,5.4,10.6,normal
1697511783.828,45.764,1800.0,3.5,10.6,normal
1697511784.33,46.251,1800.0,4.0,10.7,normal
1697511784.833,45.764,1800.0,3.9,10.6,normal
1697511785.335,44.303,1800.0,2.5,10.7,normal
1697511785.838,45.277,1800.0,3.0,10.7,normal
1697511786.341,46.251,1800.0,1.5,10.7,normal
1697511786.843,45.764,1800.0,5.9,10.7,normal
1697511787.347,45.277,900.0,4.0,10.7,normal
1697511787.85,45.764,1800.0,13.0,10.1,normal
1697511788.354,45.764,1800.0,34.0,10.7,normal
1697511788.856,45.277,1800.0,11.0,10.7,normal
1697511789.359,45.277,1800.0,3.5,10.7,normal
1697511789.861,45.277,1800.0,4.0,10.7,normal
1697511790.364,46.251,1800.0,2.5,10.7,normal
1697511790.866,45.764,1800.0,3.5,10.7,normal
1697511791.369,45.764,1800.0,3.5,10.7,normal
1697511791.872,45.277,1800.0,5.0,10.7,normal
1697511792.374,44.79,1800.0,3.5,10.7,normal
1697511792.879,45.764,700.0,3.5,10.7,normal
1697511793.383,44.79,900.0,4.4,10.7,normal
1697511793.886,44.79,1800.0,16.9,10.2,normal
1697511794.389,48.199,1800.0,38.3,10.5,normal
1697511794.892,45.764,1800.0,4.5,10.6,normal
1697511795.394,45.764,1800.0,4.0,10.6,normal
1697511795.897,46.251,1800.0,3.5,10.6,normal
1697511796.4,45.277,1800.0,5.4,10.6,normal
1697511796.902,45.764,1800.0,3.0,10.6,normal
1697511797.405,45.277,1800.0,3.0,10.6,normal
1697511797.907,45.277,1800.0,3.5,10.6,normal
1697511798.41,45.764,1800.0,4.5,10.6,normal
1697511798.914,44.79,800.0,4.5,10.6,normal
1697511799.419,45.277,800.0,5.0,10.6,normal
1697511799.922,45.764,1800.0,21.0,10.3,normal
1697511800.424,45.764,1800.0,34.7,10.7,normal
1697511800.927,44.303,1800.0,3.0,10.7,normal
1697511801.43,47.225,1800.0,3.5,10.7,normal
1697511801.932,46.251,1800.0,2.5,10.7,normal
1697511802.435,45.277,1800.0,3.0,10.7,normal
1697511802.937,46.738,1800.0,5.9,10.6,normal
1697511803.44,45.764,1800.0,2.5,10.6,normal
1697511803.942,45.277,1800.0,3.9,10.6,normal
1697511804.445,45.764,1800.0,4.5,10.6,normal
1697511804.95,45.764,600.0,5.5,10.6,normal
1697511805.456,44.79,600.0,4.5,10.6,normal
1697511805.959,45.764,1800.0,14.9,10.2,normal
1697511806.462,47.225,1800.0,37.5,10.7,normal
1697511806.965,46.251,1800.0,5.9,10.7,normal
1697511807.467,46.738,1800.0,2.5,10.7,normal
1697511807.97,45.764,1800.0,2.5,10.7,normal
1697511808.472,45.764,1800.0,3.5,10.7,normal
1697511808.975,45.277,1800.0,4.0,10.7,normal
1697511809.478,45.764,1800.0,4.0,10.7,normal
1697511809.98,46.251,1800.0,4.0,10.7,normal
1697511810.483,46.251,1800.0,3.5,10.7,normal
1697511810.988,45.277,600.0,4.4,10.7,normal
1697511811.494,44.79,600.0,5.9,10.7,normal
1697511811.997,46.251,1800.0,21.5,10.3,normal
1697511812.505,45.764,1800.0,33.0,10.7,normal
1697511813.007,45.764,1800.0,4.0,10.7,normal
1697511813.51,45.764,1800.0,4.5,10.7,normal
1697511814.012,45.277,1800.0,3.0,10.7,normal
1697511814.515,45.764,1800.0,4.5,10.7,normal
1697511815.017,45.277,1800.0,2.0,10.7,normal
1697511815.52,45.277,1800.0,1.0,10.7,normal
1697511816.022,45.764,1800.0,4.0,10.7,normal
1697511816.525,44.79,1800.0,3.5,10.7,normal
1697511817.03,45.764,600.0,4.9,10.8,normal
1697511817.541,44.79,600.0,3.9,10.7,normal
1697511818.044,45.764,1800.0,15.4,10.2,normal
1697511818.547,47.225,1800.0,38.3,10.6,normal
1697511819.05,44.79,1800.0,6.9,10.7,normal
1697511819.552,47.225,1800.0,4.0,10.7,normal
1697511820.055,46.251,1800.0,4.0,10.7,normal
1697511820.557,46.738,1800.0,4.0,10.7,normal
1697511821.06,45.277,1800.0,3.0,10.7,normal
1697511821.563,45.277,1800.0,3.0,10.7,normal
1697511822.065,45.277,1800.0,3.5,10.7,normal
1697511822.572,45.277,1800.0,3.4,10.7,normal
1697511823.077,45.277,800.0,3.5,10.7,normal
1697511823.583,44.79,600.0,4.9,10.7,normal
1697511824.088,45.764,900.0,9.0,10.3,normal
1697511824.591,45.764,1800.0,29.4,10.5,normal
1697511825.093,46.251,1800.0,22.9,10.7,normal
1697511825.596,46.251,1800.0,3.0,10.7,normal
1697511826.099,46.251,1800.0,2.5,10.7,normal
1697511826.601,45.764,1800.0,2.5,10.7,normal
1697511827.104,44.303,1800.0,2.5,10.7,normal
1697511827.606,45.764,1800.0,3.5,10.7,normal
1697511828.109,45.764,1800.0,3.0,10.7,normal
1697511828.612,45.277,1800.0,3.5,10.7,normal
1697511829.114,45.277,1800.0,0.5,10.7,normal
1697511829.619,45.764,700.0,6.0,10.7,normal
1697511830.123,45.764,1800.0,12.9,10.0,normal
1697511830.627,46.738,1800.0,32.5,10.6,normal
1697511831.13,46.251,1800.0,13.4,10.6,normal
1697511831.632,45.764,1800.0,3.0,10.6,normal
1697511832.135,45.277,1800.0,4.5,10.6,normal
1697511832.637,45.277,1800.0,3.5,10.6,normal
1697511833.14,45.277,1800.0,3.5,10.6,normal
1697511833.643,45.764,1800.0,3.5,10.6,normal
1697511834.145,45.764,1800.0,3.5,10.6,normal
1697511834.648,45.277,1800.0,4.5,10.6,normal
1697511835.152,45.764,800.0,3.5,10.6,normal
1697511835.658,46.251,600.0,5.0,10.6,normal
1697511836.164,45.764,600.0,5.5,10.6,normal
1697511836.667,45.277,1800.0,28.9,10.4,normal
1697511837.17,46.738,1800.0,26.2,10.7,normal
1697511837.672,46.738,1800.0,3.0,10.7,normal
1697511838.175,45.764,1800.0,4.0,10.7,normal
1697511838.677,45.764,1800.0,3.5,10.7,normal
1697511839.18,44.79,1800.0,3.0,10.7,normal
1697511839.683,45.277,1800.0,4.5,10.7,normal
1697511840.185,46.251,1800.0,3.5,10.7,normal
1697511840.687,45.277,1800.0,3.5,10.6,normal
1697511841.19,45.764,1800.0,4.5,10.6,normal
1697511841.695,44.79,600.0,3.5,10.7,normal
1697511842.199,45.764,1800.0,11.0,9.6,normal
1697511842.702,46.251,1800.0,28.9,10.5,normal
1697511843.204,46.251,1800.0,20.0,10.6,normal
1697511843.707,46.251,1800.0,3.0,10.6,normal
1697511844.21,44.79,1800.0,5.0,10.7,normal
1697511844.712,45.764,1800.0,3.0,10.7,normal
1697511845.215,45.277,1800.0,5.0,10.7,normal
1697511845.717,45.277,1800.0,3.0,10.7,normal
1697511846.22,44.79,1800.0,5.0,10.7,normal
1697511846.722,46.251,1800.0,4.0,10.7,normal
1697511847.227,46.251,700.0,5.0,10.7,normal
1697511847.734,46.251,600.0,4.5,10.7,normal
1697511848.24,45.277,600.0,5.9,10.7,normal
1697511848.743,45.277,1800.0,25.0,10.4,normal
1697511849.245,46.251,1800.0,30.2,10.7,normal
1697511849.748,47.225,1800.0,4.5,10.7,normal
1697511850.25,47.712,1800.0,3.9,10.7,normal
1697511850.753,46.251,1800.0,2.5,10.7,normal
1697511851.255,44.79,1800.0,3.5,10.7,normal
1697511851.758,45.764,1800.0,4.5,10.7,normal
1697511852.261,45.764,1800.0,2.5,10.7,normal
1697511852.763,45.277,1800.0,3.0,10.7,normal
1697511853.266,45.764,1800.0,3.9,10.7,normal
1697511853.771,44.79,700.0,5.0,10.7,normal
1697511854.275,45.277,900.0,6.0,10.7,normal
1697511854.779,47.225,1800.0,29.7,10.5,normal
1697511855.281,45.277,1800.0,24.0,10.6,normal
1697511855.784,45.764,1800.0,4.0,10.6,normal
1697511856.286,45.764,1800.0,3.5,10.6,normal
1697511856.789,46.738,1800.0,3.5,10.6,normal
1697511857.291,46.251,1800.0,3.5,10.6,normal
1697511857.794,45.277,1800.0,3.5,10.6,normal
1697511858.297,45.764,1800.0,3.5,10.6,normal
1697511858.799,46.251,1800.0,4.0,10.6,normal
1697511859.302,45.277,1800.0,3.5,10.6,normal
1697511859.807,45.277,700.0,3.5,10.6,normal
1697511860.31,45.764,1800.0,8.4,9.7,normal
1697511860.813,46.251,1800.0,27.0,10.6,normal
1697511861.315,45.277,1800.0,21.5,10.7,normal
1697511861.818,46.251,1800.0,3.5,10.7,normal
1697511862.321,45.277,1800.0,3.9,10.7,normal
1697511862.823,46.251,1800.0,3.0,10.7,normal
1697511863.326,45.764,1800.0,4.0,10.7,normal
1697511863.828,45.764,1800.0,3.5,10.7,normal
1697511864.331,46.251,1800.0,4.0,10.7,normal
1697511864.833,45.277,1800.0,4.5,10.7,normal
1697511865.339,45.277,700.0,4.4,10.7,normal
1697511865.842,45.277,1000.0,5.4,10.7,normal
1697511866.345,45.277,1800.0,14.6,10.2,normal
1697511866.848,47.225,1800.0,38.3,10.7,normal
1697511867.35,46.251,1800.0,6.5,10.7,normal
1697511867.853,46.251,1800.0,3.5,10.7,normal
1697511868.355,46.251,1800.0,2.0,10.7,normal
1697511868.858,45.764,1800.0,4.0,10.7,normal
1697511869.36,45.764,1800.0,3.0,10.7,normal
1697511869.863,46.251,1800.0,3.0,10.7,normal
1697511870.366,45.764,1800.0,3.0,10.7,normal
1697511870.868,46.738,1800.0,4.5,10.7,normal
1697511871.372,46.251,1100.0,4.0,10.7,normal
1697511871.876,45.764,900.0,4.5,10.7,normal
1697511872.381,45.277,800.0,7.0,10.3,normal
1697511872.883,45.764,1800.0,29.0,10.5,normal
1697511873.386,46.251,1800.0,23.6,10.7,normal
1697511873.889,46.738,1800.0,4.0,10.7,normal
1697511874.391,45.277,1800.0,4.5,10.7,normal
1697511874.894,45.764,1800.0,3.5,10.7,normal
1697511875.396,45.764,1800.0,4.0,10.7,normal
1697511875.899,45.277,1800.0,4.0,10.7,normal
1697511876.401,44.79,1800.0,2.5,10.7,normal
1697511876.904,46.738,1800.0,4.0,10.7,normal
1697511877.406,45.277,1800.0,4.5,10.7,normal
1697511877.911,45.764,800.0,5.0,10.7,normal
1697511878.414,46.738,1800.0,13.2,10.1,normal
1697511878.917,46.738,1800.0,35.4,10.6,normal
1697511879.42,45.764,1800.0,12.3,10.7,normal
1697511879.923,45.277,1800.0,3.9,10.7,normal
1697511880.425,45.764,1800.0,3.5,10.6,normal
1697511880.928,46.738,1800.0,3.0,10.6,normal
1697511881.431,44.79,1800.0,4.9,10.6,normal
1697511881.933,45.277,1800.0,4.0,10.6,normal
1697511882.436,46.251,1800.0,4.0,10.6,normal
1697511882.938,44.79,1800.0,3.5,10.6,normal
1697511883.443,45.277,700.0,5.4,10.6,normal
1697511883.948,45.764,800.0,4.5,10.6,normal
1697511884.453,45.277,800.0,6.4,10.6,normal
1697511884.956,45.764,1800.0,28.5,10.4,normal
1697511885.459,45.277,1800.0,22.7,10.7,normal
1697511885.961,45.764,1800.0,3.0,10.7,normal
1697511886.464,45.764,1800.0,3.0,10.7,normal
1697511886.966,46.251,1800.0,3.5,10.7,normal
1697511887.469,46.251,1800.0,3.0,10.7,normal
1697511887.971,46.251,1800.0,2.5,10.7,normal
1697511888.474,46.251,1800.0,3.5,10.7,normal
1697511888.976,46.251,1800.0,3.5,10.7,normal
1697511889.479,45.277,1800.0,2.0,10.7,normal
1697511889.984,44.79,700.0,4.4,10.7,normal
1697511890.487,45.764,1800.0,6.0,10.7,normal
1697511890.99,46.251,1800.0,23.3,10.3,normal
1697511891.493,46.738,1800.0,31.3,10.6,normal
1697511891.995,46.738,1800.0,2.5,10.6,normal
1697511892.498,45.764,1800.0,3.5,10.6,normal
1697511893.0,45.277,1800.0,1.5,10.6,normal
1697511893.503,45.764,1800.0,5.4,10.6,normal
1697511894.005,46.738,1800.0,3.0,10.7,normal
1697511894.508,46.251,1800.0,5.4,10.7,normal
1697511895.01,46.251,1800.0,3.5,10.7,normal
1697511895.516,44.303,600.0,3.9,10.7,normal
1697511896.022,44.303,600.0,5.9,10.7,normal
1697511896.528,45.764,600.0,4.5,10.7,normal
1697511897.031,45.277,1800.0,18.4,10.3,normal
1697511897.534,46.738,1800.0,37.2,10.7,normal
1697511898.036,46.251,1800.0,3.5,10.7,normal
1697511898.539,45.277,1800.0,4.0,10.7,normal
1697511899.042,45.277,1800.0,3.0,10.7,normal
1697511899.544,46.251,1800.0,4.0,10.7,normal
1697511900.047,45.764,1800.0,3.5,10.7,normal
1697511900.549,46.251,1800.0,2.5,10.7,normal
1697511901.052,45.764,1800.0,4.5,10.7,normal
1697511901.555,45.277,1800.0,3.5,10.7,normal
1697511902.06,44.79,600.0,3.5,10.7,normal
1697511902.566,45.277,600.0,4.5,10.7,normal
1697511903.069,46.251,1800.0,22.4,10.4,normal
1697511903.571,46.251,1800.0,33.2,10.7,normal
1697511904.074,45.764,1800.0,3.0,10.7,normal
1697511904.576,46.251,1800.0,5.0,10.7,normal
1697511905.079,46.251,1800.0,4.4,10.7,normal
1697511905.581,46.251,1800.0,3.0,10.7,normal
1697511906.084,45.277,1800.0,1.5,10.7,normal
1697511906.586,45.764,1800.0,4.0,10.7,normal
1697511907.089,45.277,1800.0,4.0,10.7,normal
1697511907.591,45.764,1800.0,3.0,10.7,normal
1697511908.097,46.251,600.0,3.5,10.7,normal
1697511908.603,44.79,600.0,4.5,10.7,normal
1697511909.107,45.764,1800.0,27.5,10.4,normal
1697511909.61,45.764,1800.0,27.6,10.6,normal
1697511910.112,45.277,1800.0,3.5,10.6,normal
1697511910.615,45.277,1800.0,3.0,10.6,normal
1697511911.117,46.251,1800.0,2.5,10.6,normal
1697511911.62,45.277,1800.0,4.0,10.6,normal
1697511912.123,44.79,1800.0,2.5,10.6,normal
1697511912.625,44.303,1800.0,3.0,10.6,normal
1697511913.128,45.277,1800.0,2.5,10.6,normal
1697511913.63,45.764,1800.0,3.9,10.6,normal
1697511914.136,44.303,600.0,4.0,10.7,normal
1697511914.643,46.251,600.0,6.9,10.6,normal
1697511915.145,45.764,1800.0,28.9,10.5,normal
1697511915.648,46.251,1800.0,25.1,10.7,normal
1697511916.151,45.764,1800.0,3.0,10.7,normal
1697511916.653,45.277,1800.0,3.5,10.7,normal
1697511917.156,44.79,1800.0,2.5,10.7,normal
1697511917.658,45.277,1800.0,3.0,10.7,normal
1697511918.161,46.251,1800.0,5.0,10.7,normal
1697511918.663,45.277,1800.0,2.5,10.7,normal
1697511919.166,45.764,1800.0,4.4,10.7,normal
1697511919.668,44.79,1800.0,4.5,10.7,normal
1697511920.174,46.251,600.0,4.9,10.7,normal
1697511920.678,45.764,700.0,10.9,9.6,normal
1697511921.181,45.764,1800.0,27.5,10.5,normal
1697511921.684,46.251,1800.0,21.3,10.6,normal
1697511922.186,45.277,1800.0,5.0,10.6,normal
1697511922.689,46.251,1800.0,3.0,10.7,normal
1697511923.192,45.764,1800.0,3.0,10.7,normal
1697511923.694,45.764,1800.0,3.0,10.7,normal
1697511924.197,45.277,1800.0,5.0,10.7,normal
1697511924.7,45.277,1800.0,4.5,10.7,normal
1697511925.202,45.764,1800.0,3.5,10.7,normal
1697511925.707,45.764,700.0,3.4,10.7,normal
1697511926.214,45.764,600.0,5.4,10.7,normal
1697511926.717,45.764,1800.0,14.5,10.1,normal
1697511927.22,47.712,1800.0,37.1,10.6,normal
1697511927.722,46.738,1800.0,7.0,10.6,normal
1697511928.225,47.225,1800.0,3.5,10.6,normal
1697511928.727,45.764,1800.0,3.0,10.7,normal
1697511929.23,45.764,1800.0,3.0,10.7,normal
1697511929.733,44.79,1800.0,2.5,10.7,normal
1697511930.235,45.277,1800.0,5.0,10.7,normal
1697511930.738,45.764,1800.0,3.5,10.7,normal
1697511931.24,46.738,1800.0,4.0,10.7,normal
1697511931.745,45.277,700.0,4.0,10.7,normal
1697511932.251,45.277,600.0,5.9,10.7,normal
1697511932.754,45.764,1800.0,16.6,10.2,normal
1697511933.256,47.712,1800.0,37.2,10.7,normal
1697511933.759,46.251,1800.0,4.0,10.7,normal
1697511934.262,47.225,1800.0,4.5,10.7,normal
1697511934.764,45.764,1800.0,3.5,10.7,normal
1697511935.267,45.764,1800.0,3.0,10.7,normal
1697511935.769,45.277,1800.0,5.4,10.7,normal
1697511936.272,45.277,1800.0,3.0,10.7,normal
1697511936.774,45.764,1800.0,3.0,10.7,normal
1697511937.277,45.764,1800.0,4.0,10.7,normal
1697511937.781,44.303,800.0,3.5,10.7,normal
1697511938.285,45.277,900.0,5.0,10.7,normal
1697511938.788,46.251,1800.0,21.4,10.3,normal
1697511939.291,47.225,1800.0,34.2,10.7,normal
1697511939.793,46.251,1800.0,5.0,10.7,normal
1697511940.296,45.764,1800.0,4.0,10.7,normal
1697511940.799,46.738,1800.0,3.5,10.7,normal
1697511941.301,45.277,1800.0,3.0,10.7,normal
1697511941.804,45.277,1800.0,3.5,10.7,normal
1697511942.306,44.79,1800.0,3.0,10.7,normal
1697511942.809,44.79,1800.0,3.5,10.7,normal
1697511943.311,45.764,1800.0,3.0,10.7,normal
1697511943.816,45.277,900.0,5.4,10.7,normal
1697511944.32,45.277,900.0,6.4,10.7,normal
1697511944.823,45.277,1800.0,15.3,10.0,normal
1697511945.327,46.738,1800.0,36.6,10.6,normal
1697511945.83,46.738,1800.0,8.0,10.6,normal
1697511946.332,44.79,1800.0,1.0,10.6,normal
1697511946.835,45.764,1800.0,2.5,10.6,normal
1697511947.337,46.251,1800.0,2.5,10.7,normal
1697511947.84,45.277,1800.0,0.5,10.7,normal
1697511948.343,45.277,1800.0,5.0,10.7,normal
1697511948.845,45.277,1800.0,6.0,10.7,normal
1697511949.348,44.79,1800.0,4.0,10.7,normal
1697511949.852,46.251,700.0,3.5,10.7,normal
1697511950.355,44.79,1800.0,5.9,10.7,normal
1697511950.858,46.251,1800.0,17.8,10.4,normal
1697511951.361,46.251,1800.0,32.5,10.7,normal
1697511951.863,46.251,1800.0,3.0,10.7,normal
1697511952.366,45.764,1800.0,4.0,10.7,normal
1697511952.868,44.79,1800.0,3.4,10.7,normal
1697511953.371,45.764,1800.0,2.5,10.7,normal
1697511953.873,45.764,1800.0,3.0,10.7,normal
1697511954.376,46.251,1800.0,4.0,10.7,normal
1697511954.879,45.764,1800.0,2.0,10.7,normal
1697511955.384,46.251,700.0,3.5,10.7,normal
1697511955.888,45.764,800.0,5.0,10.7,normal
1697511956.392,45.277,900.0,4.9,10.7,normal
1697511956.895,45.764,1800.0,25.4,10.4,normal
1697511957.398,45.277,1800.0,29.1,10.7,normal
1697511957.901,45.764,1800.0,3.5,10.7,normal
1697511958.403,45.277,1800.0,4.5,10.7,normal
1697511958.906,46.251,1800.0,3.0,10.7,normal
1697511959.408,45.277,1800.0,4.0,10.7,normal
1697511959.911,46.251,1800.0,3.9,10.7,normal
1697511960.413,45.277,1800.0,4.5,10.7,normal
1697511960.916,44.79,1800.0,3.5,10.7,normal
1697511961.419,46.251,1800.0,5.4,10.7,normal
1697511961.923,45.277,800.0,4.5,10.7,normal
1697511962.428,45.764,800.0,5.4,10.7,normal
1697511962.93,44.79,1800.0,16.9,10.2,normal
1697511963.433,46.738,1800.0,37.2,10.6,normal
1697511963.936,46.738,1800.0,6.9,10.6,normal
1697511964.438,45.764,1800.0,3.5,10.7,normal
1697511964.941,45.764,1800.0,4.0,10.7,normal
1697511965.444,45.277,1800.0,3.5,10.7,normal
1697511965.946,45.277,1800.0,3.0,10.7,normal
1697511966.449,45.277,1800.0,3.5,10.7,normal
1697511966.951,45.277,1800.0,4.5,10.7,normal
1697511967.454,45.277,1800.0,3.0,10.7,normal
1697511967.959,44.79,700.0,3.4,10.7,normal
1697511968.464,45.277,700.0,5.0,10.7,normal
1697511968.967,46.738,1800.0,19.9,10.3,normal
1697511969.469,46.738,1800.0,37.5,10.7,normal
1697511969.972,45.764,1800.0,4.0,10.7,normal
1697511970.474,45.277,1800.0,2.5,10.7,normal
1697511970.977,45.764,1800.0,5.0,10.7,normal
1697511971.479,46.251,1800.0,3.0,10.7,normal
1697511971.982,46.251,1800.0,3.5,10.7,normal
1697511972.485,45.277,1800.0,3.0,10.7,normal
1697511972.987,46.251,1800.0,3.5,10.7,normal
1697511973.49,46.251,1800.0,3.5,10.7,normal
1697511973.995,45.277,600.0,4.9,10.7,normal
1697511974.501,44.79,600.0,6.4,10.7,normal
1697511975.004,46.251,1800.0,23.1,10.4,normal
1697511975.507,46.738,1800.0,33.0,10.7,normal
1697511976.009,45.764,1800.0,4.0,10.7,normal
1697511976.512,45.277,1800.0,3.0,10.7,normal
1697511977.015,46.251,1800.0,4.0,10.7,normal
1697511977.517,46.251,1800.0,4.5,10.7,normal
1697511978.02,46.251,1800.0,3.0,10.7,normal
1697511978.522,45.277,1800.0,3.0,10.7,normal
1697511979.025,45.764,1800.0,3.5,10.7,normal
1697511979.527,45.764,1800.0,5.4,10.7,normal
1697511980.033,44.303,600.0,4.0,10.7,normal
1697511980.54,44.79,600.0,5.0,10.7,normal
1697511981.043,45.764,1800.0,28.1,10.5,normal
1697511981.546,45.764,1800.0,27.5,10.6,normal
1697511982.049,46.251,1800.0,2.5,10.6,normal
1697511982.551,45.277,1800.0,4.4,10.6,normal
1697511983.054,45.277,1800.0,4.0,10.6,normal
1697511983.556,45.764,1800.0,2.5,10.6,normal
1697511984.059,45.277,1800.0,4.5,10.6,normal
1697511984.561,44.79,1800.0,3.5,10.7,normal
1697511985.064,45.764,1800.0,3.9,10.7,normal
1697511985.566,43.816,1800.0,3.5,10.7,normal
1697511986.072,45.277,600.0,5.0,10.7,normal
1697511986.578,44.79,600.0,6.4,10.6,normal
1697511987.082,45.764,1800.0,29.1,10.5,normal
1697511987.584,45.764,1800.0,25.9,10.7,normal
1697511988.087,45.764,1800.0,4.5,10.7,normal
1697511988.589,45.764,1800.0,3.5,10.7,normal
1697511989.092,46.251,1800.0,3.5,10.7,normal
1697511989.595,45.277,1800.0,4.0,10.7,normal
1697511990.097,44.79,1800.0,3.0,10.7,normal
1697511990.6,45.764,1800.0,3.5,10.7,normal
1697511991.102,44.79,1800.0,3.0,10.7,normal
1697511991.605,45.764,1800.0,3.0,10.7,normal
1697511992.11,45.277,600.0,4.4,10.7,normal
1697511992.618,44.79,600.0,8.0,10.6,normal
1697511993.121,45.764,1800.0,28.4,10.5,normal
1697511993.624,46.738,1800.0,22.8,10.6,normal
1697511994.127,45.764,1800.0,2.0,10.6,normal
1697511994.629,44.79,1800.0,5.0,10.6,normal
1697511995.132,45.277,1800.0,2.5,10.6,normal
1697511995.634,46.251,1800.0,3.5,10.6,normal
1697511996.137,44.79,1800.0,2.5,10.6,normal
1697511996.639,44.79,1800.0,4.0,10.6,normal
1697511997.142,45.277,1800.0,3.0,10.7,normal
1697511997.645,45.277,1800.0,3.5,10.7,normal
1697511998.15,44.79,600.0,4.4,10.7,normal
1697511998.656,44.79,600.0,5.0,10.7,normal
1697511999.159,45.764,1800.0,25.5,10.5,normal
1697511999.662,45.277,1800.0,29.6,10.7,normal
1697512000.164,46.251,1800.0,3.5,10.7,normal
1697512000.667,46.251,1800.0,4.0,10.7,normal
1697512001.169,45.764,1800.0,3.5,10.7,normal
1697512001.672,45.277,1800.0,4.0,10.7,normal
1697512002.175,45.277,1800.0,3.5,10.7,normal
1697512002.677,46.251,1800.0,2.5,10.7,normal
1697512003.18,45.277,1800.0,4.5,10.6,normal
1697512003.682,45.277,1800.0,4.4,10.6,normal
1697512004.188,46.251,600.0,3.5,10.7,normal
1697512004.694,45.277,600.0,5.4,10.7,normal
1697512005.197,45.764,1800.0,18.6,10.2,normal
1697512005.7,45.277,1800.0,36.7,10.6,normal
1697512006.203,46.251,1800.0,4.5,10.7,normal
1697512006.705,45.277,1800.0,3.0,10.7,normal
1697512007.208,45.764,1800.0,1.0,10.7,normal
1697512007.71,45.277,1800.0,0.0,10.7,normal
1697512008.213,45.277,1800.0,3.0,10.7,normal
1697512008.715,46.738,1800.0,5.5,10.7,normal
1697512009.218,44.79,1800.0,2.5,10.7,normal
1697512009.72,45.764,1800.0,3.0,10.7,normal
1697512010.225,45.277,700.0,1.5,10.7,normal
1697512010.731,45.277,600.0,2.5,10.7,normal
1697512011.234,45.764,1800.0,26.5,10.3,normal
1697512011.737,46.251,1800.0,34.7,10.7,normal
1697512012.239,45.764,1800.0,3.0,10.7,normal
1697512012.742,46.738,1800.0,4.0,10.7,normal
1697512013.244,45.277,1800.0,4.0,10.7,normal
1697512013.747,46.251,1800.0,3.9,10.7,normal
1697512014.25,46.738,1800.0,4.0,10.7,normal
1697512014.752,45.764,1800.0,4.4,10.7,normal
1697512015.255,45.764,1800.0,3.5,10.7,normal
1697512015.757,46.738,1800.0,4.5,10.7,normal
1697512016.261,44.79,900.0,3.5,10.7,normal
1697512016.766,45.277,675.0,5.4,10.7,normal
1697512017.269,44.79,1800.0,13.1,10.2,normal
1697512017.772,47.225,1800.0,36.5,10.6,normal
1697512018.275,45.764,1800.0,9.5,10.7,normal
1697512018.778,46.251,1800.0,3.0,10.7,normal
1697512019.28,45.277,1800.0,4.0,10.7,normal
1697512019.783,46.251,1800.0,4.5,10.7,normal
1697512020.285,44.79,1800.0,3.5,10.7,normal
1697512020.788,45.277,1800.0,3.5,10.7,normal
1697512021.29,45.277,1800.0,4.0,10.7,normal
1697512021.793,46.251,1800.0,5.4,10.7,normal
1697512022.298,46.251,700.0,3.5,10.7,normal
1697512022.802,45.764,800.0,4.9,10.7,normal
1697512023.305,46.251,1800.0,17.6,10.2,normal
1697512023.807,45.764,1800.0,36.3,10.7,normal
1697512024.31,46.251,1800.0,4.5,10.7,normal
1697512024.812,45.764,1800.0,3.5,10.7,normal
1697512025.315,45.764,1800.0,3.5,10.7,normal
1697512025.818,46.251,1800.0,4.0,10.7,normal
1697512026.32,44.79,1800.0,1.5,10.7,normal
1697512026.823,45.277,1800.0,5.9,10.7,normal
1697512027.325,46.251,1800.0,4.0,10.7,normal
1697512027.828,45.277,1800.0,4.0,10.7,normal
1697512028.332,44.79,900.0,5.0,10.7,normal
1697512028.836,45.277,1000.0,5.9,10.7,normal
1697512029.34,44.79,1800.0,12.4,9.8,normal
1697512029.843,47.225,1800.0,30.0,10.6,normal
1697512030.346,45.764,1800.0,17.4,10.7,normal
1697512030.848,46.251,1800.0,4.0,10.7,normal
1697512031.351,45.277,1800.0,3.5,10.7,normal
1697512031.853,45.277,1800.0,3.5,10.7,normal
1697512032.356,44.79,1800.0,3.0,10.7,normal
1697512032.858,44.79,1800.0,4.0,10.7,normal
1697512033.361,45.764,1800.0,2.5,10.8,normal
1697512033.863,44.79,1800.0,3.5,10.8,normal
1697512034.368,46.251,700.0,3.9,10.8,normal
1697512034.873,45.277,1100.0,5.0,10.8,normal
1697512035.376,44.303,1000.0,4.0,10.7,normal
1697512035.879,45.277,1800.0,27.5,10.5,normal
1697512036.382,46.251,1800.0,25.0,10.7,normal
1697512036.884,45.764,1800.0,3.5,10.7,normal
1697512037.387,44.79,1800.0,3.0,10.7,normal
1697512037.89,44.79,1800.0,3.5,10.7,normal
1697512038.392,45.764,1800.0,3.5,10.7,normal
1697512038.895,45.277,1800.0,4.0,10.7,normal
1697512039.397,45.277,1800.0,3.5,10.7,normal
1697512039.904,45.764,1800.0,3.4,10.7,normal
1697512040.407,45.277,1800.0,3.0,10.7,normal
1697512040.911,44.303,900.0,4.5,10.7,normal
1697512041.415,45.277,1000.0,4.5,10.7,normal
1697512041.918,46.251,1800.0,21.9,10.3,normal
1697512042.421,46.738,1800.0,33.2,10.7,normal
1697512042.923,45.764,1800.0,4.0,10.7,normal
1697512043.426,44.79,1800.0,3.5,10.7,normal
1697512043.929,44.79,1800.0,3.5,10.7,normal
1697512044.431,45.764,1800.0,4.5,10.7,normal
1697512044.934,45.764,1800.0,3.5,10.7,normal
1697512045.436,46.251,1800.0,3.5,10.7,normal
1697512045.939,45.277,1800.0,3.5,10.7,normal
1697512046.441,45.277,1800.0,4.0,10.7,normal
1697512046.946,45.764,800.0,4.4,10.7,normal
1697512047.45,44.79,800.0,5.4,10.7,normal
1697512047.954,46.251,1800.0,14.9,10.1,normal
1697512048.456,46.738,1800.0,37.2,10.5,normal
1697512048.959,46.251,1800.0,6.4,10.6,normal
1697512049.462,45.277,1800.0,3.0,10.6,normal
1697512049.964,45.764,1800.0,4.0,10.6,normal
1697512050.467,45.764,1800.0,3.5,10.6,normal
1697512050.969,46.251,1800.0,4.0,10.6,normal
1697512051.472,46.251,1800.0,2.5,10.6,normal
1697512051.975,45.764,1800.0,3.5,10.7,normal
1697512052.477,45.277,1800.0,3.0,10.7,normal
1697512052.982,45.764,800.0,3.5,10.7,normal
1697512053.487,45.277,600.0,5.4,10.7,normal
1697512053.993,44.79,600.0,10.9,10.3,normal
1697512054.496,46.738,1800.0,29.4,10.5,normal
1697512054.999,46.251,1800.0,21.9,10.7,normal
1697512055.502,45.764,1800.0,3.0,10.7,normal
1697512056.004,44.79,1800.0,4.0,10.7,normal
1697512056.507,45.764,1800.0,3.5,10.7,normal
1697512057.009,46.251,1800.0,3.0,10.7,normal
1697512057.512,46.251,1800.0,2.5,10.7,normal
1697512058.015,46.738,1800.0,5.4,10.7,normal
1697512058.517,46.251,1800.0,3.5,10.7,normal
1697512059.02,45.277,1800.0,3.5,10.7,normal
1697512059.526,44.79,600.0,4.5,10.7,normal
1697512060.031,45.277,800.0,5.5,10.7,normal
1697512060.534,46.251,1800.0,23.8,10.3,normal
1697512061.037,45.764,1800.0,31.0,10.6,normal
1697512061.539,45.764,1800.0,3.0,10.6,normal
1697512062.042,46.251,1800.0,3.5,10.6,normal
1697512062.545,45.764,1800.0,3.0,10.6,normal
1697512063.047,44.79,1800.0,3.5,10.6,normal
1697512063.55,46.251,1800.0,3.5,10.6,normal
1697512064.052,45.764,1800.0,3.0,10.6,normal
1697512064.555,44.79,1800.0,5.4,10.6,normal
1697512065.057,45.764,1800.0,2.5,10.6,normal
1697512065.563,45.277,600.0,5.0,10.6,normal
1697512066.069,44.303,600.0,3.4,10.7,normal
1697512066.572,46.251,1800.0,16.6,10.2,normal
1697512067.074,45.764,1800.0,36.5,10.5,normal
1697512067.577,45.764,1800.0,3.0,10.6,normal
1697512068.08,45.764,1800.0,3.4,10.6,normal
1697512068.582,45.764,1800.0,1.5,10.6,normal
1697512069.085,45.277,1800.0,0.0,10.6,normal
1697512069.587,44.79,1800.0,3.0,10.6,normal
1697512070.09,45.764,1800.0,1.0,10.6,normal
1697512070.592,45.277,1800.0,5.4,10.6,normal
1697512071.095,44.79,1800.0,3.5,10.7,normal
1697512071.6,45.764,600.0,3.9,10.7,normal
1697512072.106,44.79,600.0,5.9,10.7,normal
1697512072.609,45.764,1800.0,22.0,10.3,normal
1697512073.112,46.251,1800.0,35.0,10.7,normal
1697512073.614,45.764,1800.0,3.5,10.6,normal
1697512074.117,45.277,1800.0,2.5,10.6,normal
1697512074.619,45.277,1800.0,4.5,10.6,normal
1697512075.122,46.251,1800.0,3.5,10.6,normal
1697512075.624,46.251,1800.0,3.5,10.7,normal
1697512076.127,45.277,1800.0,3.0,10.6,normal
1697512076.63,45.277,1800.0,3.0,10.6,normal
1697512077.132,45.277,1800.0,2.5,10.6,normal
1697512077.638,44.79,600.0,2.5,10.6,normal
1697512078.143,45.277,600.0,4.4,10.6,normal
1697512078.647,45.277,1800.0,25.7,10.3,normal
1697512079.15,45.764,1800.0,27.9,10.6,normal
1697512079.652,46.251,1800.0,3.5,10.6,normal
1697512080.155,46.251,1800.0,3.0,10.6,normal
1697512080.657,45.277,1800.0,3.5,10.6,normal
1697512081.16,45.277,1800.0,4.0,10.6,normal
1697512081.663,45.764,1800.0,3.5,10.6,normal
1697512082.165,45.277,1800.0,2.5,10.7,normal
1697512082.668,45.277,1800.0,2.5,10.7,normal
1697512083.17,44.303,1800.0,4.5,10.7,normal
1697512083.676,45.764,600.0,2.5,10.7,normal
1697512084.182,44.303,600.0,5.4,10.7,normal
1697512084.685,45.277,1800.0,21.3,10.3,normal
1697512085.194,45.277,1800.0,36.5,10.7,normal
1697512085.696,45.764,1800.0,3.5,10.7,normal
1697512086.199,45.277,1800.0,2.5,10.7,normal
1697512086.702,45.764,1800.0,4.0,10.7,normal
1697512087.204,45.277,1800.0,2.5,10.7,normal
1697512087.707,45.277,1800.0,4.0,10.7,normal
1697512088.209,46.251,1800.0,4.5,10.7,normal
1697512088.712,44.303,1800.0,3.0,10.7,normal
1697512089.214,44.79,1800.0,5.4,10.7,normal
1697512089.718,45.277,900.0,5.0,10.7,normal
1697512090.224,45.764,600.0,4.5,10.7,normal
1697512090.727,45.764,1800.0,12.9,10.1,normal
1697512091.231,46.251,1800.0,32.8,10.6,normal
1697512091.734,46.251,1800.0,13.9,10.7,normal
1697512092.236,45.277,1800.0,3.0,10.7,normal
1697512092.739,45.764,1800.0,4.5,10.7,normal
1697512093.242,45.764,1800.0,4.0,10.7,normal
1697512093.744,45.764,1800.0,3.0,10.7,normal
1697512094.247,46.251,1800.0,3.5,10.7,normal
1697512094.75,45.764,1800.0,5.0,10.7,normal
1697512095.252,45.764,1800.0,3.0,10.7,normal
1697512095.757,46.251,700.0,4.0,10.7,normal
1697512096.261,45.277,900.0,4.5,10.7,normal
1697512096.766,44.79,800.0,5.5,10.6,normal
1697512097.269,45.764,1800.0,28.5,10.4,normal
1697512097.772,45.764,1800.0,25.4,10.6,normal
1697512098.274,45.764,1800.0,3.5,10.6,normal
1697512098.777,45.764,1800.0,4.5,10.6,normal
1697512099.279,45.764,1800.0,4.0,10.6,normal
1697512099.782,44.79,1800.0,4.0,10.7,normal
1697512100.284,45.277,1800.0,3.0,10.7,normal
1697512100.787,45.764,1800.0,4.9,10.7,normal
1697512101.29,45.764,1800.0,4.0,10.7,normal
1697512101.792,45.764,1800.0,2.0,10.7,normal
1697512102.298,45.277,600.0,2.0,10.7,normal
1697512102.801,44.303,1800.0,14.5,9.6,normal
1697512103.305,45.764,1800.0,29.7,10.5,normal
1697512103.808,45.277,1800.0,19.8,10.6,normal
1697512104.311,45.277,1800.0,4.0,10.6,normal
1697512104.813,45.277,1800.0,3.4,10.6,normal
1697512105.316,46.251,1800.0,3.5,10.7,normal
1697512105.818,45.764,1800.0,3.5,10.7,normal
1697512106.321,45.277,1800.0,4.0,10.7,normal
1697512106.823,46.251,1800.0,2.5,10.7,normal
1697512107.326,45.764,1800.0,4.5,10.7,normal
1697512107.831,44.303,700.0,3.0,10.7,normal
1697512108.335,45.277,900.0,5.4,10.7,normal
1697512108.839,45.277,800.0,5.0,10.6,normal
1697512109.342,46.738,1800.0,29.4,10.5,normal
1697512109.845,47.225,1800.0,25.1,10.7,normal
1697512110.347,45.764,1800.0,4.0,10.7,normal
1697512110.85,45.277,1800.0,3.0,10.7,normal
1697512111.353,45.764,1800.0,3.5,10.7,normal
1697512111.855,45.277,1800.0,3.0,10.7,normal
1697512112.358,45.764,1800.0,3.5,10.7,normal
1697512112.86,45.277,1800.0,3.5,10.7,normal
1697512113.363,45.277,1800.0,3.0,10.7,normal
1697512113.865,46.251,1800.0,3.9,10.7,normal
1697512114.369,45.277,900.0,5.5,10.7,normal
1697512114.874,45.764,900.0,4.5,10.7,normal
1697512115.377,45.764,1800.0,21.5,10.3,normal
1697512115.88,45.764,1800.0,32.7,10.7,normal
1697512116.382,45.764,1800.0,2.5,10.7,normal
1697512116.885,45.277,1800.0,4.5,10.7,normal
1697512117.387,45.764,1800.0,2.5,10.7,normal
1697512117.89,45.277,1800.0,3.0,10.7,normal
1697512118.392,46.251,1800.0,2.5,10.7,normal
1697512118.895,45.277,1800.0,2.5,10.7,normal
1697512119.398,45.277,1800.0,3.0,10.7,normal
1697512119.9,45.277,1800.0,3.5,10.7,normal
1697512120.405,45.277,700.0,3.5,10.7,normal
1697512120.909,45.764,1000.0,4.5,10.7,normal
1697512121.411,45.277,1800.0,16.0,10.1,normal
1697512121.914,47.225,1800.0,36.9,10.6,normal
1697512122.417,44.79,1800.0,5.5,10.7,normal
1697512122.919,45.764,1800.0,3.0,10.7,normal
1697512123.422,45.277,1800.0,4.5,10.7,normal
1697512123.924,45.277,1800.0,3.5,10.7,normal
1697512124.427,44.79,1800.0,4.5,10.7,normal
1697512124.93,44.79,1800.0,3.5,10.7,normal
1697512125.432,44.79,1800.0,3.0,10.7,normal
1697512125.935,45.764,1800.0,3.0,10.7,normal
1697512126.44,45.764,700.0,3.5,10.7,normal
1697512126.944,45.277,1000.0,4.0,10.7,normal
1697512127.447,45.277,1800.0,16.8,10.2,normal
1697512127.95,45.764,1800.0,35.7,10.7,normal
1697512128.453,46.251,1800.0,3.0,10.6,normal
1697512128.955,45.764,1800.0,6.5,10.6,normal
1697512129.458,45.277,1800.0,5.0,10.7,normal
1697512129.96,46.251,1800.0,3.4,10.7,normal
1697512130.463,45.277,1800.0,3.0,10.6,normal
1697512130.965,46.251,1800.0,4.0,10.6,normal
1697512131.468,46.251,1800.0,3.5,10.6,normal
1697512131.97,45.277,1800.0,3.5,10.7,normal
1697512132.475,44.79,700.0,3.0,10.7,normal
1697512132.98,45.277,900.0,6.5,10.7,normal
1697512133.483,45.277,1800.0,11.5,9.9,normal
1697512133.988,45.277,1800.0,33.3,10.6,normal
1697512134.491,44.79,1800.0,14.9,10.6,normal
1697512134.994,45.764,1800.0,3.5,10.6,normal
1697512135.496,45.764,1800.0,3.5,10.6,normal
1697512135.999,46.251,1800.0,3.9,10.6,normal
1697512136.502,45.277,1800.0,2.5,10.6,normal
1697512137.004,45.764,1800.0,4.5,10.7,normal
1697512137.507,46.251,1800.0,3.5,10.7,normal
1697512138.009,46.251,1800.0,3.5,10.7,normal
1697512138.514,46.738,700.0,3.0,10.7,normal
1697512139.019,44.79,700.0,5.4,10.7,normal
1697512139.522,45.764,1800.0,18.1,10.3,normal
1697512140.025,45.764,1800.0,37.7,10.6,normal
1697512140.527,46.251,1800.0,4.5,10.6,normal
1697512141.03,45.764,1800.0,4.5,10.6,normal
1697512141.532,45.764,1800.0,3.5,10.6,normal
1697512142.035,45.277,1800.0,3.0,10.6,normal
1697512142.538,44.79,1800.0,3.5,10.6,normal
1697512143.04,45.277,1800.0,4.0,10.6,normal
1697512143.543,45.277,1800.0,3.0,10.6,normal
1697512144.045,45.764,1800.0,3.0,10.6,normal
1697512144.55,46.738,700.0,4.5,10.6,normal
1697512145.055,45.277,700.0,5.4,10.6,normal
1697512145.56,45.764,900.0,8.0,9.6,normal
1697512146.063,45.277,1800.0,27.2,10.5,normal
1697512146.566,47.225,1800.0,21.5,10.6,normal
1697512147.068,46.251,1800.0,1.5,10.6,normal
1697512147.571,46.738,1800.0,3.5,10.6,normal
1697512148.074,45.764,1800.0,2.5,10.6,normal
1697512148.576,46.738,1800.0,4.0,10.7,normal
1697512149.079,45.764,1800.0,4.9,10.7,normal
1697512149.581,45.277,1800.0,4.5,10.7,normal
1697512150.084,45.764,1800.0,4.5,10.7,normal
1697512150.586,45.277,1800.0,3.0,10.7,normal
1697512151.092,44.303,600.0,4.5,10.7,normal
1697512151.598,45.277,600.0,6.4,10.7,normal
1697512152.101,45.764,1800.0,26.0,10.4,normal
1697512152.604,46.251,1800.0,30.3,10.7,normal
1697512153.107,45.277,1800.0,3.0,10.7,normal
1697512153.61,45.277,1800.0,3.5,10.7,normal
1697512154.113,44.303,1800.0,3.5,10.7,normal
1697512154.616,45.277,1800.0,4.0,10.7,normal
1697512155.119,45.764,1800.0,3.5,10.7,normal
1697512155.627,45.277,1800.0,3.4,10.7,normal
1697512156.129,45.277,1800.0,3.5,10.7,normal
1697512156.632,45.764,1800.0,2.5,10.7,normal
1697512157.137,46.251,600.0,3.0,10.7,normal
1697512157.643,44.79,600.0,5.4,10.7,normal
1697512158.146,45.764,1800.0,18.4,10.2,normal
1697512158.649,45.764,1800.0,35.8,10.7,normal
1697512159.151,45.764,1800.0,3.5,10.6,normal
1697512159.654,45.764,1800.0,4.0,10.6,normal
1697512160.156,45.764,1800.0,2.5,10.6,normal
1697512160.663,44.303,1800.0,2.0,10.6,normal
1697512161.166,45.277,1800.0,2.0,10.7,normal
1697512161.668,45.764,1800.0,2.5,10.7,normal
1697512162.171,46.251,1800.0,1.5,10.7,normal
1697512162.674,45.764,1800.0,4.5,10.7,normal
1697512163.179,45.764,600.0,4.4,10.6,normal
1697512163.688,44.79,600.0,5.9,10.6,normal
1697512164.195,44.79,1800.0,14.3,10.0,normal
1697512164.698,45.764,1800.0,33.7,10.5,normal
1697512165.201,46.251,1800.0,12.9,10.6,normal
1697512165.703,46.738,1800.0,5.0,10.6,normal
1697512166.206,46.251,1800.0,3.0,10.6,normal
1697512166.708,45.764,1800.0,3.0,10.6,normal
1697512167.211,45.764,1800.0,3.0,10.6,normal
1697512167.714,46.251,1800.0,3.5,10.6,normal
1697512168.216,45.277,1800.0,4.5,10.6,normal
1697512168.719,45.277,1800.0,3.9,10.6,normal
1697512169.224,45.277,700.0,2.5,10.6,normal
1697512169.73,46.251,600.0,7.4,10.6,normal
1697512170.236,45.277,900.0,4.5,10.6,normal
1697512170.74,45.764,1800.0,28.9,10.5,normal
1697512171.242,45.277,1800.0,25.5,10.6,normal
1697512171.745,45.764,1800.0,3.0,10.6,normal
1697512172.247,46.251,1800.0,4.0,10.6,normal
1697512172.75,45.277,1800.0,3.0,10.6,normal
1697512173.252,46.251,1800.0,4.5,10.6,normal
1697512173.755,45.277,1800.0,2.5,10.6,normal
1697512174.257,44.303,1800.0,4.5,10.6,normal
1697512174.76,45.764,1800.0,3.0,10.6,normal
1697512175.263,45.764,1800.0,12.3,10.7,normal
1697512175.769,45.277,600.0,7.8,10.7,normal
1697512176.272,45.764,1800.0,9.1,9.7,normal
1697512176.776,46.738,1800.0,27.9,10.6,normal
1697512177.279,46.738,1800.0,16.8,10.7,normal
1697512177.781,46.251,1800.0,6.0,10.7,normal
1697512178.284,45.764,1800.0,4.5,10.6,normal
1697512178.787,45.764,1800.0,3.5,10.6,normal
1697512179.289,46.251,1800.0,4.5,10.7,normal
1697512179.792,46.738,1800.0,4.0,10.6,normal
1697512180.294,45.764,1800.0,3.5,10.6,normal
1697512180.797,45.764,1800.0,3.5,10.7,normal
1697512181.301,45.764,800.0,3.5,10.6,normal
1697512181.805,45.277,1100.0,5.5,10.6,normal
1697512182.309,45.764,900.0,4.5,10.7,normal
1697512182.813,44.79,1800.0,26.5,10.5,normal
1697512183.315,45.764,1800.0,27.5,10.7,normal
1697512183.818,45.764,1800.0,5.0,10.7,normal
1697512184.321,45.764,1800.0,4.0,10.7,normal
1697512184.823,45.764,1800.0,2.5,10.7,normal
1697512185.326,45.764,1800.0,1.5,10.7,normal
1697512185.828,45.764,1800.0,4.5,10.7,normal
1697512186.331,46.738,1800.0,4.0,10.7,normal
1697512186.834,45.764,1800.0,2.0,10.7,normal
1697512187.336,45.764,1800.0,2.0,10.7,normal
1697512187.84,45.277,900.0,7.4,10.7,normal
1697512188.346,44.303,600.0,3.0,10.7,normal
1697512188.849,46.251,1800.0,23.8,10.2,normal
1697512189.351,47.225,1800.0,35.5,10.6,normal
1697512189.854,45.764,1800.0,4.5,10.7,normal
1697512190.356,46.251,1800.0,3.5,10.7,normal
1697512190.859,45.277,1800.0,3.0,10.7,normal
1697512191.362,44.79,1800.0,2.5,10.7,normal
1697512191.864,45.277,1800.0,1.5,10.7,normal
1697512192.367,45.277,1800.0,1.5,10.7,normal
1697512192.869,46.251,1800.0,5.5,10.7,normal
1697512193.372,45.277,1800.0,5.0,10.7,normal
1697512193.876,44.79,800.0,4.0,10.7,normal
1697512194.38,45.764,900.0,5.0,10.7,normal
1697512194.883,45.277,1800.0,13.4,10.1,normal
1697512195.387,46.251,1800.0,34.2,10.6,normal
1697512195.89,45.277,1800.0,12.0,10.7,normal
1697512196.392,44.79,1800.0,3.0,10.7,normal
1697512196.895,44.79,1800.0,5.4,10.7,normal
1697512197.398,45.764,1800.0,3.0,10.7,normal
1697512197.9,46.251,1800.0,3.0,10.7,normal
1697512198.403,45.277,1800.0,3.5,10.7,normal
1697512198.905,46.251,1800.0,4.5,10.7,normal
1697512199.408,45.277,1800.0,4.0,10.7,normal
1697512199.913,46.251,700.0,3.9,10.7,normal
1697512200.418,45.277,700.0,4.0,10.7,normal
1697512200.924,44.79,600.0,6.4,10.6,normal
1697512201.428,46.251,1800.0,28.9,10.5,normal
1697512201.93,45.764,1800.0,23.6,10.6,normal
1697512202.433,45.764,1800.0,2.5,10.6,normal
1697512202.936,44.79,1800.0,2.5,10.6,normal
1697512203.438,45.764,1800.0,2.5,10.6,normal
1697512203.941,45.277,1800.0,4.0,10.6,normal
1697512204.443,44.79,1800.0,4.5,10.6,normal
1697512204.946,44.79,1800.0,3.5,10.6,normal
1697512205.448,45.277,1800.0,3.5,10.6,normal
1697512205.951,46.251,1800.0,3.5,10.6,normal
1697512206.455,45.277,800.0,4.9,10.6,normal
1697512206.958,45.277,1800.0,5.5,10.6,normal
1697512207.461,45.764,1800.0,23.6,10.3,normal
1697512207.964,46.738,1800.0,29.6,10.6,normal
1697512208.466,45.764,1800.0,4.5,10.6,normal
1697512208.969,45.764,1800.0,3.0,10.7,normal
1697512209.471,46.738,1800.0,5.0,10.7,normal
1697512209.974,45.764,1800.0,3.5,10.7,normal
1697512210.477,46.251,1800.0,3.0,10.7,normal
1697512210.979,45.277,1800.0,4.0,10.7,normal
1697512211.482,45.764,1800.0,3.5,10.7,normal
1697512211.986,45.277,800.0,4.9,10.7,normal
1697512212.491,43.816,800.0,5.4,10.7,normal
1697512212.995,44.303,800.0,4.5,10.7,normal
1697512213.498,45.277,1800.0,17.5,10.3,normal
1697512214.001,46.738,1800.0,37.5,10.7,normal
1697512214.503,45.764,1800.0,5.0,10.7,normal
1697512215.006,45.764,1800.0,3.0,10.7,normal
1697512215.508,45.764,1800.0,3.5,10.7,normal
1697512216.011,45.764,1800.0,3.5,10.7,normal
1697512216.514,45.764,1800.0,3.5,10.7,normal
1697512217.016,45.277,1800.0,4.0,10.7,normal
1697512217.519,45.277,1800.0,3.0,10.7,normal
1697512218.021,44.79,1800.0,4.5,10.7,normal
1697512218.525,45.764,800.0,3.5,10.7,normal
1697512219.031,46.251,600.0,4.0,10.7,normal
1697512219.535,46.251,1800.0,23.4,10.4,normal
1697512220.037,45.764,1800.0,31.2,10.7,normal
1697512220.54,45.277,1800.0,3.5,10.7,normal
1697512221.042,45.277,1800.0,4.0,10.7,normal
1697512221.545,45.277,1800.0,3.5,10.7,normal
1697512222.047,44.79,1800.0,3.5,10.7,normal
1697512222.55,44.79,1800.0,2.5,10.7,normal
1697512223.053,44.303,1800.0,3.5,10.7,normal
1697512223.555,45.764,1800.0,4.5,10.7,normal
1697512224.058,44.79,1800.0,3.9,10.7,normal
1697512224.563,46.251,600.0,5.5,10.7,normal
1697512225.067,45.277,900.0,5.9,10.7,normal
1697512225.57,45.764,1800.0,16.4,10.2,normal
1697512226.072,45.764,1800.0,36.5,10.6,normal
1697512226.575,45.764,1800.0,5.0,10.6,normal
1697512227.078,46.738,1800.0,4.0,10.6,normal
1697512227.58,45.277,1800.0,3.9,10.6,normal
1697512228.083,45.764,1800.0,3.0,10.7,normal
1697512228.585,45.764,1800.0,4.5,10.7,normal
1697512229.088,45.764,1800.0,4.0,10.7,normal
1697512229.59,44.303,1800.0,4.5,10.7,normal
1697512230.093,44.79,1800.0,4.0,10.7,normal
1697512230.598,44.79,600.0,3.5,10.7,normal
1697512231.104,44.303,600.0,5.9,10.7,normal
1697512231.607,45.277,1800.0,9.0,9.6,normal
1697512232.11,45.277,1800.0,28.6,10.5,normal
1697512232.613,46.251,1800.0,20.6,10.7,normal
1697512233.115,45.764,1800.0,5.0,10.7,normal
1697512233.618,46.738,1800.0,2.5,10.7,normal
1697512234.12,45.764,1800.0,3.0,10.7,normal
1697512234.623,44.79,1800.0,4.9,10.7,normal
1697512235.126,45.277,1800.0,4.0,10.7,normal
1697512235.628,45.277,1800.0,2.5,10.7,normal
1697512236.131,45.764,1800.0,3.5,10.7,normal
1697512236.635,44.79,700.0,4.0,10.7,normal
1697512237.141,45.277,600.0,4.9,10.7,normal
1697512237.647,45.277,600.0,5.4,10.7,normal
1697512238.152,45.764,1800.0,26.7,10.5,normal
1697512238.654,45.764,1800.0,27.5,10.7,normal
1697512239.157,46.251,1800.0,4.5,10.7,normal
1697512239.659,45.277,1800.0,4.0,10.7,normal
1697512240.162,45.277,1800.0,3.5,10.7,normal
1697512240.665,44.79,1800.0,2.5,10.7,normal
1697512241.167,45.764,1800.0,3.5,10.7,normal
1697512241.67,45.764,1800.0,3.0,10.7,normal
1697512242.172,45.277,1800.0,2.0,10.7,normal
1697512242.675,45.764,1800.0,3.0,10.7,normal
1697512243.18,44.79,600.0,3.5,10.7,normal
1697512243.686,45.277,1000.0,6.4,10.7,normal
1697512244.192,45.764,1800.0,29.1,10.6,normal
1697512244.695,45.764,1800.0,24.1,10.7,normal
1697512245.197,44.79,1800.0,2.0,10.7,normal
1697512245.7,44.303,1800.0,4.5,10.7,normal
1697512246.202,45.764,1800.0,1.5,10.7,normal
1697512246.705,44.79,1800.0,3.0,10.7,normal
1697512247.207,46.251,1800.0,3.0,10.7,normal
1697512247.71,45.277,1800.0,2.5,10.7,normal
1697512248.212,45.277,1800.0,3.0,10.7,normal
1697512248.715,44.303,1800.0,4.0,10.7,normal
1697512249.221,44.303,600.0,4.4,10.7,normal
1697512249.727,45.277,600.0,5.4,10.7,normal
1697512250.229,45.764,1800.0,21.4,10.3,normal
1697512250.732,44.79,1800.0,32.2,10.6,normal
1697512251.235,46.251,1800.0,2.5,10.6,normal
1697512251.737,45.277,1800.0,4.5,10.6,normal
1697512252.24,45.764,1800.0,3.5,10.7,normal
1697512252.742,45.764,1800.0,4.0,10.7,normal
1697512253.245,46.251,1800.0,2.5,10.7,normal
1697512253.747,45.277,1800.0,4.0,10.7,normal
1697512254.25,45.764,1800.0,3.5,10.7,normal
1697512254.753,45.277,1800.0,5.0,10.7,normal
1697512255.257,45.764,900.0,5.4,10.7,normal
1697512255.762,45.277,600.0,4.9,10.7,normal
1697512256.265,46.251,1800.0,15.9,10.1,normal
1697512256.768,46.251,1800.0,37.2,10.5,normal
1697512257.27,45.764,1800.0,5.4,10.6,normal
1697512257.773,44.79,1800.0,3.5,10.6,normal
1697512258.276,45.277,1800.0,3.5,10.6,normal
1697512258.778,45.764,1800.0,4.0,10.6,normal
1697512259.281,45.764,1800.0,3.5,10.6,normal
1697512259.783,45.764,1800.0,3.9,10.6,normal
1697512260.286,46.251,1800.0,3.0,10.7,normal
1697512260.788,45.764,1800.0,4.5,10.7,normal
1697512261.293,44.79,800.0,4.5,10.7,normal
1697512261.797,44.79,900.0,5.0,10.7,normal
1697512262.301,44.79,900.0,9.5,9.6,normal
1697512262.805,46.738,1800.0,29.1,10.5,normal
1697512263.308,46.251,1800.0,21.5,10.6,normal
1697512263.81,44.303,1800.0,4.0,10.6,normal
1697512264.313,46.251,1800.0,3.5,10.6,normal
1697512264.815,44.79,1800.0,4.5,10.6,normal
1697512265.318,45.277,1800.0,3.5,10.7,normal
1697512265.82,46.251,1800.0,4.0,10.7,normal
1697512266.323,45.277,1800.0,1.5,10.7,normal
1697512266.826,44.303,1800.0,5.5,10.7,normal
1697512267.329,45.764,1800.0,4.5,10.7,normal
1697512267.833,45.277,900.0,5.0,10.7,normal
1697512268.337,45.764,800.0,5.0,10.7,normal
1697512268.84,46.251,1800.0,25.4,10.4,normal
1697512269.343,45.764,1800.0,32.3,10.6,normal
1697512269.845,45.764,1800.0,3.5,10.6,normal
1697512270.348,46.251,1800.0,3.5,10.6,normal
1697512270.851,46.251,1800.0,3.0,10.6,normal
1697512271.353,46.738,1800.0,5.4,10.6,normal
1697512271.856,45.764,1800.0,3.0,10.7,normal
1697512272.358,45.277,1800.0,2.5,10.7,normal
1697512272.861,46.251,1800.0,2.5,10.7,normal
1697512273.363,44.303,1800.0,4.9,10.7,normal
1697512273.867,44.303,900.0,4.0,10.7,normal
1697512274.371,45.764,1100.0,6.9,10.6,normal
1697512274.875,45.277,1800.0,28.4,10.5,normal
1697512275.377,46.251,1800.0,24.1,10.7,normal
1697512275.88,45.764,1800.0,4.0,10.7,normal
1697512276.382,46.251,1800.0,3.0,10.7,normal
1697512276.885,45.764,1800.0,4.0,10.7,normal
1697512277.387,45.764,1800.0,3.5,10.7,normal
1697512277.89,45.764,1800.0,4.0,10.7,normal
1697512278.393,45.277,1800.0,3.5,10.7,normal
1697512278.895,44.79,1800.0,3.5,10.7,normal
1697512279.398,45.277,1800.0,5.0,10.7,normal
1697512279.901,45.764,1100.0,5.4,10.7,normal
1697512280.406,44.79,800.0,10.9,9.6,normal
1697512280.91,46.251,1800.0,28.7,10.5,normal
1697512281.412,46.251,1800.0,21.4,10.6,normal
1697512281.915,45.764,1800.0,4.0,10.6,normal
1697512282.417,44.79,1800.0,2.5,10.6,normal
1697512282.92,45.277,1800.0,4.0,10.7,normal
1697512283.423,45.764,1800.0,3.5,10.7,normal
1697512283.925,45.277,1800.0,3.0,10.7,normal
1697512284.428,45.764,1800.0,4.0,10.7,normal
1697512284.93,45.277,1800.0,3.0,10.7,normal
1697512285.435,45.277,700.0,3.0,10.7,normal
1697512285.943,45.277,600.0,3.9,10.7,normal
1697512286.449,44.79,600.0,4.5,10.7,normal
1697512286.951,46.251,1800.0,26.9,10.3,normal
1697512287.454,46.738,1800.0,30.3,10.6,normal
1697512287.957,45.764,1800.0,3.0,10.6,normal
1697512288.459,45.277,1800.0,4.4,10.6,normal
1697512288.962,46.251,1800.0,3.5,10.6,normal
1697512289.464,45.764,1800.0,3.0,10.6,normal
1697512289.967,45.277,1800.0,3.5,10.6,normal
1697512290.469,44.303,1800.0,4.5,10.7,normal
1697512290.972,44.79,1800.0,3.5,10.7,normal
1697512291.474,44.79,1800.0,3.0,10.7,normal
1697512291.979,45.277,800.0,4.0,10.7,normal
1697512292.485,45.277,800.0,5.4,10.6,normal
1697512292.988,46.251,1800.0,28.9,10.4,normal
1697512293.491,46.251,1800.0,24.6,10.7,normal
1697512293.993,45.277,1800.0,3.5,10.7,normal
1697512294.496,45.764,1800.0,4.0,10.7,normal
1697512294.998,46.251,1800.0,5.0,10.7,normal
1697512295.501,45.277,1800.0,3.0,10.7,normal
1697512296.003,46.251,1800.0,2.5,10.7,normal
1697512296.506,45.277,1800.0,4.0,10.7,normal
1697512297.009,46.251,1800.0,4.5,10.7,normal
1697512297.511,45.764,1800.0,3.5,10.7,normal
1697512298.016,45.764,800.0,4.4,10.7,normal
1697512298.521,44.303,700.0,5.0,10.7,normal
1697512299.023,45.764,1800.0,23.5,10.3,normal
1697512299.526,45.764,1800.0,34.5,10.6,normal
1697512300.029,45.764,1800.0,3.0,10.6,normal
1697512300.531,46.251,1800.0,3.0,10.6,normal
1697512301.034,45.277,1800.0,3.0,10.6,normal
1697512301.536,45.277,1800.0,3.5,10.6,normal
1697512302.039,44.79,1800.0,3.5,10.7,normal
1697512302.541,45.277,1800.0,3.5,10.7,normal
1697512303.044,44.79,1800.0,3.5,10.7,normal
1697512303.547,45.764,1800.0,4.5,10.7,normal
1697512304.051,45.764,800.0,3.9,10.7,normal
1697512304.556,44.79,800.0,5.9,10.7,normal
1697512305.059,46.251,1800.0,16.4,10.1,normal
1697512305.562,46.738,1800.0,37.6,10.6,normal
1697512306.064,46.251,1800.0,6.0,10.7,normal
1697512306.567,45.764,1800.0,1.5,10.7,normal
1697512307.07,45.277,1800.0,4.0,10.7,normal
1697512307.572,46.251,1800.0,3.5,10.7,normal
1697512308.075,45.277,1800.0,1.0,10.7,normal
1697512308.577,45.277,1800.0,3.0,10.7,normal
1697512309.08,45.764,1800.0,5.9,10.7,normal
1697512309.583,45.277,1800.0,4.0,10.7,normal
1697512310.087,44.303,700.0,4.5,10.7,normal
1697512310.593,45.277,600.0,4.0,10.7,normal
1697512311.097,45.277,1100.0,6.0,10.7,normal
1697512311.6,46.251,1800.0,30.2,10.5,normal
1697512312.103,46.251,1800.0,24.6,10.7,normal
1697512312.605,45.277,1800.0,3.0,10.7,normal
1697512313.108,45.277,1800.0,3.5,10.7,normal
1697512313.611,45.764,1800.0,3.5,10.7,normal
1697512314.113,45.277,1800.0,4.0,10.7,normal
1697512314.616,46.251,1800.0,4.5,10.7,normal
1697512315.118,45.764,1800.0,3.5,10.7,normal
1697512315.621,44.79,1800.0,3.5,10.7,normal
1697512316.123,45.764,1800.0,4.0,10.7,normal
1697512316.629,45.277,600.0,4.0,10.7,normal
1697512317.132,45.277,1800.0,11.3,9.6,normal
1697512317.634,45.764,1800.0,29.4,10.5,normal
1697512318.137,45.277,1800.0,20.1,10.7,normal
1697512318.639,45.764,1800.0,3.5,10.7,normal
1697512319.142,46.738,1800.0,3.0,10.7,normal
1697512319.644,46.738,1800.0,4.0,10.7,normal
1697512320.147,45.764,1800.0,4.0,10.7,normal
1697512320.65,46.251,1800.0,4.5,10.7,normal
1697512321.152,44.79,1800.0,3.0,10.7,normal
1697512321.655,45.277,1800.0,3.9,10.7,normal
1697512322.159,45.277,800.0,3.0,10.7,normal
1697512322.662,44.79,1800.0,5.4,10.7,normal
1697512323.164,45.764,1800.0,2.5,10.7,normal
1697512323.667,47.225,1800.0,25.5,10.4,normal
1697512324.17,46.738,1800.0,26.0,10.6,normal
1697512324.672,45.764,1800.0,5.4,10.6,normal
1697512325.175,46.251,1800.0,3.0,10.6,normal
1697512325.678,45.277,1800.0,2.0,10.6,normal
1697512326.18,46.251,1800.0,2.5,10.6,normal
1697512326.683,45.277,1800.0,2.0,10.6,normal
1697512327.186,45.277,1800.0,3.5,10.6,normal
1697512327.693,45.277,600.0,3.0,10.6,normal
1697512328.199,45.277,600.0,5.0,10.7,normal
1697512328.706,45.764,600.0,4.4,10.6,normal
1697512329.209,44.79,1800.0,11.4,9.5,normal
1697512329.713,46.251,1800.0,28.5,10.5,normal
1697512330.216,46.251,1800.0,21.8,10.6,normal
1697512330.718,46.251,1800.0,4.0,10.6,normal
1697512331.221,45.277,1800.0,3.5,10.6,normal
1697512331.723,46.738,1800.0,3.5,10.6,normal
1697512332.226,46.251,1800.0,3.0,10.6,normal
1697512332.728,45.277,1800.0,4.0,10.6,normal
1697512333.231,46.251,1800.0,3.5,10.7,normal
1697512333.733,45.764,1800.0,3.0,10.7,normal
1697512334.238,44.79,700.0,4.9,10.7,normal
1697512334.745,45.277,700.0,4.9,10.7,normal
1697512335.249,46.251,800.0,6.5,10.7,normal
1697512335.753,45.277,1800.0,27.7,10.4,normal
1697512336.256,45.277,1800.0,28.5,10.6,normal
1697512336.758,46.738,1800.0,4.5,10.6,normal
1697512337.261,45.277,1800.0,2.5,10.6,normal
1697512337.763,45.764,1800.0,3.5,10.7,normal
1697512338.266,45.764,1800.0,3.0,10.7,normal
1697512338.768,46.251,1800.0,3.5,10.7,normal
1697512339.271,44.79,1800.0,4.9,10.7,normal
1697512339.774,45.277,1800.0,3.0,10.7,normal
1697512340.276,45.764,1800.0,4.0,10.7,normal
1697512340.78,45.277,900.0,5.4,10.7,normal
1697512341.284,45.277,1100.0,6.4,10.6,normal
1697512341.787,45.277,1800.0,28.6,10.5,normal
1697512342.29,46.251,1800.0,22.2,10.6,normal
1697512342.792,45.277,1800.0,3.5,10.6,normal
1697512343.295,46.251,1800.0,4.0,10.6,normal
1697512343.798,45.277,1800.0,4.0,10.6,normal
1697512344.3,45.277,1800.0,5.9,10.6,normal
1697512344.803,44.79,1800.0,3.5,10.6,normal
1697512345.305,45.764,1800.0,3.5,10.7,normal
1697512345.808,45.277,1800.0,4.0,10.6,normal
1697512346.31,44.79,1800.0,3.9,10.6,normal
1697512346.815,45.764,800.0,5.0,10.7,normal
1697512347.319,45.277,900.0,5.9,10.6,normal
1697512347.822,45.764,1800.0,24.4,10.4,normal
1697512348.325,45.277,1800.0,28.8,10.6,normal
1697512348.827,45.764,1800.0,3.5,10.6,normal
1697512349.33,46.251,1800.0,4.5,10.6,normal
1697512349.832,44.303,1800.0,3.5,10.6,normal
1697512350.335,45.764,1800.0,3.5,10.6,normal
1697512350.838,44.303,1800.0,3.0,10.6,normal
1697512351.34,45.764,1800.0,4.9,10.6,normal
1697512351.843,45.764,1800.0,3.0,10.6,normal
1697512352.345,45.277,1800.0,3.5,10.6,normal
1697512352.85,44.79,800.0,4.0,10.6,normal
1697512353.354,44.79,900.0,6.9,10.6,normal
1697512353.857,45.277,1800.0,28.1,10.5,normal
1697512354.359,45.764,1800.0,24.7,10.7,normal
1697512354.862,44.79,1800.0,3.5,10.7,normal
1697512355.364,46.251,1800.0,4.5,10.7,normal
1697512355.867,45.277,1800.0,3.5,10.7,normal
1697512356.37,46.251,1800.0,3.5,10.7,normal
1697512356.872,45.277,1800.0,3.5,10.7,normal
1697512357.375,44.79,1800.0,4.4,10.7,normal
1697512357.877,45.277,1800.0,3.0,10.7,normal
1697512358.38,45.277,1800.0,3.0,10.7,normal
1697512358.885,45.277,600.0,5.4,10.7,normal
1697512359.389,44.79,1200.0,11.4,9.7,normal
1697512359.893,46.251,1800.0,28.9,10.5,normal
1697512360.396,45.764,1800.0,19.0,10.7,normal
1697512360.899,46.251,1800.0,3.5,10.7,normal
1697512361.401,45.277,1800.0,4.5,10.7,normal
1697512361.904,45.277,1800.0,3.5,10.7,normal
1697512362.406,44.79,1800.0,3.0,10.7,normal
1697512362.909,45.764,1800.0,3.5,10.7,normal
1697512363.411,45.764,1800.0,4.4,10.7,normal
1697512363.914,45.277,1800.0,2.5,10.7,normal
1697512364.419,46.251,700.0,4.5,10.7,normal
1697512364.924,44.79,600.0,5.9,10.7,normal
1697512365.431,45.764,600.0,3.5,10.7,normal
1697512365.935,46.251,1800.0,28.5,10.5,normal
1697512366.438,46.738,1800.0,25.6,10.7,normal
1697512366.94,45.277,1800.0,3.0,10.7,normal
1697512367.443,45.764,1800.0,1.5,10.7,normal
1697512367.946,45.277,1800.0,1.5,10.7,normal
1697512368.448,45.764,1800.0,1.0,10.7,normal
1697512368.951,45.277,1800.0,6.9,10.6,normal
1697512369.453,45.277,1800.0,4.0,10.6,normal
1697512369.956,44.79,1800.0,3.5,10.7,normal
1697512370.458,45.277,1800.0,3.5,10.7,normal
1697512370.964,44.79,600.0,3.5,10.7,normal
1697512371.47,45.764,600.0,4.4,10.7,normal
1697512371.973,45.277,1800.0,19.9,10.3,normal
1697512372.475,46.738,1800.0,36.3,10.7,normal
1697512372.978,45.277,1800.0,3.0,10.7,normal
1697512373.48,45.764,1800.0,3.5,10.7,normal
1697512373.983,45.277,1800.0,4.5,10.7,normal
1697512374.485,46.251,1800.0,4.0,10.7,normal
1697512374.988,46.251,1800.0,3.5,10.7,normal
1697512375.491,44.79,1800.0,3.5,10.7,normal
1697512375.993,44.79,1800.0,3.5,10.7,normal
1697512376.496,45.277,1800.0,2.5,10.7,normal
1697512377.001,45.764,700.0,3.9,10.7,normal
1697512377.506,45.277,900.0,5.9,10.7,normal
1697512378.009,44.79,1800.0,12.1,10.1,normal
1697512378.512,46.251,1800.0,35.4,10.7,normal
1697512379.015,46.251,1800.0,9.9,10.7,normal
1697512379.517,45.764,1800.0,4.5,10.7,normal
1697512380.02,45.764,1800.0,3.5,10.7,normal
1697512380.523,45.764,1800.0,4.0,10.7,normal
1697512381.025,45.277,1800.0,4.0,10.7,normal
1697512381.528,45.764,1800.0,4.4,10.7,normal
1697512382.03,46.251,1800.0,3.5,10.7,normal
1697512382.533,45.277,1800.0,4.5,10.7,normal
1697512383.038,45.764,700.0,3.4,10.7,normal
1697512383.543,44.79,800.0,4.0,10.7,normal
1697512384.047,44.303,800.0,5.9,10.7,normal
1697512384.55,45.277,1800.0,29.1,10.5,normal
1697512385.053,45.277,1800.0,26.5,10.6,normal
1697512385.556,45.277,1800.0,4.0,10.6,normal
1697512386.058,46.251,1800.0,3.5,10.7,normal
1697512386.561,45.764,1800.0,4.0,10.7,normal
1697512387.063,46.251,1800.0,3.9,10.7,normal
1697512387.566,45.277,1800.0,3.5,10.7,normal
1697512388.068,45.277,1800.0,3.0,10.7,normal
1697512388.571,45.277,1800.0,5.0,10.7,normal
1697512389.073,45.764,1800.0,4.0,10.7,normal
1697512389.578,45.764,800.0,5.4,10.7,normal
1697512390.083,45.764,800.0,8.0,10.2,normal
1697512390.586,44.79,1800.0,29.6,10.5,normal
1697512391.089,46.251,1800.0,23.0,10.7,normal
1697512391.591,45.277,1800.0,3.0,10.7,normal
1697512392.094,45.764,1800.0,4.0,10.7,normal
1697512392.596,45.764,1800.0,3.5,10.7,normal
1697512393.099,45.764,1800.0,4.0,10.7,normal
1697512393.602,45.277,1800.0,3.0,10.7,normal
1697512394.104,45.764,1800.0,2.5,10.7,normal
1697512394.607,43.816,1800.0,4.5,10.7,normal
1697512395.111,45.277,700.0,5.9,10.7,normal
1697512395.616,45.764,800.0,4.5,10.7,normal
1697512396.122,45.764,600.0,5.0,10.7,normal
1697512396.625,46.738,1800.0,26.7,10.4,normal
1697512397.127,45.764,1800.0,28.6,10.7,normal
1697512397.63,45.764,1800.0,3.0,10.7,normal
1697512398.133,45.764,1800.0,2.5,10.7,normal
1697512398.635,45.764,1800.0,4.0,10.7,normal
1697512399.138,46.251,1800.0,4.0,10.7,normal
1697512399.64,45.277,1800.0,5.0,10.7,normal
1697512400.143,45.277,1800.0,3.0,10.7,normal
1697512400.645,46.251,1800.0,3.5,10.7,normal
1697512401.148,46.251,1800.0,3.0,10.7,normal
1697512401.653,45.764,600.0,4.0,10.7,normal
1697512402.159,44.79,600.0,5.4,10.7,normal
1697512402.662,45.764,1800.0,20.0,10.3,normal
1697512403.165,45.764,1800.0,33.7,10.6,normal
1697512403.667,46.251,1800.0,3.5,10.6,normal
1697512404.17,45.277,1800.0,4.0,10.6,normal
1697512404.672,45.277,1800.0,4.5,10.6,normal
1697512405.175,45.764,1800.0,3.5,10.6,normal
1697512405.677,45.764,1800.0,4.5,10.6,normal
1697512406.18,46.251,1800.0,3.0,10.6,normal
1697512406.683,45.277,1800.0,4.0,10.6,normal
1697512407.186,45.764,1800.0,2.5,10.6,normal
1697512407.692,44.79,600.0,3.4,10.6,normal
1697512408.198,44.79,600.0,4.9,10.6,normal
1697512408.701,45.277,1800.0,13.5,10.0,normal
1697512409.204,46.738,1800.0,36.0,10.6,normal
1697512409.707,46.251,1800.0,9.5,10.6,normal
1697512410.21,46.251,1800.0,4.0,10.6,normal
1697512410.713,46.251,1800.0,2.5,10.6,normal
1697512411.215,45.764,1800.0,4.0,10.6,normal
1697512411.718,46.251,1800.0,3.0,10.7,normal
1697512412.221,44.79,1800.0,3.5,10.7,normal
1697512412.723,45.764,1800.0,3.5,10.7,normal
1697512413.226,44.79,1800.0,3.0,10.7,normal
1697512413.731,45.277,800.0,4.5,10.7,normal
1697512414.233,45.764,1800.0,4.0,10.7,normal
1697512414.736,45.764,1800.0,18.1,10.3,normal
1697512415.239,46.738,1800.0,33.5,10.7,normal
1697512415.741,45.277,1800.0,3.5,10.7,normal
1697512416.244,45.277,1800.0,3.5,10.7,normal
1697512416.747,45.764,1800.0,4.5,10.7,normal
1697512417.249,45.764,1800.0,4.0,10.7,normal
1697512417.751,44.79,1800.0,3.5,10.7,normal
1697512418.254,45.277,1800.0,4.0,10.7,normal
1697512418.757,45.764,1800.0,3.0,10.7,normal
1697512419.262,44.79,700.0,5.9,10.7,normal
1697512419.767,44.79,900.0,5.9,10.7,normal
1697512420.271,46.251,800.0,5.0,10.7,normal
1697512420.774,45.764,1800.0,14.9,10.2,normal
1697512421.277,46.738,1800.0,36.7,10.6,normal
1697512421.779,45.764,1800.0,7.0,10.7,normal
1697512422.282,45.764,1800.0,4.0,10.7,normal
1697512422.784,45.764,1800.0,3.0,10.7,normal
1697512423.287,44.79,1800.0,4.0,10.7,normal
1697512423.79,45.277,1800.0,3.0,10.7,normal
1697512424.292,46.251,1800.0,4.0,10.7,normal
1697512424.795,45.277,1800.0,4.0,10.7,normal
1697512425.297,44.79,1800.0,3.0,10.7,normal
1697512425.801,45.277,900.0,3.9,10.7,normal
1697512426.307,45.277,600.0,2.5,10.7,normal
1697512426.813,45.764,600.0,4.0,10.4,normal
1697512427.317,47.712,1800.0,25.2,10.5,normal
1697512427.82,46.251,1800.0,21.6,10.6,normal
1697512428.322,44.303,1800.0,5.5,10.7,normal
1697512428.825,44.79,1800.0,4.5,10.7,normal
1697512429.327,45.277,1800.0,4.5,10.7,normal
1697512429.83,45.764,1800.0,3.5,10.7,normal
1697512430.332,44.303,1800.0,4.5,10.7,normal
1697512430.835,45.764,1800.0,3.0,10.7,normal
1697512431.337,45.764,1800.0,3.5,10.7,normal
1697512431.842,45.277,800.0,4.4,10.7,normal
1697512432.346,44.79,800.0,4.9,10.7,normal
1697512432.849,45.277,1800.0,13.1,10.1,normal
1697512433.352,46.738,1800.0,34.8,10.7,normal
1697512433.855,46.251,1800.0,11.5,10.7,normal
1697512434.358,44.79,1800.0,5.4,10.7,normal
1697512434.86,45.277,1800.0,4.0,10.7,normal
1697512435.363,45.277,1800.0,3.5,10.7,normal
1697512435.865,45.764,1800.0,3.5,10.7,normal
1697512436.368,45.277,1800.0,3.0,10.7,normal
1697512436.87,45.277,1800.0,3.5,10.7,normal
1697512437.373,45.764,1800.0,4.0,10.7,normal
1697512437.878,45.277,700.0,3.5,10.7,normal
1697512438.383,44.79,800.0,5.0,10.7,normal
1697512438.889,45.277,600.0,5.4,10.6,normal
1697512439.392,45.277,1800.0,29.9,10.5,normal
1697512439.895,46.738,1800.0,23.6,10.7,normal
1697512440.398,45.764,1800.0,3.5,10.7,normal
1697512440.9,45.277,1800.0,3.5,10.7,normal
1697512441.403,45.764,1800.0,4.9,10.6,normal
1697512441.905,44.303,1800.0,3.5,10.7,normal
1697512442.408,45.277,1800.0,3.0,10.7,normal
1697512442.91,45.764,1800.0,4.0,10.7,normal
1697512443.413,43.816,1800.0,4.0,10.7,normal
1697512443.916,46.251,1800.0,3.0,10.7,normal
1697512444.419,45.277,1000.0,5.5,10.7,normal
1697512444.925,44.79,600.0,4.9,10.7,normal
1697512445.427,45.764,1800.0,23.9,10.3,normal
1697512445.93,45.764,1800.0,32.0,10.6,normal
1697512446.433,45.764,1800.0,3.5,10.6,normal
1697512446.935,44.303,1800.0,2.0,10.6,normal
1697512447.438,44.79,1800.0,4.5,10.6,normal
1697512447.94,45.764,1800.0,3.5,10.6,normal
1697512448.443,45.764,1800.0,4.0,10.6,normal
1697512448.945,46.251,1800.0,4.0,10.6,normal
1697512449.448,46.251,1800.0,4.0,10.6,normal
1697512449.95,46.251,1800.0,3.5,10.7,normal
1697512450.456,45.277,600.0,3.4,10.6,normal
1697512450.962,44.303,600.0,3.0,10.6,normal
1697512451.465,45.277,1800.0,25.4,10.4,normal
1697512451.968,46.251,1800.0,28.4,10.7,normal
1697512452.471,45.277,1800.0,3.5,10.7,normal
1697512452.973,45.764,1800.0,2.5,10.7,normal
1697512453.476,45.764,1800.0,3.0,10.7,normal
1697512453.979,45.277,1800.0,3.5,10.7,normal
1697512454.481,45.764,1800.0,4.9,10.7,normal
1697512454.984,45.764,1800.0,2.5,10.7,normal
1697512455.486,45.764,1800.0,3.5,10.7,normal
1697512455.989,45.277,1800.0,4.0,10.7,normal
1697512456.494,45.277,600.0,4.0,10.7,normal
1697512457.0,46.251,700.0,6.9,10.5,normal
1697512457.503,46.738,1800.0,28.2,10.5,normal
1697512458.006,45.277,1800.0,24.4,10.7,normal
1697512458.508,45.764,1800.0,3.5,10.7,normal
1697512459.011,45.764,1800.0,3.0,10.7,normal
1697512459.513,45.277,1800.0,3.5,10.7,normal
1697512460.016,44.79,1800.0,4.0,10.7,normal
1697512460.518,46.251,1800.0,3.5,10.7,normal
1697512461.021,45.277,1800.0,3.0,10.7,normal
1697512461.523,45.764,1800.0,3.9,10.7,normal
1697512462.026,46.738,1800.0,3.0,10.7,normal
1697512462.532,44.79,600.0,4.0,10.7,normal
1697512463.036,44.79,1200.0,11.9,9.7,normal
1697512463.539,44.303,1800.0,28.4,10.5,normal
1697512464.042,46.251,1800.0,21.2,10.6,normal
1697512464.544,44.79,1800.0,4.0,10.6,normal
1697512465.047,45.764,1800.0,3.5,10.6,normal
1697512465.549,46.738,1800.0,3.5,10.6,normal
1697512466.052,45.764,1800.0,4.0,10.6,normal
1697512466.554,45.277,1800.0,3.0,10.6,normal
1697512467.057,45.764,1800.0,3.0,10.6,normal
1697512467.559,45.277,1800.0,3.9,10.6,normal
1697512468.062,45.277,1800.0,4.0,10.6,normal
1697512468.567,44.79,800.0,5.0,10.6,normal
1697512469.071,44.303,800.0,4.4,10.6,normal
1697512469.575,45.764,1800.0,28.4,10.3,normal
1697512470.077,46.738,1800.0,27.9,10.6,normal
1697512470.58,45.764,1800.0,3.9,10.6,normal
1697512471.083,45.764,1800.0,3.0,10.6,normal
1697512471.585,45.764,1800.0,3.0,10.6,normal
1697512472.088,45.764,1800.0,4.0,10.7,normal
1697512472.59,44.79,1800.0,3.5,10.7,normal
1697512473.093,45.277,1800.0,3.0,10.7,normal
1697512473.595,45.277,1800.0,4.0,10.7,normal
1697512474.098,43.816,1800.0,5.0,10.7,normal
1697512474.602,46.251,800.0,5.4,10.7,normal
1697512475.107,44.79,800.0,5.4,10.7,normal
1697512475.61,45.277,1800.0,19.4,10.3,normal
1697512476.113,45.764,1800.0,35.9,10.7,normal
1697512476.615,44.79,1800.0,4.4,10.7,normal
1697512477.118,45.277,1800.0,4.0,10.7,normal
1697512477.62,45.277,1800.0,2.5,10.7,normal
1697512478.123,45.764,1800.0,5.9,10.7,normal
1697512478.625,45.277,1800.0,3.0,10.7,normal
1697512479.128,45.764,1800.0,4.9,10.7,normal
1697512479.631,45.764,1800.0,4.5,10.7,normal
1697512480.133,45.764,1800.0,3.0,10.7,normal
1697512480.639,45.764,600.0,4.4,10.7,normal
1697512481.143,45.764,800.0,4.5,10.7,normal
1697512481.646,45.764,1800.0,24.8,10.4,normal
1697512482.149,46.251,1800.0,29.3,10.7,normal
1697512482.652,45.764,1800.0,4.5,10.7,normal
1697512483.154,45.764,1800.0,2.5,10.7,normal
1697512483.657,45.764,1800.0,3.0,10.7,normal
1697512484.159,45.277,1800.0,3.5,10.7,normal
1697512484.662,44.79,1800.0,5.5,10.7,normal
1697512485.164,46.251,1800.0,2.5,10.7,normal
1697512485.667,46.251,1800.0,3.5,10.7,normal
1697512486.169,45.277,1800.0,1.5,10.7,normal
1697512486.675,44.79,600.0,0.0,10.7,normal
1697512487.18,44.79,600.0,2.5,10.7,normal
1697512487.683,44.79,1800.0,17.9,10.3,normal
1697512488.186,46.738,1800.0,34.3,10.7,normal
1697512488.689,46.251,1800.0,5.9,10.7,normal
1697512489.191,45.764,1800.0,3.0,10.7,normal
1697512489.694,44.79,1800.0,3.0,10.7,normal
1697512490.196,45.277,1800.0,1.0,10.7,normal
1697512490.699,46.738,1800.0,1.5,10.7,normal
1697512491.201,45.277,1800.0,5.9,10.7,normal
1697512491.704,45.277,1800.0,3.5,10.7,normal
1697512492.206,45.277,1800.0,3.5,10.7,normal
1697512492.712,45.764,600.0,2.5,10.7,normal
1697512493.215,45.277,1800.0,4.0,10.7,normal
1697512493.718,44.79,1800.0,11.9,10.2,normal
1697512494.22,47.225,1800.0,37.2,10.6,normal
1697512494.723,45.764,1800.0,7.5,10.6,normal
1697512495.226,45.277,1800.0,4.0,10.6,normal
1697512495.728,45.764,1800.0,3.0,10.6,normal
1697512496.231,46.251,1800.0,3.0,10.6,normal
1697512496.734,45.764,1800.0,3.0,10.6,normal
1697512497.237,45.277,1800.0,4.0,10.6,normal
1697512497.739,45.277,1800.0,3.5,10.6,normal
1697512498.245,46.251,600.0,4.0,10.7,normal
1697512498.748,45.764,1100.0,5.4,10.6,normal
1697512499.254,44.303,600.0,5.9,10.7,normal
1697512499.76,44.79,600.0,6.5,10.6,normal
1697512500.263,45.764,1800.0,29.2,10.5,normal
1697512500.766,45.764,1800.0,23.2,10.6,normal
1697512501.269,46.251,1800.0,5.0,10.6,normal
1697512501.771,45.764,1800.0,3.5,10.6,normal
1697512502.274,45.277,1800.0,4.0,10.6,normal
1697512502.776,45.764,1800.0,3.0,10.6,normal
1697512503.279,45.764,1800.0,4.4,10.7,normal
1697512503.781,45.277,1800.0,3.0,10.7,normal
1697512504.284,46.251,1800.0,4.5,10.7,normal
1697512504.788,45.764,800.0,4.4,10.7,normal
1697512505.293,44.303,800.0,4.5,10.7,normal
1697512505.795,45.277,1800.0,12.9,9.7,normal
1697512506.3,46.251,1800.0,29.5,10.5,normal
1697512506.802,46.738,1800.0,18.8,10.6,normal
1697512507.305,45.277,1800.0,3.5,10.6,normal
1697512507.807,45.764,1800.0,4.5,10.6,normal
1697512508.31,45.277,1800.0,3.0,10.6,normal
1697512508.812,45.764,1800.0,3.5,10.6,normal
1697512509.315,45.277,1800.0,5.4,10.7,normal
1697512509.818,45.277,1800.0,4.5,10.7,normal
1697512510.32,45.277,1800.0,3.5,10.7,normal
1697512510.825,46.251,700.0,3.5,10.7,normal
1697512511.33,45.764,700.0,5.4,10.7,normal
1697512511.835,45.277,800.0,5.5,10.7,normal
1697512512.338,46.251,1800.0,27.7,10.4,normal
1697512512.84,45.764,1800.0,26.4,10.6,normal
1697512513.343,45.277,1800.0,4.0,10.6,normal
1697512513.846,45.277,1800.0,3.0,10.6,normal
1697512514.348,46.738,1800.0,5.0,10.6,normal
1697512514.851,46.251,1800.0,4.0,10.7,normal
1697512515.353,45.277,1800.0,3.5,10.7,normal
1697512515.856,45.764,1800.0,3.0,10.7,normal
1697512516.358,45.277,1800.0,3.5,10.7,normal
1697512516.861,45.277,1800.0,4.4,10.7,normal
1697512517.365,44.79,900.0,4.9,10.7,normal
1697512517.869,45.764,1000.0,8.5,9.6,normal
1697512518.372,46.251,1800.0,29.7,10.6,normal
1697512518.875,45.277,1800.0,21.1,10.7,normal
1697512519.378,46.738,1800.0,4.5,10.7,normal
1697512519.88,45.764,1800.0,3.5,10.7,normal
1697512520.383,45.277,1800.0,4.0,10.7,normal
1697512520.885,46.251,1800.0,3.5,10.7,normal
1697512521.388,45.277,1800.0,3.0,10.7,normal
1697512521.89,44.79,1800.0,4.9,10.7,normal
1697512522.393,45.277,1800.0,3.0,10.7,normal
1697512522.895,46.251,1800.0,5.5,10.7,normal
1697512523.401,45.764,600.0,4.0,10.7,normal
1697512523.905,44.303,900.0,4.5,10.7,normal
1697512524.408,44.79,1800.0,27.9,10.4,normal
1697512524.911,45.764,1800.0,30.7,10.6,normal
1697512525.414,45.764,1800.0,3.0,10.6,normal
1697512525.916,45.277,1800.0,3.9,10.6,normal
1697512526.419,45.764,1800.0,3.0,10.6,normal
1697512526.921,45.764,1800.0,2.5,10.6,normal
1697512527.424,45.277,1800.0,3.5,10.6,normal
1697512527.926,45.764,1800.0,3.5,10.6,normal
1697512528.429,45.764,1800.0,3.0,10.6,normal
1697512528.931,45.764,1800.0,4.0,10.6,normal
1697512529.437,45.277,600.0,5.0,10.6,normal
1697512529.943,45.277,600.0,4.4,10.6,normal
1697512530.446,45.764,1800.0,18.9,10.2,normal
1697512530.948,46.738,1800.0,38.3,10.6,normal
1697512531.451,45.764,1800.0,5.0,10.7,normal
1697512531.954,46.251,1800.0,3.5,10.7,normal
1697512532.456,45.764,1800.0,2.5,10.7,normal
1697512532.959,45.764,1800.0,2.5,10.7,normal
1697512533.461,46.251,1800.0,4.0,10.7,normal
1697512533.964,45.764,1800.0,2.5,10.7,normal
1697512534.466,44.79,1800.0,3.0,10.7,normal
1697512534.969,45.764,1800.0,2.0,10.7,normal
1697512535.474,45.764,700.0,4.4,10.7,normal
1697512535.979,45.277,600.0,5.0,10.7,normal
1697512536.483,44.79,1800.0,10.9,9.8,normal
1697512536.987,45.277,1800.0,31.3,10.6,normal
1697512537.49,46.251,1800.0,17.0,10.7,normal
1697512537.992,46.251,1800.0,2.5,10.7,normal
1697512538.495,45.764,1800.0,3.9,10.7,normal
1697512538.998,45.764,1800.0,3.0,10.7,normal
1697512539.5,45.277,1800.0,4.5,10.7,normal
1697512540.003,46.738,1800.0,4.5,10.7,normal
1697512540.505,45.277,1800.0,3.0,10.7,normal
1697512541.008,44.79,1800.0,3.5,10.7,normal
1697512541.512,44.79,800.0,3.5,10.7,normal
1697512542.018,45.277,600.0,5.0,10.7,normal
1697512542.524,44.303,600.0,4.0,10.7,normal
1697512543.027,45.764,1800.0,27.4,10.5,normal
1697512543.53,46.738,1800.0,28.5,10.7,normal
1697512544.032,46.251,1800.0,4.5,10.7,normal
1697512544.535,45.277,1800.0,3.0,10.7,normal
1697512545.037,46.738,1800.0,4.0,10.7,normal
1697512545.54,45.764,1800.0,2.0,10.7,normal
1697512546.043,46.251,1800.0,3.9,10.7,normal
1697512546.545,44.79,1800.0,2.0,10.7,normal
1697512547.048,44.79,1800.0,3.0,10.7,normal
1697512547.55,44.79,1800.0,3.9,10.7,normal
1697512548.055,45.277,700.0,4.0,10.7,normal
1697512548.56,44.303,700.0,4.9,10.7,normal
1697512549.063,45.277,1800.0,19.9,10.2,normal
1697512549.566,45.764,1800.0,36.7,10.7,normal
1697512550.068,45.277,1800.0,3.5,10.7,normal
1697512550.571,45.764,1800.0,3.5,10.7,normal
1697512551.073,45.764,1800.0,3.0,10.6,normal
1697512551.576,46.251,1800.0,4.0,10.6,normal
1697512552.078,46.251,1800.0,4.5,10.7,normal
1697512552.581,45.764,1800.0,4.0,10.7,normal
1697512553.083,46.251,1800.0,2.5,10.7,normal
1697512553.586,45.277,1800.0,4.0,10.7,normal
1697512554.09,45.277,900.0,3.5,10.7,normal
1697512554.595,44.79,700.0,7.9,10.7,normal
1697512555.099,44.303,1200.0,12.4,9.8,normal
1697512555.604,45.277,1800.0,28.5,10.6,normal
1697512556.107,46.251,1800.0,20.0,10.7,normal
1697512556.609,45.764,1800.0,4.5,10.7,normal
1697512557.112,45.277,1800.0,4.0,10.7,normal
1697512557.614,44.79,1800.0,3.0,10.7,normal
1697512558.117,45.277,1800.0,3.0,10.7,normal
1697512558.619,44.79,1800.0,3.5,10.7,normal
1697512559.122,44.79,1800.0,3.5,10.7,normal
1697512559.625,45.764,1800.0,4.0,10.7,normal
1697512560.127,45.277,1800.0,3.5,10.7,normal
1697512560.632,44.79,800.0,5.0,10.7,normal
1697512561.136,45.277,900.0,6.0,10.7,normal
1697512561.64,45.277,1800.0,27.2,10.4,normal
1697512562.142,45.764,1800.0,28.5,10.7,normal
1697512562.645,44.303,1800.0,4.0,10.7,normal
1697512563.147,45.764,1800.0,3.5,10.7,normal
1697512563.65,45.277,1800.0,3.5,10.7,normal
1697512564.152,46.251,1800.0,3.0,10.7,normal
1697512564.655,45.764,1800.0,5.4,10.7,normal
1697512565.158,45.764,1800.0,3.0,10.7,normal
1697512565.66,45.277,1800.0,3.5,10.7,normal
1697512566.163,46.251,1800.0,3.5,10.7,normal
1697512566.668,45.764,600.0,4.9,10.7,normal
1697512567.173,44.79,900.0,6.5,10.6,normal
1697512567.676,45.277,1800.0,28.9,10.6,normal
1697512568.179,45.764,1800.0,23.1,10.7,normal
1697512568.682,45.764,1800.0,4.0,10.7,normal
1697512569.184,44.79,1800.0,3.0,10.7,normal
1697512569.687,45.764,1800.0,5.9,10.7,normal
1697512570.19,46.251,1800.0,3.5,10.7,normal
1697512570.692,45.277,1800.0,5.0,10.7,normal
1697512571.195,44.79,1800.0,3.0,10.7,normal
1697512571.697,45.764,1800.0,4.0,10.7,normal
1697512572.2,45.764,1800.0,3.0,10.7,normal
1697512572.707,45.277,600.0,5.0,10.7,normal
1697512573.213,45.764,600.0,5.0,10.7,normal
1697512573.716,46.738,1800.0,24.5,10.4,normal
1697512574.219,46.251,1800.0,29.2,10.7,normal
1697512574.722,46.738,1800.0,3.5,10.7,normal
1697512575.224,45.764,1800.0,2.5,10.7,normal
1697512575.727,46.251,1800.0,2.0,10.7,normal
1697512576.229,46.251,1800.0,3.5,10.7,normal
1697512576.732,45.764,1800.0,3.0,10.7,normal
1697512577.234,45.277,1800.0,3.0,10.7,normal
1697512577.737,46.251,1800.0,3.0,10.7,normal
1697512578.239,46.251,1800.0,3.0,10.7,normal
1697512578.743,45.277,900.0,3.0,10.7,normal
1697512579.248,45.764,900.0,5.0,10.7,normal
1697512579.751,45.764,1800.0,29.9,10.5,normal
1697512580.254,45.764,1800.0,24.2,10.7,normal
1697512580.756,45.764,1800.0,3.5,10.7,normal
1697512581.259,45.764,1800.0,3.5,10.7,normal
1697512581.761,46.738,1800.0,2.5,10.7,normal
1697512582.264,45.277,1800.0,3.0,10.7,normal
1697512582.767,45.277,1800.0,4.5,10.7,normal
1697512583.272,46.738,1800.0,3.9,10.7,normal
1697512583.775,45.764,1800.0,3.5,10.7,normal
1697512584.278,45.277,1800.0,4.5,10.7,normal
1697512584.783,46.251,600.0,6.9,10.7,normal
1697512585.287,45.764,900.0,9.5,9.6,normal
1697512585.79,45.764,1800.0,28.2,10.5,normal
1697512586.292,46.251,1800.0,20.2,10.7,normal
1697512586.795,45.764,1800.0,4.0,10.7,normal
1697512587.297,46.251,1800.0,3.0,10.7,normal
1697512587.8,46.738,1800.0,3.5,10.7,normal
1697512588.303,44.79,1800.0,3.5,10.7,normal
1697512588.805,46.251,1800.0,4.0,10.7,normal
1697512589.307,45.277,1800.0,4.5,10.7,normal
1697512589.81,45.764,1800.0,5.0,10.7,normal
1697512590.312,45.277,1800.0,3.5,10.7,normal
1697512590.816,44.79,1100.0,5.9,10.7,normal
1697512591.319,45.277,1800.0,14.9,10.1,normal
1697512591.822,46.738,1800.0,36.5,10.6,normal
1697512592.325,45.764,1800.0,8.0,10.6,normal
1697512592.828,46.738,1800.0,4.5,10.6,normal
1697512593.33,46.251,1800.0,2.5,10.7,normal
1697512593.833,45.277,1800.0,2.5,10.7,normal
1697512594.335,45.764,1800.0,4.4,10.7,normal
1697512594.838,45.277,1800.0,2.5,10.7,normal
1697512595.34,45.277,1800.0,4.0,10.7,normal
1697512595.843,44.79,1800.0,2.5,10.7,normal
1697512596.348,45.764,700.0,3.5,10.7,normal
1697512596.852,45.277,800.0,5.0,10.7,normal
1697512597.355,45.764,1800.0,19.8,10.2,normal
1697512597.858,47.225,1800.0,36.1,10.7,normal
1697512598.36,45.277,1800.0,3.5,10.7,normal
1697512598.863,45.764,1800.0,3.5,10.7,normal
1697512599.365,46.251,1800.0,5.0,10.7,normal
1697512599.868,46.738,1800.0,4.0,10.7,normal
1697512600.37,45.277,1800.0,4.0,10.7,normal
1697512600.873,45.277,1800.0,3.5,10.7,normal
1697512601.375,46.251,1800.0,4.5,10.7,normal
1697512601.878,45.277,1800.0,4.0,10.7,normal
1697512602.382,45.277,900.0,5.4,10.7,normal
1697512602.887,45.764,600.0,3.5,10.7,normal
1697512603.39,44.79,1800.0,10.5,9.7,normal
1697512603.893,47.225,1800.0,28.5,10.5,normal
1697512604.396,46.251,1800.0,20.0,10.7,normal
1697512604.899,45.764,1800.0,4.4,10.7,normal
1697512605.401,44.79,1800.0,2.0,10.7,normal
1697512605.904,46.251,1800.0,1.5,10.7,normal
1697512606.406,44.79,1800.0,2.0,10.7,normal
1697512606.909,45.764,1800.0,3.5,10.7,normal
1697512607.411,45.277,1800.0,4.5,10.7,normal
1697512607.914,44.79,1800.0,2.0,10.7,normal
1697512608.419,45.764,700.0,1.5,10.7,normal
1697512608.925,45.277,600.0,9.4,10.7,normal
1697512609.43,45.764,700.0,5.0,10.7,normal
1697512609.934,45.764,1800.0,25.0,10.5,normal
1697512610.436,45.764,1800.0,30.2,10.7,normal
1697512610.939,45.277,1800.0,2.5,10.7,normal
1697512611.442,45.764,1800.0,3.5,10.7,normal
1697512611.944,45.764,1800.0,3.5,10.7,normal
1697512612.447,45.764,1800.0,3.5,10.7,normal
1697512612.949,46.251,1800.0,2.5,10.7,normal
1697512613.452,44.79,1800.0,4.0,10.7,normal
1697512613.954,45.764,1800.0,3.0,10.7,normal
1697512614.457,46.251,1800.0,5.4,10.7,normal
1697512614.962,45.277,600.0,4.5,10.8,normal
1697512615.468,43.816,600.0,5.5,10.7,normal
1697512615.972,45.764,1800.0,28.0,10.4,normal
1697512616.474,45.277,1800.0,26.1,10.6,normal
1697512616.977,45.277,1800.0,2.5,10.6,normal
1697512617.479,45.764,1800.0,2.0,10.6,normal
1697512617.982,45.277,1800.0,2.5,10.6,normal
1697512618.484,45.764,1800.0,3.5,10.7,normal
1697512618.987,44.79,1800.0,3.0,10.7,normal
1697512619.49,46.251,1800.0,4.0,10.7,normal
1697512619.992,43.816,1800.0,3.0,10.7,normal
1697512620.495,45.277,1800.0,3.5,10.7,normal
1697512621.0,44.79,600.0,4.9,10.7,normal
1697512621.506,45.764,700.0,8.4,10.7,normal
1697512622.01,47.225,1800.0,24.1,10.3,normal
1697512622.512,45.277,1800.0,32.5,10.7,normal
1697512623.015,45.277,1800.0,3.5,10.7,normal
1697512623.518,46.738,1800.0,3.5,10.7,normal
1697512624.02,46.251,1800.0,4.0,10.7,normal
1697512624.523,46.251,1800.0,3.5,10.7,normal
1697512625.025,45.277,1800.0,3.5,10.7,normal
1697512625.528,44.79,1800.0,3.0,10.7,normal
1697512626.03,45.277,1800.0,4.5,10.7,normal
1697512626.533,45.764,1800.0,3.5,10.7,normal
1697512627.038,46.251,600.0,4.0,10.7,normal
1697512627.544,44.79,600.0,4.5,10.7,normal
1697512628.047,46.251,1800.0,14.9,10.3,normal
1697512628.55,46.738,1800.0,37.0,10.7,normal
1697512629.053,46.738,1800.0,5.5,10.7,normal
1697512629.555,45.764,1800.0,6.0,10.7,normal
1697512630.058,45.764,1800.0,3.9,10.7,normal
1697512630.56,45.277,1800.0,3.0,10.7,normal
1697512631.063,45.277,1800.0,4.0,10.7,normal
1697512631.566,45.764,1800.0,3.5,10.7,normal
1697512632.068,45.764,1800.0,3.5,10.7,normal
1697512632.571,44.79,1800.0,3.5,10.7,normal
1697512633.076,45.277,600.0,4.0,10.7,normal
1697512633.579,44.303,1800.0,6.0,10.7,normal
1697512634.083,45.764,1800.0,7.4,9.7,normal
1697512634.586,47.225,1800.0,31.3,10.5,normal
1697512635.089,45.277,1800.0,18.0,10.7,normal
1697512635.591,45.764,1800.0,4.0,10.7,normal
1697512636.094,44.79,1800.0,3.9,10.6,normal
1697512636.596,45.277,1800.0,3.0,10.7,normal
1697512637.099,45.764,1800.0,3.5,10.7,normal
1697512637.602,45.764,1800.0,2.5,10.6,normal
1697512638.104,46.251,1800.0,5.0,10.6,normal
1697512638.61,45.764,600.0,4.0,10.7,normal
1697512639.114,45.764,800.0,4.4,10.6,normal
1697512639.619,45.277,700.0,5.9,10.6,normal
1697512640.122,45.277,1800.0,17.0,10.2,normal
1697512640.625,47.225,1800.0,37.2,10.5,normal
1697512641.128,45.764,1800.0,6.4,10.6,normal
1697512641.63,46.251,1800.0,3.0,10.6,normal
1697512642.133,45.764,1800.0,3.5,10.6,normal
1697512642.635,46.251,1800.0,3.5,10.6,normal
1697512643.138,46.251,1800.0,3.5,10.6,normal
1697512643.64,45.764,1800.0,3.5,10.6,normal
1697512644.143,45.764,1800.0,4.0,10.6,normal
1697512644.645,44.79,1800.0,3.5,10.6,normal
1697512645.15,45.764,700.0,4.9,10.6,normal
1697512645.655,45.764,800.0,4.5,10.6,normal
1697512646.158,45.764,1800.0,20.5,10.4,normal
1697512646.661,46.738,1800.0,33.8,10.7,normal
1697512647.163,46.251,1800.0,3.9,10.7,normal
1697512647.666,45.764,1800.0,3.5,10.7,normal
1697512648.168,46.738,1800.0,3.5,10.7,normal
1697512648.671,46.738,1800.0,3.0,10.7,normal
1697512649.173,44.79,1800.0,3.0,10.7,normal
1697512649.676,46.251,1800.0,4.0,10.7,normal
1697512650.179,44.79,1800.0,4.5,10.7,normal
1697512650.681,45.277,1800.0,3.0,10.7,normal
1697512651.186,44.79,800.0,4.9,10.7,normal
1697512651.691,44.79,800.0,4.9,10.7,normal
1697512652.194,45.277,1800.0,15.1,10.0,normal
1697512652.697,46.738,1800.0,36.3,10.6,normal
1697512653.2,44.79,1800.0,10.0,10.7,normal
1697512653.702,45.764,1800.0,3.0,10.7,normal
1697512654.205,45.764,1800.0,3.5,10.7,normal
1697512654.707,45.764,1800.0,4.5,10.7,normal
1697512655.21,46.738,1800.0,3.5,10.7,normal
1697512655.712,46.251,1800.0,3.0,10.7,normal
1697512656.215,45.764,1800.0,3.5,10.7,normal
1697512656.717,46.251,1800.0,2.0,10.7,normal
1697512657.222,45.764,700.0,5.4,10.7,normal
1697512657.727,44.79,800.0,4.5,10.7,normal
1697512658.232,45.764,1000.0,4.5,10.7,normal
1697512658.735,46.251,1800.0,27.9,10.5,normal
1697512659.238,44.79,1800.0,23.5,10.6,normal
1697512659.741,45.764,1800.0,4.5,10.6,normal
1697512660.243,46.738,1800.0,3.0,10.6,normal
1697512660.746,45.277,1800.0,3.0,10.6,normal
1697512661.248,45.764,1800.0,3.0,10.6,normal
1697512661.751,46.251,1800.0,4.0,10.6,normal
1697512662.254,44.79,1800.0,3.0,10.6,normal
1697512662.756,45.764,1800.0,3.0,10.6,normal
1697512663.259,45.277,1800.0,3.9,10.6,normal
1697512663.763,46.251,900.0,4.5,10.6,normal
1697512664.267,44.303,900.0,4.5,10.6,normal
1697512664.771,45.764,1800.0,23.8,10.4,normal
1697512665.274,45.277,1800.0,28.3,10.7,normal
1697512665.776,45.764,1800.0,3.5,10.7,normal
1697512666.279,45.764,1800.0,2.5,10.7,normal
1697512666.781,46.738,1800.0,2.5,10.6,normal
1697512667.284,44.79,1800.0,3.0,10.6,normal
1697512667.786,46.251,1800.0,3.0,10.6,normal
1697512668.289,45.277,1800.0,2.5,10.6,normal
1697512668.791,44.79,1800.0,4.0,10.6,normal
1697512669.294,45.764,1800.0,3.4,10.6,normal
1697512669.798,45.277,900.0,3.5,10.6,normal
1697512670.302,44.79,1000.0,6.9,10.6,normal
1697512670.805,46.251,1800.0,13.6,10.2,normal
1697512671.307,46.251,1800.0,37.8,10.6,normal
1697512671.81,46.251,1800.0,7.0,10.7,normal
1697512672.313,45.764,1800.0,4.5,10.7,normal
1697512672.815,46.251,1800.0,3.0,10.7,normal
1697512673.318,45.277,1800.0,3.0,10.7,normal
1697512673.82,45.277,1800.0,3.5,10.7,normal
1697512674.323,44.79,1800.0,5.9,10.7,normal
1697512674.825,45.277,1800.0,3.0,10.7,normal
1697512675.328,45.764,1800.0,4.0,10.7,normal
1697512675.832,44.79,900.0,5.0,10.7,normal
1697512676.336,45.277,1000.0,5.9,10.7,normal
1697512676.841,46.251,900.0,6.5,10.5,normal
1697512677.344,46.251,1800.0,28.5,10.6,normal
1697512677.846,46.251,1800.0,23.4,10.7,normal
1697512678.349,45.277,1800.0,5.4,10.7,normal
1697512678.851,45.764,1800.0,4.4,10.7,normal
1697512679.354,45.764,1800.0,4.5,10.7,normal
1697512679.856,45.764,1800.0,3.0,10.7,normal
1697512680.359,45.764,1800.0,4.5,10.7,normal
1697512680.862,44.79,1800.0,3.0,10.7,normal
1697512681.364,45.764,1800.0,4.4,10.7,normal
1697512681.867,45.764,1800.0,3.5,10.7,normal
1697512682.37,45.277,1100.0,6.4,10.7,normal
1697512682.875,44.303,800.0,4.5,10.7,normal
1697512683.378,46.251,1800.0,24.8,10.5,normal
1697512683.881,46.738,1800.0,29.8,10.7,normal
1697512684.384,46.738,1800.0,4.9,10.7,normal
1697512684.886,46.251,1800.0,4.0,10.7,normal
1697512685.389,46.738,1800.0,3.0,10.7,normal
1697512685.891,44.79,1800.0,3.5,10.8,normal
1697512686.394,45.764,1800.0,3.0,10.8,normal
1697512686.896,45.277,1800.0,2.0,10.8,normal
1697512687.399,45.764,1800.0,2.5,10.8,normal
1697512687.901,45.764,1800.0,0.5,10.8,normal
1697512688.407,44.79,600.0,6.9,10.8,normal
1697512688.912,44.79,900.0,5.5,10.8,normal
1697512689.415,45.764,1800.0,19.9,10.3,normal
1697512689.917,45.764,1800.0,36.2,10.7,normal
1697512690.42,45.277,1800.0,4.0,10.7,normal
1697512690.923,46.251,1800.0,4.0,10.7,normal
1697512691.425,45.764,1800.0,3.9,10.7,normal
1697512691.928,44.79,1800.0,3.5,10.7,normal
1697512692.43,45.277,1800.0,3.5,10.7,normal
1697512692.933,46.251,1800.0,3.5,10.7,normal
1697512693.435,45.764,1800.0,4.0,10.7,normal
1697512693.938,45.764,1800.0,3.0,10.7,normal
1697512694.44,45.764,1800.0,17.9,10.7,normal
1697512694.943,45.764,1800.0,3.5,10.7,normal
1697512695.446,45.764,1800.0,11.4,10.1,normal
1697512695.949,46.251,1800.0,37.5,10.6,normal
1697512696.452,46.738,1800.0,7.5,10.6,normal
1697512696.954,46.251,1800.0,2.5,10.6,normal
1697512697.457,45.277,1800.0,4.5,10.6,normal
1697512697.959,46.251,1800.0,3.0,10.6,normal
1697512698.462,45.277,1800.0,3.5,10.6,normal
1697512698.964,46.251,1800.0,2.0,10.6,normal
1697512699.47,45.277,700.0,4.9,10.6,normal
1697512699.975,45.764,600.0,4.4,10.6,normal
1697512700.481,44.303,600.0,4.0,10.6,normal
1697512700.987,44.79,600.0,3.0,10.6,normal
1697512701.49,45.277,1800.0,17.9,10.3,normal
1697512701.993,46.738,1800.0,36.5,10.7,normal
1697512702.495,45.764,1800.0,4.5,10.7,normal
1697512702.998,45.277,1800.0,3.0,10.7,normal
1697512703.5,46.251,1800.0,3.5,10.7,normal
1697512704.003,45.277,1800.0,4.0,10.7,normal
1697512704.506,44.79,1800.0,4.5,10.7,normal
1697512705.008,45.277,1800.0,4.0,10.7,normal
1697512705.511,45.277,1800.0,4.0,10.8,normal
1697512706.013,44.303,1800.0,3.5,10.7,normal
1697512706.519,45.764,600.0,3.5,10.7,normal
1697512707.024,44.79,600.0,4.5,10.8,normal
1697512707.527,46.251,1800.0,24.3,10.4,normal
1697512708.03,46.251,1800.0,30.7,10.7,normal
1697512708.532,45.764,1800.0,3.5,10.7,normal
1697512709.035,45.764,1800.0,2.5,10.7,normal
1697512709.537,46.738,1800.0,4.5,10.7,normal
1697512710.04,45.277,1800.0,3.5,10.7,normal
1697512710.543,45.277,1800.0,5.0,10.7,normal
1697512711.045,45.764,1800.0,3.0,10.7,normal
1697512711.548,44.79,1800.0,3.5,10.7,normal
1697512712.05,45.277,1800.0,3.0,10.7,normal
1697512712.556,44.79,600.0,5.4,10.7,normal
1697512713.061,44.79,600.0,4.0,10.7,normal
1697512713.564,45.277,1800.0,18.9,10.2,normal
1697512714.067,47.225,1800.0,37.1,10.6,normal
1697512714.57,45.764,1800.0,6.0,10.6,normal
1697512715.073,46.251,1800.0,4.0,10.6,normal
1697512715.575,45.277,1800.0,3.0,10.6,normal
1697512716.078,45.277,1800.0,3.5,10.6,normal
1697512716.58,45.277,1800.0,4.9,10.7,normal
1697512717.083,46.251,1800.0,3.0,10.7,normal
1697512717.585,45.277,1800.0,3.5,10.7,normal
1697512718.088,45.277,1800.0,3.5,10.7,normal
1697512718.593,45.764,600.0,3.5,10.7,normal
1697512719.098,44.79,800.0,6.0,10.7,normal
1697512719.601,45.277,1800.0,21.9,10.3,normal
1697512720.103,45.277,1800.0,34.0,10.6,normal
1697512720.606,45.764,1800.0,3.0,10.7,normal
1697512721.108,45.277,1800.0,4.0,10.7,normal
1697512721.611,46.251,1800.0,3.5,10.7,normal
1697512722.114,45.764,1800.0,4.5,10.7,normal
1697512722.616,44.79,1800.0,3.0,10.7,normal
1697512723.119,45.764,1800.0,5.4,10.7,normal
1697512723.621,45.277,1800.0,3.5,10.7,normal
1697512724.124,45.764,1800.0,4.0,10.7,normal
1697512724.628,46.251,800.0,5.0,10.7,normal
1697512725.133,44.303,800.0,7.4,10.7,normal
1697512725.636,45.764,1800.0,14.5,10.1,normal
1697512726.139,46.251,1800.0,37.5,10.6,normal
1697512726.642,45.764,1800.0,5.5,10.7,normal
1697512727.144,44.79,1800.0,3.5,10.7,normal
1697512727.647,46.251,1800.0,2.5,10.7,normal
1697512728.15,45.764,1800.0,3.0,10.7,normal
1697512728.652,46.251,1800.0,3.9,10.7,normal
1697512729.155,44.79,1800.0,3.5,10.7,normal
1697512729.657,44.303,1800.0,4.5,10.7,normal
1697512730.16,45.764,1800.0,3.0,10.7,normal
1697512730.664,46.738,800.0,4.4,10.7,normal
1697512731.169,44.303,800.0,3.5,10.7,normal
1697512731.673,44.303,800.0,8.3,10.6,normal
1697512732.177,45.764,1800.0,27.9,10.4,normal
1697512732.679,45.277,1800.0,21.6,10.6,normal
1697512733.182,45.277,1800.0,4.0,10.6,normal
1697512733.685,45.764,1800.0,4.9,10.6,normal
1697512734.187,45.764,1800.0,3.5,10.7,normal
1697512734.69,45.764,1800.0,4.0,10.7,normal
1697512735.192,45.277,1800.0,4.4,10.7,normal
1697512735.695,46.251,1800.0,3.5,10.7,normal
1697512736.198,45.277,1800.0,3.5,10.7,normal
1697512736.7,46.251,1800.0,4.0,10.7,normal
1697512737.204,44.79,800.0,3.0,10.7,normal
1697512737.709,44.79,800.0,3.5,10.7,normal
1697512738.212,45.277,1800.0,23.9,10.4,normal
1697512738.715,45.764,1800.0,30.7,10.6,normal
1697512739.217,46.251,1800.0,3.5,10.6,normal
1697512739.72,45.277,1800.0,5.5,10.6,normal
1697512740.222,45.764,1800.0,3.5,10.6,normal
1697512740.725,46.251,1800.0,3.5,10.6,normal
1697512741.227,46.738,1800.0,2.5,10.6,normal
1697512741.73,45.764,1800.0,4.0,10.7,normal
1697512742.233,45.277,1800.0,2.5,10.7,normal
1697512742.735,46.251,1800.0,2.5,10.6,normal
1697512743.24,45.277,800.0,3.5,10.7,normal
1697512743.744,45.277,900.0,3.5,10.6,normal
1697512744.247,46.251,1800.0,28.2,10.4,normal
1697512744.749,45.277,1800.0,25.9,10.6,normal
1697512745.252,45.764,1800.0,4.0,10.6,normal
1697512745.755,45.277,1800.0,3.0,10.6,normal
1697512746.257,46.251,1800.0,1.5,10.6,normal
1697512746.76,45.764,1800.0,4.0,10.6,normal
1697512747.262,44.303,1800.0,3.5,10.7,normal
1697512747.765,44.79,1800.0,3.0,10.7,normal
1697512748.267,45.277,1800.0,3.0,10.7,normal
1697512748.77,44.79,1800.0,4.5,10.7,normal
1697512749.274,45.764,1000.0,4.5,10.7,normal
1697512749.779,45.764,800.0,10.9,9.6,normal
1697512750.283,45.764,1800.0,28.4,10.6,normal
1697512750.786,46.251,1800.0,21.6,10.7,normal
1697512751.289,46.251,1800.0,3.0,10.7,normal
1697512751.791,45.277,1800.0,3.5,10.7,normal
1697512752.294,45.764,1800.0,3.0,10.7,normal
1697512752.796,45.277,1800.0,4.0,10.7,normal
1697512753.299,44.79,1800.0,4.0,10.7,normal
1697512753.801,45.764,1800.0,3.9,10.7,normal
1697512754.304,46.251,1800.0,4.5,10.7,normal
1697512754.809,46.251,700.0,4.9,10.7,normal
1697512755.313,45.277,900.0,4.0,10.7,normal
1697512755.817,45.277,900.0,4.0,10.7,normal
1697512756.319,45.277,1800.0,27.0,10.5,normal
1697512756.822,46.251,1800.0,29.2,10.7,normal
1697512757.325,45.764,1800.0,3.5,10.7,normal
1697512757.827,45.764,1800.0,3.5,10.7,normal
1697512758.33,45.764,1800.0,3.5,10.7,normal
1697512758.832,45.764,1800.0,4.0,10.7,normal
1697512759.335,46.251,1800.0,4.5,10.7,normal
1697512759.837,45.764,1800.0,3.5,10.7,normal
1697512760.34,46.251,1800.0,3.0,10.7,normal
1697512760.842,46.738,1800.0,4.0,10.7,normal
1697512761.347,45.277,900.0,4.4,10.7,normal
1697512761.851,44.79,1000.0,5.0,10.7,normal
1697512762.354,46.251,1800.0,20.8,10.4,normal
1697512762.857,47.225,1800.0,35.2,10.7,normal
1697512763.359,45.277,1800.0,4.0,10.7,normal
1697512763.862,46.251,1800.0,3.0,10.7,normal
1697512764.364,45.277,1800.0,5.0,10.7,normal
1697512764.867,45.764,1800.0,3.0,10.7,normal
1697512765.369,46.251,1800.0,4.5,10.7,normal
1697512765.872,46.251,1800.0,4.0,10.7,normal
1697512766.375,45.764,1800.0,3.5,10.8,normal
1697512766.877,44.79,1800.0,4.0,10.8,normal
1697512767.381,45.277,1100.0,5.4,10.8,normal
1697512767.885,45.277,800.0,4.5,10.8,normal
1697512768.388,44.303,1800.0,11.5,10.1,normal
1697512768.891,46.251,1800.0,34.2,10.6,normal
1697512769.394,46.738,1800.0,13.0,10.7,normal
1697512769.897,45.764,1800.0,3.0,10.7,normal
1697512770.399,45.764,1800.0,3.0,10.7,normal
1697512770.902,45.764,1800.0,4.0,10.7,normal
1697512771.404,44.79,1800.0,4.0,10.7,normal
1697512771.907,45.277,1800.0,3.0,10.7,normal
1697512772.41,45.277,1800.0,3.5,10.7,normal
1697512772.912,46.251,1800.0,3.5,10.7,normal
1697512773.417,44.79,700.0,4.5,10.7,normal
1697512773.923,45.277,600.0,4.5,10.7,normal
1697512774.426,44.79,1800.0,18.0,10.3,normal
1697512774.929,45.764,1800.0,38.6,10.6,normal
1697512775.431,46.251,1800.0,5.0,10.7,normal
1697512775.934,46.251,1800.0,4.4,10.7,normal
1697512776.436,45.277,1800.0,3.5,10.7,normal
1697512776.939,46.251,1800.0,2.5,10.7,normal
1697512777.441,45.277,1800.0,1.0,10.7,normal
1697512777.944,44.79,1800.0,2.0,10.7,normal
1697512778.446,46.251,1800.0,5.0,10.7,normal
1697512778.949,45.764,1800.0,3.5,10.7,normal
1697512779.454,45.277,700.0,4.0,10.7,normal
1697512779.959,45.764,600.0,5.9,10.7,normal
1697512780.463,45.764,1800.0,11.9,9.6,normal
1697512780.967,45.764,1800.0,30.0,10.5,normal
1697512781.47,45.277,1800.0,18.1,10.6,normal
1697512781.972,44.303,1800.0,4.0,10.6,normal
1697512782.475,44.79,1800.0,2.5,10.6,normal
1697512782.977,45.277,1800.0,2.0,10.6,normal
1697512783.48,46.251,1800.0,3.0,10.6,normal
1697512783.982,45.277,1800.0,3.5,10.6,normal
1697512784.485,46.251,1800.0,3.5,10.7,normal
1697512784.987,45.764,1800.0,2.5,10.7,normal
1697512785.492,45.277,700.0,3.9,10.7,normal
1697512785.997,44.303,800.0,3.5,10.7,normal
1697512786.502,44.303,600.0,3.5,10.7,normal
1697512787.005,45.277,1800.0,24.5,10.4,normal
1697512787.508,45.277,1800.0,24.7,10.7,normal
1697512788.01,45.764,1800.0,2.0,10.7,normal
1697512788.513,46.251,1800.0,1.0,10.7,normal
1697512789.015,45.764,1800.0,3.0,10.7,normal
1697512789.518,45.764,1800.0,5.9,10.7,normal
1697512790.02,45.764,1800.0,3.0,10.7,normal
1697512790.523,45.764,1800.0,5.0,10.7,normal
1697512791.026,45.764,1800.0,3.5,10.7,normal
1697512791.528,44.303,1800.0,4.0,10.7,normal
1697512792.034,45.764,600.0,3.0,10.7,normal
1697512792.539,45.764,600.0,2.0,10.7,normal
1697512793.042,46.251,1800.0,21.8,10.3,normal
1697512793.545,45.764,1800.0,34.0,10.7,normal
1697512794.047,46.251,1800.0,3.5,10.7,normal
1697512794.55,46.251,1800.0,4.5,10.7,normal
1697512795.053,45.277,1800.0,3.5,10.7,normal
1697512795.555,45.277,1800.0,4.4,10.7,normal
1697512796.058,45.764,1800.0,3.5,10.7,normal
1697512796.56,45.764,1800.0,3.0,10.7,normal
1697512797.063,45.764,1800.0,3.5,10.7,normal
1697512797.565,45.764,1800.0,3.5,10.7,normal
1697512798.071,44.79,600.0,3.9,10.7,normal
1697512798.576,44.79,600.0,4.0,10.7,normal
1697512799.08,46.738,1800.0,26.7,10.4,normal
1697512799.582,45.277,1800.0,30.5,10.7,normal
1697512800.085,45.277,1800.0,3.0,10.7,normal
1697512800.587,46.251,1800.0,4.0,10.7,normal
1697512801.09,45.764,1800.0,4.0,10.7,normal
1697512801.592,45.277,1800.0,3.5,10.6,normal
1697512802.095,45.764,1800.0,3.0,10.7,normal
1697512802.598,45.277,1800.0,3.5,10.7,normal
1697512803.1,46.251,1800.0,4.0,10.7,normal
1697512803.603,44.79,1800.0,3.0,10.7,normal
1697512804.108,44.79,700.0,4.0,10.6,normal
1697512804.613,45.277,800.0,7.0,10.6,normal
1697512805.116,46.738,1800.0,28.6,10.5,normal
1697512805.619,46.251,1800.0,25.1,10.7,normal
1697512806.121,45.764,1800.0,3.0,10.7,normal
1697512806.624,44.79,1800.0,3.5,10.7,normal
1697512807.126,46.251,1800.0,3.5,10.7,normal
1697512807.629,44.303,1800.0,4.5,10.7,normal
1697512808.131,45.764,1800.0,3.5,10.7,normal
1697512808.634,46.251,1800.0,3.5,10.7,normal
1697512809.136,45.764,1800.0,3.0,10.7,normal
1697512809.639,45.277,1800.0,5.5,10.7,normal
1697512810.143,45.277,800.0,3.5,10.7,normal
1697512810.647,45.764,900.0,5.0,10.7,normal
1697512811.15,46.251,1800.0,20.9,10.3,normal
1697512811.653,46.738,1800.0,34.7,10.7,normal
1697512812.156,45.764,1800.0,3.5,10.7,normal
1697512812.658,45.764,1800.0,4.0,10.7,normal
1697512813.161,46.251,1800.0,3.0,10.7,normal
1697512813.663,44.79,1800.0,4.0,10.7,normal
1697512814.166,44.79,1800.0,3.5,10.7,normal
1697512814.668,44.79,1800.0,3.5,10.7,normal
1697512815.171,46.251,1800.0,4.0,10.7,normal
1697512815.674,45.277,1800.0,4.0,10.7,normal
1697512816.179,45.764,800.0,3.5,10.7,normal
1697512816.684,45.277,700.0,5.4,10.7,normal
1697512817.187,46.251,1800.0,25.4,10.4,normal
1697512817.69,45.764,1800.0,29.8,10.6,normal
1697512818.192,46.738,1800.0,4.5,10.6,normal
1697512818.695,45.764,1800.0,3.5,10.6,normal
1697512819.198,45.764,1800.0,2.5,10.6,normal
1697512819.7,46.251,1800.0,5.5,10.6,normal
1697512820.203,45.764,1800.0,3.5,10.6,normal
1697512820.705,46.251,1800.0,2.5,10.6,normal
1697512821.208,45.764,1800.0,3.4,10.7,normal
1697512821.711,46.251,1800.0,3.0,10.7,normal
1697512822.216,46.251,600.0,5.4,10.7,normal
1697512822.722,45.277,700.0,3.5,10.7,normal
1697512823.225,46.251,1800.0,19.9,10.2,normal
1697512823.727,46.251,1800.0,35.2,10.6,normal
1697512824.23,46.738,1800.0,2.5,10.6,normal
1697512824.732,47.225,1800.0,4.0,10.6,normal
1697512825.235,46.251,1800.0,3.0,10.6,normal
1697512825.738,45.764,1800.0,3.0,10.6,normal
1697512826.24,45.764,1800.0,3.0,10.6,normal
1697512826.743,45.764,1800.0,2.5,10.6,normal
1697512827.245,46.251,1800.0,3.0,10.6,normal
1697512827.748,46.251,1800.0,3.0,10.7,normal
1697512828.253,45.277,700.0,1.5,10.7,normal
1697512828.758,44.79,600.0,6.5,10.7,normal
1697512829.263,45.277,1800.0,13.4,10.0,normal
1697512829.766,46.251,1800.0,33.2,10.6,normal
1697512830.269,45.764,1800.0,14.4,10.7,normal
1697512830.771,46.251,1800.0,3.9,10.7,normal
1697512831.274,45.764,1800.0,4.5,10.7,normal
1697512831.776,45.764,1800.0,2.5,10.7,normal
1697512832.279,46.251,1800.0,3.5,10.7,normal
1697512832.781,45.277,1800.0,2.5,10.7,normal
1697512833.284,45.764,1800.0,4.0,10.7,normal
1697512833.786,45.764,1800.0,3.5,10.7,normal
1697512834.292,45.764,700.0,4.4,10.7,normal
1697512834.797,44.303,800.0,3.5,10.7,normal
1697512835.301,46.251,1200.0,15.9,10.0,normal
1697512835.804,46.738,1800.0,37.3,10.5,normal
1697512836.307,45.277,1800.0,8.5,10.6,normal
1697512836.81,45.764,1800.0,2.0,10.6,normal
1697512837.313,46.251,1800.0,3.5,10.6,normal
1697512837.815,45.764,1800.0,4.0,10.6,normal
1697512838.318,45.277,1800.0,3.5,10.6,normal
1697512838.82,45.277,1800.0,3.5,10.6,normal
1697512839.323,46.251,1800.0,4.5,10.6,normal
1697512839.825,45.277,1800.0,4.0,10.6,normal
1697512840.328,44.79,1800.0,3.5,10.7,normal
1697512840.832,45.277,900.0,5.0,10.6,normal
1697512841.335,45.277,1800.0,16.5,10.1,normal
1697512841.838,46.251,1800.0,37.0,10.5,normal
1697512842.34,46.251,1800.0,6.0,10.6,normal
1697512842.843,45.764,1800.0,3.5,10.6,normal
1697512843.346,45.764,1800.0,3.0,10.6,normal
1697512843.848,45.764,1800.0,3.0,10.6,normal
1697512844.351,45.277,1800.0,5.0,10.6,normal
1697512844.853,45.764,1800.0,2.5,10.6,normal
1697512845.356,45.764,1800.0,3.0,10.6,normal
1697512845.859,45.764,1800.0,3.4,10.6,normal
1697512846.364,45.764,600.0,3.5,10.7,normal
1697512846.869,45.277,800.0,5.5,10.7,normal
1697512847.373,44.303,1000.0,5.0,10.5,normal
1697512847.876,45.764,1800.0,28.1,10.5,normal
1697512848.379,44.79,1800.0,22.9,10.6,normal
1697512848.882,46.738,1800.0,6.5,10.6,normal
1697512849.384,44.79,1800.0,4.0,10.6,normal
1697512849.887,44.79,1800.0,2.0,10.7,normal
1697512850.389,45.764,1800.0,2.0,10.7,normal
1697512850.892,45.764,1800.0,4.0,10.7,normal
1697512851.394,45.277,1800.0,4.4,10.7,normal
1697512851.897,45.764,1800.0,3.0,10.7,normal
1697512852.4,45.277,1800.0,3.0,10.7,normal
1697512852.905,45.277,800.0,4.5,10.7,normal
1697512853.409,45.277,1200.0,11.4,10.0,normal
1697512853.913,46.738,1800.0,34.2,10.6,normal
1697512854.415,46.251,1800.0,14.4,10.6,normal
1697512854.918,45.764,1800.0,3.5,10.6,normal
1697512855.42,45.764,1800.0,3.0,10.7,normal
1697512855.923,45.277,1800.0,4.0,10.7,normal
1697512856.426,45.277,1800.0,3.5,10.6,normal
1697512856.928,45.277,1800.0,4.9,10.7,normal
1697512857.431,46.251,1800.0,3.5,10.7,normal
1697512857.933,45.764,1800.0,3.0,10.7,normal
1697512858.438,44.79,700.0,3.5,10.7,normal
1697512858.944,45.764,600.0,6.8,10.7,normal
1697512859.447,45.277,1800.0,16.0,10.1,normal
1697512859.95,45.277,1800.0,38.3,10.6,normal
1697512860.452,45.764,1800.0,5.0,10.6,normal
1697512860.955,46.251,1800.0,4.5,10.6,normal
1697512861.457,44.79,1800.0,4.0,10.6,normal
1697512861.96,45.277,1800.0,4.0,10.6,normal
1697512862.462,44.79,1800.0,3.5,10.6,normal
1697512862.965,45.277,1800.0,4.0,10.7,normal
1697512863.467,46.251,1800.0,3.0,10.6,normal
1697512863.97,45.764,1800.0,3.0,10.6,normal
1697512864.475,45.277,600.0,4.5,10.7,normal
1697512864.981,44.79,600.0,5.9,10.7,normal
1697512865.484,44.79,1800.0,9.5,9.6,normal
1697512865.987,45.764,1800.0,28.4,10.6,normal
1697512866.49,45.764,1800.0,19.4,10.7,normal
1697512866.992,45.764,1800.0,2.0,10.7,normal
1697512867.495,45.764,1800.0,4.4,10.7,normal
1697512867.997,45.764,1800.0,2.0,10.7,normal
1697512868.5,45.764,1800.0,2.0,10.7,normal
1697512869.003,45.764,1800.0,3.0,10.7,normal
1697512869.505,45.764,1800.0,4.0,10.7,normal
1697512870.008,45.764,1800.0,3.5,10.7,normal
1697512870.512,45.764,700.0,3.5,10.7,normal
1697512871.018,44.79,600.0,5.9,10.7,normal
1697512871.521,44.79,1800.0,15.4,10.2,normal
1697512872.023,46.251,1800.0,36.4,10.7,normal
1697512872.526,45.764,1800.0,6.5,10.7,normal
1697512873.029,45.277,1800.0,3.0,10.7,normal
1697512873.531,45.764,1800.0,4.0,10.7,normal
1697512874.034,45.277,1800.0,3.5,10.7,normal
1697512874.536,44.79,1800.0,4.0,10.7,normal
1697512875.039,45.764,1800.0,3.0,10.7,normal
1697512875.541,44.79,1800.0,4.4,10.7,normal
1697512876.044,45.277,1800.0,3.5,10.7,normal
1697512876.548,44.79,700.0,3.5,10.7,normal
1697512877.054,45.277,600.0,4.0,10.7,normal
1697512877.559,44.303,1100.0,7.9,10.6,normal
1697512878.062,45.764,1800.0,28.5,10.5,normal
1697512878.565,46.251,1800.0,21.7,10.7,normal
1697512879.067,45.277,1800.0,4.0,10.7,normal
1697512879.57,44.79,1800.0,5.4,10.7,normal
1697512880.072,45.277,1800.0,3.0,10.7,normal
1697512880.575,45.764,1800.0,3.5,10.7,normal
1697512881.077,45.764,1800.0,3.5,10.7,normal
1697512881.58,45.277,1800.0,4.5,10.7,normal
1697512882.083,45.764,1800.0,4.0,10.7,normal
1697512882.585,46.251,1800.0,2.5,10.7,normal
1697512883.09,45.764,600.0,5.4,10.7,normal
1697512883.595,44.79,800.0,5.9,10.7,normal
1697512884.098,45.764,1800.0,25.1,10.3,normal
1697512884.601,45.277,1800.0,31.1,10.7,normal
1697512885.104,46.251,1800.0,3.5,10.7,normal
1697512885.606,45.277,1800.0,4.0,10.7,normal
1697512886.109,46.251,1800.0,3.5,10.7,normal
1697512886.611,45.277,1800.0,3.5,10.7,normal
1697512887.114,45.277,1800.0,3.5,10.7,normal
1697512887.616,46.738,1800.0,3.5,10.7,normal
1697512888.119,45.277,1800.0,4.0,10.7,normal
1697512888.621,45.277,1800.0,3.0,10.7,normal
1697512889.126,45.277,800.0,4.0,10.7,normal
1697512889.631,46.251,600.0,7.4,10.7,normal
1697512890.135,46.251,1800.0,27.4,10.4,normal
1697512890.638,45.277,1800.0,28.0,10.6,normal
1697512891.141,46.251,1800.0,3.0,10.6,normal
1697512891.643,45.277,1800.0,4.4,10.6,normal
1697512892.146,46.251,1800.0,4.0,10.6,normal
1697512892.648,45.764,1800.0,3.5,10.7,normal
1697512893.151,45.277,1800.0,3.0,10.7,normal
1697512893.653,44.303,1800.0,4.9,10.7,normal
1697512894.156,45.764,1800.0,3.0,10.7,normal
1697512894.658,44.79,1800.0,4.5,10.7,normal
1697512895.162,44.79,900.0,4.0,10.7,normal
1697512895.667,44.79,800.0,5.4,10.7,normal
1697512896.17,45.764,1800.0,20.8,10.3,normal
1697512896.672,46.251,1800.0,35.5,10.6,normal
1697512897.175,45.764,1800.0,3.0,10.6,normal
1697512897.678,45.764,1800.0,4.5,10.6,normal
1697512898.18,46.251,1800.0,3.5,10.6,normal
1697512898.683,45.764,1800.0,5.4,10.6,normal
1697512899.185,45.764,1800.0,3.0,10.6,normal
1697512899.688,45.764,1800.0,4.0,10.6,normal
1697512900.191,45.277,1800.0,5.4,10.6,normal
1697512900.693,46.251,1800.0,4.0,10.6,normal
1697512901.198,45.277,800.0,3.5,10.6,normal
1697512901.702,44.79,800.0,5.4,10.6,normal
1697512902.205,45.764,1800.0,14.4,10.0,normal
1697512902.708,46.251,1800.0,31.5,10.5,normal
1697512903.211,45.764,1800.0,14.9,10.6,normal
1697512903.714,46.251,1800.0,3.5,10.6,normal
1697512904.216,46.251,1800.0,4.0,10.6,normal
1697512904.719,46.251,1800.0,4.9,10.6,normal
1697512905.222,45.277,1800.0,3.0,10.6,normal
1697512905.724,46.738,1800.0,3.5,10.6,normal
1697512906.227,45.764,1800.0,0.0,10.6,normal
1697512906.729,44.79,1800.0,3.0,10.6,normal
1697512907.233,44.79,775.0,5.0,10.6,normal
1697512907.739,44.79,600.0,3.9,10.6,normal
1697512908.246,44.79,600.0,4.4,10.6,normal
1697512908.75,45.277,1800.0,30.2,10.5,normal
1697512909.253,45.764,1800.0,26.5,10.6,normal
1697512909.755,45.764,1800.0,3.0,10.6,normal
1697512910.258,45.277,1800.0,4.9,10.6,normal
1697512910.76,45.764,1800.0,2.5,10.6,normal
1697512911.263,45.764,1800.0,3.0,10.6,normal
1697512911.766,45.277,1800.0,2.0,10.6,normal
1697512912.268,45.764,1800.0,3.5,10.7,normal
1697512912.771,44.303,1800.0,3.0,10.7,normal
1697512913.273,46.251,1800.0,3.5,10.6,normal
1697512913.777,44.79,900.0,4.5,10.7,normal
1697512914.281,46.251,1000.0,5.0,10.7,normal
1697512914.784,46.251,1800.0,23.8,10.3,normal
1697512915.287,45.277,1800.0,32.7,10.7,normal
1697512915.79,46.251,1800.0,2.5,10.7,normal
1697512916.292,45.277,1800.0,4.5,10.7,normal
1697512916.795,46.251,1800.0,4.0,10.7,normal
1697512917.297,45.277,1800.0,3.0,10.7,normal
1697512917.8,45.764,1800.0,4.0,10.7,normal
1697512918.303,44.79,1800.0,4.0,10.7,normal
1697512918.805,45.277,1800.0,4.0,10.7,normal
1697512919.308,46.251,1800.0,4.0,10.7,normal
1697512919.812,45.277,900.0,4.5,10.7,normal
1697512920.316,44.79,900.0,4.0,10.7,normal
1697512920.819,46.251,1800.0,15.9,10.2,normal
1697512921.323,47.225,1800.0,36.2,10.6,normal
1697512921.827,45.277,1800.0,7.0,10.6,normal
1697512922.329,46.251,1800.0,3.5,10.6,normal
1697512922.832,45.277,1800.0,3.0,10.6,normal
1697512923.334,45.277,1800.0,4.0,10.6,normal
1697512923.837,45.764,1800.0,3.5,10.6,normal
1697512924.339,45.277,1800.0,4.5,10.6,normal
1697512924.842,44.79,1800.0,3.0,10.6,normal
1697512925.344,45.277,1800.0,4.0,10.7,normal
1697512925.849,45.764,800.0,3.5,10.6,normal
1697512926.353,45.277,900.0,4.5,10.7,normal
1697512926.858,44.79,800.0,7.0,10.5,normal
1697512927.361,46.251,1800.0,29.9,10.5,normal
1697512927.863,45.764,1800.0,24.5,10.7,normal
1697512928.366,44.79,1800.0,3.5,10.7,normal
1697512928.868,45.277,1800.0,2.5,10.7,normal
1697512929.371,44.79,1800.0,5.0,10.7,normal
1697512929.873,45.277,1800.0,3.0,10.7,normal
1697512930.376,44.79,1800.0,2.5,10.7,normal
1697512930.879,45.277,1800.0,3.5,10.7,normal
1697512931.381,45.277,1800.0,4.5,10.7,normal
1697512931.884,45.764,1800.0,4.9,10.7,normal
1697512932.389,45.277,600.0,4.5,10.7,normal
1697512932.894,45.277,800.0,4.9,10.7,normal
1697512933.397,46.738,1800.0,22.9,10.4,normal
1697512933.9,46.251,1800.0,32.0,10.7,normal
1697512934.403,45.764,1800.0,4.5,10.7,normal
1697512934.905,44.79,1800.0,3.5,10.7,normal
1697512935.408,45.277,1800.0,3.0,10.7,normal
1697512935.91,45.277,1800.0,5.0,10.7,normal
1697512936.413,46.251,1800.0,4.0,10.7,normal
1697512936.915,44.303,1800.0,3.0,10.7,normal
1697512937.418,46.251,1800.0,4.0,10.7,normal
1697512937.92,44.79,1800.0,3.5,10.7,normal
1697512938.426,44.79,600.0,3.5,10.7,normal
1697512938.932,45.277,600.0,4.4,10.7,normal
1697512939.435,45.764,1800.0,17.5,10.2,normal
1697512939.937,46.738,1800.0,37.5,10.5,normal
1697512940.44,46.251,1800.0,5.5,10.6,normal
1697512940.942,45.764,1800.0,3.0,10.6,normal
1697512941.445,45.764,1800.0,2.5,10.6,normal
1697512941.947,45.277,1800.0,2.5,10.6,normal
1697512942.45,44.79,1800.0,2.5,10.6,normal
1697512942.952,45.277,1800.0,4.9,10.6,normal
1697512943.455,45.277,1800.0,3.0,10.6,normal
1697512943.958,46.738,1800.0,3.9,10.7,normal
1697512944.463,45.277,700.0,4.5,10.6,normal
1697512944.969,44.79,600.0,4.0,10.6,normal
1697512945.472,46.738,1800.0,20.9,10.3,normal
1697512945.974,45.764,1800.0,34.7,10.6,normal
1697512946.477,45.277,1800.0,4.5,10.7,normal
1697512946.979,46.251,1800.0,3.0,10.7,normal
1697512947.482,45.277,1800.0,3.0,10.7,normal
1697512947.984,45.764,1800.0,3.9,10.7,normal
1697512948.487,45.764,1800.0,4.4,10.7,normal
1697512948.99,46.738,1800.0,4.0,10.7,normal
1697512949.492,45.277,1800.0,3.5,10.7,normal
1697512949.995,45.277,1800.0,2.5,10.7,normal
1697512950.5,45.277,600.0,3.0,10.7,normal
1697512951.006,44.303,600.0,4.0,10.7,normal
1697512951.509,44.79,1800.0,13.1,10.2,normal
1697512952.011,47.225,1800.0,36.5,10.6,normal
1697512952.514,46.251,1800.0,7.4,10.7,normal
1697512953.017,45.764,1800.0,2.5,10.7,normal
1697512953.519,45.277,1800.0,4.0,10.7,normal
1697512954.022,44.79,1800.0,3.5,10.7,normal
1697512954.524,45.764,1800.0,3.0,10.7,normal
1697512955.027,45.764,1800.0,4.5,10.7,normal
1697512955.529,45.277,1800.0,2.5,10.7,normal
1697512956.032,46.251,1800.0,3.5,10.7,normal
1697512956.537,44.303,700.0,4.0,10.7,normal
1697512957.043,44.79,600.0,5.9,10.7,normal
1697512957.549,44.79,600.0,8.0,10.6,normal
1697512958.052,46.251,1800.0,28.4,10.4,normal
1697512958.555,45.764,1800.0,23.4,10.6,normal
1697512959.057,46.738,1800.0,4.0,10.6,normal
1697512959.56,46.251,1800.0,3.0,10.6,normal
1697512960.062,45.277,1800.0,3.0,10.6,normal
1697512960.565,45.764,1800.0,3.0,10.6,normal
1697512961.067,44.79,1800.0,4.5,10.6,normal
1697512961.57,46.251,1800.0,3.0,10.7,normal
1697512962.072,45.764,1800.0,3.0,10.6,normal
1697512962.575,45.764,1800.0,3.0,10.7,normal
1697512963.08,45.764,600.0,4.5,10.6,normal
1697512963.586,44.79,600.0,4.5,10.7,normal
1697512964.089,46.251,1800.0,25.0,10.4,normal
1697512964.592,45.764,1800.0,30.8,10.6,normal
1697512965.095,46.251,1800.0,4.0,10.6,normal
1697512965.597,45.277,1800.0,2.5,10.6,normal
1697512966.1,44.79,1800.0,3.0,10.6,normal
1697512966.602,44.79,1800.0,2.0,10.6,normal
1697512967.105,45.277,1800.0,2.5,10.7,normal
1697512967.607,46.251,1800.0,1.0,10.7,normal
1697512968.11,44.79,1800.0,4.0,10.7,normal
1697512968.612,44.79,1800.0,2.5,10.7,normal
1697512969.118,44.79,600.0,4.4,10.7,normal
1697512969.623,44.79,725.0,7.4,10.7,normal
1697512970.126,44.79,1800.0,18.5,10.2,normal
1697512970.628,47.225,1800.0,37.0,10.6,normal
1697512971.131,45.764,1800.0,3.0,10.6,normal
1697512971.634,45.764,1800.0,4.0,10.7,normal
1697512972.136,45.764,1800.0,3.0,10.7,normal
1697512972.639,46.251,1800.0,3.0,10.7,normal
1697512973.141,45.764,1800.0,3.0,10.7,normal
1697512973.644,45.277,1800.0,4.5,10.7,normal
1697512974.146,45.764,1800.0,3.0,10.7,normal
1697512974.649,44.79,1800.0,5.0,10.7,normal
1697512975.154,44.79,700.0,3.0,10.7,normal
1697512975.659,43.816,600.0,5.4,10.7,normal
1697512976.164,45.764,1200.0,12.0,9.7,normal
1697512976.668,46.251,1800.0,29.9,10.5,normal
1697512977.175,45.277,1800.0,17.8,10.6,normal
1697512977.678,45.764,1800.0,4.5,10.7,normal
1697512978.181,45.764,1800.0,3.5,10.7,normal
1697512978.683,46.738,1800.0,3.5,10.7,normal
1697512979.186,46.251,1800.0,3.0,10.7,normal
1697512979.689,45.277,1800.0,6.5,10.7,normal
1697512980.191,46.251,1800.0,3.5,10.7,normal
1697512980.694,45.764,1800.0,3.5,10.7,normal
1697512981.199,46.251,800.0,3.9,10.7,normal
1697512981.704,44.79,700.0,6.4,10.7,normal
1697512982.207,46.251,1800.0,16.0,10.2,normal
1697512982.71,46.738,1800.0,36.4,10.6,normal
1697512983.213,45.764,1800.0,5.5,10.7,normal
1697512983.715,44.79,1800.0,4.5,10.7,normal
1697512984.218,45.764,1800.0,3.4,10.7,normal
1697512984.721,44.79,1800.0,4.0,10.7,normal
1697512985.223,45.764,1800.0,3.5,10.7,normal
1697512985.726,45.764,1800.0,3.5,10.7,normal
1697512986.228,46.251,1800.0,2.0,10.7,normal
1697512986.731,45.764,1800.0,5.0,10.7,normal
1697512987.235,46.251,800.0,4.9,10.7,normal
1697512987.74,45.764,900.0,3.0,10.7,normal
1697512988.245,44.303,900.0,9.4,10.5,normal
1697512988.749,46.738,1800.0,28.9,10.5,normal
1697512989.251,46.251,1800.0,22.6,10.7,normal
1697512989.754,45.764,1800.0,4.5,10.7,normal
1697512990.257,45.764,1800.0,4.0,10.7,normal
1697512990.759,45.764,1800.0,3.5,10.7,normal
1697512991.262,45.764,1800.0,4.5,10.7,normal
1697512991.764,44.79,1800.0,2.5,10.7,normal
1697512992.267,45.277,1800.0,3.0,10.7,normal
1697512992.77,45.764,1800.0,1.5,10.7,normal
1697512993.274,45.764,700.0,3.9,10.7,normal
1697512993.778,45.277,1000.0,4.5,10.7,normal
1697512994.281,45.764,1800.0,11.6,10.1,normal
1697512994.785,46.251,1800.0,36.8,10.6,normal
1697512995.288,46.251,1800.0,10.0,10.6,normal
1697512995.791,46.738,1800.0,3.5,10.7,normal
1697512996.293,45.764,1800.0,3.5,10.7,normal
1697512996.796,45.764,1800.0,3.5,10.7,normal
1697512997.298,45.277,1800.0,3.9,10.7,normal
1697512997.801,45.277,1800.0,3.0,10.7,normal
1697512998.303,45.764,1800.0,3.0,10.7,normal
1697512998.806,45.277,1800.0,4.0,10.7,normal
1697512999.31,46.251,1000.0,4.0,10.7,normal
1697512999.813,44.79,1200.0,6.9,10.7,normal
1697513000.317,44.79,1000.0,5.0,10.6,normal
1697513000.819,46.251,1800.0,29.1,10.5,normal
1697513001.322,46.251,1800.0,23.8,10.6,normal
1697513001.825,44.79,1800.0,4.0,10.6,normal
1697513002.327,45.764,1800.0,3.5,10.6,normal
1697513002.83,46.738,1800.0,4.4,10.6,normal
1697513003.332,47.225,1800.0,2.5,10.6,normal
1697513003.835,46.251,1800.0,4.5,10.6,normal
1697513004.337,45.764,1800.0,4.0,10.6,normal
1697513004.84,45.277,1800.0,3.0,10.6,normal
1697513005.342,45.277,1800.0,3.5,10.6,normal
1697513005.845,45.764,1800.0,5.5,10.6,normal
1697513006.348,45.277,1800.0,10.0,10.1,normal
1697513006.852,47.225,1800.0,37.1,10.6,normal
1697513007.354,46.251,1800.0,7.5,10.7,normal
1697513007.857,45.277,1800.0,4.5,10.7,normal
1697513008.359,45.764,1800.0,3.5,10.7,normal
1697513008.862,45.764,1800.0,3.0,10.7,normal
1697513009.364,44.303,1800.0,4.5,10.7,normal
1697513009.867,45.764,1800.0,4.0,10.6,normal
1697513010.37,46.251,1800.0,3.5,10.6,normal
1697513010.875,46.738,700.0,3.9,10.7,normal
1697513011.381,44.303,600.0,4.5,10.6,normal
1697513011.885,46.251,800.0,4.5,10.7,normal
1697513012.391,44.79,600.0,8.9,10.5,normal
1697513012.895,45.764,1800.0,28.4,10.5,normal
1697513013.397,44.79,1800.0,23.1,10.6,normal
1697513013.9,45.764,1800.0,3.5,10.6,normal
1697513014.402,46.251,1800.0,4.9,10.6,normal
1697513014.905,45.764,1800.0,3.0,10.6,normal
1697513015.407,46.251,1800.0,3.0,10.7,normal
1697513015.91,45.277,1800.0,4.0,10.7,normal
1697513016.412,45.277,1800.0,3.0,10.7,normal
1697513016.915,45.764,1800.0,3.5,10.7,normal
1697513017.418,45.764,1800.0,3.5,10.7,normal
1697513017.923,44.303,600.0,4.5,10.7,normal
1697513018.429,43.816,600.0,4.9,10.7,normal
1697513018.932,45.764,1800.0,24.5,10.3,normal
1697513019.435,45.277,1800.0,32.2,10.6,normal
1697513019.937,45.764,1800.0,3.0,10.6,normal
1697513020.44,46.251,1800.0,3.9,10.6,normal
1697513020.943,45.764,1800.0,3.0,10.6,normal
1697513021.445,45.277,1800.0,3.5,10.7,normal
1697513021.948,46.251,1800.0,4.0,10.7,normal
1697513022.45,45.277,1800.0,3.5,10.7,normal
1697513022.953,45.277,1800.0,3.5,10.7,normal
1697513023.455,45.764,1800.0,3.0,10.7,normal
1697513023.961,45.764,600.0,5.4,10.7,normal
1697513024.466,44.79,600.0,6.4,10.7,normal
1697513024.969,46.251,1800.0,27.7,10.5,normal
1697513025.472,46.251,1800.0,26.6,10.7,normal
1697513025.974,45.277,1800.0,3.0,10.7,normal
1697513026.477,44.79,1800.0,1.5,10.7,normal
1697513026.979,45.277,1800.0,4.5,10.7,normal
1697513027.482,45.764,1800.0,1.0,10.7,normal
1697513027.984,46.251,1800.0,2.5,10.7,normal
1697513028.487,44.79,1800.0,3.5,10.7,normal
1697513028.99,45.764,1800.0,3.5,10.7,normal
1697513029.492,45.277,1800.0,2.5,10.7,normal
1697513029.998,45.764,600.0,3.5,10.7,normal
1697513030.501,45.277,1800.0,8.4,10.7,normal
1697513031.004,46.738,1800.0,19.4,10.4,normal
1697513031.506,45.764,1800.0,31.5,10.7,normal
1697513032.009,46.251,1800.0,3.5,10.7,normal
1697513032.511,45.764,1800.0,4.0,10.7,normal
1697513033.014,46.738,1800.0,3.5,10.7,normal
1697513033.516,45.764,1800.0,2.5,10.7,normal
1697513034.019,44.79,1800.0,2.0,10.7,normal
1697513034.522,46.251,1800.0,3.5,10.7,normal
1697513035.024,45.277,1800.0,2.5,10.7,normal
1697513035.53,45.764,600.0,3.0,10.7,normal
1697513036.035,46.738,600.0,4.5,10.7,normal
1697513036.541,45.764,600.0,5.0,10.7,normal
1697513037.044,45.764,1800.0,15.9,10.1,normal
1697513037.547,46.738,1800.0,36.5,10.6,normal
1697513038.049,45.277,1800.0,4.0,10.7,normal
1697513038.552,45.764,1800.0,4.0,10.7,normal
1697513039.055,45.277,1800.0,3.5,10.7,normal
1697513039.557,45.764,1800.0,4.5,10.7,normal
1697513040.059,45.277,1800.0,3.0,10.7,normal
1697513040.562,44.79,1800.0,4.5,10.7,normal
1697513041.064,44.79,1800.0,4.4,10.7,normal
1697513041.567,45.277,1800.0,3.0,10.7,normal
1697513042.072,44.303,700.0,3.9,10.7,normal
1697513042.577,45.764,700.0,5.9,10.7,normal
1697513043.08,46.251,1800.0,21.0,10.2,normal
1697513043.582,46.251,1800.0,36.8,10.6,normal
1697513044.085,45.764,1800.0,3.5,10.6,normal
1697513044.587,45.764,1800.0,5.9,10.6,normal
1697513045.09,45.764,1800.0,2.5,10.6,normal
1697513045.593,45.277,1800.0,3.9,10.7,normal
1697513046.095,45.764,1800.0,3.0,10.7,normal
1697513046.598,45.764,1800.0,3.0,10.7,normal
1697513047.1,45.277,1800.0,3.5,10.7,normal
1697513047.603,45.277,1800.0,3.5,10.7,normal
1697513048.108,44.79,700.0,3.0,10.7,normal
1697513048.613,44.79,800.0,5.0,10.7,normal
1697513049.116,46.738,1800.0,24.1,10.4,normal
1697513049.619,47.225,1800.0,32.2,10.6,normal
1697513050.121,45.764,1800.0,4.0,10.6,normal
1697513050.624,46.251,1800.0,3.5,10.6,normal
1697513051.126,45.764,1800.0,4.0,10.6,normal
1697513051.629,45.764,1800.0,4.0,10.6,normal
1697513052.131,45.277,1800.0,3.0,10.6,normal
1697513052.634,46.251,1800.0,3.5,10.6,normal
1697513053.136,45.277,1800.0,4.0,10.6,normal
1697513053.639,45.764,1800.0,4.0,10.6,normal
1697513054.144,46.251,600.0,4.4,10.6,normal
1697513054.651,44.79,600.0,5.0,10.6,normal
1697513055.155,46.251,1800.0,27.7,10.4,normal
1697513055.658,45.277,1800.0,28.9,10.6,normal
1697513056.16,44.79,1800.0,3.0,10.6,normal
1697513056.663,46.738,1800.0,3.0,10.6,normal
1697513057.166,45.764,1800.0,3.5,10.6,normal
1697513057.669,45.764,1800.0,4.0,10.6,normal
1697513058.171,45.277,1800.0,3.0,10.6,normal
1697513058.674,45.277,1800.0,4.4,10.6,normal
1697513059.177,45.764,1800.0,3.0,10.6,normal
1697513059.679,45.764,1800.0,4.5,10.6,normal
1697513060.187,45.764,600.0,4.9,10.6,normal
1697513060.692,45.277,800.0,8.9,10.3,normal
1697513061.195,46.251,1800.0,28.7,10.5,normal
1697513061.698,46.738,1800.0,24.4,10.7,normal
1697513062.201,46.251,1800.0,2.0,10.7,normal
1697513062.703,46.738,1800.0,3.5,10.7,normal
1697513063.206,46.251,1800.0,1.5,10.7,normal
1697513063.708,45.764,1800.0,1.0,10.7,normal
1697513064.211,46.251,1800.0,6.0,10.7,normal
1697513064.713,45.277,1800.0,4.9,10.7,normal
1697513065.216,45.277,1800.0,3.0,10.7,normal
1697513065.721,45.764,700.0,4.5,10.7,normal
1697513066.225,45.277,1000.0,4.5,10.7,normal
1697513066.73,44.303,700.0,4.0,10.7,normal
1697513067.233,44.79,1800.0,24.5,10.4,normal
1697513067.736,46.738,1800.0,29.2,10.7,normal
1697513068.239,45.764,1800.0,4.0,10.7,normal
1697513068.741,45.764,1800.0,4.0,10.7,normal
1697513069.244,46.251,1800.0,3.0,10.7,normal
1697513069.746,45.764,1800.0,5.0,10.7,normal
1697513070.249,44.79,1800.0,3.0,10.7,normal
1697513070.751,45.277,1800.0,2.5,10.7,normal
1697513071.254,45.277,1800.0,4.0,10.7,normal
1697513071.756,45.277,1800.0,4.0,10.7,normal
1697513072.26,44.303,1100.0,5.0,10.7,normal
1697513072.766,45.277,600.0,5.0,10.6,normal
1697513073.269,45.764,1800.0,28.5,10.5,normal
1697513073.772,46.251,1800.0,23.1,10.7,normal
1697513074.274,46.251,1800.0,3.4,10.7,normal
1697513074.777,46.738,1800.0,3.0,10.7,normal
1697513075.28,45.764,1800.0,2.0,10.7,normal
1697513075.782,46.251,1800.0,3.5,10.7,normal
1697513076.285,44.79,1800.0,2.5,10.7,normal
1697513076.787,44.79,1800.0,3.0,10.7,normal
1697513077.29,46.251,1800.0,4.0,10.7,normal
1697513077.795,45.277,700.0,3.9,10.6,normal
1697513078.298,44.79,1000.0,5.4,10.6,normal
1697513078.803,44.79,900.0,5.0,10.6,normal
1697513079.306,45.764,1800.0,25.4,10.4,normal
1697513079.809,46.251,1800.0,31.8,10.7,normal
1697513080.312,45.277,1800.0,3.5,10.7,normal
1697513080.814,46.251,1800.0,3.5,10.7,normal
1697513081.317,45.764,1800.0,4.0,10.7,normal
1697513081.819,44.79,1800.0,3.5,10.7,normal
1697513082.322,45.764,1800.0,3.0,10.7,normal
1697513082.824,46.251,1800.0,3.0,10.7,normal
1697513083.327,44.79,1800.0,3.0,10.7,normal
1697513083.83,45.764,1800.0,3.0,10.7,normal
1697513084.334,44.79,900.0,5.0,10.7,normal
1697513084.838,45.277,800.0,5.0,10.7,normal
1697513085.341,45.764,1800.0,16.5,10.2,normal
1697513085.844,47.712,1800.0,37.7,10.6,normal
1697513086.346,46.251,1800.0,3.0,10.6,normal
1697513086.849,46.738,1800.0,3.0,10.6,normal
1697513087.351,45.764,1800.0,1.0,10.6,normal
1697513087.854,45.277,1800.0,3.0,10.6,normal
1697513088.357,45.277,1800.0,3.0,10.6,normal
1697513088.859,45.764,1800.0,7.4,10.6,normal
1697513089.362,45.764,1800.0,2.5,10.6,normal
1697513089.864,46.251,1800.0,1.5,10.6,normal
1697513090.369,45.277,700.0,6.5,10.6,normal
1697513090.875,45.277,600.0,4.5,10.6,normal
1697513091.378,45.277,1800.0,6.5,9.6,normal
1697513091.881,46.251,1800.0,29.4,10.5,normal
1697513092.383,46.251,1800.0,21.3,10.7,normal
1697513092.886,45.764,1800.0,5.0,10.7,normal
1697513093.389,45.764,1800.0,2.5,10.7,normal
1697513093.891,45.764,1800.0,2.5,10.7,normal
1697513094.394,44.79,1800.0,5.9,10.7,normal
1697513094.897,45.764,1800.0,3.0,10.7,normal
1697513095.4,45.764,1800.0,3.0,10.6,normal
1697513095.902,44.79,1800.0,3.0,10.6,normal
1697513096.407,45.277,800.0,4.0,10.7,normal
1697513096.912,45.764,600.0,5.4,10.6,normal
1697513097.418,44.303,600.0,4.9,10.7,normal
1697513097.921,45.277,1800.0,26.0,10.3,normal
1697513098.424,46.251,1800.0,30.0,10.6,normal
1697513098.926,46.738,1800.0,3.5,10.6,normal
1697513099.429,44.79,1800.0,4.0,10.6,normal
1697513099.931,45.764,1800.0,2.5,10.6,normal
1697513100.434,45.764,1800.0,4.5,10.7,normal
1697513100.936,44.79,1800.0,2.5,10.7,normal
1697513101.439,45.764,1800.0,4.0,10.7,normal
1697513101.942,45.277,1800.0,3.5,10.7,normal
1697513102.444,44.79,1800.0,4.9,10.7,normal
1697513102.948,45.764,800.0,4.5,10.7,normal
1697513103.454,46.251,600.0,4.9,10.7,normal
1697513103.957,44.79,1800.0,18.0,10.3,normal
1697513104.459,47.225,1800.0,39.3,10.6,normal
1697513104.962,44.79,1800.0,3.0,10.6,normal
1697513105.464,45.277,1800.0,3.5,10.6,normal
1697513105.967,46.251,1800.0,4.4,10.6,normal
1697513106.469,45.277,1800.0,4.0,10.7,normal
1697513106.972,45.277,1800.0,3.5,10.7,normal
1697513107.475,45.277,1800.0,3.5,10.7,normal
1697513107.977,45.277,1800.0,3.5,10.7,normal
1697513108.48,45.277,1800.0,4.0,10.7,normal
1697513108.985,46.251,600.0,3.0,10.7,normal
1697513109.491,44.79,600.0,5.0,10.7,normal
1697513109.996,45.277,900.0,10.4,9.7,normal
1697513110.5,45.764,1800.0,29.7,10.5,normal
1697513111.003,45.764,1800.0,19.6,10.7,normal
1697513111.505,45.764,1800.0,3.5,10.7,normal
1697513112.008,45.277,1800.0,3.5,10.7,normal
1697513112.51,45.277,1800.0,3.0,10.7,normal
1697513113.013,44.303,1800.0,4.0,10.7,normal
1697513113.515,45.277,1800.0,2.5,10.7,normal
1697513114.018,45.764,1800.0,4.9,10.7,normal
1697513114.52,45.277,1800.0,4.0,10.7,normal
1697513115.025,45.764,800.0,4.4,10.7,normal
1697513115.53,44.79,600.0,4.0,10.7,normal
1697513116.036,44.79,600.0,4.4,10.7,normal
1697513116.54,46.251,1800.0,25.0,10.5,normal
1697513117.042,46.251,1800.0,28.5,10.6,normal
1697513117.545,45.764,1800.0,2.5,10.6,normal
1697513118.047,45.764,1800.0,2.5,10.6,normal
1697513118.55,44.79,1800.0,3.0,10.6,normal
1697513119.053,45.277,1800.0,3.0,10.6,normal
1697513119.555,45.277,1800.0,4.0,10.7,normal
1697513120.058,45.277,1800.0,3.5,10.7,normal
1697513120.56,45.764,1800.0,3.5,10.6,normal
1697513121.063,44.79,1800.0,3.0,10.7,normal
1697513121.568,45.277,600.0,4.9,10.7,normal
1697513122.074,43.816,600.0,4.9,10.7,normal
1697513122.577,45.764,1800.0,20.5,10.3,normal
1697513123.08,46.251,1800.0,33.7,10.7,normal
1697513123.582,44.79,1800.0,4.5,10.7,normal
1697513124.085,45.277,1800.0,3.0,10.7,normal
1697513124.587,45.764,1800.0,4.0,10.7,normal
1697513125.09,44.79,1800.0,4.4,10.7,normal
1697513125.592,46.251,1800.0,5.0,10.7,normal
1697513126.095,44.79,1800.0,3.0,10.7,normal
1697513126.597,44.303,1800.0,3.5,10.7,normal
1697513127.1,44.79,1800.0,4.5,10.7,normal
1697513127.605,45.764,600.0,3.0,10.7,normal
1697513128.111,45.277,600.0,5.9,10.7,normal
1697513128.614,45.277,1800.0,25.1,10.4,normal
1697513129.117,46.738,1800.0,29.6,10.6,normal
1697513129.619,45.764,1800.0,4.5,10.6,normal
1697513130.122,46.251,1800.0,4.0,10.7,normal
1697513130.624,45.277,1800.0,3.0,10.7,normal
1697513131.127,46.251,1800.0,3.5,10.7,normal
1697513131.629,44.79,1800.0,3.0,10.7,normal
1697513132.132,45.277,1800.0,4.0,10.7,normal
1697513132.634,44.303,1800.0,3.5,10.7,normal
1697513133.137,44.79,1800.0,3.0,10.7,normal
1697513133.642,45.764,600.0,4.5,10.7,normal
1697513134.148,44.79,600.0,6.9,10.7,normal
1697513134.652,45.764,1800.0,30.2,10.4,normal
1697513135.154,45.764,1800.0,26.4,10.6,normal
1697513135.657,45.764,1800.0,3.5,10.6,normal
1697513136.159,46.251,1800.0,2.5,10.6,normal
1697513136.662,45.277,1800.0,4.0,10.6,normal
1697513137.165,46.251,1800.0,3.0,10.6,normal
1697513137.667,45.277,1800.0,3.5,10.7,normal
1697513138.17,45.277,1800.0,3.5,10.7,normal
1697513138.672,46.251,1800.0,5.0,10.7,normal
1697513139.175,46.738,1800.0,3.5,10.7,normal
1697513139.681,44.303,600.0,5.0,10.7,normal
1697513140.186,45.764,700.0,10.0,9.6,normal
1697513140.69,46.738,1800.0,29.9,10.5,normal
1697513141.192,46.251,1800.0,21.5,10.6,normal
1697513141.695,46.738,1800.0,3.5,10.6,normal
1697513142.198,46.251,1800.0,1.5,10.6,normal
1697513142.7,44.79,1800.0,3.0,10.6,normal
1697513143.203,46.251,1800.0,5.4,10.6,normal
1697513143.705,46.738,1800.0,4.0,10.7,normal
1697513144.208,46.251,1800.0,3.9,10.7,normal
1697513144.71,45.277,1800.0,4.5,10.7,normal
1697513145.215,46.738,700.0,3.0,10.7,normal
1697513145.719,45.277,1000.0,7.0,10.7,normal
1697513146.222,44.79,1800.0,11.0,10.1,normal
1697513146.725,46.738,1800.0,36.0,10.6,normal
1697513147.228,45.764,1800.0,6.5,10.7,normal
1697513147.731,44.79,1800.0,3.0,10.7,normal
1697513148.234,45.277,1800.0,2.5,10.7,normal
1697513148.736,46.251,1800.0,3.5,10.7,normal
1697513149.239,45.277,1800.0,3.5,10.7,normal
1697513149.741,45.764,1800.0,3.5,10.7,normal
1697513150.244,45.277,1800.0,2.5,10.7,normal
1697513150.746,45.277,1800.0,5.0,10.7,normal
1697513151.25,45.277,1000.0,4.5,10.7,normal
1697513151.754,44.303,800.0,4.5,10.7,normal
1697513152.259,45.764,900.0,6.9,10.5,normal
1697513152.763,46.251,1800.0,28.7,10.5,normal
1697513153.265,46.251,1800.0,24.4,10.7,normal
1697513153.768,46.738,1800.0,3.5,10.7,normal
1697513154.271,45.277,1800.0,3.5,10.7,normal
1697513154.773,45.764,1800.0,4.5,10.7,normal
1697513155.276,45.277,1800.0,4.0,10.7,normal
1697513155.778,45.764,1800.0,3.0,10.7,normal
1697513156.281,45.277,1800.0,3.5,10.7,normal
1697513156.783,46.251,1800.0,3.5,10.7,normal
1697513157.286,45.277,1800.0,4.5,10.7,normal
1697513157.789,44.79,1100.0,3.5,10.7,normal
1697513158.291,44.79,1800.0,12.1,9.8,normal
1697513158.794,45.764,1800.0,30.3,10.5,normal
1697513159.297,46.251,1800.0,16.5,10.6,normal
1697513159.8,45.277,1800.0,3.0,10.6,normal
1697513160.302,45.277,1800.0,2.0,10.7,normal
1697513160.805,44.79,1800.0,3.0,10.7,normal
1697513161.307,45.277,1800.0,4.5,10.7,normal
1697513161.81,46.251,1800.0,4.0,10.7,normal
1697513162.312,45.277,1800.0,4.0,10.7,normal
1697513162.815,45.277,1800.0,3.5,10.7,normal
1697513163.32,45.277,700.0,4.0,10.7,normal
1697513163.825,44.303,900.0,4.9,10.7,normal
1697513164.327,45.277,1800.0,16.9,10.2,normal
1697513164.83,46.738,1800.0,37.8,10.6,normal
1697513165.333,45.277,1800.0,5.5,10.7,normal
1697513165.835,45.277,1800.0,3.5,10.7,normal
1697513166.338,45.764,1800.0,3.0,10.7,normal
1697513166.841,46.251,1800.0,4.0,10.7,normal
1697513167.343,45.764,1800.0,4.0,10.7,normal
1697513167.846,45.764,1800.0,3.5,10.7,normal
1697513168.348,45.764,1800.0,3.5,10.7,normal
1697513168.851,45.277,1800.0,3.0,10.7,normal
1697513169.355,45.277,800.0,4.5,10.7,normal
1697513169.86,45.277,800.0,4.9,10.7,normal
1697513170.365,44.79,700.0,7.9,10.3,normal
1697513170.869,45.764,1800.0,28.9,10.5,normal
1697513171.371,45.764,1800.0,22.6,10.6,normal
1697513171.874,46.251,1800.0,3.9,10.6,normal
1697513172.376,45.764,1800.0,3.0,10.7,normal
1697513172.879,45.764,1800.0,3.5,10.7,normal
1697513173.381,44.303,1800.0,3.5,10.7,normal
1697513173.884,46.738,1800.0,3.0,10.7,normal
1697513174.387,45.764,1800.0,4.5,10.7,normal
1697513174.889,45.277,1800.0,3.0,10.7,normal
1697513175.392,45.764,1800.0,4.0,10.7,normal
1697513175.897,45.277,600.0,4.0,10.7,normal
1697513176.401,44.79,1800.0,12.4,10.0,normal
1697513176.904,46.738,1800.0,33.0,10.6,normal
1697513177.406,45.277,1800.0,13.9,10.7,normal
1697513177.909,44.79,1800.0,3.5,10.6,normal
1697513178.411,45.277,1800.0,3.0,10.6,normal
1697513178.914,46.251,1800.0,2.5,10.7,normal
1697513179.416,45.277,1800.0,4.5,10.6,normal
1697513179.919,45.764,1800.0,3.9,10.6,normal
1697513180.422,44.79,1800.0,4.0,10.6,normal
1697513180.924,45.277,1800.0,2.5,10.7,normal
1697513181.429,44.79,700.0,3.5,10.7,normal
1697513181.935,43.816,600.0,5.4,10.7,normal
1697513182.441,44.79,600.0,5.0,10.6,normal
1697513182.945,45.764,1800.0,29.7,10.5,normal
1697513183.447,45.277,1800.0,26.0,10.7,normal
1697513183.95,45.764,1800.0,3.5,10.7,normal
1697513184.452,46.251,1800.0,4.0,10.7,normal
1697513184.955,45.764,1800.0,3.5,10.7,normal
1697513185.458,45.277,1800.0,3.5,10.7,normal
1697513185.96,45.277,1800.0,3.9,10.7,normal
1697513186.463,46.738,1800.0,4.0,10.7,normal
1697513186.965,45.764,1800.0,2.5,10.7,normal
1697513187.468,45.277,1800.0,3.5,10.7,normal
1697513187.973,46.251,600.0,5.9,10.7,normal
1697513188.478,45.277,800.0,9.0,9.7,normal
1697513188.982,45.764,1800.0,28.7,10.5,normal
1697513189.485,46.251,1800.0,23.0,10.7,normal
1697513189.987,45.277,1800.0,3.9,10.7,normal
1697513190.49,45.764,1800.0,3.5,10.7,normal
1697513190.992,46.251,1800.0,2.0,10.7,normal
1697513191.495,45.764,1800.0,4.0,10.7,normal
1697513191.997,44.79,1800.0,4.0,10.7,normal
1697513192.5,44.79,1800.0,3.5,10.7,normal
1697513193.003,45.764,1800.0,3.0,10.7,normal
1697513193.507,45.764,700.0,3.0,10.7,normal
1697513194.013,44.303,600.0,5.4,10.7,normal
1697513194.519,45.277,600.0,5.4,10.7,normal
1697513195.022,46.251,1800.0,27.0,10.5,normal
1697513195.525,45.277,1800.0,29.0,10.7,normal
1697513196.027,46.251,1800.0,4.5,10.7,normal
1697513196.53,44.79,1800.0,3.0,10.7,normal
1697513197.037,44.79,1800.0,3.0,10.7,normal
1697513197.539,45.764,1800.0,3.5,10.7,normal
1697513198.042,45.277,1800.0,3.5,10.7,normal
1697513198.544,44.303,1800.0,2.5,10.7,normal
1697513199.047,46.251,1800.0,3.9,10.7,normal
1697513199.55,44.79,1800.0,3.5,10.7,normal
1697513200.055,44.303,600.0,5.3,10.7,normal
1697513200.561,44.303,600.0,3.0,10.7,normal
1697513201.064,45.764,1800.0,17.5,10.2,normal
1697513201.566,45.277,1800.0,36.8,10.6,normal
1697513202.069,45.764,1800.0,3.5,10.6,normal
1697513202.571,44.303,1800.0,2.5,10.6,normal
1697513203.074,45.764,1800.0,3.0,10.7,normal
1697513203.576,45.277,1800.0,12.0,10.7,normal
1697513204.079,44.79,1800.0,2.5,10.7,normal
1697513204.582,45.277,1800.0,4.5,10.7,normal
1697513205.084,45.277,1800.0,3.5,10.7,normal
1697513205.587,45.277,1800.0,3.5,10.7,normal
1697513206.092,45.764,600.0,0.0,10.7,normal
1697513206.595,45.277,1800.0,5.9,10.7,normal
1697513207.097,45.277,1800.0,8.0,9.9,normal
1697513207.601,46.738,1800.0,31.5,10.6,normal
1697513208.103,45.764,1800.0,13.0,10.7,normal
1697513208.606,45.277,1800.0,3.0,10.7,normal
1697513209.108,44.79,1800.0,5.0,10.7,normal
1697513209.611,45.277,1800.0,5.0,10.7,normal
1697513210.113,45.764,1800.0,3.0,10.7,normal
1697513210.616,45.277,1800.0,3.9,10.7,normal
1697513211.119,44.303,1800.0,4.0,10.7,normal
1697513211.624,45.764,600.0,3.0,10.7,normal
1697513212.13,44.79,600.0,5.9,10.8,normal
1697513212.635,44.79,600.0,4.0,10.7,normal
1697513213.138,45.277,1800.0,17.4,10.3,normal
1697513213.641,47.225,1800.0,37.2,10.6,normal
1697513214.144,45.277,1800.0,4.0,10.7,normal
1697513214.646,46.251,1800.0,5.0,10.7,normal
1697513215.149,45.277,1800.0,4.0,10.7,normal
1697513215.651,45.764,1800.0,3.0,10.7,normal
1697513216.154,46.251,1800.0,4.0,10.7,normal
1697513216.656,44.79,1800.0,3.5,10.7,normal
1697513217.159,45.764,1800.0,3.0,10.7,normal
1697513217.661,45.277,1800.0,4.0,10.7,normal
1697513218.166,44.79,700.0,3.5,10.7,normal
1697513218.673,45.277,600.0,5.0,10.7,normal
1697513219.182,45.277,900.0,10.8,9.6,normal
1697513219.685,45.277,1800.0,31.2,10.6,normal
1697513220.187,46.738,1800.0,18.0,10.6,normal
1697513220.69,45.277,1800.0,5.4,10.6,normal
1697513221.192,46.251,1800.0,3.0,10.6,normal
1697513221.695,45.764,1800.0,5.0,10.6,normal
1697513222.198,44.303,1800.0,3.5,10.6,normal
1697513222.7,45.764,1800.0,3.5,10.6,normal
1697513223.203,45.764,1800.0,3.5,10.6,normal
1697513223.706,45.764,1800.0,4.5,10.6,normal
1697513224.21,45.277,700.0,3.4,10.6,normal
1697513224.716,44.303,600.0,5.0,10.6,normal
1697513225.222,44.79,600.0,5.9,10.6,normal
1697513225.726,46.251,1800.0,28.7,10.4,normal
1697513226.228,45.764,1800.0,28.8,10.7,normal
1697513226.731,45.277,1800.0,3.5,10.7,normal
1697513227.234,45.764,1800.0,3.5,10.7,normal
1697513227.736,45.277,1800.0,4.0,10.7,normal
1697513228.239,44.79,1800.0,3.5,10.7,normal
1697513228.741,44.79,1800.0,3.0,10.7,normal
1697513229.244,45.277,1800.0,3.0,10.7,normal
1697513229.746,45.764,1800.0,5.0,10.7,normal
1697513230.249,45.277,1800.0,3.0,10.7,normal
1697513230.753,45.277,800.0,4.5,10.7,normal
1697513231.258,44.303,800.0,7.4,10.6,normal
1697513231.762,46.251,1800.0,30.2,10.5,normal
1697513232.265,45.764,1800.0,22.0,10.7,normal
1697513232.767,44.79,1800.0,3.0,10.7,normal
1697513233.27,45.277,1800.0,3.5,10.7,normal
1697513233.772,46.251,1800.0,4.0,10.7,normal
1697513234.275,45.277,1800.0,4.5,10.7,normal
1697513234.777,45.277,1800.0,4.0,10.7,normal
1697513235.28,45.764,1800.0,3.9,10.7,normal
1697513235.782,45.764,1800.0,3.0,10.7,normal
1697513236.287,45.764,975.0,4.9,10.7,normal
1697513236.791,45.277,1100.0,5.0,10.7,normal
1697513237.296,45.764,700.0,3.5,10.7,normal
1697513237.799,46.251,1800.0,22.9,10.3,normal
1697513238.302,46.738,1800.0,31.5,10.7,normal
1697513238.804,44.79,1800.0,2.5,10.7,normal
1697513239.307,45.764,1800.0,4.0,10.7,normal
1697513239.81,45.277,1800.0,3.0,10.7,normal
1697513240.312,45.277,1800.0,4.5,10.7,normal
1697513240.815,46.251,1800.0,3.0,10.7,normal
1697513241.317,45.277,1800.0,2.5,10.7,normal
1697513241.82,44.303,1800.0,2.5,10.7,normal
1697513242.323,45.277,1800.0,1.5,10.7,normal
1697513242.827,46.251,800.0,5.9,10.7,normal
1697513243.333,45.277,600.0,4.0,10.7,normal
1697513243.835,45.764,1800.0,26.5,10.4,normal
1697513244.338,45.277,1800.0,28.6,10.6,normal
1697513244.841,45.764,1800.0,3.0,10.6,normal
1697513245.343,45.277,1800.0,3.0,10.6,normal
1697513245.846,45.764,1800.0,3.5,10.6,normal
1697513246.348,45.764,1800.0,3.0,10.6,normal
1697513246.851,46.251,1800.0,3.5,10.6,normal
1697513247.353,45.277,1800.0,4.0,10.6,normal
1697513247.856,44.79,1800.0,3.9,10.6,normal
1697513248.359,46.738,1800.0,3.0,10.7,normal
1697513248.863,44.79,800.0,6.4,10.7,normal
1697513249.367,45.277,900.0,4.9,10.7,normal
1697513249.87,47.225,1800.0,20.5,10.3,normal
1697513250.373,45.277,1800.0,33.0,10.6,normal
1697513250.875,46.251,1800.0,3.5,10.6,normal
1697513251.378,46.251,1800.0,5.0,10.6,normal
1697513251.881,45.764,1800.0,3.0,10.6,normal
1697513252.383,45.277,1800.0,3.5,10.6,normal
1697513252.886,45.764,1800.0,3.9,10.6,normal
1697513253.389,45.277,1800.0,4.0,10.6,normal
1697513253.891,44.79,1800.0,3.0,10.6,normal
1697513254.394,47.225,1800.0,5.4,10.6,normal
1697513254.899,44.79,700.0,3.9,10.6,normal
1697513255.404,44.79,600.0,5.0,10.6,normal
1697513255.908,45.764,1200.0,13.1,10.2,normal
1697513256.412,45.764,1800.0,35.0,10.6,normal
1697513256.914,45.277,1800.0,11.4,10.7,normal
1697513257.417,46.251,1800.0,3.5,10.7,normal
1697513257.919,45.277,1800.0,3.0,10.7,normal
1697513258.422,44.79,1800.0,4.9,10.7,normal
1697513258.924,46.251,1800.0,3.5,10.7,normal
1697513259.427,46.251,1800.0,5.0,10.7,normal
1697513259.93,46.251,1800.0,3.0,10.7,normal
1697513260.432,45.764,1800.0,3.5,10.7,normal
1697513260.935,46.251,1800.0,2.0,10.7,normal
1697513261.441,45.277,600.0,5.9,10.7,normal
1697513261.944,47.225,1800.0,16.7,10.2,normal
1697513262.447,45.764,1800.0,37.5,10.6,normal
1697513262.949,46.251,1800.0,4.5,10.6,normal
1697513263.452,46.251,1800.0,4.5,10.6,normal
1697513263.954,46.251,1800.0,4.0,10.6,normal
1697513264.457,46.251,1800.0,4.0,10.7,normal
1697513264.959,45.764,1800.0,3.5,10.7,normal
1697513265.462,45.764,1800.0,2.0,10.7,normal
1697513265.965,45.277,1800.0,4.0,10.7,normal
1697513266.467,46.251,1800.0,2.5,10.7,normal
1697513266.973,44.303,600.0,4.0,10.7,normal
1697513267.478,45.764,600.0,3.0,10.7,normal
1697513267.986,45.277,1800.0,10.8,9.8,normal
1697513268.49,46.251,1800.0,29.6,10.5,normal
1697513268.992,45.764,1800.0,16.5,10.6,normal
1697513269.495,46.738,1800.0,3.5,10.6,normal
1697513269.997,46.251,1800.0,2.5,10.6,normal
1697513270.5,45.277,1800.0,3.5,10.6,normal
1697513271.003,45.764,1800.0,4.0,10.6,normal
1697513271.506,45.764,1800.0,3.5,10.6,normal
1697513272.008,45.764,1800.0,4.0,10.7,normal
1697513272.511,46.738,1800.0,3.5,10.7,normal
1697513273.016,44.79,700.0,3.5,10.7,normal
1697513273.522,45.764,600.0,4.4,10.7,normal
1697513274.028,44.79,600.0,5.4,10.7,normal
1697513274.532,46.738,1800.0,28.9,10.4,normal
1697513275.035,45.764,1800.0,27.9,10.7,normal
1697513275.538,44.79,1800.0,3.5,10.7,normal
1697513276.04,45.277,1800.0,4.0,10.7,normal
1697513276.543,44.79,1800.0,3.5,10.7,normal
1697513277.045,45.277,1800.0,4.0,10.7,normal
1697513277.548,45.277,1800.0,3.5,10.7,normal
1697513278.055,45.764,1800.0,4.4,10.7,normal
1697513278.557,45.277,1800.0,3.0,10.7,normal
1697513279.06,46.251,1800.0,4.0,10.7,normal
1697513279.565,44.79,600.0,4.9,10.7,normal
1697513280.071,45.277,600.0,5.4,10.7,normal
1697513280.574,45.764,1800.0,19.9,10.2,normal
1697513281.077,46.251,1800.0,35.5,10.6,normal
1697513281.579,45.277,1800.0,3.5,10.6,normal
1697513282.082,45.764,1800.0,4.5,10.6,normal
1697513282.584,46.251,1800.0,3.5,10.6,normal
1697513283.087,46.251,1800.0,3.4,10.6,normal
1697513283.59,45.764,1800.0,2.5,10.6,normal
1697513284.092,45.277,1800.0,3.0,10.6,normal
1697513284.595,45.764,1800.0,2.5,10.6,normal
1697513285.097,45.277,1800.0,2.5,10.6,normal
1697513285.602,44.79,600.0,2.5,10.6,normal
1697513286.108,44.79,600.0,5.4,10.6,normal
1697513286.612,45.764,1800.0,25.2,10.4,normal
1697513287.114,45.764,1800.0,29.0,10.7,normal
1697513287.617,45.764,1800.0,3.5,10.7,normal
1697513288.119,45.764,1800.0,3.0,10.7,normal
1697513288.622,45.764,1800.0,3.5,10.7,normal
1697513289.124,45.764,1800.0,3.0,10.7,normal
1697513289.627,45.277,1800.0,5.0,10.7,normal
1697513290.13,46.251,1800.0,4.5,10.7,normal
1697513290.632,45.277,1800.0,2.5,10.7,normal
1697513291.135,45.277,1800.0,4.0,10.7,normal
1697513291.64,45.764,600.0,3.0,10.7,normal
1697513292.146,44.79,600.0,6.9,10.7,normal
1697513292.649,44.79,1800.0,18.5,10.3,normal
1697513293.151,46.251,1800.0,36.7,10.7,normal
1697513293.654,45.277,1800.0,3.0,10.7,normal
1697513294.157,45.764,1800.0,4.9,10.7,normal
1697513294.659,45.277,1800.0,4.0,10.7,normal
1697513295.162,45.764,1800.0,4.0,10.7,normal
1697513295.664,46.251,1800.0,3.0,10.7,normal
1697513296.167,44.79,1800.0,5.4,10.7,normal
1697513296.67,44.79,1800.0,3.5,10.7,normal
1697513297.173,46.251,1800.0,4.0,10.7,normal
1697513297.679,44.303,600.0,3.4,10.7,normal
1697513298.184,44.79,600.0,5.4,10.7,normal
1697513298.688,45.764,1800.0,12.9,10.0,normal
1697513299.192,46.251,1800.0,31.3,10.7,normal
1697513299.695,45.764,1800.0,16.8,10.8,normal
1697513300.197,45.277,1800.0,3.0,10.8,normal
1697513300.7,46.251,1800.0,4.0,10.8,normal
1697513301.203,45.764,1800.0,3.0,10.8,normal
1697513301.705,46.251,1800.0,4.5,10.8,normal
1697513302.208,45.764,1800.0,3.0,10.8,normal
1697513302.711,45.277,1800.0,2.5,10.8,normal
1697513303.213,44.79,1800.0,5.0,10.8,normal
1697513303.718,45.277,700.0,4.4,10.8,normal
1697513304.223,44.303,900.0,5.9,10.8,normal
1697513304.727,44.303,900.0,5.4,10.7,normal
1697513305.23,47.225,1800.0,28.9,10.6,normal
1697513305.732,45.277,1800.0,25.5,10.7,normal
1697513306.235,44.79,1800.0,3.5,10.7,normal
1697513306.737,45.277,1800.0,3.5,10.7,normal
1697513307.24,45.764,1800.0,4.5,10.7,normal
1697513307.743,46.251,1800.0,3.0,10.7,normal
1697513308.245,44.79,1800.0,2.0,10.7,normal
1697513308.748,45.277,1800.0,4.5,10.7,normal
1697513309.25,45.277,1800.0,3.0,10.7,normal
1697513309.753,45.277,1800.0,4.0,10.7,normal
1697513310.258,45.277,700.0,4.5,10.7,normal
1697513310.762,44.79,800.0,5.9,10.7,normal
1697513311.265,46.738,1800.0,22.9,10.4,normal
1697513311.768,45.764,1800.0,32.7,10.7,normal
1697513312.271,44.79,1800.0,4.0,10.7,normal
1697513312.773,45.764,1800.0,3.5,10.7,normal
1697513313.276,44.303,1800.0,3.9,10.7,normal
1697513313.778,45.277,1800.0,3.0,10.7,normal
1697513314.281,45.277,1800.0,3.0,10.7,normal
1697513314.783,45.764,1800.0,4.0,10.7,normal
1697513315.286,45.277,1800.0,4.5,10.7,normal
1697513315.788,44.79,1800.0,3.0,10.7,normal
1697513316.293,44.79,800.0,4.4,10.7,normal
1697513316.797,45.277,900.0,4.0,10.7,normal
1697513317.299,45.277,1800.0,15.5,10.2,normal
1697513317.802,46.251,1800.0,37.0,10.6,normal
1697513318.305,46.738,1800.0,6.9,10.6,normal
1697513318.807,45.764,1800.0,3.0,10.6,normal
1697513319.31,45.277,1800.0,5.9,10.6,normal
1697513319.813,45.277,1800.0,2.5,10.7,normal
1697513320.315,44.79,1800.0,3.9,10.7,normal
1697513320.818,45.764,1800.0,4.0,10.7,normal
1697513321.32,45.764,1800.0,3.5,10.7,normal
1697513321.823,45.764,1800.0,4.0,10.7,normal
1697513322.327,44.79,1000.0,3.5,10.7,normal
1697513322.83,45.277,1100.0,5.0,10.7,normal
1697513323.333,45.764,1800.0,18.6,10.3,normal
1697513323.836,46.738,1800.0,37.5,10.7,normal
1697513324.338,45.764,1800.0,4.4,10.7,normal
1697513324.841,45.764,1800.0,2.5,10.7,normal
1697513325.343,45.764,1800.0,2.0,10.7,normal
1697513325.846,45.277,1800.0,3.5,10.7,normal
1697513326.349,44.79,1800.0,1.5,10.7,normal
1697513326.851,45.277,1800.0,2.5,10.7,normal
1697513327.354,46.251,1800.0,3.0,10.7,normal
1697513327.856,45.764,1800.0,3.0,10.7,normal
1697513328.362,44.303,600.0,4.9,10.7,normal
1697513328.866,45.764,900.0,7.5,10.7,normal
1697513329.37,46.251,1800.0,24.4,10.3,normal
1697513329.872,45.764,1800.0,31.5,10.6,normal
1697513330.375,45.277,1800.0,3.5,10.6,normal
1697513330.878,46.251,1800.0,3.0,10.6,normal
1697513331.38,45.277,1800.0,4.0,10.6,normal
1697513331.883,46.251,1800.0,3.5,10.6,normal
1697513332.385,45.764,1800.0,5.4,10.6,normal
1697513332.888,45.764,1800.0,2.5,10.6,normal
1697513333.39,45.764,1800.0,3.5,10.6,normal
1697513333.893,45.764,1800.0,3.0,10.6,normal
1697513334.397,45.277,900.0,6.0,10.6,normal
1697513334.902,45.764,700.0,4.4,10.6,normal
1697513335.405,46.251,1800.0,16.0,10.2,normal
1697513335.907,47.225,1800.0,36.7,10.6,normal
1697513336.41,45.764,1800.0,6.0,10.6,normal
1697513336.912,44.79,1800.0,3.0,10.6,normal
1697513337.415,45.277,1800.0,4.0,10.6,normal
1697513337.918,45.277,1800.0,3.5,10.6,normal
1697513338.42,45.277,1800.0,4.0,10.6,normal
1697513338.923,45.764,1800.0,3.0,10.6,normal
1697513339.425,44.79,1800.0,4.9,10.6,normal
1697513339.928,45.277,1800.0,2.5,10.6,normal
1697513340.432,44.303,700.0,4.9,10.6,normal
1697513340.938,45.277,700.0,5.0,10.6,normal
1697513341.442,45.277,900.0,11.4,9.6,normal
1697513341.945,45.764,1800.0,28.4,10.5,normal
1697513342.447,45.764,1800.0,21.4,10.6,normal
1697513342.95,45.277,1800.0,4.0,10.6,normal
1697513343.452,45.277,1800.0,2.5,10.6,normal
1697513343.955,44.79,1800.0,3.5,10.6,normal
1697513344.458,44.79,1800.0,4.5,10.6,normal
1697513344.96,46.251,1800.0,3.5,10.6,normal
1697513345.463,44.79,1800.0,4.0,10.6,normal
1697513345.965,45.277,1800.0,3.0,10.6,normal
1697513346.47,44.79,800.0,3.9,10.6,normal
1697513346.975,45.277,600.0,4.5,10.6,normal
1697513347.482,45.277,600.0,4.9,10.6,normal
1697513347.986,45.764,1800.0,26.7,10.5,normal
1697513348.489,45.764,1800.0,27.6,10.7,normal
1697513348.991,46.251,1800.0,3.0,10.7,normal
1697513349.494,44.79,1800.0,6.0,10.7,normal
1697513349.996,46.251,1800.0,3.0,10.7,normal
1697513350.499,45.764,1800.0,4.0,10.7,normal
1697513351.002,45.277,1800.0,3.5,10.7,normal
1697513351.504,45.764,1800.0,4.5,10.7,normal
1697513352.007,46.251,1800.0,2.5,10.7,normal
1697513352.509,45.764,1800.0,4.5,10.7,normal
1697513353.015,45.277,600.0,3.9,10.7,normal
1697513353.52,44.79,600.0,4.5,10.7,normal
1697513354.023,45.764,1800.0,19.9,10.3,normal
1697513354.526,47.225,1800.0,38.1,10.7,normal
1697513355.029,45.277,1800.0,3.5,10.7,normal
1697513355.531,46.251,1800.0,4.0,10.7,normal
1697513356.034,45.277,1800.0,4.0,10.7,normal
1697513356.537,45.764,1800.0,3.0,10.7,normal
1697513357.039,45.277,1800.0,3.0,10.7,normal
1697513357.542,45.764,1800.0,3.0,10.7,normal
1697513358.044,45.277,1800.0,5.0,10.7,normal
1697513358.547,45.277,1800.0,3.9,10.7,normal
1697513359.053,46.251,600.0,3.0,10.7,normal
1697513359.559,45.277,600.0,5.9,10.7,normal
1697513360.062,45.277,1800.0,14.3,10.1,normal
1697513360.566,47.225,1800.0,32.8,10.6,normal
1697513361.068,45.277,1800.0,11.4,10.6,normal
1697513361.571,45.277,1800.0,3.5,10.6,normal
1697513362.074,45.277,1800.0,3.5,10.6,normal
1697513362.576,45.277,1800.0,3.5,10.7,normal
1697513363.079,44.79,1800.0,3.5,10.7,normal
1697513363.581,45.277,1800.0,3.5,10.7,normal
1697513364.084,45.277,1800.0,4.0,10.7,normal
1697513364.586,46.251,1800.0,4.0,10.7,normal
1697513365.091,45.764,700.0,3.9,10.7,normal
1697513365.597,45.277,600.0,4.0,10.7,normal
1697513366.099,46.738,1800.0,17.1,10.2,normal
1697513366.602,46.251,1800.0,36.8,10.6,normal
1697513367.104,45.277,1800.0,2.5,10.6,normal
1697513367.607,45.764,1800.0,3.9,10.6,normal
1697513368.11,45.277,1800.0,3.0,10.6,normal
1697513368.612,45.764,1800.0,2.5,10.7,normal
1697513369.115,45.764,1800.0,2.5,10.7,normal
1697513369.617,45.277,1800.0,3.5,10.7,normal
1697513370.12,44.79,1800.0,4.4,10.7,normal
1697513370.622,45.277,1800.0,3.0,10.7,normal
1697513371.128,44.79,600.0,3.4,10.7,normal
1697513371.634,45.764,600.0,4.0,10.7,normal
1697513372.137,44.79,1800.0,12.9,10.1,normal
1697513372.641,46.251,1800.0,31.8,10.5,normal
1697513373.143,45.764,1800.0,14.0,10.6,normal
1697513373.646,45.764,1800.0,2.5,10.6,normal
1697513374.149,45.764,1800.0,4.0,10.6,normal
1697513374.651,45.764,1800.0,4.5,10.7,normal
1697513375.154,45.277,1800.0,4.0,10.6,normal
1697513375.656,45.277,1800.0,3.0,10.6,normal
1697513376.159,44.79,1800.0,4.0,10.6,normal
1697513376.662,46.251,1800.0,3.0,10.6,normal
1697513377.167,44.303,700.0,4.4,10.7,normal
1697513377.673,45.277,600.0,4.0,10.7,normal
1697513378.175,46.251,1800.0,16.8,10.1,normal
1697513378.678,46.251,1800.0,38.0,10.6,normal
1697513379.181,46.251,1800.0,5.0,10.6,normal
1697513379.683,45.764,1800.0,3.5,10.6,normal
1697513380.186,45.277,1800.0,5.0,10.6,normal
1697513380.688,44.79,1800.0,3.0,10.6,normal
1697513381.191,45.764,1800.0,3.0,10.6,normal
1697513381.694,45.764,1800.0,3.0,10.7,normal
1697513382.196,46.251,1800.0,2.0,10.7,normal
1697513382.699,44.303,1800.0,4.5,10.7,normal
1697513383.203,45.764,700.0,3.9,10.7,normal
1697513383.709,44.303,600.0,4.0,10.6,normal
1697513384.212,44.303,1800.0,10.9,9.6,normal
1697513384.715,45.277,1800.0,29.4,10.6,normal
1697513385.218,46.251,1800.0,21.4,10.7,normal
1697513385.72,45.764,1800.0,3.0,10.7,normal
1697513386.223,46.251,1800.0,1.5,10.7,normal
1697513386.725,45.277,1800.0,4.0,10.7,normal
1697513387.228,45.277,1800.0,1.0,10.7,normal
1697513387.73,45.764,1800.0,3.0,10.7,normal
1697513388.233,45.277,1800.0,2.5,10.7,normal
1697513388.735,45.764,1800.0,5.4,10.7,normal
1697513389.24,45.764,700.0,3.0,10.7,normal
1697513389.746,45.277,600.0,4.4,10.7,normal
1697513390.251,44.303,700.0,3.5,10.7,normal
1697513390.755,46.251,1800.0,25.7,10.5,normal
1697513391.258,44.79,1800.0,29.0,10.7,normal
1697513391.761,46.251,1800.0,3.0,10.7,normal
1697513392.263,44.79,1800.0,4.5,10.7,normal
1697513392.766,45.277,1800.0,3.0,10.7,normal
1697513393.268,46.251,1800.0,3.5,10.7,normal
1697513393.771,45.277,1800.0,2.5,10.7,normal
1697513394.273,45.764,1800.0,3.5,10.7,normal
1697513394.776,45.764,1800.0,5.4,10.7,normal
1697513395.279,45.277,1800.0,3.5,10.7,normal
1697513395.783,44.79,800.0,5.0,10.7,normal
1697513396.287,45.277,1200.0,8.5,10.3,normal
1697513396.79,46.251,1800.0,29.0,10.5,normal
1697513397.292,45.764,1800.0,22.5,10.7,normal
1697513397.795,45.764,1800.0,3.0,10.7,normal
1697513398.298,45.277,1800.0,4.0,10.7,normal
1697513398.8,45.277,1800.0,3.0,10.7,normal
1697513399.303,45.764,1800.0,4.0,10.7,normal
1697513399.805,45.764,1800.0,3.9,10.7,normal
1697513400.308,44.79,1800.0,4.0,10.7,normal
1697513400.81,44.79,1800.0,3.0,10.7,normal
1697513401.313,44.79,1800.0,4.0,10.7,normal
1697513401.817,45.277,800.0,4.5,10.7,normal
1697513402.32,45.764,1800.0,13.4,10.1,normal
1697513402.824,45.764,1800.0,33.7,10.6,normal
1697513403.327,46.251,1800.0,10.5,10.6,normal
1697513403.83,44.79,1800.0,3.5,10.6,normal
1697513404.332,46.738,1800.0,4.5,10.6,normal
1697513404.835,44.79,1800.0,3.5,10.6,normal
1697513405.337,45.277,1800.0,3.9,10.7,normal
1697513405.84,46.251,1800.0,3.0,10.7,normal
1697513406.342,44.79,1800.0,2.5,10.7,normal
1697513406.845,44.79,1800.0,3.0,10.7,normal
1697513407.35,45.764,700.0,4.4,10.7,normal
1697513407.855,45.277,800.0,4.0,10.7,normal
1697513408.357,45.277,1800.0,17.6,10.3,normal
1697513408.86,45.764,1800.0,37.8,10.6,normal
1697513409.363,46.738,1800.0,4.0,10.7,normal
1697513409.865,46.251,1800.0,2.5,10.7,normal
1697513410.368,45.277,1800.0,3.0,10.7,normal
1697513410.87,45.764,1800.0,4.0,10.7,normal
1697513411.373,45.764,1800.0,2.5,10.7,normal
1697513411.875,45.277,1800.0,3.0,10.7,normal
1697513412.378,45.764,1800.0,4.0,10.7,normal
1697513412.88,45.764,1800.0,3.5,10.7,normal
1697513413.384,45.764,1200.0,5.0,10.7,normal
1697513413.888,45.277,800.0,5.0,10.7,normal
1697513414.391,46.251,1800.0,21.5,10.3,normal
1697513414.894,45.764,1800.0,34.0,10.7,normal
1697513415.396,46.251,1800.0,3.9,10.7,normal
1697513415.899,45.277,1800.0,3.5,10.7,normal
1697513416.401,45.277,1800.0,3.5,10.7,normal
1697513416.904,45.277,1800.0,2.5,10.7,normal
1697513417.406,45.277,1800.0,4.0,10.7,normal
1697513417.909,44.79,1800.0,3.5,10.7,normal
1697513418.411,45.277,1800.0,3.0,10.7,normal
1697513418.914,45.764,1800.0,3.5,10.7,normal
1697513419.418,45.277,900.0,6.0,10.7,normal
1697513419.922,44.303,800.0,5.4,10.7,normal
1697513420.426,44.79,1100.0,13.5,10.1,normal
1697513420.93,45.277,1800.0,33.5,10.6,normal
1697513421.432,44.79,1800.0,12.4,10.6,normal
1697513421.935,45.277,1800.0,4.5,10.6,normal
1697513422.437,45.764,1800.0,4.0,10.6,normal
1697513422.94,45.277,1800.0,3.5,10.6,normal
1697513423.442,45.764,1800.0,4.9,10.6,normal
1697513423.945,44.79,1800.0,3.0,10.6,normal
1697513424.448,45.764,1800.0,5.0,10.6,normal
1697513424.95,45.277,1800.0,3.9,10.6,normal
1697513425.455,45.764,700.0,3.0,10.6,normal
1697513425.961,45.277,600.0,5.4,10.6,normal
1697513426.464,45.764,1800.0,17.5,10.2,normal
1697513426.966,46.738,1800.0,37.1,10.6,normal
1697513427.469,45.277,1800.0,4.0,10.7,normal
1697513427.971,45.277,1800.0,4.0,10.7,normal
1697513428.474,45.764,1800.0,3.5,10.7,normal
1697513428.977,45.277,1800.0,2.5,10.7,normal
1697513429.479,45.764,1800.0,4.5,10.7,normal
1697513429.982,45.764,1800.0,3.0,10.7,normal
1697513430.484,45.764,1800.0,5.4,10.6,normal
1697513430.987,45.277,1800.0,3.0,10.6,normal
1697513431.492,45.764,700.0,4.0,10.7,normal
1697513431.997,45.277,600.0,5.4,10.7,normal
1697513432.501,45.277,1800.0,13.4,9.8,normal
1697513433.008,46.251,1800.0,29.4,10.6,normal
1697513433.511,45.764,1800.0,16.5,10.7,normal
1697513434.013,45.277,1800.0,3.5,10.7,normal
1697513434.516,45.764,1800.0,5.0,10.7,normal
1697513435.018,45.764,1800.0,4.0,10.7,normal
1697513435.521,45.764,1800.0,2.0,10.7,normal
1697513436.024,45.764,1800.0,5.0,10.7,normal
1697513436.526,46.251,1800.0,4.0,10.7,normal
1697513437.029,45.277,1800.0,3.0,10.7,normal
1697513437.533,46.251,700.0,3.0,10.7,normal
1697513438.039,45.277,600.0,5.9,10.6,normal
1697513438.545,44.79,600.0,5.9,10.6,normal
1697513439.049,46.251,1800.0,29.2,10.4,normal
1697513439.552,46.738,1800.0,29.2,10.7,normal
1697513440.055,46.251,1800.0,3.5,10.7,normal
1697513440.557,45.277,1800.0,1.5,10.7,normal
1697513441.06,45.764,1800.0,5.9,10.7,normal
1697513441.562,45.277,1800.0,4.0,10.7,normal
1697513442.065,45.764,1800.0,3.0,10.6,normal
1697513442.567,44.79,1800.0,3.5,10.7,normal
1697513443.07,44.79,1800.0,4.4,10.7,normal
1697513443.573,45.764,1800.0,2.0,10.6,normal
1697513444.078,44.79,600.0,3.4,10.6,normal
1697513444.584,45.764,600.0,5.5,10.6,normal
1697513445.087,44.79,1800.0,22.3,10.3,normal
1697513445.59,45.764,1800.0,36.3,10.7,normal
1697513446.092,45.764,1800.0,3.5,10.7,normal
1697513446.595,46.251,1800.0,3.0,10.6,normal
1697513447.097,45.277,1800.0,2.0,10.7,normal
1697513447.6,46.251,1800.0,2.5,10.7,normal
1697513448.103,45.277,1800.0,3.0,10.7,normal
1697513448.605,45.764,1800.0,2.0,10.7,normal
1697513449.108,45.764,1800.0,3.5,10.7,normal
1697513449.61,45.277,1800.0,5.4,10.7,normal
1697513450.116,44.79,600.0,3.5,10.7,normal
1697513450.622,45.764,600.0,5.0,10.7,normal
1697513451.125,44.79,1800.0,12.4,10.1,normal
1697513451.63,46.251,1800.0,34.0,10.7,normal
1697513452.132,45.764,1800.0,10.0,10.7,normal
1697513452.635,45.764,1800.0,2.5,10.7,normal
1697513453.137,45.764,1800.0,3.0,10.7,normal
1697513453.64,45.277,1800.0,3.5,10.7,normal
1697513454.143,46.251,1800.0,3.5,10.7,normal
1697513454.645,46.251,1800.0,3.5,10.7,normal
1697513455.148,45.277,1800.0,3.5,10.7,normal
1697513455.65,45.764,1800.0,3.5,10.7,normal
1697513456.155,46.251,700.0,3.5,10.7,normal
1697513456.661,43.816,600.0,5.0,10.7,normal
1697513457.168,44.303,600.0,5.9,10.7,normal
1697513457.672,45.764,1800.0,30.2,10.5,normal
1697513458.176,47.225,1800.0,26.1,10.7,normal
1697513458.678,45.764,1800.0,4.0,10.7,normal
1697513459.181,44.79,1800.0,3.5,10.7,normal
1697513459.683,45.764,1800.0,3.5,10.7,normal
1697513460.186,45.764,1800.0,5.4,10.7,normal
1697513460.688,46.251,1800.0,2.5,10.7,normal
1697513461.191,46.251,1800.0,4.9,10.7,normal
1697513461.693,46.251,1800.0,2.5,10.7,normal
1697513462.196,46.738,1800.0,5.0,10.7,normal
1697513462.702,44.303,600.0,5.0,10.8,normal
1697513463.207,45.277,1000.0,9.9,9.7,normal
1697513463.709,46.738,1800.0,29.4,10.6,normal
1697513464.214,46.738,1800.0,20.1,10.7,normal
1697513464.717,46.251,1800.0,5.5,10.7,normal
1697513465.219,45.277,1800.0,3.5,10.7,normal
1697513465.722,45.764,1800.0,3.9,10.7,normal
1697513466.224,45.277,1800.0,2.5,10.7,normal
1697513466.727,46.738,1800.0,4.5,10.7,normal
1697513467.229,45.764,1800.0,3.0,10.7,normal
1697513467.732,45.277,1800.0,4.0,10.7,normal
1697513468.235,45.764,1800.0,2.0,10.7,normal
1697513468.74,44.79,600.0,2.5,10.7,normal
1697513469.243,44.79,1800.0,11.6,10.1,normal
1697513469.746,46.251,1800.0,41.2,10.6,normal
1697513470.249,45.764,1800.0,7.9,10.7,normal
1697513470.751,45.277,1800.0,3.0,10.7,normal
1697513471.254,45.277,1800.0,4.0,10.7,normal
1697513471.756,46.251,1800.0,3.5,10.7,normal
1697513472.259,46.738,1800.0,3.5,10.7,normal
1697513472.761,45.764,1800.0,4.0,10.7,normal
1697513473.264,45.277,1800.0,4.5,10.7,normal
1697513473.767,45.277,1800.0,3.5,10.7,normal
1697513474.271,45.764,700.0,3.5,10.7,normal
1697513474.776,45.277,900.0,5.9,10.7,normal
1697513475.278,45.277,1800.0,19.2,10.2,normal
1697513475.781,47.225,1800.0,36.2,10.7,normal
1697513476.284,45.764,1800.0,4.0,10.7,normal
1697513476.787,45.764,1800.0,3.5,10.7,normal
1697513477.289,45.277,1800.0,4.0,10.7,normal
1697513477.792,44.79,1800.0,2.5,10.7,normal
1697513478.294,45.277,1800.0,3.5,10.7,normal
1697513478.797,45.277,1800.0,3.0,10.7,normal
1697513479.299,45.764,1800.0,5.9,10.7,normal
1697513479.802,46.251,1800.0,3.5,10.7,normal
1697513480.306,45.277,800.0,4.4,10.7,normal
1697513480.81,45.764,900.0,5.4,10.7,normal
1697513481.313,44.79,1800.0,23.1,10.4,normal
1697513481.816,45.764,1800.0,31.8,10.7,normal
1697513482.318,46.251,1800.0,4.0,10.7,normal
1697513482.821,46.251,1800.0,3.0,10.7,normal
1697513483.323,45.277,1800.0,3.0,10.7,normal
1697513483.826,45.764,1800.0,4.0,10.7,normal
1697513484.328,46.738,1800.0,4.0,10.7,normal
1697513484.831,44.79,1800.0,2.5,10.7,normal
1697513485.334,45.764,1800.0,4.0,10.7,normal
1697513485.836,44.79,1800.0,4.0,10.7,normal
1697513486.34,45.277,800.0,4.0,10.7,normal
1697513486.845,43.816,800.0,4.0,10.7,normal
1697513487.348,45.277,1800.0,15.3,10.2,normal
1697513487.851,46.738,1800.0,38.0,10.6,normal
1697513488.353,46.738,1800.0,6.0,10.6,normal
1697513488.856,45.764,1800.0,3.5,10.6,normal
1697513489.359,44.303,1800.0,4.5,10.6,normal
1697513489.861,46.738,1800.0,4.5,10.6,normal
1697513490.364,46.251,1800.0,3.0,10.6,normal
1697513490.866,45.277,1800.0,2.5,10.6,normal
1697513491.369,45.764,1800.0,3.5,10.7,normal
1697513491.871,45.764,1800.0,3.5,10.7,normal
1697513492.376,44.79,700.0,3.5,10.6,normal
1697513492.88,45.764,1000.0,3.5,10.6,normal
1697513493.383,45.277,1800.0,19.4,10.3,normal
1697513493.886,46.738,1800.0,37.3,10.6,normal
1697513494.388,45.277,1800.0,4.0,10.6,normal
1697513494.891,46.251,1800.0,3.0,10.6,normal
1697513495.394,46.251,1800.0,3.0,10.6,normal
1697513495.896,45.764,1800.0,3.0,10.6,normal
1697513496.399,45.764,1800.0,3.5,10.6,normal
1697513496.901,44.79,1800.0,3.0,10.7,normal
1697513497.404,44.303,1800.0,4.0,10.7,normal
1697513497.906,44.79,1800.0,4.0,10.7,normal
1697513498.412,45.764,675.0,4.5,10.7,normal
1697513498.918,44.79,600.0,5.4,10.7,normal
1697513499.422,45.277,1200.0,12.9,9.9,normal
1697513499.926,46.251,1800.0,32.0,10.6,normal
1697513500.429,45.764,1800.0,16.0,10.7,normal
1697513500.931,45.764,1800.0,3.5,10.7,normal
1697513501.434,45.277,1800.0,3.0,10.7,normal
1697513501.936,45.764,1800.0,4.0,10.7,normal
1697513502.439,44.79,1800.0,3.0,10.7,normal
1697513502.941,45.764,1800.0,5.0,10.7,normal
1697513503.444,44.79,1800.0,4.0,10.7,normal
1697513503.946,45.277,1800.0,4.0,10.7,normal
1697513504.451,46.251,700.0,3.5,10.7,normal
1697513504.956,46.251,800.0,5.0,10.7,normal
1697513505.46,44.303,900.0,5.0,10.6,normal
1697513505.963,46.251,1800.0,27.6,10.4,normal
1697513506.466,45.764,1800.0,26.2,10.7,normal
1697513506.968,45.277,1800.0,1.5,10.7,normal
1697513507.471,45.764,1800.0,2.0,10.7,normal
1697513507.974,45.277,1800.0,4.4,10.7,normal
1697513508.476,45.764,1800.0,2.0,10.7,normal
1697513508.979,45.764,1800.0,5.0,10.7,normal
1697513509.481,46.251,1800.0,3.5,10.7,normal
1697513509.984,45.277,1800.0,3.5,10.7,normal
1697513510.487,45.277,1800.0,4.5,10.7,normal
1697513510.991,45.764,900.0,5.9,10.7,normal
1697513511.493,45.764,1800.0,7.5,10.5,normal
1697513511.996,45.764,1800.0,28.9,10.5,normal
1697513512.499,46.251,1800.0,22.8,10.7,normal
1697513513.002,45.764,1800.0,3.5,10.7,normal
1697513513.504,45.764,1800.0,4.0,10.7,normal
1697513514.007,45.277,1800.0,3.5,10.7,normal
1697513514.509,45.277,1800.0,5.0,10.7,normal
1697513515.012,45.764,1800.0,2.5,10.7,normal
1697513515.514,45.764,1800.0,3.5,10.7,normal
1697513516.017,44.79,1800.0,3.9,10.7,normal
1697513516.522,46.251,700.0,4.0,10.7,normal
1697513517.027,45.764,800.0,5.4,10.7,normal
1697513517.532,45.277,700.0,4.5,10.7,normal
1697513518.036,45.764,1800.0,27.6,10.4,normal
1697513518.538,45.764,1800.0,29.1,10.7,normal
1697513519.041,46.251,1800.0,3.5,10.7,normal
1697513519.543,45.764,1800.0,5.0,10.7,normal
1697513520.046,45.764,1800.0,3.5,10.7,normal
1697513520.548,45.764,1800.0,4.5,10.7,normal
1697513521.051,47.225,1800.0,4.0,10.7,normal
1697513521.554,45.277,1800.0,3.4,10.7,normal
1697513522.056,45.764,1800.0,3.0,10.7,normal
1697513522.559,45.764,1800.0,5.0,10.7,normal
1697513523.064,45.764,600.0,4.0,10.7,normal
1697513523.57,45.764,600.0,4.5,10.7,normal
1697513524.073,46.251,1800.0,19.0,10.2,normal
1697513524.576,46.251,1800.0,39.2,10.6,normal
1697513525.079,45.277,1800.0,2.5,10.6,normal
1697513525.582,45.764,1800.0,4.0,10.6,normal
1697513526.085,45.277,1800.0,2.5,10.6,normal
1697513526.587,44.79,1800.0,5.0,10.6,normal
1697513527.09,46.251,1800.0,4.0,10.6,normal
1697513527.592,44.79,1800.0,2.5,10.6,normal
1697513528.095,45.277,1800.0,4.0,10.6,normal
1697513528.597,43.816,1800.0,4.0,10.6,normal
1697513529.102,44.79,700.0,4.4,10.6,normal
1697513529.608,45.764,600.0,6.9,10.6,normal
1697513530.112,44.79,1800.0,10.1,9.7,normal
1697513530.616,46.251,1800.0,30.3,10.5,normal
1697513531.118,46.251,1800.0,16.6,10.6,normal
1697513531.621,46.251,1800.0,3.0,10.6,normal
1697513532.128,46.251,1800.0,3.0,10.6,normal
1697513532.63,45.277,1800.0,3.5,10.6,normal
1697513533.133,45.764,1800.0,4.0,10.7,normal
1697513533.635,45.277,1800.0,4.0,10.6,normal
1697513534.138,45.764,1800.0,2.5,10.6,normal
1697513534.64,45.277,1800.0,3.0,10.7,normal
1697513535.145,45.277,700.0,3.9,10.6,normal
1697513535.651,45.764,600.0,4.0,10.6,normal
1697513536.154,45.277,1800.0,15.0,10.1,normal
1697513536.657,45.277,1800.0,37.2,10.6,normal
1697513537.165,45.277,1800.0,4.4,10.7,normal
1697513537.667,44.79,1800.0,4.5,10.6,normal
1697513538.17,46.251,1800.0,4.0,10.6,normal
1697513538.672,45.764,1800.0,2.5,10.6,normal
1697513539.175,44.79,1800.0,4.5,10.6,normal
1697513539.678,44.303,1800.0,4.0,10.6,normal
1697513540.18,45.764,1800.0,4.0,10.7,normal
1697513540.683,45.764,1800.0,3.0,10.7,normal
1697513541.189,45.764,600.0,5.9,10.7,normal
1697513541.694,45.277,600.0,5.0,10.7,normal
1697513542.197,46.738,1800.0,21.5,10.3,normal
1697513542.7,45.764,1800.0,33.5,10.6,normal
1697513543.203,45.764,1800.0,3.5,10.6,normal
1697513543.706,45.764,1800.0,5.0,10.7,normal
1697513544.208,44.79,1800.0,3.0,10.7,normal
1697513544.711,46.251,1800.0,4.9,10.7,normal
1697513545.213,45.277,1800.0,4.5,10.7,normal
1697513545.716,45.764,1800.0,3.0,10.7,normal
1697513546.219,46.251,1800.0,4.0,10.7,normal
1697513546.721,45.764,1800.0,3.0,10.7,normal
1697513547.226,45.277,800.0,4.5,10.7,normal
1697513547.731,44.303,600.0,5.4,10.7,normal
1697513548.234,45.277,1800.0,14.5,10.2,normal
1697513548.737,46.251,1800.0,36.2,10.6,normal
1697513549.24,46.251,1800.0,7.0,10.7,normal
1697513549.742,46.251,1800.0,4.0,10.7,normal
1697513550.245,44.79,1800.0,3.0,10.7,normal
1697513550.747,45.764,1800.0,3.5,10.7,normal
1697513551.25,46.251,1800.0,3.5,10.7,normal
1697513551.752,44.79,1800.0,3.0,10.7,normal
1697513552.255,45.764,1800.0,3.0,10.7,normal
1697513552.757,45.277,1800.0,4.0,10.7,normal
1697513553.261,44.79,900.0,4.5,10.7,normal
1697513553.767,44.79,600.0,5.4,10.7,normal
1697513554.27,45.764,1800.0,19.7,10.4,normal
1697513554.773,46.251,1800.0,36.4,10.7,normal
1697513555.275,45.764,1800.0,3.0,10.7,normal
1697513555.778,45.277,1800.0,5.4,10.7,normal
1697513556.28,45.277,1800.0,3.0,10.7,normal
1697513556.783,45.277,1800.0,3.5,10.7,normal
1697513557.285,46.251,1800.0,3.0,10.7,normal
1697513557.788,45.277,1800.0,4.0,10.7,normal
1697513558.291,44.79,1800.0,3.5,10.7,normal
1697513558.793,44.79,1800.0,4.0,10.7,normal
1697513559.297,44.79,800.0,4.0,10.7,normal
1697513559.802,45.277,900.0,7.4,10.7,normal
1697513560.305,45.277,1800.0,10.6,9.6,normal
1697513560.807,46.251,1800.0,28.2,10.4,normal
1697513561.31,46.251,1800.0,20.5,10.6,normal
1697513561.812,45.277,1800.0,4.5,10.6,normal
1697513562.315,45.764,1800.0,3.5,10.6,normal
1697513562.818,46.251,1800.0,3.5,10.6,normal
1697513563.32,45.277,1800.0,4.5,10.6,normal
1697513563.823,45.764,1800.0,4.5,10.6,normal
1697513564.325,44.79,1800.0,4.0,10.6,normal
1697513564.828,45.764,1800.0,3.0,10.7,normal
1697513565.332,45.277,800.0,1.5,10.7,normal
1697513565.837,45.277,800.0,5.4,10.7,normal
1697513566.339,45.277,1800.0,11.5,10.2,normal
1697513566.843,46.738,1800.0,37.3,10.6,normal
1697513567.345,45.764,1800.0,7.5,10.7,normal
1697513567.848,45.764,1800.0,2.5,10.7,normal
1697513568.351,44.79,1800.0,3.5,10.7,normal
1697513568.853,44.79,1800.0,4.0,10.7,normal
1697513569.356,45.764,1800.0,3.5,10.7,normal
1697513569.858,46.251,1800.0,4.0,10.7,normal
1697513570.361,46.251,1800.0,3.5,10.7,normal
1697513570.863,45.277,1800.0,3.0,10.7,normal
1697513571.369,44.79,650.0,3.4,10.7,normal
1697513571.873,45.277,900.0,5.5,10.7,normal
1697513572.376,45.764,1800.0,18.5,10.2,normal
1697513572.878,45.764,1800.0,37.3,10.7,normal
1697513573.381,46.251,1800.0,3.0,10.7,normal
1697513573.883,45.277,1800.0,3.5,10.7,normal
1697513574.386,45.277,1800.0,3.5,10.7,normal
1697513574.889,45.277,1800.0,3.0,10.7,normal
1697513575.391,45.764,1800.0,3.5,10.7,normal
1697513575.894,45.764,1800.0,4.0,10.7,normal
1697513576.396,45.277,1800.0,2.5,10.7,normal
1697513576.899,45.764,1800.0,2.5,10.7,normal
1697513577.404,45.277,600.0,2.5,10.7,normal
1697513577.91,44.79,700.0,5.9,10.7,normal
1697513578.413,45.764,1800.0,21.6,10.3,normal
1697513578.915,46.251,1800.0,30.8,10.7,normal
1697513579.418,44.79,1800.0,4.5,10.7,normal
1697513579.92,45.277,1800.0,3.5,10.7,normal
1697513580.423,46.251,1800.0,3.5,10.7,normal
1697513580.926,45.277,1800.0,3.0,10.7,normal
1697513581.428,46.251,1800.0,4.0,10.7,normal
1697513581.931,44.79,1800.0,4.5,10.7,normal
1697513582.433,45.764,1800.0,3.0,10.7,normal
1697513582.936,46.251,1800.0,4.0,10.7,normal
1697513583.44,44.79,800.0,5.4,10.7,normal
1697513583.944,44.79,800.0,6.9,10.7,normal
1697513584.447,46.251,1800.0,17.1,10.3,normal
1697513584.95,47.225,1800.0,38.3,10.7,normal
1697513585.453,45.764,1800.0,5.0,10.7,normal
1697513585.955,45.277,1800.0,4.5,10.7,normal
1697513586.458,45.764,1800.0,3.0,10.7,normal
1697513586.96,45.764,1800.0,3.0,10.7,normal
1697513587.463,45.764,1800.0,4.5,10.7,normal
1697513587.966,44.79,1800.0,4.0,10.7,normal
1697513588.468,44.79,1800.0,4.5,10.7,normal
1697513588.971,45.764,1800.0,4.5,10.7,normal
1697513589.475,45.764,900.0,5.0,10.7,normal
1697513589.981,44.303,600.0,5.4,10.7,normal
1697513590.484,45.277,1800.0,9.5,9.6,normal
1697513590.988,46.251,1800.0,28.9,10.6,normal
1697513591.491,46.738,1800.0,19.1,10.7,normal
1697513591.993,45.277,1800.0,3.5,10.7,normal
1697513592.496,45.764,1800.0,5.0,10.7,normal
1697513592.998,45.764,1800.0,3.5,10.7,normal
1697513593.501,45.764,1800.0,3.5,10.7,normal
1697513594.004,45.277,1800.0,3.5,10.7,normal
1697513594.506,45.764,1800.0,4.5,10.7,normal
1697513595.009,45.764,1800.0,3.5,10.7,normal
1697513595.514,46.251,700.0,3.5,10.7,normal
1697513596.018,45.764,800.0,4.4,10.7,normal
1697513596.523,45.764,800.0,6.0,10.6,normal
1697513597.026,45.277,1800.0,27.2,10.5,normal
1697513597.529,45.764,1800.0,25.8,10.7,normal
1697513598.031,46.251,1800.0,3.9,10.7,normal
1697513598.534,46.738,1800.0,4.0,10.7,normal
1697513599.036,45.764,1800.0,3.5,10.7,normal
1697513599.539,45.277,1800.0,4.0,10.7,normal
1697513600.042,46.251,1800.0,4.5,10.7,normal
1697513600.544,45.277,1800.0,3.0,10.7,normal
1697513601.047,45.277,1800.0,5.0,10.7,normal
1697513601.549,46.251,1800.0,3.5,10.7,normal
1697513602.055,46.251,600.0,4.0,10.7,normal
1697513602.559,44.79,800.0,4.5,10.7,normal
1697513603.062,45.277,1800.0,22.9,10.3,normal
1697513603.565,45.764,1800.0,35.6,10.7,normal
1697513604.068,45.764,1800.0,3.5,10.7,normal
1697513604.57,46.251,1800.0,4.0,10.7,normal
1697513605.073,45.764,1800.0,4.4,10.7,normal
1697513605.575,44.79,1800.0,3.0,10.7,normal
1697513606.078,45.277,1800.0,3.0,10.7,normal
1697513606.58,45.764,1800.0,3.5,10.7,normal
1697513607.083,44.303,1800.0,4.0,10.7,normal
1697513607.585,44.79,1800.0,2.5,10.7,normal
1697513608.091,45.277,600.0,3.4,10.7,normal
1697513608.596,44.79,700.0,5.5,10.7,normal
1697513609.1,46.251,1800.0,24.8,10.4,normal
1697513609.602,47.225,1800.0,32.0,10.6,normal
1697513610.105,45.764,1800.0,3.0,10.6,normal
1697513610.607,45.764,1800.0,3.5,10.7,normal
1697513611.11,45.764,1800.0,3.5,10.7,normal
1697513611.612,45.764,1800.0,3.5,10.7,normal
1697513612.115,44.79,1800.0,3.0,10.7,normal
1697513612.617,45.764,1800.0,3.5,10.7,normal
1697513613.12,46.251,1800.0,2.0,10.7,normal
1697513613.622,45.764,1800.0,2.5,10.7,normal
1697513614.128,46.251,600.0,5.4,10.7,normal
1697513614.634,44.79,600.0,5.9,10.7,normal
1697513615.136,46.251,1800.0,17.9,10.2,normal
1697513615.639,45.764,1800.0,37.8,10.6,normal
1697513616.142,46.251,1800.0,2.5,10.6,normal
1697513616.645,46.251,1800.0,3.5,10.6,normal
1697513617.148,45.277,1800.0,2.5,10.6,normal
1697513617.65,45.277,1800.0,3.0,10.6,normal
1697513618.153,45.277,1800.0,3.5,10.7,normal
1697513618.658,45.277,1800.0,2.5,10.7,normal
1697513619.161,45.764,1800.0,3.5,10.7,normal
1697513619.663,44.79,1800.0,3.5,10.7,normal
1697513620.169,43.816,600.0,4.4,10.7,normal
1697513620.676,45.764,600.0,4.4,10.7,normal
1697513621.184,44.79,1100.0,10.5,9.7,normal
1697513621.688,46.251,1800.0,31.0,10.6,normal
1697513622.19,45.764,1800.0,16.6,10.7,normal
1697513622.693,47.225,1800.0,3.5,10.7,normal
1697513623.195,45.277,1800.0,3.5,10.7,normal
1697513623.701,45.277,1800.0,3.4,10.7,normal
1697513624.203,45.764,1800.0,3.0,10.7,normal
1697513624.706,45.277,1800.0,5.0,10.7,normal
1697513625.209,44.79,1800.0,3.5,10.7,normal
1697513625.711,44.79,1800.0,1.5,10.7,normal
1697513626.216,45.277,700.0,3.4,10.7,normal
1697513626.72,44.303,800.0,5.0,10.7,normal
1697513627.227,44.79,600.0,3.5,10.7,normal
1697513627.73,46.251,1800.0,26.7,10.4,normal
1697513628.233,46.251,1800.0,25.6,10.6,normal
1697513628.735,45.277,1800.0,3.5,10.6,normal
1697513629.238,45.277,1800.0,3.0,10.6,normal
1697513629.74,45.764,1800.0,3.0,10.6,normal
1697513630.243,45.277,1800.0,3.5,10.6,normal
1697513630.745,45.277,1800.0,3.5,10.6,normal
1697513631.248,44.79,1800.0,3.0,10.7,normal
1697513631.75,46.251,1800.0,3.5,10.7,normal
1697513632.253,44.79,1800.0,4.0,10.7,normal
1697513632.758,45.277,700.0,4.9,10.7,normal
1697513633.262,44.79,900.0,4.0,10.7,normal
1697513633.765,45.764,1800.0,21.4,10.4,normal
1697513634.268,45.277,1800.0,32.5,10.7,normal
1697513634.771,45.277,1800.0,5.4,10.7,normal
1697513635.273,45.764,1800.0,3.5,10.7,normal
1697513635.776,45.764,1800.0,3.0,10.7,normal
1697513636.278,45.277,1800.0,2.5,10.7,normal
1697513636.781,45.764,1800.0,4.4,10.7,normal
1697513637.284,45.764,1800.0,2.5,10.7,normal
1697513637.786,45.277,1800.0,3.5,10.7,normal
1697513638.289,45.764,1800.0,3.5,10.7,normal
1697513638.793,45.277,800.0,4.4,10.7,normal
1697513639.297,45.277,900.0,2.5,10.7,normal
1697513639.8,45.277,1800.0,16.9,10.2,normal
1697513640.303,46.738,1800.0,37.3,10.6,normal
1697513640.806,45.764,1800.0,7.0,10.7,normal
1697513641.308,44.79,1800.0,3.5,10.6,normal
1697513641.811,46.251,1800.0,3.5,10.6,normal
1697513642.313,44.79,1800.0,3.0,10.6,normal
1697513642.816,45.277,1800.0,3.5,10.7,normal
1697513643.319,45.277,1800.0,4.5,10.6,normal
1697513643.821,45.764,1800.0,3.5,10.6,normal
1697513644.324,46.251,1800.0,4.9,10.7,normal
1697513644.828,46.251,700.0,3.5,10.6,normal
1697513645.333,45.764,900.0,5.0,10.7,normal
1697513645.836,45.277,1800.0,19.4,10.3,normal
1697513646.338,46.738,1800.0,34.2,10.7,normal
1697513646.841,45.764,1800.0,3.5,10.7,normal
1697513647.343,46.251,1800.0,4.0,10.7,normal
1697513647.846,45.277,1800.0,3.0,10.7,normal
1697513648.348,45.764,1800.0,3.0,10.7,normal
1697513648.851,46.251,1800.0,3.5,10.7,normal
1697513649.354,45.277,1800.0,5.9,10.7,normal
1697513649.856,45.764,1800.0,3.5,10.7,normal
1697513650.359,45.277,1800.0,4.0,10.7,normal
1697513650.863,44.303,900.0,5.0,10.7,normal
1697513651.367,44.79,800.0,5.0,10.7,normal
1697513651.87,45.764,1800.0,14.9,10.0,normal
1697513652.374,47.712,1800.0,35.8,10.6,normal
1697513652.877,45.277,1800.0,9.6,10.6,normal
1697513653.379,45.764,1800.0,3.5,10.6,normal
1697513653.882,45.764,1800.0,5.0,10.6,normal
1697513654.384,46.251,1800.0,4.9,10.6,normal
1697513654.887,45.764,1800.0,3.0,10.6,normal
1697513655.389,45.764,1800.0,2.5,10.6,normal
1697513655.892,45.764,1800.0,4.9,10.7,normal
1697513656.394,44.79,1800.0,3.0,10.6,normal
1697513656.899,45.277,800.0,3.0,10.6,normal
1697513657.404,45.277,800.0,4.9,10.6,normal
1697513657.911,45.277,600.0,7.4,10.6,normal
1697513658.414,45.277,1800.0,27.7,10.5,normal
1697513658.917,46.251,1800.0,23.5,10.7,normal
1697513659.419,45.764,1800.0,4.0,10.7,normal
1697513659.922,46.251,1800.0,3.5,10.7,normal
1697513660.424,46.251,1800.0,2.5,10.7,normal
1697513660.927,45.277,1800.0,2.5,10.7,normal
1697513661.429,44.79,1800.0,3.0,10.7,normal
1697513661.932,45.764,1800.0,3.5,10.7,normal
1697513662.434,45.764,1800.0,3.5,10.7,normal
1697513662.937,45.277,1800.0,3.5,10.7,normal
1697513663.442,44.303,700.0,4.4,10.7,normal
1697513663.948,45.764,600.0,4.4,10.7,normal
1697513664.451,44.79,1800.0,24.9,10.4,normal
1697513664.954,45.277,1800.0,31.8,10.7,normal
1697513665.456,45.277,1800.0,2.5,10.7,normal
1697513665.959,44.79,1800.0,3.5,10.7,normal
1697513666.462,45.277,1800.0,2.5,10.7,normal
1697513666.964,45.764,1800.0,4.0,10.7,normal
1697513667.467,45.764,1800.0,3.0,10.7,normal
1697513667.969,46.251,1800.0,5.0,10.7,normal
1697513668.472,45.764,1800.0,2.5,10.7,normal
1697513668.974,45.764,1800.0,4.4,10.7,normal
1697513669.478,45.277,900.0,5.0,10.7,normal
1697513669.984,45.764,600.0,5.0,10.7,normal
1697513670.487,45.277,1800.0,13.9,10.2,normal
1697513670.99,46.251,1800.0,37.8,10.6,normal
1697513671.492,45.277,1800.0,6.5,10.7,normal
1697513671.995,45.764,1800.0,4.5,10.7,normal
1697513672.498,45.277,1800.0,3.0,10.7,normal
1697513673.0,45.764,1800.0,2.5,10.7,normal
1697513673.503,45.764,1800.0,3.5,10.7,normal
1697513674.005,45.764,1800.0,4.0,10.7,normal
1697513674.508,45.764,1800.0,4.5,10.7,normal
1697513675.01,45.764,1800.0,3.0,10.7,normal
1697513675.516,45.277,700.0,3.0,10.7,normal
1697513676.02,44.303,900.0,6.4,10.7,normal
1697513676.525,44.79,900.0,7.4,10.5,normal
1697513677.027,46.251,1800.0,28.5,10.6,normal
1697513677.53,45.764,1800.0,24.6,10.7,normal
1697513678.033,45.277,1800.0,4.0,10.7,normal
1697513678.535,44.79,1800.0,3.0,10.7,normal
1697513679.038,44.79,1800.0,4.0,10.7,normal
1697513679.54,45.764,1800.0,4.0,10.7,normal
1697513680.043,45.764,1800.0,4.5,10.7,normal
1697513680.545,45.277,1800.0,3.5,10.7,normal
1697513681.048,45.277,1800.0,2.5,10.7,normal
1697513681.55,45.277,1800.0,3.5,10.7,normal
1697513682.055,44.79,700.0,4.0,10.7,normal
1697513682.56,45.277,800.0,10.3,9.5,normal
1697513683.063,45.277,1800.0,27.5,10.4,normal
1697513683.566,45.764,1800.0,21.5,10.6,normal
1697513684.068,46.738,1800.0,5.0,10.6,normal
1697513684.571,44.79,1800.0,4.5,10.6,normal
1697513685.073,45.764,1800.0,3.0,10.6,normal
1697513685.576,45.277,1800.0,3.5,10.6,normal
1697513686.079,45.277,1800.0,3.5,10.6,normal
1697513686.581,45.764,1800.0,2.0,10.6,normal
1697513687.084,44.79,1800.0,3.0,10.7,normal
1697513687.587,44.79,1800.0,2.0,10.7,normal
1697513688.092,45.277,700.0,3.0,10.7,normal
1697513688.595,46.251,1800.0,12.9,10.1,normal
1697513689.098,47.225,1800.0,39.8,10.6,normal
1697513689.6,45.764,1800.0,9.0,10.6,normal
1697513690.103,45.277,1800.0,3.0,10.6,normal
1697513690.605,45.764,1800.0,5.0,10.6,normal
1697513691.108,45.277,1800.0,3.5,10.6,normal
1697513691.61,45.764,1800.0,4.0,10.6,normal
1697513692.113,44.303,1800.0,3.5,10.7,normal
1697513692.615,44.79,1800.0,3.5,10.7,normal
1697513693.118,45.277,1800.0,3.0,10.7,normal
1697513693.623,45.277,700.0,4.4,10.7,normal
1697513694.127,45.277,800.0,4.5,10.7,normal
1697513694.634,45.764,600.0,8.4,10.6,normal
1697513695.137,45.764,1800.0,29.7,10.5,normal
1697513695.639,46.738,1800.0,23.5,10.7,normal
1697513696.142,44.79,1800.0,3.5,10.7,normal
1697513696.644,46.738,1800.0,4.5,10.7,normal
1697513697.147,46.251,1800.0,3.5,10.7,normal
1697513697.649,45.764,1800.0,2.5,10.7,normal
1697513698.152,46.251,1800.0,4.0,10.7,normal
1697513698.654,46.251,1800.0,3.4,10.7,normal
1697513699.157,45.764,1800.0,4.5,10.7,normal
1697513699.661,45.277,1800.0,4.5,10.7,normal
1697513700.168,44.303,600.0,4.9,10.7,normal
1697513700.672,45.277,800.0,3.0,10.7,normal
1697513701.176,45.277,1800.0,25.9,10.3,normal
1697513701.678,46.738,1800.0,29.5,10.6,normal
1697513702.181,45.764,1800.0,2.0,10.6,normal
1697513702.684,45.764,1800.0,3.0,10.6,normal
1697513703.186,45.764,1800.0,4.0,10.6,normal
1697513703.689,45.764,1800.0,3.0,10.6,normal
1697513704.191,46.251,1800.0,3.0,10.6,normal
1697513704.694,45.277,1800.0,4.5,10.6,normal
1697513705.196,46.738,1800.0,3.5,10.6,normal
1697513705.699,46.251,1800.0,3.5,10.7,normal
1697513706.205,45.277,600.0,3.0,10.7,normal
1697513706.711,44.79,600.0,6.9,10.7,normal
1697513707.214,45.764,1800.0,18.4,10.1,normal
1697513707.716,46.738,1800.0,37.6,10.6,normal
1697513708.219,45.764,1800.0,3.5,10.6,normal
1697513708.721,45.764,1800.0,3.0,10.6,normal
1697513709.224,46.738,1800.0,4.0,10.6,normal
1697513709.726,45.764,1800.0,4.9,10.6,normal
1697513710.229,45.764,1800.0,3.0,10.6,normal
1697513710.731,44.79,1800.0,3.5,10.6,normal
1697513711.234,46.251,1800.0,5.0,10.6,normal
1697513711.737,46.251,1800.0,4.0,10.6,normal
1697513712.242,46.251,600.0,5.4,10.6,normal
1697513712.746,46.251,900.0,5.0,10.6,normal
1697513713.25,44.79,1800.0,11.9,9.8,normal
1697513713.754,46.251,1800.0,31.0,10.5,normal
1697513714.256,46.251,1800.0,16.0,10.6,normal
1697513714.759,46.251,1800.0,4.5,10.6,normal
1697513715.261,45.277,1800.0,4.0,10.6,normal
1697513715.764,44.79,1800.0,4.5,10.6,normal
1697513716.267,45.277,1800.0,3.5,10.6,normal
1697513716.769,45.764,1800.0,3.0,10.7,normal
1697513717.272,45.277,1800.0,3.5,10.7,normal
1697513717.774,45.277,1800.0,4.0,10.7,normal
1697513718.279,45.277,700.0,3.4,10.7,normal
1697513718.784,44.79,800.0,4.5,10.7,normal
1697513719.287,45.764,1800.0,15.4,10.1,normal
1697513719.79,45.277,1800.0,39.0,10.6,normal
1697513720.292,46.251,1800.0,6.5,10.6,normal
1697513720.795,44.79,1800.0,3.5,10.6,normal
1697513721.297,44.79,1800.0,4.0,10.6,normal
1697513721.8,45.277,1800.0,4.0,10.6,normal
1697513722.303,45.764,1800.0,12.4,10.6,normal
1697513722.805,45.277,1800.0,3.0,10.6,normal
1697513723.308,45.764,1800.0,4.0,10.6,normal
1697513723.81,46.251,1800.0,4.0,10.6,normal
1697513724.314,45.277,900.0,6.9,10.7,normal
1697513724.818,45.277,900.0,5.0,10.7,normal
1697513725.321,46.251,1800.0,18.5,10.3,normal
1697513725.824,47.225,1800.0,35.8,10.7,normal
1697513726.327,45.764,1800.0,3.0,10.7,normal
1697513726.829,45.277,1800.0,3.5,10.7,normal
1697513727.332,44.79,1800.0,3.5,10.7,normal
1697513727.834,45.277,1800.0,3.0,10.7,normal
1697513728.337,45.764,1800.0,4.4,10.7,normal
1697513728.839,45.764,1800.0,4.0,10.7,normal
1697513729.342,46.251,1800.0,5.0,10.7,normal
1697513729.844,45.764,1800.0,3.0,10.7,normal
1697513730.348,45.764,1000.0,5.4,10.7,normal
1697513730.852,45.277,900.0,4.0,10.7,normal
1697513731.355,46.251,1800.0,21.9,10.4,normal
1697513731.858,45.277,1800.0,34.7,10.7,normal
1697513732.36,45.764,1800.0,3.5,10.7,normal
1697513732.863,46.251,1800.0,4.5,10.7,normal
1697513733.366,46.251,1800.0,3.5,10.7,normal
1697513733.868,45.764,1800.0,3.0,10.7,normal
1697513734.371,46.251,1800.0,4.9,10.7,normal
1697513734.873,45.277,1800.0,4.0,10.7,normal
1697513735.376,46.251,1800.0,2.5,10.7,normal
1697513735.878,44.79,1800.0,3.5,10.7,normal
1697513736.384,44.79,800.0,3.9,10.7,normal
1697513736.889,45.764,600.0,5.0,10.7,normal
1697513737.392,44.79,1800.0,13.0,10.0,normal
1697513737.898,46.251,1800.0,38.1,10.6,normal
1697513738.401,45.277,1800.0,9.0,10.6,normal
1697513738.903,46.251,1800.0,4.4,10.6,normal
1697513739.406,45.764,1800.0,4.0,10.7,normal
1697513739.908,45.277,1800.0,3.5,10.7,normal
1697513740.411,45.277,1800.0,3.0,10.7,normal
1697513740.913,46.251,1800.0,3.5,10.7,normal
1697513741.416,45.277,1800.0,3.5,10.7,normal
1697513741.919,46.251,1800.0,3.5,10.7,normal
1697513742.424,44.79,700.0,3.0,10.7,normal
1697513742.929,45.277,600.0,3.5,10.7,normal
1697513743.432,45.764,1800.0,18.4,10.3,normal
1697513743.935,46.251,1800.0,36.8,10.6,normal
1697513744.437,45.277,1800.0,4.0,10.6,normal
1697513744.94,45.764,1800.0,3.0,10.6,normal
1697513745.442,45.764,1800.0,3.0,10.6,normal
1697513745.945,46.251,1800.0,3.0,10.6,normal
1697513746.447,46.251,1800.0,2.5,10.7,normal
1697513746.95,44.79,1800.0,1.5,10.7,normal
1697513747.453,45.277,1800.0,1.5,10.7,normal
1697513747.955,45.764,1800.0,3.5,10.7,normal
1697513748.46,46.251,800.0,3.9,10.7,normal
1697513748.965,45.277,600.0,5.4,10.7,normal
1697513749.469,45.277,1800.0,10.1,9.6,normal
1697513749.973,46.738,1800.0,28.2,10.5,normal
1697513750.476,46.251,1800.0,16.0,10.6,normal
1697513750.979,45.764,1800.0,1.5,10.7,normal
1697513751.481,44.79,1800.0,6.9,10.7,normal
1697513751.984,45.764,1800.0,3.5,10.7,normal
1697513752.487,45.764,1800.0,4.0,10.7,normal
1697513752.989,46.251,1800.0,3.0,10.7,normal
1697513753.492,45.277,1800.0,3.0,10.7,normal
1697513753.994,44.79,1800.0,3.5,10.7,normal
1697513754.499,45.764,700.0,5.0,10.7,normal
1697513755.005,45.764,600.0,5.4,10.7,normal
1697513755.51,45.277,800.0,4.5,10.7,normal
1697513756.013,46.738,1800.0,28.7,10.4,normal
1697513756.515,45.277,1800.0,26.5,10.7,normal
1697513757.018,45.277,1800.0,3.5,10.7,normal
1697513757.52,45.277,1800.0,4.0,10.7,normal
1697513758.023,45.764,1800.0,3.0,10.7,normal
1697513758.525,45.764,1800.0,4.0,10.7,normal
1697513759.028,45.764,1800.0,3.5,10.7,normal
1697513759.531,45.764,1800.0,2.5,10.7,normal
1697513760.033,45.764,1800.0,3.0,10.7,normal
1697513760.536,45.764,1800.0,4.0,10.7,normal
1697513761.04,44.79,800.0,5.9,10.7,normal
1697513761.545,44.79,700.0,4.0,10.7,normal
1697513762.047,46.251,1800.0,20.9,10.3,normal
1697513762.55,45.764,1800.0,34.0,10.7,normal
1697513763.053,46.738,1800.0,3.5,10.7,normal
1697513763.555,45.764,1800.0,3.5,10.7,normal
1697513764.058,44.79,1800.0,3.5,10.7,normal
1697513764.56,46.251,1800.0,4.5,10.7,normal
1697513765.063,45.277,1800.0,3.0,10.7,normal
1697513765.565,45.764,1800.0,3.5,10.7,normal
1697513766.068,45.277,1800.0,3.5,10.7,normal
1697513766.571,45.764,1800.0,4.0,10.7,normal
1697513767.075,45.764,800.0,3.5,10.7,normal
1697513767.58,45.277,800.0,4.5,10.7,normal
1697513768.083,45.764,1800.0,15.3,10.1,normal
1697513768.586,46.251,1800.0,39.0,10.6,normal
1697513769.089,46.251,1800.0,7.5,10.6,normal
1697513769.591,45.764,1800.0,4.0,10.6,normal
1697513770.094,44.79,1800.0,3.5,10.6,normal
1697513770.596,45.277,1800.0,4.0,10.6,normal
1697513771.099,45.277,1800.0,3.5,10.6,normal
1697513771.601,46.738,1800.0,3.0,10.6,normal
1697513772.104,45.277,1800.0,3.0,10.7,normal
1697513772.607,44.79,1800.0,4.0,10.7,normal
1697513773.111,44.79,850.0,4.0,10.7,normal
1697513773.615,45.764,800.0,5.0,10.7,normal
1697513774.122,45.277,600.0,7.4,10.6,normal
1697513774.625,45.277,1800.0,30.0,10.4,normal
1697513775.128,45.764,1800.0,22.5,10.6,normal
1697513775.63,46.738,1800.0,3.0,10.6,normal
1697513776.133,45.277,1800.0,3.5,10.6,normal
1697513776.635,45.277,1800.0,4.5,10.6,normal
1697513777.138,46.251,1800.0,3.0,10.6,normal
1697513777.64,46.738,1800.0,3.5,10.6,normal
1697513778.143,44.303,1800.0,3.0,10.6,normal
1697513778.646,45.277,1800.0,4.0,10.6,normal
1697513779.151,45.764,700.0,4.9,10.6,normal
1697513779.656,45.764,700.0,5.9,10.6,normal
1697513780.159,46.251,1800.0,4.0,10.7,normal
1697513780.664,45.277,1800.0,25.4,10.4,normal
1697513781.167,45.764,1800.0,28.0,10.6,normal
1697513781.669,45.277,1800.0,3.0,10.6,normal
1697513782.172,45.764,1800.0,2.0,10.6,normal
1697513782.675,46.738,1800.0,3.0,10.6,normal
1697513783.177,45.764,1800.0,4.5,10.6,normal
1697513783.68,46.738,1800.0,1.5,10.6,normal
1697513784.182,46.251,1800.0,4.0,10.7,normal
1697513784.685,45.764,1800.0,3.0,10.7,normal
1697513785.19,45.277,900.0,4.0,10.7,normal
1697513785.695,45.277,600.0,5.4,10.7,normal
1697513786.201,44.79,1000.0,7.0,10.6,normal
1697513786.704,46.251,1800.0,28.7,10.5,normal
1697513787.207,47.225,1800.0,23.4,10.6,normal
1697513787.709,46.251,1800.0,3.0,10.6,normal
1697513788.212,45.277,1800.0,3.0,10.6,normal
1697513788.714,46.251,1800.0,3.0,10.6,normal
1697513789.217,45.277,1800.0,3.9,10.6,normal
1697513789.719,46.251,1800.0,4.5,10.6,normal
1697513790.222,45.277,1800.0,3.0,10.6,normal
1697513790.725,46.251,1800.0,4.0,10.6,normal
1697513791.227,45.277,1800.0,3.0,10.7,normal
1697513791.733,45.277,600.0,3.5,10.7,normal
1697513792.238,44.79,600.0,4.4,10.7,normal
1697513792.741,46.251,1800.0,24.8,10.3,normal
1697513793.244,46.251,1800.0,30.3,10.6,normal
1697513793.747,45.764,1800.0,3.5,10.6,normal
1697513794.249,46.738,1800.0,3.5,10.6,normal
1697513794.752,45.764,1800.0,5.4,10.6,normal
1697513795.254,45.764,1800.0,3.5,10.6,normal
1697513795.757,45.277,1800.0,3.5,10.6,normal
1697513796.259,45.764,1800.0,3.0,10.6,normal
1697513796.762,46.251,1800.0,5.4,10.6,normal
1697513797.264,45.277,1800.0,3.5,10.6,normal
1697513797.768,45.277,900.0,4.0,10.6,normal
1697513798.272,44.79,900.0,5.0,10.6,normal
1697513798.775,44.79,1800.0,18.8,10.1,normal
1697513799.278,46.251,1800.0,36.2,10.6,normal
1697513799.781,45.277,1800.0,4.5,10.6,normal
1697513800.283,45.764,1800.0,3.9,10.6,normal
1697513800.786,46.738,1800.0,4.0,10.6,normal
1697513801.288,45.764,1800.0,3.5,10.6,normal
1697513801.791,45.277,1800.0,4.0,10.6,normal
1697513802.294,46.251,1800.0,2.5,10.7,normal
1697513802.796,45.277,1800.0,4.9,10.7,normal
1697513803.299,46.251,1800.0,3.0,10.7,normal
1697513803.803,45.764,800.0,3.5,10.7,normal
1697513804.307,45.277,900.0,6.0,10.7,normal
1697513804.81,45.277,1800.0,21.9,10.4,normal
1697513805.313,45.764,1800.0,34.7,10.7,normal
1697513805.815,44.79,1800.0,1.0,10.7,normal
1697513806.318,45.764,1800.0,3.0,10.7,normal
1697513806.821,45.764,1800.0,2.5,10.7,normal
1697513807.323,45.277,1800.0,2.5,10.7,normal
1697513807.826,45.277,1800.0,1.5,10.7,normal
1697513808.328,45.764,1800.0,5.0,10.7,normal
1697513808.831,45.764,1800.0,2.5,10.7,normal
1697513809.333,45.764,1800.0,5.5,10.7,normal
1697513809.837,44.79,900.0,4.9,10.7,normal
1697513810.342,44.79,900.0,4.0,10.7,normal
1697513810.844,45.277,1800.0,14.2,10.0,normal
1697513811.348,46.251,1800.0,35.8,10.6,normal
1697513811.851,46.251,1800.0,10.5,10.7,normal
1697513812.353,46.738,1800.0,2.0,10.7,normal
1697513812.856,44.79,1800.0,4.0,10.7,normal
1697513813.358,45.764,1800.0,4.0,10.7,normal
1697513813.861,45.764,1800.0,3.0,10.7,normal
1697513814.363,45.277,1800.0,5.0,10.7,normal
1697513814.866,45.277,1800.0,3.0,10.7,normal
1697513815.368,45.764,1800.0,3.9,10.6,normal
1697513815.874,44.79,700.0,4.0,10.7,normal
1697513816.38,44.303,600.0,4.9,10.7,normal
1697513816.885,44.79,800.0,5.0,10.6,normal
1697513817.387,45.764,1800.0,27.9,10.4,normal
1697513817.89,46.251,1800.0,25.5,10.6,normal
1697513818.393,45.277,1800.0,2.5,10.6,normal
1697513818.895,46.251,1800.0,4.0,10.6,normal
1697513819.398,45.277,1800.0,5.0,10.7,normal
1697513819.9,45.764,1800.0,3.5,10.7,normal
1697513820.403,45.764,1800.0,3.5,10.7,normal
1697513820.905,45.764,1800.0,3.0,10.7,normal
1697513821.408,45.277,1800.0,3.5,10.7,normal
1697513821.911,45.764,1800.0,3.9,10.7,normal
1697513822.416,45.764,600.0,5.4,10.7,normal
1697513822.922,44.79,600.0,5.0,10.7,normal
1697513823.425,45.764,1800.0,21.4,10.3,normal
1697513823.927,46.251,1800.0,33.8,10.6,normal
1697513824.43,45.764,1800.0,5.4,10.6,normal
1697513824.932,45.277,1800.0,3.0,10.6,normal
1697513825.435,44.79,1800.0,3.0,10.6,normal
1697513825.938,46.251,1800.0,2.5,10.6,normal
1697513826.44,45.764,1800.0,3.0,10.7,normal
1697513826.943,45.764,1800.0,3.0,10.7,normal
1697513827.445,45.764,1800.0,2.5,10.7,normal
1697513827.948,45.764,1800.0,2.5,10.7,normal
1697513828.454,45.764,600.0,4.9,10.7,normal
1697513828.959,45.277,700.0,3.5,10.7,normal
1697513829.463,47.712,1800.0,26.4,10.3,normal
1697513829.966,45.764,1800.0,28.8,10.6,normal
1697513830.468,45.764,1800.0,3.5,10.6,normal
1697513830.971,45.764,1800.0,4.0,10.6,normal
1697513831.474,45.764,1800.0,4.0,10.6,normal
1697513831.976,45.764,1800.0,3.0,10.7,normal
1697513832.479,45.277,1800.0,3.5,10.7,normal
1697513832.981,45.764,1800.0,4.5,10.7,normal
1697513833.484,46.251,1800.0,3.5,10.7,normal
1697513833.986,46.251,1800.0,3.0,10.7,normal
1697513834.491,44.79,700.0,3.5,10.7,normal
1697513834.996,44.79,800.0,5.9,10.7,normal
1697513835.499,45.277,1800.0,16.0,10.3,normal
1697513836.002,46.251,1800.0,38.0,10.6,normal
1697513836.504,45.277,1800.0,4.0,10.6,normal
1697513837.007,44.79,1800.0,4.5,10.7,normal
1697513837.509,45.277,1800.0,3.5,10.7,normal
1697513838.012,44.79,1800.0,3.5,10.7,normal
1697513838.514,46.251,1800.0,4.0,10.7,normal
1697513839.017,45.277,1800.0,2.5,10.7,normal
1697513839.52,45.277,1800.0,5.4,10.7,normal
1697513840.022,46.251,1800.0,3.5,10.7,normal
1697513840.528,45.764,600.0,3.5,10.7,normal
1697513841.032,45.277,800.0,4.0,10.7,normal
1697513841.537,44.79,1100.0,11.0,9.7,normal
1697513842.04,45.764,1800.0,28.4,10.6,normal
1697513842.543,46.251,1800.0,19.1,10.7,normal
1697513843.046,45.764,1800.0,4.9,10.7,normal
1697513843.548,45.764,1800.0,4.0,10.7,normal
1697513844.051,44.303,1800.0,3.5,10.7,normal
1697513844.553,45.277,1800.0,3.5,10.7,normal
1697513845.056,44.79,1800.0,2.5,10.7,normal
1697513845.559,45.764,1800.0,4.5,10.7,normal
1697513846.061,45.764,1800.0,4.4,10.7,normal
1697513846.564,46.251,1800.0,2.5,10.7,normal
1697513847.069,46.251,800.0,4.9,10.7,normal
1697513847.573,45.764,800.0,3.5,10.7,normal
1697513848.075,46.251,1800.0,29.0,10.5,normal
1697513848.578,44.79,1800.0,28.2,10.7,normal
1697513849.081,45.277,1800.0,3.5,10.7,normal
1697513849.583,45.764,1800.0,4.5,10.7,normal
1697513850.086,45.764,1800.0,5.0,10.7,normal
1697513850.588,45.277,1800.0,3.0,10.7,normal
1697513851.091,44.79,1800.0,3.0,10.7,normal
1697513851.593,45.764,1800.0,2.5,10.7,normal
1697513852.096,45.764,1800.0,4.0,10.7,normal
1697513852.598,45.277,1800.0,3.9,10.7,normal
1697513853.103,44.79,800.0,4.0,10.7,normal
1697513853.607,45.277,800.0,4.0,10.7,normal
1697513854.11,45.277,1800.0,21.9,10.3,normal
1697513854.613,46.738,1800.0,34.7,10.7,normal
1697513855.115,45.764,1800.0,2.5,10.7,normal
1697513855.618,46.251,1800.0,3.0,10.7,normal
1697513856.12,45.277,1800.0,3.5,10.7,normal
1697513856.623,45.764,1800.0,4.0,10.7,normal
1697513857.126,45.277,1800.0,2.5,10.7,normal
1697513857.628,45.277,1800.0,3.9,10.7,normal
1697513858.131,44.79,1800.0,3.5,10.7,normal
1697513858.633,45.277,1800.0,3.5,10.7,normal
1697513859.138,45.277,700.0,3.5,10.7,normal
1697513859.643,44.303,800.0,6.4,10.7,normal
1697513860.146,46.251,1800.0,13.4,10.1,normal
1697513860.652,47.712,1800.0,37.5,10.6,normal
1697513861.155,45.764,1800.0,7.5,10.6,normal
1697513861.658,46.251,1800.0,3.0,10.6,normal
1697513862.16,44.79,1800.0,2.5,10.6,normal
1697513862.663,46.251,1800.0,5.4,10.6,normal
1697513863.165,45.277,1800.0,3.5,10.6,normal
1697513863.668,45.764,1800.0,3.0,10.6,normal
1697513864.17,45.277,1800.0,5.4,10.6,normal
1697513864.673,46.251,1800.0,3.0,10.6,normal
1697513865.179,45.764,600.0,3.0,10.6,normal
1697513865.686,46.251,600.0,2.5,10.6,normal
1697513866.193,45.277,600.0,6.4,10.6,normal
1697513866.695,45.764,1800.0,28.0,10.5,normal
1697513867.198,46.251,1800.0,23.5,10.7,normal
1697513867.7,45.277,1800.0,2.5,10.7,normal
1697513868.203,46.251,1800.0,3.0,10.7,normal
1697513868.705,46.738,1800.0,5.5,10.7,normal
1697513869.208,44.79,1800.0,1.0,10.7,normal
1697513869.71,44.79,1800.0,2.5,10.7,normal
1697513870.213,45.764,1800.0,2.0,10.7,normal
1697513870.715,45.277,1800.0,1.5,10.7,normal
1697513871.218,45.277,1800.0,6.5,10.8,normal
1697513871.723,45.277,600.0,5.0,10.8,normal
1697513872.228,44.79,900.0,3.5,10.8,normal
1697513872.731,46.251,1800.0,22.3,10.4,normal
1697513873.234,45.277,1800.0,31.2,10.7,normal
1697513873.736,46.251,1800.0,3.5,10.7,normal
1697513874.239,45.277,1800.0,3.0,10.7,normal
1697513874.741,45.277,1800.0,3.5,10.7,normal
1697513875.244,44.79,1800.0,2.5,10.7,normal
1697513875.747,45.277,1800.0,5.0,10.7,normal
1697513876.249,45.277,1800.0,4.0,10.7,normal
1697513876.752,45.277,1800.0,3.0,10.7,normal
1697513877.254,45.764,1800.0,4.5,10.7,normal
1697513877.758,45.277,1000.0,5.0,10.7,normal
1697513878.264,46.738,775.0,4.0,10.7,normal
1697513878.767,45.764,1800.0,15.9,10.1,normal
1697513879.27,46.738,1800.0,37.0,10.6,normal
1697513879.773,45.764,1800.0,6.0,10.6,normal
1697513880.275,45.277,1800.0,2.0,10.6,normal
1697513880.778,45.764,1800.0,3.5,10.6,normal
1697513881.28,45.277,1800.0,4.0,10.6,normal
1697513881.783,45.277,1800.0,4.5,10.6,normal
1697513882.285,46.251,1800.0,2.5,10.6,normal
1697513882.788,45.277,1800.0,3.5,10.6,normal
1697513883.291,45.277,1800.0,3.5,10.7,normal
1697513883.795,45.277,900.0,4.0,10.7,normal
1697513884.299,45.764,900.0,5.4,10.7,normal
1697513884.802,45.277,1800.0,11.3,9.6,normal
1697513885.305,45.764,1800.0,28.6,10.6,normal
1697513885.808,46.251,1800.0,21.4,10.7,normal
1697513886.31,46.738,1800.0,3.5,10.7,normal
1697513886.813,45.764,1800.0,3.5,10.7,normal
1697513887.315,45.277,1800.0,3.5,10.7,normal
1697513887.818,44.79,1800.0,4.5,10.7,normal
1697513888.32,44.79,1800.0,3.0,10.7,normal
1697513888.823,45.277,1800.0,3.9,10.7,normal
1697513889.326,44.303,1800.0,4.5,10.7,normal
1697513889.83,45.764,700.0,4.4,10.7,normal
1697513890.335,44.303,900.0,4.5,10.7,normal
1697513890.839,44.79,900.0,4.4,10.7,normal
1697513891.343,46.251,1800.0,26.6,10.5,normal
1697513891.846,45.277,1800.0,27.4,10.7,normal
1697513892.349,45.277,1800.0,3.5,10.7,normal
1697513892.851,45.764,1800.0,3.5,10.7,normal
1697513893.354,46.251,1800.0,3.5,10.7,normal
1697513893.856,45.764,1800.0,4.0,10.7,normal
1697513894.359,46.251,1800.0,4.5,10.7,normal
1697513894.861,45.277,1800.0,4.0,10.7,normal
1697513895.364,45.277,1800.0,3.0,10.7,normal
1697513895.866,45.277,1800.0,4.0,10.7,normal
1697513896.376,44.79,800.0,5.4,10.7,normal
1697513896.88,45.277,800.0,9.0,9.7,normal
1697513897.383,45.764,1800.0,28.4,10.6,normal
1697513897.886,45.277,1800.0,21.1,10.7,normal
1697513898.388,45.764,1800.0,4.0,10.7,normal
1697513898.891,45.277,1800.0,2.5,10.7,normal
1697513899.394,44.79,1800.0,4.0,10.7,normal
1697513899.896,45.277,1800.0,5.0,10.7,normal
1697513900.399,45.277,1800.0,3.5,10.7,normal
1697513900.901,45.764,1800.0,2.5,10.7,normal
1697513901.404,45.277,1800.0,3.5,10.7,normal
1697513901.906,45.277,1800.0,4.0,10.7,normal
1697513902.411,44.79,700.0,4.5,10.7,normal
1697513902.914,45.764,1800.0,14.4,10.2,normal
1697513903.418,46.251,1800.0,36.9,10.7,normal
1697513903.921,45.764,1800.0,9.0,10.8,normal
1697513904.423,45.764,1800.0,5.0,10.8,normal
1697513904.926,45.764,1800.0,3.5,10.8,normal
1697513905.428,44.79,1800.0,3.5,10.7,normal
1697513905.931,45.277,1800.0,4.5,10.7,normal
1697513906.434,44.79,1800.0,3.5,10.7,normal
1697513906.936,45.277,1800.0,3.5,10.7,normal
1697513907.439,45.764,1800.0,3.5,10.7,normal
1697513907.944,45.277,700.0,3.0,10.7,normal
1697513908.454,43.816,600.0,5.9,10.7,normal
1697513908.957,47.225,1800.0,18.9,10.3,normal
1697513909.459,46.251,1800.0,36.4,10.7,normal
1697513909.962,46.251,1800.0,4.0,10.7,normal
1697513910.464,45.764,1800.0,3.0,10.7,normal
1697513910.967,44.79,1800.0,2.5,10.7,normal
1697513911.469,45.277,1800.0,3.0,10.7,normal
1697513911.972,45.277,1800.0,4.0,10.7,normal
1697513912.475,45.277,1800.0,2.5,10.7,normal
1697513912.977,45.764,1800.0,3.0,10.7,normal
1697513913.483,45.764,1800.0,3.4,10.7,normal
1697513913.988,45.277,600.0,3.9,10.7,normal
1697513914.493,44.79,800.0,5.4,10.7,normal
1697513914.995,44.79,1800.0,10.6,9.9,normal
1697513915.499,44.79,1800.0,29.9,10.6,normal
1697513916.001,45.764,1800.0,18.4,10.7,normal
1697513916.504,45.277,1800.0,3.5,10.7,normal
1697513917.006,45.764,1800.0,2.5,10.7,normal
1697513917.509,46.251,1800.0,4.0,10.7,normal
1697513918.012,45.277,1800.0,3.5,10.7,normal
1697513918.519,45.277,1800.0,3.4,10.7,normal
1697513919.021,45.277,1800.0,3.0,10.7,normal
1697513919.524,44.79,1800.0,5.4,10.7,normal
1697513920.029,44.79,700.0,3.5,10.7,normal
1697513920.535,45.277,600.0,6.4,10.7,normal
1697513921.04,45.764,600.0,5.0,10.7,normal
1697513921.543,47.225,1800.0,27.9,10.6,normal
1697513922.046,46.251,1800.0,26.4,10.7,normal
1697513922.548,45.277,1800.0,3.5,10.7,normal
1697513923.051,45.764,1800.0,3.0,10.7,normal
1697513923.554,44.79,1800.0,4.0,10.7,normal
1697513924.056,45.277,1800.0,2.5,10.7,normal
1697513924.559,45.764,1800.0,5.0,10.7,normal
1697513925.061,45.277,1800.0,3.0,10.7,normal
1697513925.563,46.251,1800.0,3.0,10.7,normal
1697513926.066,44.303,1800.0,2.0,10.7,normal
1697513926.571,45.277,600.0,3.0,10.7,normal
1697513927.076,44.303,800.0,6.4,10.7,normal
1697513927.579,45.277,1800.0,21.0,10.3,normal
1697513928.082,44.79,1800.0,32.7,10.7,normal
1697513928.584,45.764,1800.0,3.5,10.7,normal
1697513929.087,46.251,1800.0,3.5,10.7,normal
1697513929.589,45.277,1800.0,2.0,10.7,normal
1697513930.092,45.764,1800.0,1.5,10.7,normal
1697513930.594,45.764,1800.0,1.5,10.7,normal
1697513931.097,45.764,1800.0,5.5,10.7,normal
1697513931.599,45.764,1800.0,4.5,10.7,normal
1697513932.102,46.251,1800.0,3.5,10.7,normal
1697513932.606,45.277,800.0,3.5,10.7,normal
1697513933.111,44.303,800.0,5.0,10.7,normal
1697513933.614,45.277,1800.0,15.3,10.0,normal
1697513934.118,45.764,1800.0,36.6,10.6,normal
1697513934.62,45.277,1800.0,9.5,10.6,normal
1697513935.123,45.764,1800.0,3.5,10.7,normal
1697513935.625,45.277,1800.0,3.5,10.7,normal
1697513936.128,44.79,1800.0,4.0,10.7,normal
1697513936.631,46.251,1800.0,3.5,10.7,normal
1697513937.133,46.251,1800.0,3.0,10.7,normal
1697513937.636,45.764,1800.0,4.5,10.7,normal
1697513938.138,45.764,1800.0,3.5,10.7,normal
1697513938.643,44.303,700.0,3.5,10.7,normal
1697513939.149,45.277,700.0,4.0,10.7,normal
1697513939.652,46.251,1800.0,20.8,10.2,normal
1697513940.155,45.277,1800.0,37.3,10.6,normal
1697513940.658,45.764,1800.0,4.5,10.6,normal
1697513941.161,45.764,1800.0,4.0,10.6,normal
1697513941.663,45.764,1800.0,4.0,10.6,normal
1697513942.166,44.79,1800.0,2.0,10.7,normal
1697513942.668,45.277,1800.0,2.5,10.7,normal
1697513943.172,45.764,1800.0,4.0,10.7,normal
1697513943.675,46.251,1800.0,5.5,10.6,normal
1697513944.178,46.738,1800.0,3.0,10.6,normal
1697513944.684,45.277,700.0,4.0,10.7,normal
1697513945.189,46.251,700.0,6.4,10.6,normal
1697513945.693,46.738,1800.0,22.4,10.3,normal
1697513946.195,46.738,1800.0,33.0,10.6,normal
1697513946.698,45.277,1800.0,4.5,10.6,normal
1697513947.201,45.764,1800.0,3.0,10.6,normal
1697513947.703,45.764,1800.0,4.5,10.6,normal
1697513948.206,45.764,1800.0,3.5,10.6,normal
1697513948.708,44.79,1800.0,3.5,10.6,normal
1697513949.211,46.251,1800.0,3.0,10.6,normal
1697513949.713,46.251,1800.0,6.5,10.6,normal
1697513950.216,46.251,1800.0,3.0,10.6,normal
1697513950.72,45.277,800.0,4.0,10.7,normal
1697513951.225,46.251,800.0,3.5,10.7,normal
1697513951.727,45.277,1800.0,15.5,10.1,normal
1697513952.23,45.764,1800.0,36.0,10.6,normal
1697513952.733,45.764,1800.0,5.5,10.6,normal
1697513953.236,44.303,1800.0,2.0,10.6,normal
1697513953.739,46.251,1800.0,3.9,10.6,normal
1697513954.241,45.277,1800.0,2.5,10.6,normal
1697513954.744,45.277,1800.0,5.4,10.6,normal
1697513955.246,45.764,1800.0,3.5,10.6,normal
1697513955.749,46.251,1800.0,3.5,10.6,normal
1697513956.251,45.277,1800.0,4.0,10.6,normal
1697513956.756,44.79,700.0,3.0,10.6,normal
1697513957.261,45.277,900.0,5.0,10.6,normal
1697513957.763,46.251,1800.0,18.4,10.3,normal
1697513958.266,46.738,1800.0,37.5,10.6,normal
1697513958.768,45.764,1800.0,3.0,10.6,normal
1697513959.271,46.251,1800.0,3.0,10.6,normal
1697513959.774,45.764,1800.0,4.0,10.6,normal
1697513960.276,46.251,1800.0,4.0,10.6,normal
1697513960.779,45.764,1800.0,3.5,10.7,normal
1697513961.281,45.277,1800.0,3.5,10.7,normal
1697513961.784,44.79,1800.0,3.5,10.7,normal
1697513962.286,45.764,1800.0,1.5,10.7,normal
1697513962.79,44.303,900.0,6.5,10.7,normal
1697513963.295,44.303,800.0,4.0,10.7,normal
1697513963.798,45.764,1800.0,9.0,9.6,normal
1697513964.3,46.251,1800.0,28.4,10.5,normal
1697513964.803,45.764,1800.0,21.9,10.6,normal
1697513965.306,45.277,1800.0,3.0,10.6,normal
1697513965.808,45.764,1800.0,3.0,10.6,normal
1697513966.311,45.764,1800.0,3.5,10.6,normal
1697513966.814,45.277,1800.0,4.0,10.6,normal
1697513967.317,44.79,1800.0,3.0,10.6,normal
1697513967.82,46.251,1800.0,3.5,10.6,normal
1697513968.322,45.764,1800.0,3.0,10.6,normal
1697513968.827,45.764,700.0,4.5,10.6,normal
1697513969.331,43.816,900.0,6.4,10.6,normal
1697513969.836,45.277,900.0,5.0,10.6,normal
1697513970.34,45.764,1800.0,24.5,10.3,normal
1697513970.842,45.277,1800.0,30.2,10.6,normal
1697513971.345,45.764,1800.0,4.0,10.6,normal
1697513971.847,44.79,1800.0,3.5,10.6,normal
1697513972.35,45.764,1800.0,4.0,10.6,normal
1697513972.852,45.764,1800.0,4.5,10.6,normal
1697513973.355,46.251,1800.0,3.0,10.6,normal
1697513973.858,45.277,1800.0,3.0,10.6,normal
1697513974.36,45.277,1800.0,4.0,10.6,normal
1697513974.863,46.738,1800.0,4.0,10.6,normal
1697513975.368,45.277,600.0,4.9,10.6,normal
1697513975.874,45.277,600.0,4.0,10.6,normal
1697513976.377,46.251,1800.0,18.9,10.1,normal
1697513976.879,46.251,1800.0,37.3,10.6,normal
1697513977.382,45.277,1800.0,3.0,10.6,normal
1697513977.884,46.251,1800.0,3.5,10.6,normal
1697513978.387,44.79,1800.0,3.5,10.6,normal
1697513978.889,45.764,1800.0,3.5,10.6,normal
1697513979.392,45.764,1800.0,3.0,10.6,normal
1697513979.895,45.277,1800.0,1.5,10.6,normal
1697513980.397,45.764,1800.0,2.0,10.6,normal
1697513980.9,44.303,1800.0,5.5,10.7,normal
1697513981.405,45.764,600.0,3.9,10.7,normal
1697513981.911,46.251,600.0,4.4,10.7,normal
1697513982.414,44.79,1800.0,22.0,10.3,normal
1697513982.917,45.764,1800.0,32.8,10.6,normal
1697513983.419,45.277,1800.0,3.0,10.6,normal
1697513983.922,45.277,1800.0,3.5,10.6,normal
1697513984.424,45.277,1800.0,4.0,10.7,normal
1697513984.927,46.251,1800.0,5.0,10.7,normal
1697513985.43,44.79,1800.0,3.0,10.7,normal
1697513985.932,46.251,1800.0,3.5,10.7,normal
1697513986.435,46.251,1800.0,2.5,10.7,normal
1697513986.937,45.764,1800.0,2.5,10.7,normal
1697513987.443,45.764,600.0,3.0,10.7,normal
1697513987.949,45.277,600.0,5.4,10.7,normal
1697513988.452,45.277,1800.0,25.0,10.4,normal
1697513988.955,45.764,1800.0,33.7,10.7,normal
1697513989.458,44.79,1800.0,4.5,10.7,normal
1697513989.96,45.277,1800.0,3.5,10.7,normal
1697513990.463,45.764,1800.0,3.0,10.7,normal
1697513990.965,45.277,1800.0,3.0,10.7,normal
1697513991.468,45.764,1800.0,4.0,10.7,normal
1697513991.97,44.79,1800.0,3.0,10.7,normal
1697513992.473,45.764,1800.0,3.5,10.7,normal
1697513992.975,45.277,1800.0,3.5,10.7,normal
1697513993.481,45.277,600.0,3.0,10.7,normal
1697513993.988,44.303,600.0,4.9,10.7,normal
1697513994.491,45.764,1800.0,18.5,10.2,normal
1697513994.993,46.738,1800.0,36.2,10.6,normal
1697513995.496,45.277,1800.0,3.5,10.6,normal
1697513995.999,44.79,1800.0,2.5,10.6,normal
1697513996.501,44.79,1800.0,3.0,10.6,normal
1697513997.003,45.277,1800.0,3.5,10.6,normal
1697513997.506,45.764,1800.0,3.0,10.6,normal
1697513998.008,44.79,1800.0,3.5,10.6,normal
1697513998.511,45.764,1800.0,3.0,10.6,normal
1697513999.014,45.764,1800.0,3.5,10.6,normal
1697513999.519,43.329,600.0,5.0,10.6,normal
1697514000.025,45.764,600.0,4.5,10.6,normal
1697514000.528,45.764,1800.0,9.5,9.7,normal
1697514001.032,46.738,1800.0,29.9,10.5,normal
1697514001.535,46.738,1800.0,20.8,10.6,normal
1697514002.037,45.764,1800.0,3.5,10.6,normal
1697514002.54,45.277,1800.0,4.0,10.6,normal
1697514003.042,45.764,1800.0,3.5,10.7,normal
1697514003.545,45.764,1800.0,3.5,10.7,normal
1697514004.047,45.764,1800.0,3.0,10.7,normal
1697514004.55,45.277,1800.0,5.0,10.7,normal
1697514005.052,46.251,1800.0,2.5,10.7,normal
1697514005.557,46.251,700.0,4.5,10.7,normal
1697514006.063,45.764,600.0,4.4,10.7,normal
1697514006.569,45.277,600.0,3.5,10.7,normal
1697514007.072,46.251,1800.0,27.9,10.4,normal
1697514007.575,45.277,1800.0,28.0,10.7,normal
1697514008.078,45.277,1800.0,3.0,10.7,normal
1697514008.58,45.764,1800.0,4.0,10.7,normal
1697514009.083,44.79,1800.0,3.5,10.7,normal
1697514009.585,45.277,1800.0,5.4,10.7,normal
1697514010.088,44.79,1800.0,4.5,10.7,normal
1697514010.59,45.764,1800.0,3.0,10.7,normal
1697514011.093,44.303,1800.0,3.5,10.7,normal
1697514011.596,45.277,1800.0,3.5,10.7,normal
1697514012.101,45.764,600.0,4.4,10.7,normal
1697514012.606,44.79,600.0,4.5,10.7,normal
1697514013.109,45.277,1800.0,20.0,10.4,normal
1697514013.612,47.225,1800.0,34.7,10.7,normal
1697514014.115,45.764,1800.0,4.0,10.7,normal
1697514014.617,45.764,1800.0,5.0,10.7,normal
1697514015.12,45.764,1800.0,2.5,10.7,normal
1697514015.622,45.764,1800.0,4.4,10.7,normal
1697514016.125,46.251,1800.0,3.0,10.7,normal
1697514016.627,44.303,1800.0,4.0,10.7,normal
1697514017.13,45.277,1800.0,2.5,10.7,normal
1697514017.632,45.277,1800.0,3.0,10.7,normal
1697514018.138,45.764,700.0,3.5,10.7,normal
1697514018.643,45.277,800.0,5.0,10.7,normal
1697514019.157,44.79,1800.0,15.1,10.1,normal
1697514019.66,46.251,1800.0,36.5,10.6,normal
1697514020.163,44.79,1800.0,8.5,10.6,normal
1697514020.666,46.251,1800.0,5.4,10.6,normal
1697514021.168,46.251,1800.0,3.0,10.6,normal
1697514021.671,44.79,1800.0,3.5,10.7,normal
1697514022.173,45.764,1800.0,2.0,10.7,normal
1697514022.676,46.251,1800.0,4.5,10.6,normal
1697514023.179,45.764,1800.0,4.5,10.6,normal
1697514023.681,46.251,1800.0,3.0,10.6,normal
1697514024.186,45.277,700.0,3.4,10.6,normal
1697514024.69,46.251,900.0,8.0,10.6,normal
1697514025.196,46.251,700.0,4.9,10.6,normal
1697514025.699,45.277,1800.0,28.9,10.4,normal
1697514026.202,45.764,1800.0,24.5,10.6,normal
1697514026.704,46.251,1800.0,4.9,10.6,normal
1697514027.207,46.251,1800.0,4.0,10.6,normal
1697514027.71,47.225,1800.0,3.0,10.6,normal
1697514028.212,46.251,1800.0,3.5,10.6,normal
1697514028.715,45.764,1800.0,4.4,10.6,normal
1697514029.217,45.764,1800.0,3.5,10.7,normal
1697514029.72,46.251,1800.0,4.5,10.7,normal
1697514030.222,46.251,1800.0,3.9,10.7,normal
1697514030.726,44.303,1000.0,5.0,10.7,normal
1697514031.231,44.79,800.0,4.0,10.7,normal
1697514031.734,45.277,1800.0,22.8,10.3,normal
1697514032.236,45.764,1800.0,31.3,10.6,normal
1697514032.739,45.764,1800.0,3.0,10.6,normal
1697514033.241,45.277,1800.0,3.5,10.6,normal
1697514033.744,45.277,1800.0,3.5,10.6,normal
1697514034.247,45.764,1800.0,3.0,10.6,normal
1697514034.749,45.277,1800.0,4.0,10.6,normal
1697514035.252,44.79,1800.0,3.5,10.7,normal
1697514035.754,45.764,1800.0,2.0,10.7,normal
1697514036.257,45.277,1800.0,3.0,10.7,normal
1697514036.761,45.277,850.0,4.0,10.7,normal
1697514037.265,44.303,800.0,4.4,10.7,normal
1697514037.768,44.79,1800.0,16.1,10.2,normal
1697514038.271,46.251,1800.0,37.4,10.6,normal
1697514038.774,44.79,1800.0,5.5,10.6,normal
1697514039.276,45.277,1800.0,3.0,10.7,normal
1697514039.779,45.764,1800.0,4.5,10.7,normal
1697514040.281,45.277,1800.0,3.0,10.7,normal
1697514040.784,46.738,1800.0,3.0,10.7,normal
1697514041.287,45.764,1800.0,4.0,10.7,normal
1697514041.789,44.79,1800.0,3.5,10.7,normal
1697514042.292,45.764,1800.0,3.9,10.7,normal
1697514042.795,44.79,1100.0,4.5,10.7,normal
1697514043.299,44.79,1000.0,5.0,10.7,normal
1697514043.805,44.303,1000.0,8.4,10.0,normal
1697514044.309,45.277,1800.0,28.4,10.6,normal
1697514044.811,46.251,1800.0,22.5,10.7,normal
1697514045.314,46.251,1800.0,4.9,10.7,normal
1697514045.816,46.251,1800.0,2.5,10.7,normal
1697514046.319,45.277,1800.0,3.0,10.7,normal
1697514046.821,45.277,1800.0,3.5,10.7,normal
1697514047.324,45.277,1800.0,2.5,10.7,normal
1697514047.826,45.764,1800.0,3.0,10.7,normal
1697514048.329,45.277,1800.0,4.0,10.7,normal
1697514048.831,46.251,1800.0,3.5,10.7,normal
1697514049.336,44.303,800.0,4.5,10.7,normal
1697514049.841,44.303,700.0,4.5,10.7,normal
1697514050.343,46.738,1800.0,25.6,10.4,normal
1697514050.846,45.764,1800.0,28.1,10.6,normal
1697514051.349,45.764,1800.0,3.0,10.6,normal
1697514051.851,45.764,1800.0,4.0,10.7,normal
1697514052.354,45.764,1800.0,4.0,10.6,normal
1697514052.857,45.277,1800.0,3.0,10.6,normal
1697514053.359,45.277,1800.0,3.0,10.7,normal
1697514053.862,46.251,1800.0,3.5,10.6,normal
1697514054.365,45.277,1800.0,4.5,10.6,normal
1697514054.867,44.79,1800.0,3.5,10.7,normal
1697514055.373,45.764,600.0,4.9,10.6,normal
1697514055.878,44.79,600.0,6.5,10.5,normal
1697514056.382,45.277,1800.0,29.9,10.5,normal
1697514056.884,44.79,1800.0,23.0,10.7,normal
1697514057.387,45.277,1800.0,3.5,10.7,normal
1697514057.889,46.738,1800.0,3.0,10.7,normal
1697514058.392,45.277,1800.0,4.0,10.7,normal
1697514058.894,44.79,1800.0,3.5,10.7,normal
1697514059.397,44.79,1800.0,5.0,10.7,normal
1697514059.9,45.277,1800.0,3.0,10.7,normal
1697514060.402,45.764,1800.0,3.0,10.7,normal
1697514060.907,45.764,975.0,4.9,10.7,normal
1697514061.413,45.764,600.0,6.9,10.7,normal
1697514061.919,44.79,600.0,4.5,10.7,normal
1697514062.422,45.764,1800.0,24.8,10.4,normal
1697514062.925,46.251,1800.0,31.7,10.7,normal
1697514063.427,45.764,1800.0,2.5,10.7,normal
1697514063.93,46.251,1800.0,3.5,10.7,normal
1697514064.432,44.303,1800.0,5.4,10.7,normal
1697514064.935,45.277,1800.0,4.0,10.7,normal
1697514065.438,44.79,1800.0,3.0,10.7,normal
1697514065.94,45.277,1800.0,4.0,10.7,normal
1697514066.443,44.79,1800.0,3.0,10.7,normal
1697514066.945,45.277,1800.0,4.5,10.7,normal
1697514067.451,45.764,600.0,3.5,10.7,normal
1697514067.956,44.79,600.0,4.0,10.7,normal
1697514068.459,44.79,1800.0,17.4,10.2,normal
1697514068.962,46.738,1800.0,37.5,10.6,normal
1697514069.464,45.764,1800.0,4.5,10.7,normal
1697514069.967,46.251,1800.0,4.0,10.7,normal
1697514070.47,45.277,1800.0,2.5,10.7,normal
1697514070.972,46.251,1800.0,4.5,10.7,normal
1697514071.475,45.764,1800.0,3.0,10.7,normal
1697514071.977,44.79,1800.0,3.5,10.7,normal
1697514072.48,45.277,1800.0,3.0,10.7,normal
1697514072.982,45.277,1800.0,4.5,10.7,normal
1697514073.488,46.251,600.0,3.5,10.7,normal
1697514073.993,45.764,600.0,4.4,10.7,normal
1697514074.497,44.79,1800.0,24.0,10.3,normal
1697514074.999,45.764,1800.0,32.7,10.7,normal
1697514075.502,45.277,1800.0,3.5,10.7,normal
1697514076.004,45.764,1800.0,3.0,10.7,normal
1697514076.507,46.251,1800.0,3.0,10.7,normal
1697514077.01,44.79,1800.0,3.0,10.7,normal
1697514077.512,45.277,1800.0,2.0,10.7,normal
1697514078.015,44.79,1800.0,3.0,10.7,normal
1697514078.517,44.79,1800.0,2.5,10.7,normal
1697514079.02,46.251,1800.0,2.5,10.7,normal
1697514079.525,45.277,600.0,5.9,10.7,normal
1697514080.031,45.277,600.0,4.5,10.7,normal
1697514080.535,46.738,1800.0,27.5,10.5,normal
1697514081.038,45.764,1800.0,29.0,10.6,normal
1697514081.54,46.251,1800.0,3.0,10.6,normal
1697514082.043,46.251,1800.0,3.5,10.6,normal
1697514082.545,45.277,1800.0,3.5,10.6,normal
1697514083.048,45.277,1800.0,3.5,10.6,normal
1697514083.551,45.764,1800.0,3.5,10.6,normal
1697514084.053,45.764,1800.0,2.5,10.6,normal
1697514084.556,44.79,1800.0,4.5,10.6,normal
1697514085.058,45.764,1800.0,4.5,10.6,normal
1697514085.564,44.79,600.0,3.5,10.7,normal
1697514086.07,43.816,600.0,4.5,10.7,normal
1697514086.573,45.277,1800.0,19.9,10.3,normal
1697514087.075,46.738,1800.0,35.2,10.6,normal
1697514087.578,45.277,1800.0,3.5,10.6,normal
1697514088.08,45.277,1800.0,3.0,10.6,normal
1697514088.583,45.277,1800.0,3.5,10.6,normal
1697514089.086,45.764,1800.0,4.5,10.6,normal
1697514089.588,45.764,1800.0,4.0,10.6,normal
1697514090.091,45.277,1800.0,4.5,10.6,normal
1697514090.593,46.251,1800.0,3.5,10.6,normal
1697514091.096,45.764,1800.0,5.0,10.6,normal
1697514091.601,45.277,600.0,3.5,10.6,normal
1697514092.107,45.764,600.0,4.4,10.6,normal
1697514092.61,44.79,1800.0,12.0,10.1,normal
1697514093.114,46.738,1800.0,35.6,10.6,normal
1697514093.617,44.79,1800.0,10.1,10.6,normal
1697514094.119,45.764,1800.0,3.5,10.6,normal
1697514094.622,45.764,1800.0,4.5,10.6,normal
1697514095.124,45.764,1800.0,2.0,10.6,normal
1697514095.627,45.277,1800.0,3.5,10.6,normal
1697514096.129,45.277,1800.0,3.5,10.6,normal
1697514096.632,45.277,1800.0,4.0,10.6,normal
1697514097.134,45.764,1800.0,4.5,10.6,normal
1697514097.639,45.277,700.0,3.5,10.7,normal
1697514098.146,44.79,600.0,4.5,10.6,normal
1697514098.649,45.277,1800.0,18.8,10.1,normal
1697514099.151,46.251,1800.0,37.8,10.6,normal
1697514099.654,46.738,1800.0,5.9,10.6,normal
1697514100.157,45.764,1800.0,3.0,10.6,normal
1697514100.659,45.277,1800.0,3.0,10.6,normal
1697514101.162,45.764,1800.0,3.5,10.6,normal
1697514101.664,45.277,1800.0,5.0,10.7,normal
1697514102.167,45.277,1800.0,3.5,10.7,normal
1697514102.669,46.251,1800.0,3.5,10.7,normal
1697514103.172,45.764,1800.0,3.0,10.7,normal
1697514103.676,46.251,800.0,5.4,10.7,normal
1697514104.181,45.764,800.0,5.0,10.7,normal
1697514104.684,45.277,1100.0,11.4,9.7,normal
1697514105.189,45.764,1800.0,27.7,10.5,normal
1697514105.691,45.277,1800.0,20.6,10.7,normal
1697514106.194,46.251,1800.0,3.0,10.7,normal
1697514106.696,45.277,1800.0,3.0,10.7,normal
1697514107.199,45.277,1800.0,1.0,10.7,normal
1697514107.702,45.277,1800.0,3.5,10.7,normal
1697514108.204,45.277,1800.0,2.5,10.7,normal
1697514108.707,44.303,1800.0,6.4,10.7,normal
1697514109.209,44.79,1800.0,4.0,10.7,normal
1697514109.712,45.277,1800.0,5.4,10.7,normal
1697514110.216,43.816,900.0,4.5,10.7,normal
1697514110.721,46.251,800.0,10.0,9.6,normal
1697514111.224,46.251,1800.0,28.0,10.5,normal
1697514111.727,45.277,1800.0,21.1,10.6,normal
1697514112.229,45.764,1800.0,3.0,10.7,normal
1697514112.732,46.251,1800.0,3.5,10.7,normal
1697514113.235,45.277,1800.0,4.4,10.7,normal
1697514113.737,45.764,1800.0,3.5,10.7,normal
1697514114.239,45.277,1800.0,3.5,10.7,normal
1697514114.742,45.764,1800.0,4.5,10.7,normal
1697514115.244,46.251,1800.0,3.5,10.7,normal
1697514115.749,45.277,700.0,3.5,10.7,normal
1697514116.254,44.79,800.0,5.9,10.7,normal
1697514116.757,44.79,1800.0,13.6,10.0,normal
1697514117.261,46.738,1800.0,35.6,10.6,normal
1697514117.763,44.303,1800.0,9.0,10.7,normal
1697514118.266,46.251,1800.0,2.5,10.7,normal
1697514118.769,46.251,1800.0,2.0,10.7,normal
1697514119.271,46.251,1800.0,2.5,10.7,normal
1697514119.774,45.764,1800.0,4.5,10.7,normal
1697514120.276,45.277,1800.0,3.0,10.7,normal
1697514120.779,45.764,1800.0,3.5,10.7,normal
1697514121.281,44.79,1800.0,4.0,10.7,normal
1697514121.786,46.251,700.0,4.0,10.7,normal
1697514122.29,45.277,1000.0,5.0,10.7,normal
1697514122.793,47.225,1800.0,17.5,10.2,normal
1697514123.295,46.738,1800.0,37.3,10.6,normal
1697514123.798,46.251,1800.0,4.0,10.7,normal
1697514124.3,45.277,1800.0,3.5,10.7,normal
1697514124.803,45.764,1800.0,5.0,10.7,normal
1697514125.306,46.251,1800.0,3.0,10.7,normal
1697514125.808,45.764,1800.0,3.0,10.7,normal
1697514126.311,45.277,1800.0,3.5,10.7,normal
1697514126.813,45.277,1800.0,4.5,10.7,normal
1697514127.316,44.79,1800.0,3.0,10.7,normal
1697514127.82,46.251,800.0,4.4,10.7,normal
1697514128.325,44.79,800.0,4.5,10.7,normal
1697514128.828,45.764,1800.0,21.6,10.2,normal
1697514129.331,45.764,1800.0,33.3,10.6,normal
1697514129.833,44.79,1800.0,1.5,10.6,normal
1697514130.336,44.79,1800.0,1.5,10.6,normal
1697514130.838,45.764,1800.0,6.4,10.7,normal
1697514131.341,44.79,1800.0,2.5,10.7,normal
1697514131.843,45.277,1800.0,3.0,10.7,normal
1697514132.346,45.277,1800.0,4.0,10.7,normal
1697514132.848,46.738,1800.0,3.0,10.7,normal
1697514133.351,45.764,1800.0,5.0,10.7,normal
1697514133.855,45.764,800.0,5.0,10.7,normal
1697514134.36,45.277,700.0,5.4,10.7,normal
1697514134.863,45.277,1800.0,25.9,10.4,normal
1697514135.366,46.738,1800.0,31.0,10.7,normal
1697514135.869,46.251,1800.0,2.5,10.7,normal
1697514136.371,45.764,1800.0,3.0,10.7,normal
1697514136.874,45.764,1800.0,3.5,10.6,normal
1697514137.377,46.251,1800.0,3.0,10.7,normal
1697514137.879,45.277,1800.0,3.5,10.7,normal
1697514138.382,45.764,1800.0,2.5,10.7,normal
1697514138.884,45.764,1800.0,3.5,10.7,normal
1697514139.387,45.764,1800.0,5.4,10.7,normal
1697514139.892,44.79,800.0,3.5,10.7,normal
1697514140.398,45.764,600.0,4.5,10.7,normal
1697514140.901,46.251,1800.0,19.3,10.3,normal
1697514141.403,46.251,1800.0,35.7,10.7,normal
1697514141.906,45.764,1800.0,4.0,10.7,normal
1697514142.408,45.277,1800.0,3.0,10.7,normal
1697514142.911,46.251,1800.0,3.5,10.7,normal
1697514143.413,45.277,1800.0,4.0,10.7,normal
1697514143.916,45.277,1800.0,3.5,10.7,normal
1697514144.419,45.277,1800.0,3.5,10.7,normal
1697514144.921,45.277,1800.0,2.0,10.7,normal
1697514145.424,46.251,1800.0,1.0,10.7,normal
1697514145.929,45.277,600.0,6.4,10.7,normal
1697514146.435,44.303,600.0,4.5,10.7,normal
1697514146.938,44.79,1800.0,12.9,9.9,normal
1697514147.442,45.277,1800.0,31.8,10.6,normal
1697514147.945,45.277,1800.0,15.8,10.6,normal
1697514148.447,44.79,1800.0,3.0,10.6,normal
1697514148.95,45.277,1800.0,2.5,10.6,normal
1697514149.453,45.277,1800.0,4.0,10.7,normal
1697514149.955,45.764,1800.0,3.0,10.7,normal
1697514150.458,45.277,1800.0,2.5,10.7,normal
1697514150.96,45.277,1800.0,3.0,10.7,normal
1697514151.463,44.79,1800.0,3.5,10.7,normal
1697514151.968,45.764,700.0,4.4,10.7,normal
1697514152.473,45.764,600.0,5.0,10.7,normal
1697514152.976,46.251,1800.0,16.9,10.3,normal
1697514153.479,46.738,1800.0,37.3,10.7,normal
1697514153.981,45.277,1800.0,3.0,10.7,normal
1697514154.484,45.764,1800.0,5.9,10.7,normal
1697514154.987,45.277,1800.0,3.5,10.7,normal
1697514155.489,46.251,1800.0,3.5,10.7,normal
1697514155.992,45.277,1800.0,3.5,10.7,normal
1697514156.494,44.79,1800.0,4.0,10.7,normal
1697514156.997,45.764,1800.0,3.0,10.7,normal
1697514157.499,45.277,1800.0,3.5,10.7,normal
1697514158.005,45.764,600.0,3.0,10.8,normal
1697514158.51,44.79,600.0,4.0,10.7,normal
1697514159.013,44.79,1800.0,12.4,10.0,normal
1697514159.517,46.738,1800.0,33.0,10.6,normal
1697514160.019,44.79,1800.0,14.4,10.7,normal
1697514160.522,46.738,1800.0,2.5,10.7,normal
1697514161.024,45.764,1800.0,4.0,10.7,normal
1697514161.527,45.764,1800.0,3.0,10.7,normal
1697514162.03,46.251,1800.0,3.5,10.7,normal
1697514162.532,44.79,1800.0,3.0,10.7,normal
1697514163.035,45.277,1800.0,4.0,10.7,normal
1697514163.537,45.764,1800.0,3.0,10.7,normal
1697514164.042,45.764,700.0,3.0,10.7,normal
1697514164.547,45.277,700.0,5.9,10.7,normal
1697514165.053,44.79,700.0,6.9,10.6,normal
1697514165.556,45.764,1800.0,28.5,10.5,normal
1697514166.059,46.251,1800.0,25.5,10.6,normal
1697514166.561,45.277,1800.0,3.5,10.6,normal
1697514167.064,45.277,1800.0,1.5,10.6,normal
1697514167.566,45.764,1800.0,3.4,10.6,normal
1697514168.069,46.738,1800.0,1.0,10.6,normal
1697514168.571,45.277,1800.0,2.5,10.7,normal
1697514169.074,45.277,1800.0,4.9,10.7,normal
1697514169.577,45.277,1800.0,5.0,10.7,normal
1697514170.08,45.277,1800.0,3.0,10.7,normal
1697514170.586,44.79,600.0,4.4,10.7,normal
1697514171.091,44.79,600.0,5.4,10.7,normal
1697514171.594,45.764,1800.0,22.8,10.3,normal
1697514172.097,46.251,1800.0,33.7,10.6,normal
1697514172.6,45.764,1800.0,2.5,10.6,normal
1697514173.102,44.79,1800.0,3.9,10.6,normal
1697514173.605,45.764,1800.0,4.0,10.6,normal
1697514174.107,46.251,1800.0,3.0,10.6,normal
1697514174.61,45.277,1800.0,4.5,10.6,normal
1697514175.112,45.764,1800.0,3.0,10.6,normal
1697514175.615,45.277,1800.0,4.0,10.6,normal
1697514176.117,45.764,1800.0,3.9,10.7,normal
1697514176.623,44.79,600.0,3.0,10.6,normal
1697514177.128,44.79,800.0,5.0,10.6,normal
1697514177.631,45.277,1800.0,15.0,10.1,normal
1697514178.134,46.251,1800.0,37.4,10.6,normal
1697514178.637,45.764,1800.0,7.0,10.6,normal
1697514179.139,45.277,1800.0,3.5,10.6,normal
1697514179.642,45.764,1800.0,5.4,10.6,normal
1697514180.144,45.764,1800.0,4.5,10.6,normal
1697514180.647,45.277,1800.0,4.4,10.6,normal
1697514181.15,46.251,1800.0,3.5,10.6,normal
1697514181.653,46.251,1800.0,4.5,10.6,normal
1697514182.155,45.764,1800.0,4.5,10.7,normal
1697514182.66,44.79,800.0,5.0,10.7,normal
1697514183.167,45.764,600.0,5.4,10.7,normal
1697514183.67,45.277,1800.0,19.9,10.3,normal
1697514184.173,47.225,1800.0,35.9,10.7,normal
1697514184.675,45.764,1800.0,4.5,10.7,normal
1697514185.178,45.764,1800.0,4.4,10.7,normal
1697514185.681,45.764,1800.0,3.5,10.7,normal
1697514186.183,45.764,1800.0,4.4,10.7,normal
1697514186.686,44.79,1800.0,3.5,10.7,normal
1697514187.188,45.277,1800.0,3.5,10.7,normal
1697514187.691,45.764,1800.0,3.9,10.7,normal
1697514188.194,45.764,1800.0,3.0,10.7,normal
1697514188.698,44.79,800.0,4.5,10.7,normal
1697514189.203,43.816,700.0,3.0,10.7,normal
1697514189.706,45.277,1800.0,15.4,9.7,normal
1697514190.21,46.251,1800.0,30.2,10.5,normal
1697514190.713,46.738,1800.0,17.2,10.6,normal
1697514191.216,45.764,1800.0,3.0,10.6,normal
1697514191.718,45.277,1800.0,4.0,10.6,normal
1697514192.221,45.764,1800.0,4.0,10.6,normal
1697514192.723,44.79,1800.0,3.9,10.6,normal
1697514193.226,45.277,1800.0,3.5,10.6,normal
1697514193.728,45.764,1800.0,4.0,10.7,normal
1697514194.231,45.764,1800.0,4.0,10.7,normal
1697514194.735,45.764,800.0,5.4,10.7,normal
1697514195.24,45.277,800.0,4.0,10.7,normal
1697514195.744,45.277,1200.0,16.4,10.0,normal
1697514196.247,47.712,1800.0,37.4,10.6,normal
1697514196.75,45.764,1800.0,8.0,10.6,normal
1697514197.252,46.251,1800.0,3.0,10.6,normal
1697514197.755,45.764,1800.0,4.0,10.6,normal
1697514198.257,44.79,1800.0,3.0,10.6,normal
1697514198.76,44.79,1800.0,3.9,10.6,normal
1697514199.263,45.277,1800.0,3.0,10.6,normal
1697514199.765,45.277,1800.0,4.9,10.6,normal
1697514200.268,45.764,1800.0,2.5,10.7,normal
1697514200.773,46.251,700.0,3.0,10.6,normal
1697514201.276,45.277,1000.0,3.0,10.6,normal
1697514201.779,46.251,1800.0,18.0,10.2,normal
1697514202.282,46.251,1800.0,35.5,10.6,normal
1697514202.785,45.277,1800.0,3.0,10.6,normal
1697514203.287,45.277,1800.0,3.0,10.6,normal
1697514203.79,46.251,1800.0,3.0,10.6,normal
1697514204.293,44.79,1800.0,3.5,10.6,normal
1697514204.795,45.277,1800.0,4.5,10.7,normal
1697514205.298,45.764,1800.0,3.5,10.7,normal
1697514205.8,46.251,1800.0,3.5,10.7,normal
1697514206.303,46.251,1800.0,3.5,10.7,normal
1697514206.805,44.79,1800.0,5.5,10.7,normal
1697514207.308,45.277,1800.0,3.5,10.7,normal
1697514207.811,44.79,1800.0,9.5,10.0,normal
1697514208.315,46.738,1800.0,34.5,10.6,normal
1697514208.818,46.251,1800.0,11.9,10.6,normal
1697514209.321,45.764,1800.0,4.0,10.6,normal
1697514209.823,46.251,1800.0,5.0,10.6,normal
1697514210.326,45.764,1800.0,3.9,10.6,normal
1697514210.829,45.277,1800.0,3.5,10.7,normal
1697514211.331,44.79,1800.0,3.0,10.7,normal
1697514211.836,46.251,700.0,3.5,10.7,normal
1697514212.341,45.277,700.0,4.5,10.7,normal
1697514212.847,44.79,600.0,4.5,10.7,normal
1697514213.352,43.816,800.0,5.0,10.7,normal
1697514213.855,45.764,1800.0,16.8,10.2,normal
1697514214.357,46.738,1800.0,39.2,10.6,normal
1697514214.86,45.764,1800.0,6.4,10.6,normal
1697514215.362,46.251,1800.0,3.0,10.6,normal
1697514215.865,45.277,1800.0,4.0,10.6,normal
1697514216.368,46.738,1800.0,3.5,10.6,normal
1697514216.87,46.738,1800.0,3.0,10.6,normal
1697514217.373,45.764,1800.0,3.0,10.6,normal
1697514217.875,45.277,1800.0,3.0,10.6,normal
1697514218.378,45.277,1800.0,5.0,10.7,normal
1697514218.883,45.277,600.0,3.5,10.7,normal
1697514219.388,45.764,800.0,5.9,10.7,normal
1697514219.891,46.251,1800.0,20.0,10.2,normal
1697514220.394,47.225,1800.0,35.2,10.7,normal
1697514220.896,45.764,1800.0,3.5,10.7,normal
1697514221.399,46.738,1800.0,3.0,10.7,normal
1697514221.901,45.277,1800.0,3.0,10.7,normal
1697514222.404,45.764,1800.0,2.5,10.7,normal
1697514222.906,45.277,1800.0,4.5,10.7,normal
1697514223.409,45.277,1800.0,3.0,10.7,normal
1697514223.911,44.79,1800.0,3.5,10.7,normal
1697514224.414,45.277,1800.0,4.0,10.7,normal
1697514224.919,44.303,700.0,4.0,10.7,normal
1697514225.423,46.251,900.0,6.9,10.7,normal
1697514225.926,46.251,1800.0,12.5,10.2,normal
1697514226.429,46.251,1800.0,35.8,10.7,normal
1697514226.931,45.764,1800.0,8.9,10.7,normal
1697514227.434,44.79,1800.0,1.5,10.7,normal
1697514227.936,45.277,1800.0,2.0,10.7,normal
1697514228.439,45.277,1800.0,3.9,10.7,normal
1697514228.942,45.277,1800.0,5.9,10.7,normal
1697514229.444,45.277,1800.0,5.0,10.7,normal
1697514229.947,46.251,1800.0,3.5,10.7,normal
1697514230.449,45.277,1800.0,3.0,10.7,normal
1697514230.955,46.251,600.0,3.5,10.7,normal
1697514231.461,45.277,600.0,5.0,10.7,normal
1697514231.966,44.79,800.0,6.5,10.6,normal
1697514232.469,45.764,1800.0,41.3,10.5,normal
1697514232.972,46.251,1800.0,25.1,10.7,normal
1697514233.475,45.764,1800.0,4.0,10.7,normal
1697514233.977,46.251,1800.0,3.0,10.7,normal
1697514234.48,45.764,1800.0,5.0,10.7,normal
1697514234.982,45.277,1800.0,3.5,10.7,normal
1697514235.485,46.251,1800.0,4.5,10.7,normal
1697514235.987,44.79,1800.0,3.0,10.7,normal
1697514236.49,46.251,1800.0,4.0,10.7,normal
1697514236.992,45.764,1800.0,3.5,10.7,normal
1697514237.498,45.277,600.0,5.0,10.7,normal
1697514238.001,44.303,1800.0,8.5,9.6,normal
1697514238.503,45.764,1800.0,28.2,10.5,normal
1697514239.006,46.251,1800.0,21.0,10.6,normal
1697514239.508,46.738,1800.0,4.0,10.6,normal
1697514240.011,46.251,1800.0,4.0,10.6,normal
1697514240.514,45.277,1800.0,3.5,10.6,normal
1697514241.016,45.277,1800.0,4.0,10.6,normal
1697514241.519,45.277,1800.0,2.5,10.7,normal
1697514242.021,44.79,1800.0,4.5,10.7,normal
1697514242.524,45.764,1800.0,3.0,10.7,normal
1697514243.029,45.764,700.0,4.0,10.7,normal
1697514243.534,45.764,600.0,3.5,10.7,normal
1697514244.04,44.79,600.0,4.5,10.7,normal
1697514244.544,46.251,1800.0,28.7,10.5,normal
1697514245.047,45.764,1800.0,26.3,10.7,normal
1697514245.55,45.277,1800.0,3.0,10.7,normal
1697514246.052,46.738,1800.0,3.0,10.7,normal
1697514246.555,44.303,1800.0,3.5,10.7,normal
1697514247.057,46.251,1800.0,2.5,10.7,normal
1697514247.56,45.277,1800.0,3.0,10.7,normal
1697514248.062,44.79,1800.0,4.5,10.7,normal
1697514248.565,45.277,1800.0,3.0,10.7,normal
1697514249.067,44.79,1800.0,3.0,10.7,normal
1697514249.573,45.277,600.0,5.4,10.7,normal
1697514250.079,45.764,600.0,5.4,10.7,normal
1697514250.582,45.764,1800.0,21.8,10.2,normal
1697514251.084,46.251,1800.0,34.2,10.6,normal
1697514251.587,45.277,1800.0,3.0,10.6,normal
1697514252.089,45.764,1800.0,3.5,10.6,normal
1697514252.592,45.764,1800.0,3.5,10.6,normal
1697514253.095,44.303,1800.0,3.5,10.6,normal
1697514253.597,46.251,1800.0,4.0,10.6,normal
1697514254.1,45.277,1800.0,3.0,10.6,normal
1697514254.602,44.79,1800.0,4.5,10.6,normal
1697514255.105,45.764,1800.0,4.0,10.6,normal
1697514255.61,45.277,600.0,3.0,10.6,normal
1697514256.116,45.764,600.0,5.4,10.6,normal
1697514256.619,45.277,1800.0,15.7,10.0,normal
1697514257.123,45.764,1800.0,36.0,10.5,normal
1697514257.626,45.277,1800.0,10.0,10.6,normal
1697514258.128,45.764,1800.0,3.0,10.6,normal
1697514258.631,45.764,1800.0,3.5,10.6,normal
1697514259.134,45.764,1800.0,4.0,10.6,normal
1697514259.636,44.79,1800.0,4.0,10.6,normal
1697514260.139,44.79,1800.0,3.5,10.6,normal
1697514260.642,45.764,1800.0,4.5,10.7,normal
1697514261.144,45.277,1800.0,4.5,10.7,normal
1697514261.65,45.764,700.0,3.5,10.7,normal
1697514262.156,45.277,600.0,4.9,10.7,normal
1697514262.659,45.764,1800.0,17.9,10.2,normal
1697514263.162,47.225,1800.0,37.7,10.7,normal
1697514263.664,45.764,1800.0,3.0,10.7,normal
1697514264.167,44.79,1800.0,3.5,10.7,normal
1697514264.67,46.738,1800.0,3.0,10.7,normal
1697514265.172,44.79,1800.0,4.0,10.7,normal
1697514265.675,45.764,1800.0,5.0,10.7,normal
1697514266.177,45.764,1800.0,3.0,10.7,normal
1697514266.68,45.764,1800.0,3.0,10.7,normal
1697514267.182,46.251,1800.0,4.0,10.8,normal
1697514267.688,45.277,600.0,4.5,10.7,normal
1697514268.193,45.277,700.0,4.4,10.8,normal
1697514268.697,45.277,1800.0,10.6,9.8,normal
1697514269.2,45.764,1800.0,30.3,10.5,normal
1697514269.703,46.251,1800.0,21.4,10.7,normal
1697514270.205,45.764,1800.0,4.5,10.7,normal
1697514270.708,46.251,1800.0,3.5,10.7,normal
1697514271.211,46.251,1800.0,4.0,10.7,normal
1697514271.713,45.764,1800.0,3.5,10.7,normal
1697514272.216,44.79,1800.0,3.0,10.7,normal
1697514272.718,45.277,1800.0,3.0,10.7,normal
1697514273.221,46.251,1800.0,4.0,10.7,normal
1697514273.726,45.277,700.0,3.5,10.7,normal
1697514274.231,45.277,600.0,4.5,10.7,normal
1697514274.734,45.277,1800.0,15.0,10.2,normal
1697514275.237,46.738,1800.0,36.9,10.6,normal
1697514275.74,46.738,1800.0,5.5,10.6,normal
1697514276.242,45.764,1800.0,3.5,10.6,normal
1697514276.745,46.251,1800.0,3.0,10.6,normal
1697514277.247,45.764,1800.0,4.0,10.6,normal
1697514277.75,45.764,1800.0,4.0,10.6,normal
1697514278.253,45.764,1800.0,2.5,10.6,normal
1697514278.755,45.764,1800.0,4.0,10.7,normal
1697514279.258,45.764,1800.0,3.5,10.7,normal
1697514279.762,45.277,900.0,5.0,10.7,normal
1697514280.266,44.79,900.0,4.5,10.7,normal
1697514280.77,45.764,1100.0,8.8,10.2,normal
1697514281.273,46.251,1800.0,29.0,10.5,normal
1697514281.776,45.764,1800.0,22.1,10.6,normal
1697514282.279,46.251,1800.0,3.0,10.6,normal
1697514282.781,46.251,1800.0,3.5,10.7,normal
1697514283.284,45.764,1800.0,4.0,10.7,normal
1697514283.786,46.251,1800.0,3.5,10.7,normal
1697514284.289,45.764,1800.0,2.5,10.7,normal
1697514284.791,44.79,1800.0,4.0,10.7,normal
1697514285.294,46.251,1800.0,3.0,10.7,normal
1697514285.797,45.764,1800.0,1.0,10.7,normal
1697514286.302,45.277,600.0,2.0,10.7,normal
1697514286.808,44.79,600.0,4.9,10.7,normal
1697514287.312,45.277,1800.0,23.8,10.3,normal
1697514287.814,46.738,1800.0,30.2,10.7,normal
1697514288.317,46.251,1800.0,3.4,10.7,normal
1697514288.819,45.764,1800.0,5.0,10.7,normal
1697514289.322,44.79,1800.0,4.5,10.7,normal
1697514289.825,45.277,1800.0,3.5,10.7,normal
1697514290.327,45.277,1800.0,3.0,10.7,normal
1697514290.83,44.79,1800.0,4.5,10.7,normal
1697514291.332,46.251,1800.0,4.0,10.7,normal
1697514291.835,45.764,1800.0,3.0,10.7,normal
1697514292.339,45.277,800.0,4.5,10.7,normal
1697514292.844,44.79,800.0,4.0,10.7,normal
1697514293.347,45.277,1800.0,17.8,10.1,normal
1697514293.85,46.738,1800.0,37.2,10.6,normal
1697514294.352,46.251,1800.0,7.0,10.6,normal
1697514294.855,45.277,1800.0,4.0,10.6,normal
1697514295.357,46.251,1800.0,4.5,10.6,normal
1697514295.86,46.251,1800.0,3.9,10.6,normal
1697514296.362,45.764,1800.0,3.0,10.6,normal
1697514296.865,44.79,1800.0,3.5,10.6,normal
1697514297.368,45.764,1800.0,4.0,10.6,normal
1697514297.87,44.79,1800.0,3.5,10.7,normal
1697514298.374,45.277,900.0,5.0,10.7,normal
1697514298.879,45.277,700.0,3.5,10.7,normal
1697514299.382,46.251,1800.0,21.5,10.4,normal
1697514299.885,46.738,1800.0,34.5,10.7,normal
1697514300.387,45.764,1800.0,2.5,10.7,normal
1697514300.89,46.738,1800.0,2.0,10.7,normal
1697514301.392,45.764,1800.0,5.5,10.7,normal
1697514301.895,45.277,1800.0,4.0,10.7,normal
1697514302.398,45.764,1800.0,2.5,10.7,normal
1697514302.9,45.277,1800.0,3.5,10.7,normal
1697514303.403,46.251,1800.0,4.0,10.7,normal
1697514303.905,45.277,1800.0,4.4,10.7,normal
1697514304.41,45.764,800.0,6.4,10.7,normal
1697514304.915,45.277,600.0,4.0,10.7,normal
1697514305.418,45.277,1800.0,14.4,10.0,normal
1697514305.921,45.764,1800.0,37.3,10.6,normal
1697514306.424,46.738,1800.0,9.0,10.7,normal
1697514306.927,45.764,1800.0,3.5,10.7,normal
1697514307.429,45.764,1800.0,2.5,10.7,normal
1697514307.931,45.764,1800.0,4.0,10.7,normal
1697514308.434,45.277,1800.0,3.5,10.7,normal
1697514308.936,45.764,1800.0,3.0,10.7,normal
1697514309.439,45.764,1800.0,4.5,10.7,normal
1697514309.942,45.764,1800.0,3.5,10.7,normal
1697514310.447,45.764,700.0,3.9,10.7,normal
1697514310.952,45.277,675.0,3.5,10.7,normal
1697514311.459,43.816,600.0,7.4,10.5,normal
1697514311.962,45.764,1800.0,28.7,10.5,normal
1697514312.465,45.277,1800.0,25.5,10.6,normal
1697514312.967,46.251,1800.0,3.5,10.6,normal
1697514313.47,45.764,1800.0,3.0,10.6,normal
1697514313.973,44.79,1800.0,3.0,10.6,normal
1697514314.475,45.277,1800.0,5.0,10.7,normal
1697514314.978,45.277,1800.0,3.5,10.7,normal
1697514315.48,45.277,1800.0,4.0,10.7,normal
1697514315.983,45.764,1800.0,2.0,10.7,normal
1697514316.487,45.764,800.0,4.0,10.7,normal
1697514316.993,45.277,600.0,4.5,10.7,normal
1697514317.498,45.277,600.0,5.0,10.7,normal
1697514318.001,45.277,1800.0,23.6,10.4,normal
1697514318.504,46.251,1800.0,30.8,10.6,normal
1697514319.007,45.764,1800.0,3.5,10.6,normal
1697514319.509,46.251,1800.0,3.5,10.6,normal
1697514320.012,46.738,1800.0,3.0,10.6,normal
1697514320.514,46.251,1800.0,3.5,10.6,normal
1697514321.017,45.764,1800.0,4.5,10.6,normal
1697514321.519,45.277,1800.0,3.5,10.6,normal
1697514322.022,44.79,1800.0,3.0,10.6,normal
1697514322.524,44.303,1800.0,2.5,10.7,normal
1697514323.03,46.251,600.0,3.9,10.6,normal
1697514323.536,45.764,600.0,3.5,10.6,normal
1697514324.039,46.738,1800.0,27.9,10.4,normal
1697514324.541,46.251,1800.0,26.6,10.6,normal
1697514325.044,44.79,1800.0,4.0,10.6,normal
1697514325.547,46.251,1800.0,3.5,10.6,normal
1697514326.049,45.764,1800.0,2.5,10.6,normal
1697514326.552,46.251,1800.0,2.0,10.6,normal
1697514327.054,44.79,1800.0,3.0,10.6,normal
1697514327.557,46.251,1800.0,2.5,10.6,normal
1697514328.059,45.277,1800.0,2.0,10.7,normal
1697514328.562,45.764,1800.0,2.5,10.7,normal
1697514329.067,45.277,600.0,4.4,10.7,normal
1697514329.573,45.277,600.0,5.0,10.7,normal
1697514330.076,44.79,1800.0,23.0,10.3,normal
1697514330.578,46.251,1800.0,33.0,10.7,normal
1697514331.081,45.277,1800.0,3.0,10.6,normal
1697514331.584,44.79,1800.0,4.0,10.7,normal
1697514332.086,45.764,1800.0,3.0,10.7,normal
1697514332.589,46.738,1800.0,3.0,10.7,normal
1697514333.091,46.251,1800.0,4.0,10.7,normal
1697514333.594,45.764,1800.0,4.0,10.7,normal
1697514334.096,45.277,1800.0,2.5,10.7,normal
1697514334.599,45.764,1800.0,4.5,10.7,normal
1697514335.104,45.277,600.0,2.5,10.7,normal
1697514335.61,44.79,600.0,5.4,10.7,normal
1697514336.113,46.251,1800.0,25.9,10.4,normal
1697514336.615,45.277,1800.0,29.1,10.7,normal
1697514337.118,45.764,1800.0,3.5,10.7,normal
1697514337.621,45.277,1800.0,3.0,10.7,normal
1697514338.123,46.738,1800.0,3.9,10.7,normal
1697514338.626,45.277,1800.0,4.0,10.7,normal
1697514339.128,44.79,1800.0,3.5,10.7,normal
1697514339.631,45.764,1800.0,4.5,10.7,normal
1697514340.133,45.764,1800.0,3.5,10.7,normal
1697514340.636,44.79,1800.0,3.5,10.7,normal
1697514341.143,45.277,600.0,4.4,10.7,normal
1697514341.65,45.764,600.0,5.5,10.7,normal
1697514342.153,45.277,1800.0,30.3,10.5,normal
1697514342.656,45.277,1800.0,25.0,10.6,normal
1697514343.159,46.738,1800.0,3.5,10.7,normal
1697514343.661,45.764,1800.0,2.5,10.6,normal
1697514344.164,45.277,1800.0,4.9,10.6,normal
1697514344.666,46.251,1800.0,3.5,10.6,normal
1697514345.169,45.764,1800.0,1.5,10.6,normal
1697514345.671,44.303,1800.0,4.0,10.6,normal
1697514346.174,44.303,1800.0,3.0,10.6,normal
1697514346.676,45.277,1800.0,1.5,10.6,normal
1697514347.182,44.79,600.0,4.0,10.6,normal
1697514347.685,44.79,1800.0,9.0,9.6,normal
1697514348.188,46.251,1800.0,27.9,10.5,normal
1697514348.691,46.251,1800.0,20.5,10.7,normal
1697514349.193,45.277,1800.0,6.5,10.7,normal
1697514349.695,46.251,1800.0,5.0,10.7,normal
1697514350.198,45.764,1800.0,3.5,10.7,normal
1697514350.7,45.277,1800.0,3.5,10.7,normal
1697514351.203,45.764,1800.0,3.0,10.7,normal
1697514351.705,45.277,1800.0,3.0,10.7,normal
1697514352.208,46.251,1800.0,4.5,10.7,normal
1697514352.713,45.277,700.0,3.9,10.7,normal
1697514353.219,45.764,600.0,4.0,10.7,normal
1697514353.721,46.738,1800.0,13.5,10.2,normal
1697514354.224,47.712,1800.0,36.2,10.7,normal
1697514354.727,45.277,1800.0,9.4,10.7,normal
1697514355.23,45.277,1800.0,4.0,10.7,normal
1697514355.732,45.764,1800.0,3.0,10.7,normal
1697514356.235,44.79,1800.0,4.0,10.7,normal
1697514356.737,45.764,1800.0,3.5,10.7,normal
1697514357.24,45.277,1800.0,3.9,10.7,normal
1697514357.742,45.764,1800.0,3.5,10.7,normal
1697514358.245,45.277,1800.0,3.0,10.7,normal
1697514358.75,45.277,700.0,5.0,10.7,normal
1697514359.254,45.764,800.0,4.4,10.7,normal
1697514359.759,45.764,1100.0,7.9,10.6,normal
1697514360.262,45.764,1800.0,28.9,10.5,normal
1697514360.765,45.764,1800.0,23.6,10.7,normal
1697514361.267,46.251,1800.0,3.5,10.7,normal
1697514361.77,45.764,1800.0,3.0,10.7,normal
1697514362.272,45.277,1800.0,3.0,10.7,normal
1697514362.775,45.277,1800.0,3.0,10.7,normal
1697514363.277,44.79,1800.0,3.5,10.7,normal
1697514363.78,45.764,1800.0,4.0,10.7,normal
1697514364.282,45.764,1800.0,4.5,10.7,normal
1697514364.785,45.277,1800.0,4.5,10.7,normal
1697514365.289,44.79,1000.0,5.5,10.7,normal
1697514365.793,45.764,1200.0,10.5,9.7,normal
1697514366.296,45.764,1800.0,28.5,10.4,normal
1697514366.798,46.251,1800.0,20.0,10.6,normal
1697514367.301,45.764,1800.0,4.0,10.6,normal
1697514367.804,45.764,1800.0,3.0,10.6,normal
1697514368.306,46.251,1800.0,2.0,10.6,normal
1697514368.809,45.277,1800.0,2.5,10.6,normal
1697514369.311,44.79,1800.0,2.5,10.6,normal
1697514369.814,45.764,1800.0,3.0,10.6,normal
1697514370.316,44.79,1800.0,3.0,10.6,normal
1697514370.819,44.79,1800.0,2.5,10.7,normal
1697514371.323,46.251,900.0,3.5,10.7,normal
1697514371.827,44.303,1000.0,5.4,10.7,normal
1697514372.33,45.277,1800.0,27.4,10.5,normal
1697514372.833,45.764,1800.0,26.3,10.7,normal
1697514373.336,45.764,1800.0,4.0,10.7,normal
1697514373.838,46.251,1800.0,4.0,10.7,normal
1697514374.341,45.764,1800.0,3.5,10.7,normal
1697514374.843,45.764,1800.0,4.4,10.7,normal
1697514375.346,45.277,1800.0,3.0,10.7,normal
1697514375.848,44.79,1800.0,3.5,10.7,normal
1697514376.351,45.277,1800.0,3.0,10.7,normal
1697514376.853,45.277,1800.0,3.5,10.7,normal
1697514377.358,44.303,800.0,5.0,10.7,normal
1697514377.862,45.277,800.0,5.9,10.7,normal
1697514378.365,45.764,1800.0,20.0,10.3,normal
1697514378.867,45.764,1800.0,36.3,10.7,normal
1697514379.37,45.764,1800.0,4.0,10.7,normal
1697514379.872,46.251,1800.0,4.0,10.7,normal
1697514380.375,46.251,1800.0,3.0,10.7,normal
1697514380.878,45.764,1800.0,3.5,10.7,normal
1697514381.38,45.277,1800.0,3.5,10.7,normal
1697514381.883,44.303,1800.0,5.4,10.7,normal
1697514382.385,45.277,1800.0,2.5,10.7,normal
1697514382.888,46.738,1800.0,3.5,10.7,normal
1697514383.392,46.251,700.0,3.0,10.7,normal
1697514383.897,44.79,700.0,5.4,10.7,normal
1697514384.401,45.277,1800.0,25.2,10.3,normal
1697514384.903,46.251,1800.0,29.1,10.6,normal
1697514385.406,46.251,1800.0,4.0,10.6,normal
1697514385.909,45.277,1800.0,3.5,10.6,normal
1697514386.411,44.79,1800.0,3.5,10.6,normal
1697514386.914,44.79,1800.0,4.0,10.6,normal
1697514387.416,45.277,1800.0,3.0,10.6,normal
1697514387.919,45.277,1800.0,4.0,10.6,normal
1697514388.422,45.277,1800.0,3.5,10.7,normal
1697514388.924,44.79,1800.0,3.0,10.7,normal
1697514389.429,45.277,800.0,4.5,10.7,normal
1697514389.936,44.79,600.0,5.9,10.6,normal
1697514390.44,46.738,1800.0,29.7,10.5,normal
1697514390.942,46.738,1800.0,27.9,10.7,normal
1697514391.445,45.764,1800.0,3.5,10.7,normal
1697514391.947,45.764,1800.0,3.5,10.7,normal
1697514392.45,45.277,1800.0,3.5,10.7,normal
1697514392.953,45.277,1800.0,4.0,10.7,normal
1697514393.455,45.764,1800.0,3.9,10.7,normal
1697514393.958,45.764,1800.0,4.0,10.7,normal
1697514394.46,44.79,1800.0,4.5,10.7,normal
1697514394.963,45.764,1800.0,3.9,10.7,normal
1697514395.469,44.79,600.0,4.0,10.7,normal
1697514395.972,45.277,1800.0,8.5,10.5,normal
1697514396.475,46.251,1800.0,28.7,10.5,normal
1697514396.978,46.251,1800.0,22.0,10.7,normal
1697514397.481,46.251,1800.0,2.5,10.7,normal
1697514397.983,45.764,1800.0,4.0,10.7,normal
1697514398.486,44.79,1800.0,3.9,10.7,normal
1697514398.989,45.277,1800.0,3.5,10.7,normal
1697514399.491,44.79,1800.0,4.9,10.7,normal
1697514399.994,45.764,1800.0,3.5,10.7,normal
1697514400.496,44.79,1800.0,3.0,10.7,normal
1697514401.001,45.277,700.0,3.9,10.7,normal
1697514401.507,44.303,600.0,4.5,10.7,normal
1697514402.012,45.277,600.0,5.9,10.7,normal
1697514402.516,45.764,1800.0,26.6,10.4,normal
1697514403.019,45.764,1800.0,29.0,10.7,normal
1697514403.521,45.277,1800.0,3.0,10.7,normal
1697514404.024,46.251,1800.0,3.5,10.7,normal
1697514404.526,45.764,1800.0,4.0,10.7,normal
1697514405.029,46.251,1800.0,3.5,10.7,normal
1697514405.531,45.764,1800.0,3.0,10.7,normal
1697514406.034,46.251,1800.0,1.5,10.7,normal
1697514406.537,45.277,1800.0,3.0,10.7,normal
1697514407.039,45.277,1800.0,0.5,10.7,normal
1697514407.543,44.79,900.0,3.9,10.7,normal
1697514408.048,44.79,900.0,6.0,10.7,normal
1697514408.551,45.764,1800.0,26.2,10.5,normal
1697514409.053,47.225,1800.0,25.1,10.6,normal
1697514409.556,45.277,1800.0,4.5,10.6,normal
1697514410.059,45.764,1800.0,3.5,10.6,normal
1697514410.561,46.738,1800.0,2.5,10.6,normal
1697514411.064,44.79,1800.0,2.5,10.6,normal
1697514411.566,45.277,1800.0,2.0,10.6,normal
1697514412.069,45.764,1800.0,3.0,10.6,normal
1697514412.571,45.277,1800.0,3.0,10.6,normal
1697514413.074,45.277,1800.0,3.5,10.6,normal
1697514413.579,45.277,600.0,4.9,10.6,normal
1697514414.082,45.277,1800.0,9.0,9.5,normal
1697514414.586,46.251,1800.0,29.4,10.5,normal
1697514415.088,45.764,1800.0,20.0,10.7,normal
1697514415.591,46.251,1800.0,4.0,10.7,normal
1697514416.094,45.277,1800.0,3.0,10.7,normal
1697514416.596,45.277,1800.0,4.5,10.7,normal
1697514417.099,45.764,1800.0,3.5,10.7,normal
1697514417.601,45.277,1800.0,3.0,10.7,normal
1697514418.104,44.79,1800.0,3.5,10.7,normal
1697514418.606,45.277,1800.0,3.5,10.7,normal
1697514419.109,46.251,1800.0,4.0,10.7,normal
1697514419.614,45.277,600.0,5.0,10.7,normal
1697514420.12,44.79,600.0,4.9,10.7,normal
1697514420.624,45.764,1800.0,28.9,10.5,normal
1697514421.126,45.277,1800.0,29.1,10.7,normal
1697514421.629,45.764,1800.0,3.5,10.7,normal
1697514422.131,45.764,1800.0,4.0,10.7,normal
1697514422.634,46.251,1800.0,3.5,10.7,normal
1697514423.137,45.764,1800.0,4.0,10.7,normal
1697514423.64,45.764,1800.0,3.0,10.7,normal
1697514424.143,45.277,1800.0,3.5,10.7,normal
1697514424.645,45.764,1800.0,3.5,10.7,normal
1697514425.148,45.764,1800.0,4.5,10.7,normal
1697514425.654,45.277,600.0,3.0,10.7,normal
1697514426.159,46.251,600.0,4.4,10.7,normal
1697514426.662,46.251,1800.0,21.4,10.3,normal
1697514427.165,46.738,1800.0,34.3,10.7,normal
1697514427.668,46.251,1800.0,5.5,10.7,normal
1697514428.17,46.251,1800.0,3.9,10.7,normal
1697514428.673,46.738,1800.0,3.0,10.7,normal
1697514429.175,45.764,1800.0,3.5,10.7,normal
1697514429.678,45.764,1800.0,5.4,10.7,normal
1697514430.18,45.277,1800.0,3.5,10.7,normal
1697514430.683,45.277,1800.0,3.0,10.7,normal
1697514431.186,45.764,1800.0,3.0,10.7,normal
1697514431.691,46.251,900.0,5.4,10.7,normal
1697514432.195,44.79,900.0,4.0,10.7,normal
1697514432.698,45.764,1800.0,12.9,10.1,normal
1697514433.201,46.738,1800.0,33.0,10.6,normal
1697514433.704,45.277,1800.0,13.9,10.7,normal
1697514434.206,45.277,1800.0,3.0,10.7,normal
1697514434.709,45.277,1800.0,4.0,10.7,normal
1697514435.211,44.79,1800.0,4.4,10.7,normal
1697514435.714,45.764,1800.0,3.5,10.7,normal
1697514436.216,45.277,1800.0,3.5,10.7,normal
1697514436.719,46.251,1800.0,3.0,10.7,normal
1697514437.222,45.764,1800.0,4.5,10.7,normal
1697514437.726,45.277,700.0,4.9,10.7,normal
1697514438.231,46.738,800.0,4.0,10.7,normal
1697514438.734,46.251,1800.0,15.5,10.3,normal
1697514439.237,46.738,1800.0,37.0,10.6,normal
1697514439.739,46.251,1800.0,6.5,10.7,normal
1697514440.242,46.251,1800.0,3.9,10.7,normal
1697514440.744,46.738,1800.0,2.5,10.7,normal
1697514441.247,45.764,1800.0,3.0,10.7,normal
1697514441.75,45.764,1800.0,4.0,10.7,normal
1697514442.252,46.251,1800.0,3.0,10.7,normal
1697514442.755,46.251,1800.0,4.5,10.7,normal
1697514443.257,45.764,1800.0,4.0,10.7,normal
1697514443.761,45.764,1000.0,4.5,10.7,normal
1697514444.265,45.277,900.0,5.0,10.7,normal
1697514444.768,45.277,1800.0,20.5,10.3,normal
1697514445.27,46.251,1800.0,34.3,10.7,normal
1697514445.773,45.277,1800.0,3.5,10.7,normal
1697514446.276,45.764,1800.0,4.0,10.7,normal
1697514446.778,45.764,1800.0,3.0,10.7,normal
1697514447.281,46.251,1800.0,3.0,10.7,normal
1697514447.783,44.79,1800.0,4.0,10.7,normal
1697514448.286,45.277,1800.0,4.0,10.7,normal
1697514448.788,46.251,1800.0,3.0,10.7,normal
1697514449.291,46.251,1800.0,3.9,10.7,normal
1697514449.795,45.277,900.0,5.9,10.7,normal
1697514450.3,45.277,800.0,4.5,10.7,normal
1697514450.802,45.764,1800.0,13.8,10.0,normal
1697514451.306,46.251,1800.0,36.0,10.6,normal
1697514451.809,44.79,1800.0,9.0,10.6,normal
1697514452.311,45.764,1800.0,2.5,10.6,normal
1697514452.814,46.738,1800.0,4.0,10.7,normal
1697514453.316,46.251,1800.0,2.5,10.7,normal
1697514453.819,45.764,1800.0,3.0,10.7,normal
1697514454.321,43.816,1800.0,2.5,10.7,normal
1697514454.824,45.277,1800.0,4.5,10.7,normal
1697514455.327,45.764,1800.0,3.5,10.7,normal
1697514455.831,45.277,700.0,3.0,10.7,normal
1697514456.336,44.79,900.0,3.5,10.7,normal
1697514456.838,44.79,1800.0,18.4,10.3,normal
1697514457.341,46.738,1800.0,37.3,10.6,normal
1697514457.844,45.764,1800.0,3.5,10.7,normal
1697514458.347,46.251,1800.0,3.0,10.7,normal
1697514458.849,44.79,1800.0,4.0,10.7,normal
1697514459.352,45.764,1800.0,4.0,10.7,normal
1697514459.854,44.79,1800.0,3.5,10.7,normal
1697514460.357,45.764,1800.0,3.5,10.7,normal
1697514460.859,44.79,1800.0,3.5,10.7,normal
1697514461.362,45.764,1800.0,4.4,10.7,normal
1697514461.867,45.277,700.0,3.5,10.7,normal
1697514462.371,45.764,800.0,4.5,10.7,normal
1697514462.874,46.251,1800.0,21.8,10.4,normal
1697514463.377,45.764,1800.0,34.8,10.7,normal
1697514463.88,46.738,1800.0,3.5,10.7,normal
1697514464.382,45.764,1800.0,5.0,10.7,normal
1697514464.885,45.277,1800.0,4.0,10.7,normal
1697514465.387,45.764,1800.0,3.5,10.7,normal
1697514465.89,46.251,1800.0,4.0,10.7,normal
1697514466.392,45.277,1800.0,1.5,10.7,normal
1697514466.895,44.79,1800.0,4.9,10.7,normal
1697514467.398,45.764,1800.0,0.0,10.7,normal
1697514467.903,44.79,800.0,3.4,10.7,normal
1697514468.408,44.79,600.0,2.5,10.7,normal
1697514468.911,45.764,1800.0,16.5,10.1,normal
1697514469.415,46.738,1800.0,39.0,10.6,normal
1697514469.918,46.738,1800.0,8.9,10.7,normal
1697514470.42,45.277,1800.0,3.5,10.7,normal
1697514470.923,45.764,1800.0,4.4,10.7,normal
1697514471.425,44.79,1800.0,2.0,10.7,normal
1697514471.928,44.79,1800.0,4.5,10.7,normal
1697514472.43,45.764,1800.0,3.5,10.7,normal
1697514472.933,45.764,1800.0,2.5,10.7,normal
1697514473.435,45.277,1800.0,3.0,10.7,normal
1697514473.94,45.764,700.0,4.0,10.7,normal
1697514474.444,45.764,900.0,5.9,10.7,normal
1697514474.948,45.764,1000.0,6.0,10.5,normal
1697514475.451,45.277,1800.0,28.7,10.4,normal
1697514475.954,44.79,1800.0,25.2,10.7,normal
1697514476.456,46.251,1800.0,1.0,10.7,normal
1697514476.959,45.277,1800.0,2.0,10.7,normal
1697514477.461,45.764,1800.0,5.9,10.7,normal
1697514477.964,45.764,1800.0,5.0,10.7,normal
1697514478.466,45.277,1800.0,3.0,10.7,normal
1697514478.969,46.251,1800.0,2.5,10.7,normal
1697514479.471,45.277,1800.0,4.5,10.7,normal
1697514479.974,46.251,1800.0,4.0,10.7,normal
1697514480.479,44.303,600.0,3.5,10.7,normal
1697514480.985,44.303,600.0,4.9,10.7,normal
1697514481.488,45.277,1800.0,22.4,10.4,normal
1697514481.991,46.738,1800.0,36.2,10.7,normal
1697514482.494,45.764,1800.0,3.5,10.7,normal
1697514482.996,44.79,1800.0,3.0,10.7,normal
1697514483.499,45.277,1800.0,3.0,10.7,normal
1697514484.002,45.764,1800.0,4.4,10.7,normal
1697514484.504,45.764,1800.0,4.0,10.7,normal
1697514485.007,44.79,1800.0,3.5,10.7,normal
1697514485.51,45.277,1800.0,3.5,10.7,normal
1697514486.012,45.764,1800.0,4.0,10.8,normal
1697514486.518,44.79,600.0,3.0,10.7,normal
1697514487.023,45.764,600.0,4.0,10.8,normal
1697514487.526,45.764,1800.0,15.8,10.2,normal
1697514488.029,47.225,1800.0,38.5,10.6,normal
1697514488.532,44.79,1800.0,6.0,10.6,normal
1697514489.035,45.764,1800.0,3.5,10.6,normal
1697514489.537,45.277,1800.0,5.0,10.6,normal
1697514490.04,45.764,1800.0,3.5,10.6,normal
1697514490.542,45.277,1800.0,3.5,10.6,normal
1697514491.045,44.79,1800.0,3.5,10.6,normal
1697514491.547,45.277,1800.0,3.0,10.6,normal
1697514492.05,46.251,1800.0,4.5,10.7,normal
1697514492.555,45.277,700.0,3.5,10.7,normal
1697514493.06,46.251,600.0,4.5,10.7,normal
1697514493.564,45.764,1800.0,8.5,10.1,normal
1697514494.068,45.764,1800.0,29.9,10.4,normal
1697514494.57,45.764,1800.0,21.9,10.6,normal
1697514495.073,45.277,1800.0,2.5,10.6,normal
1697514495.575,45.277,1800.0,3.0,10.6,normal
1697514496.078,46.251,1800.0,3.0,10.6,normal
1697514496.581,45.764,1800.0,3.5,10.6,normal
1697514497.083,45.764,1800.0,3.0,10.6,normal
1697514497.586,45.277,1800.0,3.5,10.6,normal
1697514498.088,45.764,1800.0,3.0,10.6,normal
1697514498.593,45.277,700.0,3.0,10.6,normal
1697514499.099,45.764,600.0,4.5,10.6,normal
1697514499.602,45.764,1800.0,15.5,10.1,normal
1697514500.105,45.764,1800.0,38.3,10.6,normal
1697514500.607,45.764,1800.0,7.5,10.6,normal
1697514501.11,44.303,1800.0,3.0,10.6,normal
1697514501.612,44.79,1800.0,3.0,10.6,normal
1697514502.115,45.277,1800.0,3.5,10.6,normal
1697514502.617,45.764,1800.0,3.5,10.7,normal
1697514503.12,46.251,1800.0,3.0,10.7,normal
1697514503.623,44.79,1800.0,3.5,10.7,normal
1697514504.125,45.764,1800.0,5.0,10.7,normal
1697514504.631,44.79,675.0,4.0,10.7,normal
1697514505.139,44.303,600.0,4.9,10.7,normal
1697514505.645,45.277,600.0,7.4,10.6,normal
1697514506.148,46.251,1800.0,29.9,10.5,normal
1697514506.651,45.277,1800.0,23.1,10.6,normal
1697514507.153,46.251,1800.0,2.0,10.6,normal
1697514507.655,45.277,1800.0,4.5,10.6,normal
1697514508.159,44.79,1800.0,3.5,10.6,normal
1697514508.661,45.277,1800.0,5.0,10.7,normal
1697514509.164,45.764,1800.0,3.0,10.7,normal
1697514509.666,46.251,1800.0,4.5,10.7,normal
1697514510.169,45.277,1800.0,3.0,10.7,normal
1697514510.672,44.79,1800.0,3.5,10.7,normal
1697514511.178,45.277,600.0,5.4,10.7,normal
1697514511.683,45.764,1200.0,11.4,9.8,normal
1697514512.187,45.764,1800.0,31.8,10.6,normal
1697514512.69,46.738,1800.0,17.6,10.7,normal
1697514513.192,45.277,1800.0,3.5,10.7,normal
1697514513.695,45.764,1800.0,3.0,10.7,normal
1697514514.197,45.277,1800.0,3.5,10.7,normal
1697514514.7,45.764,1800.0,4.5,10.7,normal
1697514515.202,45.277,1800.0,3.0,10.7,normal
1697514515.705,45.764,1800.0,4.0,10.7,normal
1697514516.207,44.79,1800.0,2.5,10.7,normal
1697514516.712,45.764,700.0,4.0,10.7,normal
1697514517.218,44.79,600.0,5.0,10.7,normal
1697514517.721,44.79,1800.0,15.0,10.1,normal
1697514518.223,48.199,1800.0,36.5,10.6,normal
1697514518.726,45.764,1800.0,7.5,10.6,normal
1697514519.228,45.764,1800.0,3.0,10.6,normal
1697514519.731,45.764,1800.0,4.5,10.6,normal
1697514520.234,45.277,1800.0,3.5,10.7,normal
1697514520.736,44.79,1800.0,3.5,10.7,normal
1697514521.239,45.764,1800.0,4.5,10.7,normal
1697514521.741,45.277,1800.0,3.5,10.7,normal
1697514522.244,45.764,1800.0,3.5,10.7,normal
1697514522.749,45.277,700.0,4.0,10.7,normal
1697514523.253,45.764,900.0,4.5,10.7,normal
1697514523.758,45.277,1100.0,7.0,10.5,normal
1697514524.262,46.251,1800.0,28.2,10.5,normal
1697514524.764,46.251,1800.0,23.1,10.6,normal
1697514525.267,45.764,1800.0,1.5,10.6,normal
1697514525.769,46.251,1800.0,2.0,10.7,normal
1697514526.272,44.79,1800.0,4.0,10.7,normal
1697514526.775,44.79,1800.0,2.0,10.7,normal
1697514527.279,45.764,1800.0,2.5,10.7,normal
1697514527.781,47.225,1800.0,3.9,10.7,normal
1697514528.284,45.277,1800.0,2.5,10.7,normal
1697514528.787,45.764,1800.0,1.0,10.7,normal
1697514529.292,45.277,600.0,4.9,10.7,normal
1697514529.798,44.79,700.0,3.5,10.7,normal
1697514530.301,45.277,1800.0,22.8,10.4,normal
1697514530.803,45.764,1800.0,36.8,10.6,normal
1697514531.306,46.251,1800.0,2.5,10.6,normal
1697514531.808,45.277,1800.0,4.0,10.6,normal
1697514532.311,45.764,1800.0,3.9,10.6,normal
1697514532.813,45.277,1800.0,2.0,10.6,normal
1697514533.316,45.277,1800.0,4.0,10.7,normal
1697514533.818,45.764,1800.0,3.5,10.7,normal
1697514534.321,45.277,1800.0,3.0,10.7,normal
1697514534.824,45.764,1800.0,4.5,10.7,normal
1697514535.327,44.79,1000.0,4.5,10.7,normal
1697514535.832,45.277,800.0,4.9,10.7,normal
1697514536.335,45.764,1800.0,26.4,10.5,normal
1697514536.838,46.251,1800.0,27.1,10.7,normal
1697514537.34,44.79,1800.0,3.0,10.7,normal
1697514537.843,45.277,1800.0,3.5,10.7,normal
1697514538.346,45.277,1800.0,3.5,10.7,normal
1697514538.848,46.251,1800.0,2.0,10.7,normal
1697514539.351,44.79,1800.0,4.4,10.7,normal
1697514539.853,45.277,1800.0,3.5,10.7,normal
1697514540.356,45.277,1800.0,3.9,10.7,normal
1697514540.858,45.764,1800.0,3.0,10.7,normal
1697514541.362,44.79,900.0,5.0,10.7,normal
1697514541.869,46.251,800.0,7.8,10.6,normal
1697514542.371,45.764,1800.0,28.6,10.5,normal
1697514542.874,46.251,1800.0,23.0,10.7,normal
1697514543.376,45.764,1800.0,2.5,10.7,normal
1697514543.879,45.764,1800.0,3.0,10.7,normal
1697514544.382,46.738,1800.0,5.4,10.7,normal
1697514544.884,45.277,1800.0,3.0,10.7,normal
1697514545.387,45.764,1800.0,3.5,10.7,normal
1697514545.889,45.277,1800.0,3.5,10.7,normal
1697514546.392,45.277,1800.0,4.9,10.7,normal
1697514546.894,45.277,1800.0,4.5,10.7,normal
1697514547.399,45.277,800.0,4.5,10.7,normal
1697514547.902,45.277,1800.0,10.5,9.8,normal
1697514548.405,46.251,1800.0,31.8,10.5,normal
1697514548.908,45.764,1800.0,17.4,10.6,normal
1697514549.411,45.277,1800.0,4.5,10.6,normal
1697514549.913,44.79,1800.0,3.0,10.6,normal
1697514550.416,45.277,1800.0,3.5,10.6,normal
1697514550.918,44.79,1800.0,4.5,10.7,normal
1697514551.421,45.764,1800.0,3.0,10.7,normal
1697514551.923,45.277,1800.0,3.0,10.7,normal
1697514552.426,45.764,1800.0,3.5,10.7,normal
1697514552.93,45.764,800.0,4.5,10.7,normal
1697514553.435,45.277,800.0,4.9,10.7,normal
1697514553.94,46.251,600.0,4.5,10.7,normal
1697514554.443,45.277,1800.0,27.7,10.4,normal
1697514554.945,45.764,1800.0,27.1,10.7,normal
1697514555.448,45.764,1800.0,3.5,10.7,normal
1697514555.95,46.251,1800.0,4.0,10.7,normal
1697514556.453,45.764,1800.0,2.5,10.7,normal
1697514556.955,44.79,1800.0,4.0,10.7,normal
1697514557.458,45.764,1800.0,3.5,10.7,normal
1697514557.96,46.738,1800.0,3.5,10.7,normal
1697514558.463,45.277,1800.0,3.5,10.7,normal
1697514558.966,45.277,1800.0,2.5,10.7,normal
1697514559.471,45.277,700.0,6.4,10.7,normal
1697514559.975,44.79,1000.0,8.5,10.1,normal
1697514560.478,45.764,1800.0,28.4,10.5,normal
1697514560.981,45.764,1800.0,21.6,10.7,normal
1697514561.483,45.277,1800.0,4.5,10.7,normal
1697514561.986,45.277,1800.0,2.5,10.7,normal
1697514562.488,45.277,1800.0,3.0,10.7,normal
1697514562.991,45.277,1800.0,3.5,10.7,normal
1697514563.493,45.764,1800.0,4.0,10.7,normal
1697514563.996,45.764,1800.0,4.0,10.7,normal
1697514564.499,45.764,1800.0,4.0,10.7,normal
1697514565.001,45.277,1800.0,3.5,10.7,normal
1697514565.507,45.277,600.0,5.4,10.7,normal
1697514566.01,45.764,1800.0,13.0,10.2,normal
1697514566.513,47.712,1800.0,33.8,10.7,normal
1697514567.016,45.277,1800.0,11.4,10.7,normal
1697514567.519,46.251,1800.0,2.5,10.7,normal
1697514568.021,46.251,1800.0,4.5,10.7,normal
1697514568.524,45.764,1800.0,3.0,10.7,normal
1697514569.026,45.764,1800.0,3.5,10.7,normal
1697514569.529,44.79,1800.0,4.0,10.7,normal
1697514570.032,44.79,1800.0,3.5,10.7,normal
1697514570.534,45.764,1800.0,3.0,10.7,normal
1697514571.04,45.764,600.0,3.4,10.7,normal
1697514571.546,44.79,600.0,5.4,10.7,normal
1697514572.051,45.764,600.0,5.4,10.6,normal
1697514572.555,45.764,1800.0,29.4,10.4,normal
1697514573.057,44.79,1800.0,26.6,10.6,normal
1697514573.56,45.764,1800.0,1.5,10.6,normal
1697514574.063,46.251,1800.0,3.0,10.6,normal
1697514574.565,45.277,1800.0,5.0,10.6,normal
1697514575.068,45.277,1800.0,3.5,10.7,normal
1697514575.57,44.303,1800.0,3.0,10.7,normal
1697514576.073,45.764,1800.0,3.5,10.7,normal
1697514576.575,44.79,1800.0,4.0,10.7,normal
1697514577.078,44.79,1800.0,3.5,10.7,normal
1697514577.583,45.277,600.0,4.0,10.7,normal
1697514578.088,46.738,900.0,6.5,10.0,normal
1697514578.591,45.764,1800.0,29.9,10.5,normal
1697514579.094,46.251,1800.0,21.1,10.7,normal
1697514579.597,45.764,1800.0,4.0,10.7,normal
1697514580.099,46.251,1800.0,3.5,10.7,normal
1697514580.602,44.79,1800.0,3.5,10.7,normal
1697514581.104,44.79,1800.0,2.5,10.7,normal
1697514581.607,44.79,1800.0,4.5,10.7,normal
1697514582.109,45.764,1800.0,3.0,10.7,normal
1697514582.612,44.79,1800.0,3.5,10.7,normal
1697514583.114,44.79,1800.0,3.5,10.7,normal
1697514583.62,45.277,600.0,4.0,10.7,normal
1697514584.123,45.764,1800.0,10.9,9.6,normal
1697514584.626,45.277,1800.0,30.5,10.5,normal
1697514585.129,45.277,1800.0,19.7,10.7,normal
1697514585.631,44.79,1800.0,4.5,10.7,normal
1697514586.134,45.277,1800.0,3.0,10.7,normal
1697514586.636,45.277,1800.0,2.5,10.7,normal
1697514587.139,44.79,1800.0,2.5,10.7,normal
1697514587.641,45.277,1800.0,2.5,10.7,normal
1697514588.144,45.764,1800.0,2.5,10.7,normal
1697514588.647,45.277,1800.0,3.0,10.7,normal
1697514589.153,45.277,700.0,5.9,10.7,normal
1697514589.657,44.79,800.0,7.8,10.7,normal
1697514590.163,46.251,600.0,4.9,10.7,normal
1697514590.667,46.251,1800.0,27.0,10.5,normal
1697514591.17,46.251,1800.0,28.1,10.7,normal
1697514591.672,46.738,1800.0,3.5,10.7,normal
1697514592.175,45.764,1800.0,3.5,10.7,normal
1697514592.677,45.277,1800.0,3.0,10.7,normal
1697514593.18,45.764,1800.0,4.0,10.7,normal
1697514593.683,44.79,1800.0,3.0,10.7,normal
1697514594.185,46.251,1800.0,4.0,10.7,normal
1697514594.688,46.251,1800.0,5.0,10.7,normal
1697514595.19,45.277,1800.0,3.0,10.7,normal
1697514595.695,44.79,800.0,5.0,10.7,normal
1697514596.2,45.277,600.0,5.0,10.7,normal
1697514596.703,45.277,1800.0,20.9,10.3,normal
1697514597.206,45.277,1800.0,34.8,10.6,normal
1697514597.709,45.764,1800.0,3.5,10.6,normal
1697514598.211,45.277,1800.0,3.5,10.6,normal
1697514598.714,46.251,1800.0,4.5,10.6,normal
1697514599.216,45.277,1800.0,3.0,10.7,normal
1697514599.719,45.764,1800.0,4.5,10.7,normal
1697514600.221,45.277,1800.0,3.5,10.7,normal
1697514600.724,45.764,1800.0,4.5,10.7,normal
1697514601.227,45.277,1800.0,4.0,10.6,normal
1697514601.731,44.79,900.0,5.4,10.7,normal
1697514602.236,44.79,600.0,4.5,10.7,normal
1697514602.739,45.277,1800.0,14.4,10.0,normal
1697514603.243,46.738,1800.0,36.3,10.6,normal
1697514603.746,45.764,1800.0,9.0,10.6,normal
1697514604.248,45.764,1800.0,3.9,10.6,normal
1697514604.751,45.277,1800.0,4.5,10.6,normal
1697514605.254,45.277,1800.0,3.5,10.7,normal
1697514605.756,44.79,1800.0,3.5,10.7,normal
1697514606.259,45.277,1800.0,3.0,10.7,normal
1697514606.761,46.251,1800.0,4.0,10.7,normal
1697514607.264,45.277,1800.0,3.0,10.7,normal
1697514607.768,45.764,900.0,4.0,10.7,normal
1697514608.272,44.79,900.0,4.0,10.7,normal
1697514608.775,46.251,1800.0,18.4,10.2,normal
1697514609.278,47.225,1800.0,37.2,10.6,normal
1697514609.78,45.764,1800.0,5.5,10.7,normal
1697514610.283,45.764,1800.0,3.0,10.7,normal
1697514610.785,45.277,1800.0,3.5,10.7,normal
1697514611.288,45.764,1800.0,3.0,10.7,normal
1697514611.791,45.277,1800.0,3.0,10.7,normal
1697514612.293,45.764,1800.0,3.5,10.7,normal
1697514612.796,46.251,1800.0,3.0,10.7,normal
1697514613.298,45.277,1800.0,3.5,10.7,normal
1697514613.802,43.816,800.0,4.5,10.7,normal
1697514614.307,45.764,800.0,5.0,10.7,normal
1697514614.81,45.277,1800.0,22.8,10.3,normal
1697514615.312,45.764,1800.0,33.5,10.7,normal
1697514615.815,44.79,1800.0,3.5,10.7,normal
1697514616.318,45.277,1800.0,3.9,10.7,normal
1697514616.82,45.764,1800.0,4.5,10.7,normal
1697514617.323,44.79,1800.0,3.5,10.7,normal
1697514617.825,46.251,1800.0,3.5,10.7,normal
1697514618.328,46.251,1800.0,2.5,10.7,normal
1697514618.83,45.277,1800.0,4.0,10.7,normal
1697514619.333,44.303,1800.0,2.0,10.7,normal
1697514619.837,45.764,800.0,4.5,10.7,normal
1697514620.343,45.277,600.0,3.4,10.7,normal
1697514620.846,44.303,1800.0,15.4,10.2,normal
1697514621.348,46.251,1800.0,36.7,10.6,normal
1697514621.851,45.764,1800.0,6.4,10.6,normal
1697514622.353,46.738,1800.0,1.5,10.6,normal
1697514622.856,44.79,1800.0,3.5,10.6,normal
1697514623.359,44.303,1800.0,3.5,10.7,normal
1697514623.861,45.277,1800.0,2.5,10.7,normal
1697514624.364,44.79,1800.0,4.4,10.7,normal
1697514624.866,45.277,1800.0,3.0,10.7,normal
1697514625.369,46.738,1800.0,4.5,10.7,normal
1697514625.874,45.277,600.0,3.5,10.7,normal
1697514626.379,43.816,800.0,5.0,10.7,normal
1697514626.884,44.303,800.0,7.0,10.5,normal
1697514627.387,47.225,1800.0,29.2,10.5,normal
1697514627.89,45.277,1800.0,21.7,10.7,normal
1697514628.392,45.277,1800.0,4.0,10.7,normal
1697514628.895,46.251,1800.0,3.5,10.7,normal
1697514629.397,45.277,1800.0,5.0,10.7,normal
1697514629.9,44.79,1800.0,3.0,10.7,normal
1697514630.402,46.738,1800.0,3.0,10.7,normal
1697514630.905,44.79,1800.0,2.0,10.7,normal
1697514631.407,45.764,1800.0,4.5,10.7,normal
1697514631.91,44.79,1800.0,3.5,10.7,normal
1697514632.414,44.303,800.0,5.0,10.7,normal
1697514632.918,45.277,1800.0,12.4,9.9,normal
1697514633.423,46.738,1800.0,34.7,10.5,normal
1697514633.925,46.251,1800.0,13.9,10.6,normal
1697514634.428,45.764,1800.0,5.4,10.6,normal
1697514634.93,45.277,1800.0,3.0,10.6,normal
1697514635.433,45.277,1800.0,3.5,10.6,normal
1697514635.935,45.764,1800.0,3.0,10.6,normal
1697514636.438,45.277,1800.0,3.5,10.6,normal
1697514636.941,45.764,1800.0,3.5,10.6,normal
1697514637.443,45.277,1800.0,2.5,10.6,normal
1697514637.948,46.251,700.0,4.4,10.7,normal
1697514638.453,45.277,600.0,5.4,10.7,normal
1697514638.958,45.277,900.0,5.9,10.6,normal
1697514639.461,46.251,1800.0,29.9,10.4,normal
1697514639.963,45.764,1800.0,24.4,10.6,normal
1697514640.466,44.79,1800.0,4.0,10.6,normal
1697514640.969,45.764,1800.0,4.0,10.6,normal
1697514641.471,45.277,1800.0,3.0,10.6,normal
1697514641.974,45.764,1800.0,3.5,10.6,normal
1697514642.476,45.764,1800.0,3.5,10.6,normal
1697514642.979,46.738,1800.0,3.5,10.6,normal
1697514643.481,45.277,1800.0,3.5,10.6,normal
1697514643.984,45.277,1800.0,3.5,10.6,normal
1697514644.488,45.764,900.0,6.9,10.7,normal
1697514644.994,44.303,600.0,4.0,10.7,normal
1697514645.497,45.277,1800.0,22.9,10.2,normal
1697514645.999,46.251,1800.0,33.0,10.6,normal
1697514646.502,46.251,1800.0,3.5,10.6,normal
1697514647.005,44.79,1800.0,2.5,10.6,normal
1697514647.507,45.764,1800.0,2.0,10.6,normal
1697514648.01,45.764,1800.0,1.5,10.6,normal
1697514648.512,45.764,1800.0,1.5,10.6,normal
1697514649.015,45.764,1800.0,4.5,10.6,normal
1697514649.518,45.277,1800.0,6.4,10.6,normal
1697514650.02,44.79,1800.0,3.0,10.6,normal
1697514650.527,45.277,600.0,3.9,10.6,normal
1697514651.033,44.303,600.0,5.4,10.6,normal
1697514651.536,45.764,1100.0,16.8,10.1,normal
1697514652.04,46.738,1800.0,35.2,10.6,normal
1697514652.542,45.277,1800.0,9.9,10.6,normal
1697514653.045,44.79,1800.0,3.5,10.6,normal
1697514653.548,45.277,1800.0,4.5,10.6,normal
1697514654.05,44.79,1800.0,3.5,10.7,normal
1697514654.553,46.738,1800.0,3.5,10.7,normal
1697514655.055,46.251,1800.0,2.5,10.7,normal
1697514655.558,45.277,1800.0,5.4,10.6,normal
1697514656.061,45.277,1800.0,2.5,10.7,normal
1697514656.565,46.251,1800.0,4.0,10.7,normal
1697514657.072,45.277,600.0,5.0,10.7,normal
1697514657.577,43.816,700.0,5.0,10.6,normal
1697514658.081,45.764,1800.0,29.5,10.4,normal
1697514658.583,46.251,1800.0,25.5,10.6,normal
1697514659.086,45.277,1800.0,3.0,10.6,normal
1697514659.588,44.79,1800.0,5.0,10.6,normal
1697514660.091,44.79,1800.0,3.0,10.6,normal
1697514660.594,45.764,1800.0,3.0,10.7,normal
1697514661.096,45.277,1800.0,4.0,10.7,normal
1697514661.599,45.764,1800.0,4.0,10.7,normal
1697514662.101,45.277,1800.0,3.0,10.7,normal
1697514662.604,45.764,1800.0,2.5,10.7,normal
1697514663.109,44.79,600.0,3.0,10.7,normal
1697514663.613,45.277,1200.0,10.4,9.6,normal
1697514664.116,45.764,1800.0,29.2,10.5,normal
1697514664.619,45.764,1800.0,21.2,10.6,normal
1697514665.121,46.738,1800.0,2.5,10.6,normal
1697514665.624,45.764,1800.0,3.5,10.6,normal
1697514666.126,45.764,1800.0,3.0,10.6,normal
1697514666.629,45.277,1800.0,3.0,10.6,normal
1697514667.132,45.764,1800.0,3.0,10.6,normal
1697514667.635,45.277,1800.0,3.5,10.7,normal
1697514668.137,45.764,1800.0,3.5,10.7,normal
1697514668.64,45.277,1800.0,5.0,10.7,normal
1697514669.146,45.764,600.0,3.5,10.7,normal
1697514669.656,44.79,800.0,6.4,10.7,normal
1697514670.16,46.251,1800.0,28.4,10.5,normal
1697514670.663,45.764,1800.0,27.7,10.6,normal
1697514671.165,45.764,1800.0,4.0,10.6,normal
1697514671.668,45.764,1800.0,4.4,10.6,normal
1697514672.17,44.79,1800.0,3.0,10.6,normal
1697514672.673,44.79,1800.0,3.0,10.6,normal
1697514673.176,46.251,1800.0,3.0,10.6,normal
1697514673.678,45.764,1800.0,3.5,10.6,normal
1697514674.181,46.251,1800.0,2.0,10.6,normal
1697514674.684,46.251,1800.0,5.9,10.7,normal
1697514675.189,45.764,600.0,4.5,10.7,normal
1697514675.694,44.79,600.0,4.0,10.6,normal
1697514676.197,45.277,1800.0,20.0,10.2,normal
1697514676.7,46.251,1800.0,36.0,10.6,normal
1697514677.203,45.764,1800.0,3.5,10.6,normal
1697514677.705,46.738,1800.0,4.0,10.6,normal
1697514678.208,46.251,1800.0,4.5,10.6,normal
1697514678.71,45.277,1800.0,2.5,10.7,normal
1697514679.213,45.277,1800.0,3.5,10.7,normal
1697514679.718,45.277,1800.0,3.5,10.7,normal
1697514680.22,46.251,1800.0,4.0,10.7,normal
1697514680.723,46.251,1800.0,3.5,10.7,normal
1697514681.227,44.79,900.0,4.0,10.7,normal
1697514681.731,44.303,900.0,5.4,10.7,normal
1697514682.235,45.277,1800.0,23.3,10.3,normal
1697514682.737,45.277,1800.0,32.5,10.7,normal
1697514683.24,45.277,1800.0,3.5,10.7,normal
1697514683.743,45.764,1800.0,3.5,10.7,normal
1697514684.245,46.251,1800.0,4.0,10.7,normal
1697514684.748,45.277,1800.0,4.5,10.7,normal
1697514685.25,45.764,1800.0,3.0,10.7,normal
1697514685.753,45.764,1800.0,3.0,10.7,normal
1697514686.255,45.277,1800.0,4.0,10.7,normal
1697514686.758,45.277,1800.0,4.5,10.7,normal
1697514687.262,44.79,900.0,4.5,10.7,normal
1697514687.766,45.277,800.0,4.0,10.7,normal
1697514688.269,44.79,1800.0,15.5,10.1,normal
1697514688.772,46.738,1800.0,38.5,10.5,normal
1697514689.274,45.764,1800.0,6.0,10.6,normal
1697514689.777,45.764,1800.0,4.0,10.6,normal
1697514690.279,45.277,1800.0,4.5,10.6,normal
1697514690.782,44.79,1800.0,3.5,10.6,normal
1697514691.284,45.764,1800.0,3.5,10.6,normal
1697514691.787,45.277,1800.0,4.5,10.6,normal
1697514692.29,44.303,1800.0,3.5,10.7,normal
1697514692.792,45.277,1800.0,3.5,10.6,normal
1697514693.298,45.764,600.0,3.0,10.7,normal
1697514693.802,44.79,900.0,5.4,10.6,normal
1697514694.306,44.79,900.0,8.5,9.6,normal
1697514694.81,46.251,1800.0,29.9,10.5,normal
1697514695.313,45.764,1800.0,22.0,10.6,normal
1697514695.815,45.764,1800.0,2.5,10.6,normal
1697514696.318,45.277,1800.0,5.0,10.6,normal
1697514696.82,44.303,1800.0,4.0,10.6,normal
1697514697.323,45.277,1800.0,2.5,10.6,normal
1697514697.825,46.251,1800.0,3.0,10.6,normal
1697514698.328,45.277,1800.0,3.5,10.6,normal
1697514698.83,46.251,1800.0,3.5,10.6,normal
1697514699.333,45.277,1800.0,3.5,10.6,normal
1697514699.838,45.277,700.0,5.4,10.6,normal
1697514700.342,44.79,800.0,5.9,10.6,normal
1697514700.846,45.277,1800.0,26.0,10.5,normal
1697514701.348,46.251,1800.0,28.1,10.7,normal
1697514701.851,45.764,1800.0,3.5,10.7,normal
1697514702.353,45.764,1800.0,2.5,10.7,normal
1697514702.856,45.277,1800.0,3.0,10.7,normal
1697514703.359,45.277,1800.0,2.5,10.6,normal
1697514703.861,45.764,1800.0,2.0,10.7,normal
1697514704.363,45.764,1800.0,4.5,10.7,normal
1697514704.866,44.79,1800.0,3.5,10.7,normal
1697514705.368,45.277,1800.0,3.0,10.7,normal
1697514705.873,45.764,700.0,3.0,10.7,normal
1697514706.379,44.303,600.0,3.4,10.6,normal
1697514706.882,46.251,1800.0,20.1,10.3,normal
1697514707.384,45.277,1800.0,32.5,10.7,normal
1697514707.887,45.277,1800.0,2.0,10.7,normal
1697514708.39,45.764,1800.0,2.5,10.7,normal
1697514708.892,45.277,1800.0,3.5,10.7,normal
1697514709.395,44.79,1800.0,3.0,10.7,normal
1697514709.897,45.277,1800.0,5.0,10.7,normal
1697514710.4,46.251,1800.0,4.5,10.7,normal
1697514710.902,45.764,1800.0,3.5,10.7,normal
1697514711.405,45.277,1800.0,3.5,10.7,normal
1697514711.909,45.277,900.0,5.4,10.7,normal
1697514712.414,45.277,600.0,4.5,10.7,normal
1697514712.917,46.251,1800.0,24.8,10.4,normal
1697514713.42,45.764,1800.0,29.5,10.7,normal
1697514713.923,46.251,1800.0,3.5,10.7,normal
1697514714.425,45.764,1800.0,4.0,10.6,normal
1697514714.928,45.277,1800.0,4.5,10.7,normal
1697514715.43,45.764,1800.0,3.0,10.7,normal
1697514715.933,44.79,1800.0,3.5,10.6,normal
1697514716.435,46.251,1800.0,4.0,10.7,normal
1697514716.938,44.303,1800.0,4.0,10.7,normal
1697514717.44,44.303,1800.0,3.0,10.7,normal
1697514717.945,43.816,800.0,4.4,10.7,normal
1697514718.449,45.764,900.0,4.0,10.7,normal
1697514718.952,45.764,1800.0,18.0,10.3,normal
1697514719.454,45.764,1800.0,37.7,10.7,normal
1697514719.957,46.251,1800.0,4.0,10.7,normal
1697514720.459,45.277,1800.0,3.5,10.7,normal
1697514720.962,45.764,1800.0,3.5,10.7,normal
1697514721.464,46.251,1800.0,5.0,10.7,normal
1697514721.967,45.277,1800.0,4.5,10.7,normal
1697514722.469,44.79,1800.0,3.0,10.7,normal
1697514722.972,45.277,1800.0,4.9,10.7,normal
1697514723.474,45.277,1800.0,4.5,10.7,normal
1697514723.979,44.303,750.0,3.5,10.7,normal
1697514724.483,44.79,900.0,6.0,10.7,normal
1697514724.987,45.764,1800.0,11.4,9.7,normal
1697514725.49,45.764,1800.0,30.5,10.5,normal
1697514725.993,44.79,1800.0,17.6,10.7,normal
1697514726.496,45.277,1800.0,4.0,10.7,normal
1697514726.998,44.303,1800.0,3.5,10.7,normal
1697514727.501,45.764,1800.0,3.5,10.7,normal
1697514728.003,45.277,1800.0,3.0,10.7,normal
1697514728.506,45.277,1800.0,3.0,10.7,normal
1697514729.008,45.277,1800.0,3.5,10.7,normal
1697514729.511,44.79,1800.0,4.5,10.7,normal
1697514730.016,45.764,700.0,4.0,10.7,normal
1697514730.521,45.277,700.0,5.0,10.7,normal
1697514731.023,46.251,1800.0,16.3,10.2,normal
1697514731.526,47.225,1800.0,37.6,10.6,normal
1697514732.029,45.764,1800.0,5.5,10.7,normal
1697514732.531,46.251,1800.0,3.0,10.7,normal
1697514733.034,45.764,1800.0,2.5,10.7,normal
1697514733.537,45.277,1800.0,4.0,10.7,normal
1697514734.039,44.79,1800.0,4.0,10.7,normal
1697514734.542,45.277,1800.0,5.4,10.7,normal
1697514735.044,46.251,1800.0,2.0,10.7,normal
1697514735.547,44.79,1800.0,4.0,10.7,normal
1697514736.052,45.764,700.0,3.5,10.7,normal
1697514736.557,45.764,700.0,3.5,10.7,normal
1697514737.06,45.764,1800.0,19.9,10.4,normal
1697514737.562,45.764,1800.0,33.7,10.7,normal
1697514738.065,45.277,1800.0,4.5,10.7,normal
1697514738.567,45.277,1800.0,4.0,10.7,normal
1697514739.07,45.277,1800.0,4.0,10.7,normal
1697514739.573,45.764,1800.0,4.0,10.7,normal
1697514740.075,45.764,1800.0,3.5,10.7,normal
1697514740.578,45.277,1800.0,4.5,10.7,normal
1697514741.08,44.79,1800.0,12.5,10.7,normal
1697514741.583,45.277,1800.0,3.9,10.7,normal
1697514742.089,45.764,600.0,3.0,10.7,normal
1697514742.595,45.764,600.0,5.4,10.7,normal
1697514743.098,46.251,1800.0,12.6,10.1,normal
1697514743.602,46.251,1800.0,35.0,10.6,normal
1697514744.104,45.764,1800.0,9.0,10.7,normal
1697514744.607,45.277,1800.0,5.0,10.7,normal
1697514745.11,45.764,1800.0,2.5,10.7,normal
1697514745.612,46.251,1800.0,3.0,10.7,normal
1697514746.115,45.277,1800.0,2.5,10.7,normal
1697514746.617,45.764,1800.0,3.0,10.7,normal
1697514747.12,45.277,1800.0,3.0,10.6,normal
1697514747.622,45.764,1800.0,3.5,10.6,normal
1697514748.128,44.79,700.0,3.5,10.6,normal
1697514748.633,46.251,600.0,4.9,10.6,normal
1697514749.141,45.277,600.0,5.9,10.6,normal
1697514749.643,45.277,1800.0,30.3,10.5,normal
1697514750.146,46.251,1800.0,23.6,10.7,normal
1697514750.648,44.79,1800.0,4.0,10.7,normal
1697514751.151,44.79,1800.0,4.5,10.7,normal
1697514751.654,46.251,1800.0,2.5,10.7,normal
1697514752.156,45.764,1800.0,3.5,10.7,normal
1697514752.659,45.277,1800.0,3.5,10.7,normal
1697514753.161,45.277,1800.0,3.0,10.7,normal
1697514753.664,45.764,1800.0,3.0,10.7,normal
1697514754.166,45.764,1800.0,4.0,10.7,normal
1697514754.678,44.79,700.0,4.9,10.7,normal
1697514755.184,44.79,600.0,3.0,10.7,normal
1697514755.687,45.764,1800.0,27.7,10.4,normal
1697514756.19,44.79,1800.0,29.3,10.6,normal
1697514756.693,44.79,1800.0,5.5,10.7,normal
1697514757.195,45.277,1800.0,4.0,10.7,normal
1697514757.698,44.79,1800.0,3.0,10.7,normal
1697514758.2,45.764,1800.0,3.0,10.7,normal
1697514758.703,45.277,1800.0,4.0,10.7,normal
1697514759.205,44.79,1800.0,4.0,10.7,normal
1697514759.708,46.251,1800.0,4.5,10.7,normal
1697514760.211,45.764,1800.0,3.9,10.7,normal
1697514760.715,45.277,800.0,5.0,10.7,normal
1697514761.219,45.764,975.0,6.4,10.7,normal
1697514761.722,44.79,1800.0,27.2,10.5,normal
1697514762.225,46.251,1800.0,24.7,10.7,normal
1697514762.727,45.277,1800.0,4.0,10.7,normal
1697514763.23,45.277,1800.0,3.5,10.7,normal
1697514763.732,45.277,1800.0,4.0,10.7,normal
1697514764.235,45.277,1800.0,3.5,10.7,normal
1697514764.738,46.251,1800.0,3.5,10.7,normal
1697514765.24,46.251,1800.0,4.0,10.7,normal
1697514765.743,44.79,1800.0,3.0,10.7,normal
1697514766.245,45.764,1800.0,2.5,10.7,normal
1697514766.75,44.79,700.0,3.4,10.7,normal
1697514767.254,45.764,1100.0,8.4,9.7,normal
1697514767.757,45.764,1800.0,26.0,10.6,normal
1697514768.26,45.764,1800.0,18.5,10.7,normal
1697514768.762,45.764,1800.0,8.5,10.7,normal
1697514769.265,45.764,1800.0,4.0,10.7,normal
1697514769.767,45.277,1800.0,4.0,10.7,normal
1697514770.27,45.277,1800.0,4.5,10.7,normal
1697514770.772,45.764,1800.0,4.0,10.7,normal
1697514771.275,45.277,1800.0,3.5,10.7,normal
1697514771.777,45.277,1800.0,3.0,10.7,normal
1697514772.28,45.277,1800.0,3.5,10.7,normal
1697514772.785,44.79,700.0,5.0,10.7,normal
1697514773.289,45.764,900.0,4.5,10.7,normal
1697514773.793,45.764,1800.0,26.4,10.5,normal
1697514774.295,44.79,1800.0,27.8,10.7,normal
1697514774.798,45.277,1800.0,4.5,10.7,normal
1697514775.3,45.764,1800.0,3.9,10.7,normal
1697514775.803,45.764,1800.0,3.5,10.7,normal
1697514776.306,45.277,1800.0,3.5,10.7,normal
1697514776.808,45.764,1800.0,3.5,10.7,normal
1697514777.311,44.79,1800.0,3.5,10.7,normal
1697514777.813,45.277,1800.0,3.5,10.7,normal
1697514778.316,44.79,1800.0,5.0,10.7,normal
1697514778.82,43.816,800.0,4.5,10.7,normal
1697514779.324,45.764,900.0,4.5,10.7,normal
1697514779.827,45.277,1800.0,21.9,10.3,normal
1697514780.33,45.277,1800.0,34.2,10.7,normal
1697514780.832,45.277,1800.0,3.0,10.7,normal
1697514781.335,46.251,1800.0,5.0,10.7,normal
1697514781.837,45.277,1800.0,4.0,10.7,normal
1697514782.34,44.79,1800.0,3.0,10.7,normal
1697514782.843,45.277,1800.0,4.0,10.7,normal
1697514783.345,45.277,1800.0,3.0,10.7,normal
1697514783.848,45.764,1800.0,4.0,10.7,normal
1697514784.35,45.277,1800.0,3.5,10.7,normal
1697514784.855,45.277,800.0,5.9,10.7,normal
1697514785.36,44.79,700.0,3.5,10.6,normal
1697514785.864,45.764,1800.0,24.1,10.3,normal
1697514786.367,45.764,1800.0,28.6,10.6,normal
1697514786.869,44.79,1800.0,4.0,10.6,normal
1697514787.372,45.277,1800.0,2.5,10.6,normal
1697514787.874,45.277,1800.0,2.5,10.6,normal
1697514788.377,45.764,1800.0,3.0,10.6,normal
1697514788.879,45.764,1800.0,2.5,10.6,normal
1697514789.382,44.79,1800.0,5.4,10.6,normal
1697514789.885,45.764,1800.0,3.5,10.7,normal
1697514790.387,44.79,1800.0,4.0,10.7,normal
1697514790.893,45.277,600.0,4.0,10.7,normal
1697514791.398,45.764,800.0,7.4,10.7,normal
1697514791.901,46.251,1800.0,16.1,10.2,normal
1697514792.404,45.764,1800.0,37.9,10.5,normal
1697514792.906,45.764,1800.0,5.0,10.6,normal
1697514793.409,45.277,1800.0,3.5,10.6,normal
1697514793.912,46.738,1800.0,3.0,10.6,normal
1697514794.414,46.738,1800.0,4.5,10.6,normal
1697514794.917,45.277,1800.0,3.5,10.6,normal
1697514795.419,44.303,1800.0,4.0,10.6,normal
1697514795.922,45.277,1800.0,3.5,10.6,normal
1697514796.424,44.79,1800.0,3.5,10.7,normal
1697514796.93,45.277,600.0,3.4,10.7,normal
1697514797.435,45.277,800.0,4.0,10.7,normal
1697514797.939,44.79,900.0,11.3,9.6,normal
1697514798.442,44.79,1800.0,28.2,10.5,normal
1697514798.944,45.277,1800.0,20.5,10.7,normal
1697514799.447,45.764,1800.0,5.0,10.7,normal
1697514799.95,45.764,1800.0,4.0,10.7,normal
1697514800.452,45.764,1800.0,3.0,10.7,normal
1697514800.955,45.764,1800.0,3.0,10.7,normal
1697514801.457,45.764,1800.0,3.5,10.7,normal
1697514801.96,45.277,1800.0,4.0,10.7,normal
1697514802.462,45.277,1800.0,4.0,10.7,normal
1697514802.965,45.277,1800.0,3.5,10.7,normal
1697514803.469,45.764,800.0,4.9,10.6,normal
1697514803.974,43.329,700.0,5.4,10.7,normal
1697514804.478,45.764,1800.0,28.2,10.4,normal
1697514804.981,45.764,1800.0,28.3,10.6,normal
1697514805.483,44.79,1800.0,3.0,10.6,normal
1697514805.986,45.764,1800.0,4.0,10.6,normal
1697514806.488,46.251,1800.0,4.0,10.7,normal
1697514806.991,45.764,1800.0,3.5,10.7,normal
1697514807.493,45.277,1800.0,3.5,10.6,normal
1697514807.996,44.79,1800.0,3.0,10.7,normal
1697514808.498,44.79,1800.0,4.4,10.7,normal
1697514809.001,45.277,1800.0,3.0,10.6,normal
1697514809.505,44.79,900.0,4.5,10.7,normal
1697514810.01,45.764,700.0,4.0,10.7,normal
1697514810.513,45.764,1800.0,19.0,10.2,normal
1697514811.015,46.251,1800.0,35.7,10.6,normal
1697514811.518,46.738,1800.0,3.5,10.6,normal
1697514812.02,45.277,1800.0,3.0,10.6,normal
1697514812.523,45.277,1800.0,4.0,10.6,normal
1697514813.026,45.764,1800.0,4.0,10.6,normal
1697514813.528,45.277,1800.0,3.0,10.6,normal
1697514814.031,45.764,1800.0,3.5,10.6,normal
1697514814.533,45.277,1800.0,4.5,10.7,normal
1697514815.036,45.764,1800.0,4.5,10.7,normal
1697514815.541,45.764,600.0,4.4,10.7,normal
1697514816.046,46.251,600.0,4.5,10.7,normal
1697514816.55,45.764,1800.0,24.1,10.3,normal
1697514817.053,46.251,1800.0,30.3,10.6,normal
1697514817.556,45.764,1800.0,3.0,10.6,normal
1697514818.058,45.277,1800.0,3.0,10.6,normal
1697514818.561,45.277,1800.0,3.9,10.6,normal
1697514819.063,45.764,1800.0,3.5,10.6,normal
1697514819.566,45.764,1800.0,5.0,10.6,normal
1697514820.068,46.251,1800.0,3.5,10.7,normal
1697514820.571,45.277,1800.0,3.5,10.7,normal
1697514821.073,46.738,1800.0,4.0,10.7,normal
1697514821.578,45.277,800.0,4.0,10.7,normal
1697514822.083,44.303,600.0,3.5,10.7,normal
1697514822.586,46.251,1800.0,16.5,10.2,normal
1697514823.089,45.764,1800.0,37.6,10.5,normal
1697514823.591,45.764,1800.0,4.0,10.6,normal
1697514824.094,44.79,1800.0,3.4,10.6,normal
1697514824.597,46.738,1800.0,3.5,10.6,normal
1697514825.099,45.764,1800.0,3.0,10.6,normal
1697514825.602,45.764,1800.0,4.9,10.6,normal
1697514826.104,46.738,1800.0,3.0,10.6,normal
1697514826.607,45.277,1800.0,3.0,10.6,normal
1697514827.109,45.277,1800.0,1.5,10.6,normal
1697514827.615,45.277,600.0,3.4,10.6,normal
1697514828.121,45.277,600.0,2.5,10.6,normal
1697514828.624,46.251,1800.0,24.4,10.2,normal
1697514829.127,45.764,1800.0,32.0,10.6,normal
1697514829.629,45.277,1800.0,3.0,10.6,normal
1697514830.132,45.764,1800.0,4.5,10.6,normal
1697514830.634,45.764,1800.0,3.0,10.6,normal
1697514831.137,45.277,1800.0,3.5,10.6,normal
1697514831.639,46.251,1800.0,3.0,10.6,normal
1697514832.142,46.251,1800.0,3.5,10.6,normal
1697514832.645,46.738,1800.0,3.0,10.6,normal
1697514833.147,46.738,1800.0,3.5,10.6,normal
1697514833.653,44.79,600.0,3.9,10.7,normal
1697514834.159,44.79,600.0,6.4,10.7,normal
1697514834.662,45.764,1800.0,15.9,10.1,normal
1697514835.165,45.764,1800.0,36.2,10.6,normal
1697514835.668,45.277,1800.0,4.5,10.6,normal
1697514836.17,45.764,1800.0,3.5,10.6,normal
1697514836.673,46.251,1800.0,5.0,10.7,normal
1697514837.175,44.79,1800.0,3.0,10.7,normal
1697514837.678,45.764,1800.0,3.5,10.7,normal
1697514838.18,45.277,1800.0,3.0,10.7,normal
1697514838.683,45.277,1800.0,4.0,10.7,normal
1697514839.186,45.277,1800.0,3.0,10.7,normal
1697514839.69,45.277,800.0,5.4,10.7,normal
1697514840.194,45.277,800.0,4.5,10.7,normal
1697514840.697,46.251,1800.0,17.6,10.3,normal
1697514841.2,46.251,1800.0,37.4,10.6,normal
1697514841.703,46.251,1800.0,3.5,10.6,normal
1697514842.205,45.764,1800.0,4.0,10.6,normal
1697514842.708,44.79,1800.0,4.0,10.6,normal
1697514843.21,45.277,1800.0,3.5,10.6,normal
1697514843.713,46.251,1800.0,4.0,10.6,normal
1697514844.215,45.764,1800.0,3.5,10.6,normal
1697514844.718,46.738,1800.0,5.0,10.6,normal
1697514845.22,44.79,1800.0,3.5,10.6,normal
1697514845.726,44.79,600.0,4.5,10.6,normal
1697514846.231,44.303,700.0,4.9,10.6,normal
1697514846.734,44.79,1800.0,12.9,10.1,normal
1697514847.238,45.764,1800.0,34.8,10.6,normal
1697514847.741,45.764,1800.0,10.9,10.7,normal
1697514848.243,44.79,1800.0,3.5,10.7,normal
1697514848.746,47.225,1800.0,3.5,10.7,normal
1697514849.249,44.79,1800.0,4.0,10.7,normal
1697514849.751,45.764,1800.0,4.0,10.7,normal
1697514850.254,45.764,1800.0,3.0,10.7,normal
1697514850.756,45.764,1800.0,4.4,10.7,normal
1697514851.259,45.277,1800.0,4.0,10.6,normal
1697514851.764,44.79,700.0,3.4,10.7,normal
1697514852.268,45.277,900.0,4.5,10.7,normal
1697514852.772,45.764,900.0,5.5,10.6,normal
1697514853.276,45.277,1800.0,29.7,10.5,normal
1697514853.778,46.251,1800.0,24.1,10.7,normal
1697514854.281,45.277,1800.0,3.5,10.7,normal
1697514854.783,45.277,1800.0,3.5,10.7,normal
1697514855.286,46.251,1800.0,4.0,10.7,normal
1697514855.788,45.277,1800.0,3.5,10.7,normal
1697514856.291,45.764,1800.0,2.5,10.7,normal
1697514856.794,44.79,1800.0,3.5,10.7,normal
1697514857.296,45.277,1800.0,4.0,10.7,normal
1697514857.799,45.277,1800.0,3.5,10.7,normal
1697514858.302,45.277,1200.0,4.5,10.7,normal
1697514858.806,45.764,1000.0,7.4,10.7,normal
1697514859.309,45.277,1800.0,24.1,10.4,normal
1697514859.811,46.251,1800.0,33.8,10.7,normal
1697514860.314,46.251,1800.0,3.0,10.7,normal
1697514860.816,45.764,1800.0,4.5,10.7,normal
1697514861.319,45.277,1800.0,4.0,10.7,normal
1697514861.821,46.251,1800.0,3.5,10.7,normal
1697514862.324,45.764,1800.0,2.5,10.7,normal
1697514862.827,45.277,1800.0,3.5,10.8,normal
1697514863.329,45.764,1800.0,3.5,10.8,normal
1697514863.832,45.277,1800.0,4.0,10.8,normal
1697514864.336,45.277,800.0,5.4,10.8,normal
1697514864.842,45.277,600.0,5.4,10.8,normal
1697514865.345,46.251,1800.0,17.4,10.2,normal
1697514865.847,45.764,1800.0,36.0,10.7,normal
1697514866.35,46.251,1800.0,5.5,10.7,normal
1697514866.852,44.79,1800.0,2.5,10.7,normal
1697514867.355,44.303,1800.0,3.0,10.7,normal
1697514867.857,45.764,1800.0,4.0,10.7,normal
1697514868.36,44.79,1800.0,2.5,10.7,normal
1697514868.863,45.277,1800.0,3.5,10.7,normal
1697514869.365,44.79,1800.0,4.0,10.7,normal
1697514869.868,45.277,1800.0,3.0,10.7,normal
1697514870.373,46.251,600.0,3.5,10.8,normal
1697514870.879,44.79,600.0,3.5,10.8,normal
1697514871.383,45.764,1800.0,8.5,9.8,normal
1697514871.886,45.277,1800.0,29.4,10.6,normal
1697514872.388,45.277,1800.0,16.2,10.7,normal
1697514872.891,44.79,1800.0,2.5,10.7,normal
1697514873.394,45.764,1800.0,3.0,10.7,normal
1697514873.896,45.277,1800.0,4.0,10.7,normal
1697514874.399,45.764,1800.0,3.5,10.7,normal
1697514874.901,45.277,1800.0,4.0,10.7,normal
1697514875.404,45.764,1800.0,3.0,10.7,normal
1697514875.906,45.764,1800.0,3.5,10.7,normal
1697514876.411,45.764,700.0,4.4,10.7,normal
1697514876.917,45.277,600.0,4.5,10.7,normal
1697514877.422,45.764,600.0,5.4,10.6,normal
1697514877.926,46.251,1800.0,28.4,10.4,normal
1697514878.428,45.277,1800.0,26.7,10.6,normal
1697514878.931,45.277,1800.0,3.5,10.6,normal
1697514879.433,45.277,1800.0,4.0,10.6,normal
1697514879.936,45.277,1800.0,4.4,10.6,normal
1697514880.439,45.764,1800.0,3.0,10.6,normal
1697514880.941,45.764,1800.0,3.0,10.6,normal
1697514881.444,45.764,1800.0,4.0,10.6,normal
1697514881.946,46.251,1800.0,4.0,10.6,normal
1697514882.449,46.251,1800.0,4.0,10.6,normal
1697514882.953,43.816,800.0,5.9,10.7,normal
1697514883.457,44.79,1800.0,10.0,9.8,normal
1697514883.96,46.738,1800.0,31.3,10.6,normal
1697514884.463,45.764,1800.0,16.9,10.6,normal
1697514884.965,45.277,1800.0,3.5,10.6,normal
1697514885.468,45.764,1800.0,3.5,10.6,normal
1697514885.971,45.277,1800.0,2.0,10.7,normal
1697514886.473,46.251,1800.0,2.5,10.7,normal
1697514886.975,44.79,1800.0,2.0,10.7,normal
1697514887.478,45.277,1800.0,2.0,10.7,normal
1697514887.981,45.277,1800.0,1.0,10.7,normal
1697514888.486,44.79,700.0,4.9,10.7,normal
1697514888.989,44.303,1800.0,9.9,10.7,normal
1697514889.492,45.277,1800.0,2.0,10.6,normal
1697514889.995,45.277,1800.0,28.2,10.5,normal
1697514890.497,46.738,1800.0,23.7,10.6,normal
1697514891.0,45.277,1800.0,4.0,10.6,normal
1697514891.503,45.277,1800.0,3.5,10.6,normal
1697514892.005,45.764,1800.0,4.5,10.6,normal
1697514892.508,45.764,1800.0,3.0,10.6,normal
1697514893.01,45.277,1800.0,3.4,10.6,normal
1697514893.513,44.79,1800.0,3.0,10.6,normal
1697514894.017,45.764,800.0,5.0,10.6,normal
1697514894.521,46.738,900.0,6.4,10.6,normal
1697514895.026,44.79,700.0,4.0,10.7,normal
1697514895.53,45.277,900.0,5.4,10.7,normal
1697514896.033,45.277,1800.0,23.4,10.3,normal
1697514896.536,44.79,1800.0,31.5,10.7,normal
1697514897.039,45.277,1800.0,3.5,10.7,normal
1697514897.541,45.277,1800.0,3.0,10.7,normal
1697514898.044,45.764,1800.0,4.0,10.7,normal
1697514898.546,45.764,1800.0,3.0,10.7,normal
1697514899.049,46.738,1800.0,3.0,10.7,normal
1697514899.551,45.277,1800.0,4.5,10.7,normal
1697514900.054,44.79,1800.0,3.5,10.7,normal
1697514900.557,45.764,1800.0,2.5,10.7,normal
1697514901.061,44.303,800.0,6.4,10.7,normal
1697514901.565,45.277,800.0,3.5,10.7,normal
1697514902.068,45.764,1800.0,17.4,10.1,normal
1697514902.571,46.251,1800.0,36.8,10.6,normal
1697514903.074,46.738,1800.0,6.0,10.6,normal
1697514903.576,45.764,1800.0,3.0,10.6,normal
1697514904.079,45.277,1800.0,3.9,10.6,normal
1697514904.582,45.277,1800.0,5.9,10.6,normal
1697514905.084,45.764,1800.0,3.0,10.6,normal
1697514905.587,46.251,1800.0,2.5,10.6,normal
1697514906.09,45.277,1800.0,1.5,10.6,normal
1697514906.592,46.251,1800.0,4.5,10.7,normal
1697514907.098,44.79,600.0,3.4,10.6,normal
1697514907.603,44.303,600.0,5.0,10.6,normal
1697514908.11,44.79,600.0,6.9,10.5,normal
1697514908.613,46.738,1800.0,28.9,10.4,normal
1697514909.116,45.764,1800.0,22.5,10.6,normal
1697514909.618,45.764,1800.0,5.4,10.6,normal
1697514910.121,45.764,1800.0,3.5,10.6,normal
1697514910.624,45.277,1800.0,4.0,10.6,normal
1697514911.127,45.764,1800.0,1.0,10.6,normal
1697514911.629,44.79,1800.0,2.0,10.6,normal
1697514912.132,45.277,1800.0,3.5,10.6,normal
1697514912.635,45.277,1800.0,4.0,10.7,normal
1697514913.14,43.816,700.0,3.5,10.7,normal
1697514913.646,45.277,600.0,4.5,10.7,normal
1697514914.151,44.303,1800.0,9.9,9.6,normal
1697514914.654,45.764,1800.0,28.1,10.5,normal
1697514915.156,45.277,1800.0,20.5,10.7,normal
1697514915.659,46.251,1800.0,3.5,10.7,normal
1697514916.161,45.277,1800.0,3.0,10.7,normal
1697514916.665,45.277,1800.0,3.0,10.7,normal
1697514917.167,45.764,1800.0,4.0,10.7,normal
1697514917.67,45.764,1800.0,4.5,10.7,normal
1697514918.172,45.277,1800.0,3.5,10.7,normal
1697514918.675,45.764,1800.0,4.0,10.7,normal
1697514919.18,45.764,700.0,3.9,10.7,normal
1697514919.684,45.277,900.0,7.4,10.7,normal
1697514920.187,45.764,1800.0,14.4,10.0,normal
1697514920.691,46.251,1800.0,35.5,10.6,normal
1697514921.194,44.79,1800.0,10.4,10.6,normal
1697514921.696,46.251,1800.0,3.5,10.6,normal
1697514922.199,45.764,1800.0,3.5,10.6,normal
1697514922.701,45.764,1800.0,3.0,10.6,normal
1697514923.204,45.277,1800.0,4.5,10.6,normal
1697514923.706,46.738,1800.0,3.5,10.6,normal
1697514924.209,45.764,1800.0,3.0,10.6,normal
1697514924.711,45.764,1800.0,4.9,10.6,normal
1697514925.216,45.277,700.0,4.0,10.6,normal
1697514925.721,45.277,800.0,3.0,10.6,normal
1697514926.225,45.277,1000.0,7.9,10.5,normal
1697514926.728,45.764,1800.0,28.4,10.4,normal
1697514927.231,44.79,1800.0,23.1,10.6,normal
1697514927.734,45.764,1800.0,4.5,10.6,normal
1697514928.236,45.277,1800.0,3.5,10.6,normal
1697514928.739,45.764,1800.0,3.5,10.6,normal
1697514929.241,46.251,1800.0,3.0,10.6,normal
1697514929.744,45.764,1800.0,5.0,10.6,normal
1697514930.246,44.303,1800.0,4.0,10.6,normal
1697514930.749,45.764,1800.0,3.0,10.6,normal
1697514931.251,45.277,1800.0,3.0,10.6,normal
1697514931.756,45.277,900.0,5.9,10.6,normal
1697514932.26,45.764,900.0,5.0,10.6,normal
1697514932.763,45.764,1800.0,22.6,10.3,normal
1697514933.266,45.764,1800.0,32.0,10.6,normal
1697514933.768,45.764,1800.0,3.5,10.6,normal
1697514934.271,46.251,1800.0,4.5,10.6,normal
1697514934.773,46.738,1800.0,4.5,10.6,normal
1697514935.276,45.764,1800.0,3.5,10.6,normal
1697514935.779,45.764,1800.0,3.5,10.6,normal
1697514936.281,46.251,1800.0,4.5,10.6,normal
1697514936.784,45.277,1800.0,2.5,10.6,normal
1697514937.286,45.764,1800.0,3.9,10.6,normal
1697514937.79,45.277,900.0,4.5,10.6,normal
1697514938.295,44.303,800.0,5.4,10.6,normal
1697514938.798,45.764,1800.0,18.0,10.2,normal
1697514939.3,45.277,1800.0,37.3,10.6,normal
1697514939.803,45.764,1800.0,5.5,10.7,normal
1697514940.305,45.277,1800.0,4.5,10.7,normal
1697514940.808,45.764,1800.0,2.5,10.7,normal
1697514941.31,45.277,1800.0,1.5,10.7,normal
1697514941.813,44.79,1800.0,1.0,10.7,normal
1697514942.315,44.303,1800.0,5.0,10.7,normal
1697514942.818,44.79,1800.0,4.0,10.7,normal
1697514943.321,45.764,1800.0,3.0,10.7,normal
1697514943.826,44.79,700.0,3.9,10.7,normal
1697514944.33,44.79,800.0,4.9,10.7,normal
1697514944.836,44.79,700.0,9.4,10.6,normal
1697514945.339,45.764,1800.0,28.9,10.5,normal
1697514945.842,44.79,1800.0,21.4,10.7,normal
1697514946.345,45.277,1800.0,3.0,10.7,normal
1697514946.847,45.277,1800.0,2.5,10.7,normal
1697514947.35,45.277,1800.0,2.5,10.7,normal
1697514947.852,45.764,1800.0,3.0,10.7,normal
1697514948.355,46.251,1800.0,2.0,10.7,normal
1697514948.857,44.79,1800.0,4.5,10.7,normal
1697514949.36,44.79,1800.0,5.0,10.7,normal
1697514949.862,46.738,1800.0,4.5,10.7,normal
1697514950.368,45.277,600.0,4.5,10.6,normal
1697514950.872,45.277,1800.0,12.9,10.1,normal
1697514951.375,46.251,1800.0,35.0,10.6,normal
1697514951.878,46.738,1800.0,12.9,10.7,normal
1697514952.38,46.251,1800.0,3.5,10.7,normal
1697514952.883,45.764,1800.0,3.5,10.7,normal
1697514953.386,45.277,1800.0,3.0,10.7,normal
1697514953.888,45.764,1800.0,2.5,10.7,normal
1697514954.391,45.277,1800.0,4.0,10.7,normal
1697514954.893,45.764,1800.0,2.5,10.7,normal
1697514955.396,45.764,1800.0,2.5,10.7,normal
1697514955.9,45.277,700.0,3.5,10.7,normal
1697514956.405,45.277,800.0,5.9,10.7,normal
1697514956.908,45.764,1800.0,16.0,10.2,normal
1697514957.411,46.251,1800.0,38.4,10.6,normal
1697514957.913,45.277,1800.0,4.5,10.7,normal
1697514958.416,44.79,1800.0,3.9,10.7,normal
1697514958.919,45.764,1800.0,3.0,10.7,normal
1697514959.421,45.277,1800.0,4.5,10.7,normal
1697514959.924,45.277,1800.0,3.5,10.7,normal
1697514960.426,45.764,1800.0,3.5,10.7,normal
1697514960.929,44.303,1800.0,3.5,10.7,normal
1697514961.431,44.79,1800.0,3.5,10.6,normal
1697514961.936,45.764,700.0,3.5,10.7,normal
1697514962.442,44.79,600.0,3.9,10.7,normal
1697514962.947,43.816,1000.0,9.5,9.7,normal
1697514963.452,46.251,1800.0,28.9,10.5,normal
1697514963.955,45.764,1800.0,20.8,10.7,normal
1697514964.457,44.79,1800.0,4.0,10.7,normal
1697514964.96,45.764,1800.0,3.5,10.7,normal
1697514965.463,44.79,1800.0,3.4,10.7,normal
1697514965.965,45.277,1800.0,4.0,10.7,normal
1697514966.468,45.764,1800.0,4.0,10.7,normal
1697514966.97,46.738,1800.0,3.5,10.7,normal
1697514967.473,45.764,1800.0,3.0,10.7,normal
1697514967.978,45.277,700.0,3.0,10.7,normal
1697514968.482,44.79,900.0,5.9,10.7,normal
1697514968.988,44.303,600.0,5.0,10.7,normal
1697514969.492,46.251,1800.0,28.7,10.5,normal
1697514969.995,46.251,1800.0,28.5,10.7,normal
1697514970.497,44.79,1800.0,3.5,10.7,normal
1697514971.0,45.764,1800.0,3.5,10.7,normal
1697514971.502,45.764,1800.0,3.5,10.7,normal
1697514972.005,45.277,1800.0,3.9,10.7,normal
1697514972.507,45.277,1800.0,3.0,10.7,normal
1697514973.01,45.764,1800.0,4.0,10.7,normal
1697514973.513,45.764,1800.0,4.0,10.7,normal
1697514974.015,45.277,1800.0,2.5,10.7,normal
1697514974.52,44.303,800.0,6.4,10.7,normal
1697514975.025,44.79,700.0,4.4,10.7,normal
1697514975.527,44.79,1800.0,18.6,10.3,normal
1697514976.03,45.764,1800.0,36.6,10.7,normal
1697514976.533,45.764,1800.0,4.0,10.7,normal
1697514977.035,44.79,1800.0,3.5,10.7,normal
1697514977.538,45.764,1800.0,4.0,10.7,normal
1697514978.04,46.251,1800.0,3.5,10.7,normal
1697514978.543,46.251,1800.0,3.0,10.7,normal
1697514979.045,45.277,1800.0,3.5,10.7,normal
1697514979.548,45.277,1800.0,5.0,10.7,normal
1697514980.051,45.277,1800.0,3.5,10.6,normal
1697514980.555,45.764,725.0,4.4,10.7,normal
1697514981.06,44.79,700.0,5.4,10.7,normal
1697514981.564,45.764,1800.0,12.4,9.8,normal
1697514982.068,45.764,1800.0,31.7,10.5,normal
1697514982.571,45.764,1800.0,15.4,10.6,normal
1697514983.073,45.764,1800.0,2.5,10.6,normal
1697514983.576,45.277,1800.0,2.0,10.6,normal
1697514984.079,45.277,1800.0,2.0,10.7,normal
1697514984.581,44.79,1800.0,4.5,10.7,normal
1697514985.084,45.277,1800.0,3.0,10.7,normal
1697514985.586,45.764,1800.0,4.5,10.7,normal
1697514986.089,45.764,1800.0,3.0,10.7,normal
1697514986.593,45.277,700.0,3.9,10.7,normal
1697514987.099,44.79,600.0,4.0,10.7,normal
1697514987.604,45.277,800.0,5.5,10.6,normal
1697514988.107,45.277,1800.0,28.9,10.5,normal
1697514988.61,45.277,1800.0,23.6,10.6,normal
1697514989.112,46.251,1800.0,3.5,10.6,normal
1697514989.615,45.277,1800.0,5.0,10.6,normal
1697514990.117,45.277,1800.0,3.5,10.7,normal
1697514990.62,45.277,1800.0,4.0,10.7,normal
1697514991.123,45.764,1800.0,4.4,10.6,normal
1697514991.626,44.79,1800.0,4.5,10.7,normal
1697514992.128,46.251,1800.0,3.0,10.7,normal
1697514992.631,45.764,1800.0,4.0,10.7,normal
1697514993.135,45.764,800.0,3.0,10.7,normal
1697514993.641,44.79,600.0,5.0,10.7,normal
1697514994.145,45.277,1800.0,25.7,10.4,normal
1697514994.648,46.251,1800.0,32.2,10.7,normal
1697514995.15,46.251,1800.0,3.5,10.7,normal
1697514995.653,46.251,1800.0,2.5,10.7,normal
1697514996.155,46.251,1800.0,3.0,10.7,normal
1697514996.658,45.277,1800.0,2.5,10.7,normal
1697514997.161,45.764,1800.0,2.5,10.7,normal
1697514997.663,46.251,1800.0,2.5,10.7,normal
1697514998.166,44.79,1800.0,3.4,10.6,normal
1697514998.669,45.764,1800.0,3.5,10.6,normal
1697514999.173,45.277,900.0,3.5,10.7,normal
1697514999.678,45.277,725.0,6.9,10.6,normal
1697515000.181,45.764,1800.0,16.5,10.3,normal
1697515000.684,45.764,1800.0,37.9,10.7,normal
1697515001.187,46.251,1800.0,3.0,10.7,normal
1697515001.69,45.277,1800.0,4.0,10.7,normal
1697515002.192,45.277,1800.0,3.5,10.6,normal
1697515002.695,45.764,1800.0,3.0,10.6,normal
1697515003.197,45.764,1800.0,3.0,10.7,normal
1697515003.7,45.764,1800.0,4.0,10.6,normal
1697515004.202,45.277,1800.0,3.5,10.6,normal
1697515004.705,46.251,1800.0,3.5,10.6,normal
1697515005.209,44.79,800.0,4.5,10.6,normal
1697515005.714,45.277,700.0,2.5,10.6,normal
1697515006.217,45.277,1800.0,19.4,10.3,normal
1697515006.719,45.764,1800.0,35.8,10.6,normal
1697515007.222,45.764,1800.0,2.0,10.6,normal
1697515007.725,45.277,1800.0,4.5,10.6,normal
1697515008.227,45.764,1800.0,1.5,10.6,normal
1697515008.73,45.764,1800.0,3.0,10.6,normal
1697515009.232,44.79,1800.0,6.0,10.6,normal
1697515009.735,45.277,1800.0,6.4,10.6,normal
1697515010.237,44.79,1800.0,3.5,10.6,normal
1697515010.74,44.79,1800.0,4.0,10.6,normal
1697515011.244,44.79,900.0,4.5,10.6,normal
1697515011.748,44.79,900.0,5.0,10.6,normal
1697515012.251,45.277,1800.0,14.1,10.1,normal
1697515012.754,46.738,1800.0,37.0,10.6,normal
1697515013.257,45.764,1800.0,7.5,10.6,normal
1697515013.759,46.251,1800.0,4.0,10.6,normal
1697515014.262,45.277,1800.0,3.5,10.6,normal
1697515014.764,45.764,1800.0,4.5,10.7,normal
1697515015.267,45.764,1800.0,3.5,10.7,normal
1697515015.77,44.79,1800.0,3.5,10.7,normal
1697515016.272,44.79,1800.0,3.5,10.7,normal
1697515016.775,45.277,1800.0,3.5,10.7,normal
1697515017.28,45.764,600.0,3.4,10.7,normal
1697515017.785,44.79,800.0,4.0,10.7,normal
1697515018.288,45.277,1800.0,18.5,10.2,normal
1697515018.79,45.277,1800.0,36.8,10.6,normal
1697515019.293,45.277,1800.0,4.0,10.7,normal
1697515019.796,46.251,1800.0,4.5,10.7,normal
1697515020.298,44.79,1800.0,4.0,10.7,normal
1697515020.801,45.764,1800.0,3.0,10.7,normal
1697515021.303,45.764,1800.0,4.5,10.7,normal
1697515021.806,45.277,1800.0,3.5,10.7,normal
1697515022.308,45.764,1800.0,4.0,10.7,normal
1697515022.811,45.277,1800.0,3.0,10.7,normal
1697515023.315,45.277,900.0,4.0,10.7,normal
1697515023.821,44.303,600.0,4.4,10.7,normal
1697515024.324,45.277,1800.0,12.4,9.9,normal
1697515024.828,46.251,1800.0,32.8,10.6,normal
1697515025.331,44.79,1800.0,15.4,10.7,normal
1697515025.834,45.764,1800.0,4.0,10.7,normal
1697515026.336,44.79,1800.0,4.5,10.7,normal
1697515026.839,45.764,1800.0,4.0,10.7,normal
1697515027.341,45.764,1800.0,2.5,10.7,normal
1697515027.844,46.251,1800.0,4.0,10.7,normal
1697515028.346,45.764,1800.0,3.5,10.7,normal
1697515028.849,45.277,1800.0,4.0,10.7,normal
1697515029.354,44.79,700.0,3.5,10.7,normal
1697515029.859,46.251,600.0,6.4,10.7,normal
1697515030.367,44.303,600.0,4.9,10.7,normal
1697515030.87,46.251,1800.0,28.9,10.5,normal
1697515031.372,45.764,1800.0,25.5,10.7,normal
1697515031.875,45.764,1800.0,3.0,10.7,normal
1697515032.377,45.277,1800.0,3.9,10.7,normal
1697515032.88,45.764,1800.0,3.0,10.7,normal
1697515033.383,46.738,1800.0,3.5,10.7,normal
1697515033.885,45.277,1800.0,3.0,10.7,normal
1697515034.388,44.79,1800.0,3.0,10.7,normal
1697515034.89,46.251,1800.0,3.5,10.7,normal
1697515035.393,45.277,1800.0,4.5,10.7,normal
1697515035.898,45.277,600.0,3.0,10.7,normal
1697515036.404,43.329,600.0,4.4,10.7,normal
1697515036.907,45.764,1800.0,23.3,10.4,normal
1697515037.41,45.764,1800.0,34.0,10.7,normal
1697515037.912,46.251,1800.0,2.0,10.7,normal
1697515038.415,44.79,1800.0,3.0,10.7,normal
1697515038.918,45.277,1800.0,2.5,10.7,normal
1697515039.42,44.79,1800.0,4.4,10.7,normal
1697515039.923,45.277,1800.0,4.0,10.7,normal
1697515040.425,45.764,1800.0,3.5,10.7,normal
1697515040.928,45.277,1800.0,3.0,10.7,normal
1697515041.43,44.303,1800.0,3.5,10.7,normal
1697515041.936,44.79,600.0,4.0,10.7,normal
1697515042.441,44.303,800.0,5.9,10.7,normal
1697515042.943,45.764,1800.0,13.5,10.3,normal
1697515043.446,47.225,1800.0,38.8,10.7,normal
1697515043.949,45.764,1800.0,6.5,10.7,normal
1697515044.451,46.251,1800.0,3.5,10.7,normal
1697515044.954,44.303,1800.0,3.5,10.7,normal
1697515045.456,45.277,1800.0,4.0,10.7,normal
1697515045.959,45.277,1800.0,2.5,10.7,normal
1697515046.462,45.277,1800.0,3.5,10.7,normal
1697515046.964,45.764,1800.0,3.0,10.7,normal
1697515047.467,45.764,1800.0,4.0,10.7,normal
1697515047.972,44.79,700.0,2.5,10.7,normal
1697515048.477,45.764,600.0,4.9,10.7,normal
1697515048.98,43.329,1800.0,9.4,10.1,normal
1697515049.484,45.277,1800.0,29.4,10.6,normal
1697515049.986,45.277,1800.0,21.6,10.7,normal
1697515050.489,45.764,1800.0,3.0,10.7,normal
1697515050.991,45.764,1800.0,3.5,10.7,normal
1697515051.494,45.277,1800.0,4.5,10.7,normal
1697515051.996,44.79,1800.0,4.0,10.7,normal
1697515052.499,45.277,1800.0,3.0,10.7,normal
1697515053.001,45.764,1800.0,4.0,10.6,normal
1697515053.504,44.79,1800.0,4.0,10.7,normal
1697515054.007,45.277,1800.0,3.5,10.7,normal
1697515054.511,44.303,900.0,5.5,10.6,normal
1697515055.013,44.303,1800.0,14.4,10.0,normal
1697515055.517,46.738,1800.0,34.7,10.6,normal
1697515056.02,45.277,1800.0,11.9,10.6,normal
1697515056.522,44.79,1800.0,2.5,10.6,normal
1697515057.025,44.79,1800.0,3.5,10.6,normal
1697515057.527,45.764,1800.0,3.5,10.7,normal
1697515058.03,44.79,1800.0,4.0,10.7,normal
1697515058.533,44.303,1800.0,3.5,10.7,normal
1697515059.035,45.277,1800.0,2.5,10.7,normal
1697515059.538,44.79,1800.0,3.5,10.7,normal
1697515060.042,45.277,700.0,4.9,10.7,normal
1697515060.546,45.764,1000.0,5.4,10.7,normal
1697515061.052,46.738,900.0,6.5,10.6,normal
1697515061.555,45.764,1800.0,28.5,10.5,normal
1697515062.057,45.277,1800.0,24.5,10.7,normal
1697515062.56,46.251,1800.0,3.0,10.6,normal
1697515063.063,45.277,1800.0,3.9,10.6,normal
1697515063.565,45.764,1800.0,3.0,10.7,normal
1697515064.068,45.277,1800.0,3.5,10.6,normal
1697515064.57,44.79,1800.0,4.9,10.7,normal
1697515065.073,45.764,1800.0,2.5,10.7,normal
1697515065.575,45.277,1800.0,3.5,10.6,normal
1697515066.078,44.303,1800.0,3.5,10.7,normal
1697515066.582,45.277,900.0,4.5,10.7,normal
1697515067.088,44.79,600.0,1.5,10.7,normal
1697515067.592,45.764,1800.0,24.3,10.3,normal
1697515068.095,46.738,1800.0,30.8,10.7,normal
1697515068.597,44.79,1800.0,2.5,10.7,normal
1697515069.1,45.764,1800.0,3.5,10.7,normal
1697515069.602,46.251,1800.0,6.5,10.7,normal
1697515070.105,44.79,1800.0,4.0,10.7,normal
1697515070.607,45.764,1800.0,3.0,10.7,normal
1697515071.11,44.79,1800.0,3.5,10.7,normal
1697515071.612,45.277,1800.0,3.5,10.7,normal
1697515072.115,45.764,1800.0,3.5,10.7,normal
1697515072.621,44.79,600.0,4.0,10.7,normal
1697515073.125,45.277,900.0,5.5,10.7,normal
1697515073.629,45.764,1800.0,28.2,10.5,normal
1697515074.131,46.251,1800.0,26.5,10.7,normal
1697515074.634,45.277,1800.0,4.0,10.7,normal
1697515075.137,46.738,1800.0,3.5,10.7,normal
1697515075.639,45.277,1800.0,4.5,10.7,normal
1697515076.142,46.251,1800.0,3.0,10.7,normal
1697515076.645,46.251,1800.0,3.5,10.7,normal
1697515077.147,45.764,1800.0,5.0,10.7,normal
1697515077.65,45.277,1800.0,3.0,10.7,normal
1697515078.152,45.764,1800.0,2.0,10.7,normal
1697515078.658,46.251,600.0,2.5,10.7,normal
1697515079.164,44.303,600.0,5.4,10.7,normal
1697515079.667,46.738,1800.0,22.5,10.3,normal
1697515080.169,45.277,1800.0,32.5,10.6,normal
1697515080.672,46.738,1800.0,3.5,10.6,normal
1697515081.175,46.738,1800.0,4.4,10.7,normal
1697515081.677,45.764,1800.0,4.0,10.7,normal
1697515082.18,46.251,1800.0,3.0,10.7,normal
1697515082.682,45.764,1800.0,3.0,10.7,normal
1697515083.185,44.79,1800.0,3.4,10.7,normal
1697515083.687,45.277,1800.0,3.0,10.7,normal
1697515084.19,45.764,1800.0,4.0,10.7,normal
1697515084.696,45.764,600.0,4.9,10.7,normal
1697515085.201,45.277,800.0,5.9,10.7,normal
1697515085.705,46.738,1800.0,26.9,10.5,normal
1697515086.207,45.277,1800.0,27.0,10.7,normal
1697515086.71,46.738,1800.0,3.0,10.7,normal
1697515087.212,45.764,1800.0,4.0,10.7,normal
1697515087.715,45.764,1800.0,4.0,10.7,normal
1697515088.218,45.277,1800.0,3.5,10.7,normal
1697515088.72,46.738,1800.0,3.0,10.7,normal
1697515089.223,44.79,1800.0,4.0,10.7,normal
1697515089.725,45.277,1800.0,4.5,10.7,normal
1697515090.228,44.79,1800.0,3.5,10.7,normal
1697515090.732,44.79,900.0,3.5,10.7,normal
1697515091.236,45.277,800.0,3.9,10.7,normal
1697515091.74,45.764,1800.0,22.8,10.3,normal
1697515092.242,45.764,1800.0,33.7,10.6,normal
1697515092.745,45.764,1800.0,3.0,10.6,normal
1697515093.247,45.764,1800.0,4.0,10.6,normal
1697515093.75,46.251,1800.0,3.5,10.7,normal
1697515094.253,44.79,1800.0,3.0,10.7,normal
1697515094.755,45.764,1800.0,5.0,10.7,normal
1697515095.258,44.79,1800.0,3.5,10.7,normal
1697515095.76,46.251,1800.0,4.5,10.7,normal
1697515096.263,45.764,1800.0,3.5,10.7,normal
1697515096.767,45.277,900.0,4.5,10.7,normal
1697515097.271,45.277,800.0,4.0,10.7,normal
1697515097.774,45.277,1800.0,16.3,10.2,normal
1697515098.277,45.764,1800.0,36.2,10.7,normal
1697515098.78,45.764,1800.0,6.9,10.7,normal
1697515099.282,45.764,1800.0,4.0,10.7,normal
1697515099.785,45.764,1800.0,4.5,10.7,normal
1697515100.287,45.277,1800.0,3.0,10.7,normal
1697515100.79,44.79,1800.0,4.0,10.7,normal
1697515101.293,45.277,1800.0,2.5,10.7,normal
1697515101.795,45.764,1800.0,4.4,10.7,normal
1697515102.298,45.277,1800.0,3.9,10.7,normal
1697515102.803,45.764,600.0,3.0,10.7,normal
1697515103.308,44.79,800.0,4.0,10.7,normal
1697515103.813,44.303,700.0,5.4,10.7,normal
1697515104.316,45.277,1800.0,28.4,10.5,normal
1697515104.819,45.764,1800.0,26.4,10.7,normal
1697515105.322,46.251,1800.0,4.0,10.7,normal
1697515105.824,43.816,1800.0,4.0,10.7,normal
1697515106.327,45.764,1800.0,3.5,10.7,normal
1697515106.829,46.251,1800.0,3.5,10.7,normal
1697515107.332,45.764,1800.0,3.0,10.7,normal
1697515107.835,45.764,1800.0,4.9,10.7,normal
1697515108.337,45.764,1800.0,3.5,10.7,normal
1697515108.84,45.764,1800.0,3.5,10.7,normal
1697515109.345,46.251,600.0,5.0,10.7,normal
1697515109.848,44.79,1800.0,10.9,9.5,normal
1697515110.351,46.251,1800.0,28.4,10.5,normal
1697515110.853,45.277,1800.0,20.5,10.7,normal
1697515111.356,45.764,1800.0,3.0,10.7,normal
1697515111.858,44.79,1800.0,4.0,10.7,normal
1697515112.361,44.79,1800.0,3.0,10.7,normal
1697515112.863,45.764,1800.0,3.0,10.7,normal
1697515113.366,45.764,1800.0,3.0,10.7,normal
1697515113.869,45.277,1800.0,4.5,10.7,normal
1697515114.371,45.764,1800.0,3.9,10.7,normal
1697515114.876,46.251,700.0,4.5,10.7,normal
1697515115.382,44.79,600.0,5.0,10.7,normal
1697515115.887,43.816,600.0,5.9,10.7,normal
1697515116.391,45.277,1800.0,25.9,10.5,normal
1697515116.894,45.764,1800.0,29.1,10.7,normal
1697515117.396,45.277,1800.0,3.5,10.7,normal
1697515117.899,46.251,1800.0,3.5,10.7,normal
1697515118.401,45.277,1800.0,2.5,10.7,normal
1697515118.904,44.79,1800.0,3.0,10.7,normal
1697515119.406,45.277,1800.0,4.0,10.7,normal
1697515119.909,45.277,1800.0,3.0,10.7,normal
1697515120.411,45.764,1800.0,3.0,10.7,normal
1697515120.914,44.79,1800.0,2.5,10.7,normal
1697515121.419,44.303,600.0,4.9,10.7,normal
1697515121.925,45.277,600.0,6.0,10.6,normal
1697515122.428,45.764,1800.0,29.6,10.5,normal
1697515122.931,46.251,1800.0,24.6,10.6,normal
1697515123.434,44.79,1800.0,3.0,10.6,normal
1697515123.936,45.764,1800.0,4.0,10.6,normal
1697515124.439,45.764,1800.0,4.0,10.7,normal
1697515124.941,46.251,1800.0,2.5,10.6,normal
1697515125.444,44.79,1800.0,3.5,10.6,normal
1697515125.946,46.251,1800.0,1.5,10.6,normal
1697515126.449,45.277,1800.0,3.5,10.6,normal
1697515126.951,46.251,1800.0,2.0,10.6,normal
1697515127.456,45.277,700.0,5.0,10.6,normal
1697515127.961,44.303,700.0,4.5,10.6,normal
1697515128.464,46.251,1800.0,22.9,10.3,normal
1697515128.967,45.764,1800.0,33.2,10.6,normal
1697515129.47,46.251,1800.0,4.0,10.6,normal
1697515129.972,45.277,1800.0,4.0,10.7,normal
1697515130.475,46.251,1800.0,4.0,10.7,normal
1697515130.977,45.764,1800.0,4.0,10.7,normal
1697515131.48,45.277,1800.0,3.0,10.7,normal
1697515131.982,46.251,1800.0,3.0,10.7,normal
1697515132.485,45.764,1800.0,4.0,10.7,normal
1697515132.987,45.764,1800.0,3.0,10.7,normal
1697515133.492,44.303,900.0,4.5,10.7,normal
1697515133.998,43.816,600.0,4.0,10.7,normal
1697515134.501,45.277,1800.0,28.4,10.4,normal
1697515135.003,45.764,1800.0,29.7,10.7,normal
1697515135.506,45.764,1800.0,4.0,10.7,normal
1697515136.008,45.277,1800.0,3.5,10.7,normal
1697515136.511,44.79,1800.0,2.5,10.7,normal
1697515137.014,45.764,1800.0,3.0,10.7,normal
1697515137.516,45.277,1800.0,3.0,10.7,normal
1697515138.019,45.764,1800.0,3.5,10.7,normal
1697515138.521,45.764,1800.0,3.5,10.7,normal
1697515139.024,45.764,1800.0,4.0,10.7,normal
1697515139.528,45.277,900.0,5.0,10.7,normal
1697515140.033,43.816,600.0,5.0,10.7,normal
1697515140.536,45.277,1800.0,19.0,10.3,normal
1697515141.039,46.251,1800.0,37.9,10.7,normal
1697515141.542,45.764,1800.0,3.5,10.7,normal
1697515142.044,45.277,1800.0,3.9,10.7,normal
1697515142.547,44.79,1800.0,3.5,10.7,normal
1697515143.049,46.251,1800.0,4.0,10.7,normal
1697515143.552,45.764,1800.0,3.5,10.7,normal
1697515144.054,44.79,1800.0,3.5,10.7,normal
1697515144.557,45.764,1800.0,4.0,10.7,normal
1697515145.059,44.303,1800.0,5.4,10.7,normal
1697515145.564,45.764,700.0,3.5,10.7,normal
1697515146.069,44.303,700.0,5.9,10.7,normal
1697515146.573,44.79,1800.0,11.0,10.1,normal
1697515147.076,46.738,1800.0,33.3,10.6,normal
1697515147.579,45.764,1800.0,14.9,10.7,normal
1697515148.081,45.764,1800.0,4.0,10.7,normal
1697515148.584,45.277,1800.0,4.0,10.7,normal
1697515149.086,45.764,1800.0,3.5,10.7,normal
1697515149.589,44.79,1800.0,5.0,10.7,normal
1697515150.091,45.277,1800.0,2.5,10.7,normal
1697515150.594,44.303,1800.0,3.5,10.7,normal
1697515151.096,45.764,1800.0,3.5,10.7,normal
1697515151.601,45.277,800.0,3.5,10.7,normal
1697515152.106,45.277,900.0,4.5,10.6,normal
1697515152.61,44.79,800.0,4.0,10.6,normal
1697515153.113,45.277,1800.0,28.1,10.5,normal
1697515153.616,45.277,1800.0,26.5,10.7,normal
1697515154.118,46.251,1800.0,3.5,10.7,normal
1697515154.621,46.251,1800.0,4.5,10.7,normal
1697515155.124,44.79,1800.0,2.5,10.7,normal
1697515155.627,45.277,1800.0,4.4,10.7,normal
1697515156.13,45.764,1800.0,4.5,10.7,normal
1697515156.632,45.764,1800.0,3.0,10.7,normal
1697515157.135,46.738,1800.0,3.5,10.7,normal
1697515157.638,45.277,1800.0,3.0,10.7,normal
1697515158.143,44.79,600.0,5.9,10.7,normal
1697515158.647,46.251,1800.0,7.9,9.6,normal
1697515159.149,45.764,1800.0,29.4,10.5,normal
1697515159.652,46.738,1800.0,22.6,10.7,normal
1697515160.155,45.764,1800.0,4.0,10.7,normal
1697515160.657,46.251,1800.0,3.5,10.7,normal
1697515161.16,46.251,1800.0,2.0,10.7,normal
1697515161.662,45.764,1800.0,4.0,10.7,normal
1697515162.165,46.251,1800.0,1.5,10.7,normal
1697515162.667,45.277,1800.0,2.5,10.7,normal
1697515163.17,46.738,1800.0,3.9,10.7,normal
1697515163.675,45.277,700.0,3.0,10.7,normal
1697515164.179,45.764,1000.0,4.0,10.7,normal
1697515164.682,44.79,1800.0,14.4,10.1,normal
1697515165.185,46.738,1800.0,35.8,10.6,normal
1697515165.687,45.277,1800.0,10.4,10.6,normal
1697515166.19,45.764,1800.0,3.5,10.7,normal
1697515166.692,46.251,1800.0,3.5,10.7,normal
1697515167.195,45.764,1800.0,2.5,10.7,normal
1697515167.698,46.251,1800.0,4.0,10.7,normal
1697515168.2,46.738,1800.0,3.5,10.7,normal
1697515168.703,46.251,1800.0,3.0,10.7,normal
1697515169.205,45.764,1800.0,2.5,10.7,normal
1697515169.71,46.251,700.0,6.4,10.7,normal
1697515170.216,45.277,600.0,4.0,10.7,normal
1697515170.723,45.277,750.0,6.4,10.5,normal
1697515171.226,46.251,1800.0,28.2,10.5,normal
1697515171.729,45.277,1800.0,23.7,10.7,normal
1697515172.231,44.79,1800.0,3.5,10.7,normal
1697515172.734,45.277,1800.0,3.9,10.7,normal
1697515173.236,45.277,1800.0,3.0,10.7,normal
1697515173.739,44.79,1800.0,4.0,10.7,normal
1697515174.241,45.277,1800.0,4.0,10.7,normal
1697515174.744,45.277,1800.0,4.5,10.7,normal
1697515175.247,44.79,1800.0,4.0,10.7,normal
1697515175.749,46.251,1800.0,3.5,10.7,normal
1697515176.253,46.738,900.0,4.4,10.7,normal
1697515176.755,44.303,1800.0,12.1,9.7,normal
1697515177.259,45.764,1800.0,29.7,10.5,normal
1697515177.762,46.738,1800.0,18.7,10.7,normal
1697515178.264,46.251,1800.0,3.0,10.7,normal
1697515178.767,45.764,1800.0,3.0,10.7,normal
1697515179.269,44.79,1800.0,3.9,10.7,normal
1697515179.772,44.303,1800.0,5.0,10.7,normal
1697515180.274,45.277,1800.0,3.5,10.7,normal
1697515180.777,45.764,1800.0,3.5,10.7,normal
1697515181.28,45.764,1800.0,3.5,10.7,normal
1697515181.784,45.764,700.0,4.5,10.7,normal
1697515182.289,44.79,900.0,5.0,10.7,normal
1697515182.792,45.764,1800.0,13.0,10.1,normal
1697515183.296,45.764,1800.0,34.8,10.6,normal
1697515183.799,46.251,1800.0,11.5,10.7,normal
1697515184.301,45.277,1800.0,3.5,10.7,normal
1697515184.804,45.764,1800.0,4.5,10.7,normal
1697515185.306,45.764,1800.0,3.5,10.7,normal
1697515185.809,45.764,1800.0,1.5,10.7,normal
1697515186.311,45.277,1800.0,4.5,10.7,normal
1697515186.814,45.764,1800.0,2.5,10.7,normal
1697515187.316,44.79,1800.0,1.5,10.7,normal
1697515187.821,45.764,800.0,2.0,10.7,normal
1697515188.326,44.79,600.0,2.5,10.7,normal
1697515188.829,45.277,1800.0,15.7,10.2,normal
1697515189.332,46.251,1800.0,42.1,10.6,normal
1697515189.835,46.251,1800.0,5.4,10.7,normal
1697515190.337,45.764,1800.0,4.5,10.7,normal
1697515190.84,46.251,1800.0,3.5,10.7,normal
1697515191.342,45.277,1800.0,4.0,10.7,normal
1697515191.845,45.277,1800.0,2.5,10.7,normal
1697515192.347,46.251,1800.0,4.0,10.7,normal
1697515192.85,45.764,1800.0,3.0,10.7,normal
1697515193.353,45.764,1800.0,3.0,10.7,normal
1697515193.858,45.277,600.0,4.0,10.7,normal
1697515194.363,46.251,1100.0,5.4,10.7,normal
1697515194.866,45.764,1800.0,23.8,10.3,normal
1697515195.368,45.277,1800.0,31.8,10.7,normal
1697515195.871,44.79,1800.0,3.9,10.7,normal
1697515196.374,45.764,1800.0,4.0,10.7,normal
1697515196.876,45.277,1800.0,3.5,10.7,normal
1697515197.379,45.277,1800.0,2.5,10.7,normal
1697515197.881,45.764,1800.0,3.5,10.7,normal
1697515198.384,45.764,1800.0,4.0,10.7,normal
1697515198.886,44.303,1800.0,3.0,10.7,normal
1697515199.389,45.277,1800.0,4.4,10.7,normal
1697515199.894,46.251,600.0,4.9,10.7,normal
1697515200.4,45.277,600.0,4.9,10.7,normal
1697515200.903,45.764,1800.0,27.0,10.4,normal
1697515201.406,46.738,1800.0,28.1,10.6,normal
1697515201.908,46.738,1800.0,3.0,10.6,normal
1697515202.411,46.251,1800.0,3.5,10.7,normal
1697515202.913,45.277,1800.0,3.0,10.7,normal
1697515203.416,45.764,1800.0,3.0,10.7,normal
1697515203.918,44.79,1800.0,2.5,10.7,normal
1697515204.421,46.251,1800.0,4.0,10.7,normal
1697515204.924,44.79,1800.0,3.0,10.7,normal
1697515205.426,45.277,1800.0,3.0,10.7,normal
1697515205.932,45.764,600.0,4.9,10.7,normal
1697515206.438,44.303,600.0,5.0,10.6,normal
1697515206.941,45.764,1800.0,28.6,10.4,normal
1697515207.443,45.277,1800.0,23.5,10.6,normal
1697515207.946,45.764,1800.0,3.5,10.6,normal
1697515208.449,45.764,1800.0,4.0,10.6,normal
1697515208.951,45.764,1800.0,4.4,10.6,normal
1697515209.454,45.764,1800.0,4.5,10.7,normal
1697515209.956,44.79,1800.0,2.5,10.7,normal
1697515210.459,44.79,1800.0,4.5,10.7,normal
1697515210.961,46.251,1800.0,3.0,10.7,normal
1697515211.464,45.764,1800.0,4.0,10.7,normal
1697515211.969,45.764,600.0,5.0,10.7,normal
1697515212.475,44.303,600.0,5.4,10.7,normal
1697515212.979,47.225,1800.0,24.9,10.4,normal
1697515213.481,45.764,1800.0,28.8,10.6,normal
1697515213.984,46.251,1800.0,3.5,10.6,normal
1697515214.486,45.764,1800.0,5.0,10.6,normal
1697515214.989,45.277,1800.0,3.0,10.6,normal
1697515215.491,46.251,1800.0,3.0,10.6,normal
1697515215.994,45.764,1800.0,3.0,10.6,normal
1697515216.497,45.277,1800.0,3.5,10.7,normal
1697515216.999,45.277,1800.0,3.0,10.7,normal
1697515217.502,45.277,1800.0,3.5,10.6,normal
1697515218.006,43.329,800.0,4.9,10.7,normal
1697515218.512,44.79,600.0,6.4,10.7,normal
1697515219.015,44.79,1800.0,17.5,10.3,normal
1697515219.517,46.251,1800.0,37.2,10.6,normal
1697515220.02,45.277,1800.0,4.5,10.6,normal
1697515220.523,45.764,1800.0,2.5,10.6,normal
1697515221.025,45.764,1800.0,3.5,10.7,normal
1697515221.528,45.277,1800.0,3.5,10.7,normal
1697515222.03,45.764,1800.0,2.5,10.7,normal
1697515222.533,45.764,1800.0,3.9,10.7,normal
1697515223.035,44.79,1800.0,3.0,10.7,normal
1697515223.538,45.764,1800.0,4.0,10.7,normal
1697515224.042,45.764,800.0,4.0,10.7,normal
1697515224.547,44.303,700.0,5.4,10.7,normal
1697515225.051,45.764,1800.0,24.5,10.4,normal
1697515225.554,46.251,1800.0,31.2,10.6,normal
1697515226.056,45.277,1800.0,3.5,10.6,normal
1697515226.559,44.79,1800.0,3.5,10.6,normal
1697515227.061,44.79,1800.0,4.0,10.7,normal
1697515227.564,45.764,1800.0,4.0,10.7,normal
1697515228.066,45.277,1800.0,3.5,10.7,normal
1697515228.569,44.79,1800.0,2.5,10.7,normal
1697515229.071,45.764,1800.0,4.4,10.7,normal
1697515229.574,44.79,1800.0,4.5,10.7,normal
1697515230.078,45.764,800.0,4.0,10.7,normal
1697515230.584,44.79,600.0,3.5,10.7,normal
1697515231.087,45.277,1800.0,18.2,10.2,normal
1697515231.59,46.738,1800.0,36.8,10.7,normal
1697515232.092,45.764,1800.0,5.0,10.7,normal
1697515232.595,45.277,1800.0,3.0,10.7,normal
1697515233.098,45.277,1800.0,3.0,10.7,normal
1697515233.6,46.251,1800.0,3.5,10.7,normal
1697515234.103,45.764,1800.0,3.0,10.7,normal
1697515234.605,45.764,1800.0,5.0,10.7,normal
1697515235.108,45.277,1800.0,3.9,10.7,normal
1697515235.611,45.277,1800.0,4.0,10.7,normal
1697515236.115,45.764,700.0,3.5,10.7,normal
1697515236.62,44.79,900.0,5.9,10.7,normal
1697515237.123,44.79,1800.0,20.4,10.4,normal
1697515237.625,45.277,1800.0,36.2,10.7,normal
1697515238.128,45.764,1800.0,3.5,10.7,normal
1697515238.631,45.277,1800.0,3.0,10.7,normal
1697515239.133,44.79,1800.0,4.5,10.7,normal
1697515239.636,45.277,1800.0,4.0,10.7,normal
1697515240.138,45.277,1800.0,4.4,10.7,normal
1697515240.641,46.251,1800.0,2.5,10.7,normal
1697515241.143,45.764,1800.0,4.0,10.7,normal
1697515241.646,46.738,1800.0,4.4,10.7,normal
1697515242.15,45.764,800.0,3.5,10.7,normal
1697515242.655,44.79,800.0,4.0,10.7,normal
1697515243.159,45.764,1800.0,12.9,9.9,normal
1697515243.662,47.225,1800.0,31.5,10.5,normal
1697515244.164,46.251,1800.0,14.5,10.6,normal
1697515244.667,44.79,1800.0,4.0,10.6,normal
1697515245.17,45.277,1800.0,0.0,10.6,normal
1697515245.672,45.764,1800.0,3.0,10.6,normal
1697515246.175,46.251,1800.0,2.5,10.6,normal
1697515246.677,45.764,1800.0,3.0,10.6,normal
1697515247.18,44.79,1800.0,4.5,10.7,normal
1697515247.682,45.764,1800.0,1.5,10.7,normal
1697515248.187,44.79,700.0,2.0,10.7,normal
1697515248.693,43.816,600.0,3.9,10.7,normal
1697515249.195,45.764,1800.0,21.6,10.6,normal
1697515249.698,46.738,1800.0,28.7,10.5,normal
1697515250.201,45.277,1800.0,25.0,10.7,normal
1697515250.704,46.738,1800.0,3.0,10.7,normal
1697515251.206,46.738,1800.0,4.5,10.7,normal
1697515251.709,46.251,1800.0,2.0,10.7,normal
1697515252.211,47.225,1800.0,4.0,10.7,normal
1697515252.714,45.764,1800.0,3.5,10.7,normal
1697515253.217,45.764,1800.0,3.0,10.7,normal
1697515253.719,46.251,1800.0,4.4,10.7,normal
1697515254.223,44.79,1000.0,4.5,10.7,normal
1697515254.727,45.277,900.0,5.4,10.7,normal
1697515255.233,45.277,1800.0,11.4,9.7,normal
1697515255.741,45.277,1800.0,31.0,10.5,normal
1697515256.244,46.251,1800.0,17.5,10.6,normal
1697515256.746,44.79,1800.0,4.0,10.6,normal
1697515257.25,46.251,1800.0,3.0,10.7,normal
1697515257.753,45.277,1800.0,3.0,10.7,normal
1697515258.256,44.79,1800.0,3.0,10.7,normal
1697515258.758,45.277,1800.0,3.5,10.7,normal
1697515259.261,45.764,1800.0,3.5,10.7,normal
1697515259.763,45.764,1800.0,5.0,10.7,normal
1697515260.268,44.79,700.0,3.0,10.7,normal
1697515260.772,44.303,900.0,5.9,10.7,normal
1697515261.275,46.251,1800.0,17.4,10.1,normal
1697515261.778,45.764,1800.0,37.8,10.6,normal
1697515262.281,45.277,1800.0,6.0,10.6,normal
1697515262.783,44.79,1800.0,3.0,10.6,normal
1697515263.286,45.277,1800.0,4.0,10.6,normal
1697515263.789,45.277,1800.0,2.5,10.6,normal
1697515264.291,45.764,1800.0,4.4,10.7,normal
1697515264.794,45.277,1800.0,5.5,10.7,normal
1697515265.296,45.764,1800.0,4.0,10.7,normal
1697515265.799,44.79,1800.0,3.5,10.7,normal
1697515266.303,46.251,800.0,4.5,10.7,normal
1697515266.807,44.303,900.0,4.5,10.7,normal
1697515267.31,44.303,1800.0,9.0,9.6,normal
1697515267.814,45.277,1800.0,28.2,10.5,normal
1697515268.316,45.764,1800.0,21.0,10.7,normal
1697515268.819,45.277,1800.0,3.0,10.7,normal
1697515269.321,46.251,1800.0,4.0,10.7,normal
1697515269.824,44.79,1800.0,5.0,10.7,normal
1697515270.326,45.277,1800.0,3.0,10.7,normal
1697515270.829,46.251,1800.0,4.0,10.7,normal
1697515271.331,45.277,1800.0,3.5,10.7,normal
1697515271.834,46.251,1800.0,4.4,10.7,normal
1697515272.339,44.79,700.0,3.5,10.7,normal
1697515272.843,45.764,1000.0,5.4,10.7,normal
1697515273.348,45.277,600.0,4.9,10.7,normal
1697515273.853,47.225,1800.0,26.5,10.5,normal
1697515274.355,46.251,1800.0,27.3,10.7,normal
1697515274.858,43.816,1800.0,5.4,10.7,normal
1697515275.36,45.277,1800.0,3.5,10.7,normal
1697515275.863,45.277,1800.0,3.5,10.7,normal
1697515276.365,45.764,1800.0,3.0,10.7,normal
1697515276.868,46.251,1800.0,5.0,10.7,normal
1697515277.371,45.277,1800.0,3.0,10.7,normal
1697515277.873,45.764,1800.0,2.5,10.7,normal
1697515278.375,44.303,1800.0,3.5,10.7,normal
1697515278.881,45.764,600.0,4.5,10.7,normal
1697515279.387,45.764,1200.0,7.9,9.6,normal
1697515279.89,45.764,1800.0,29.7,10.5,normal
1697515280.393,45.764,1800.0,21.1,10.7,normal
1697515280.895,46.251,1800.0,3.5,10.7,normal
1697515281.398,44.79,1800.0,4.0,10.7,normal
1697515281.9,45.764,1800.0,3.0,10.7,normal
1697515282.403,44.79,1800.0,3.0,10.7,normal
1697515282.906,45.277,1800.0,3.0,10.7,normal
1697515283.408,45.277,1800.0,3.0,10.7,normal
1697515283.911,45.764,1800.0,3.5,10.7,normal
1697515284.413,45.277,1800.0,4.5,10.7,normal
1697515284.919,44.303,600.0,4.0,10.7,normal
1697515285.422,46.251,1800.0,13.9,10.2,normal
1697515285.924,46.251,1800.0,36.5,10.6,normal
1697515286.427,45.764,1800.0,7.0,10.6,normal
1697515286.93,46.251,1800.0,3.0,10.6,normal
1697515287.432,45.764,1800.0,3.5,10.6,normal
1697515287.935,44.79,1800.0,3.5,10.6,normal
1697515288.437,45.277,1800.0,2.5,10.7,normal
1697515288.94,45.764,1800.0,2.5,10.7,normal
1697515289.442,44.79,1800.0,3.5,10.7,normal
1697515289.945,45.277,1800.0,2.5,10.6,normal
1697515290.45,45.277,600.0,3.9,10.7,normal
1697515290.956,44.303,600.0,4.5,10.7,normal
1697515291.459,44.79,1800.0,18.8,10.2,normal
1697515291.962,45.764,1800.0,36.7,10.7,normal
1697515292.464,45.764,1800.0,4.0,10.7,normal
1697515292.967,46.251,1800.0,3.5,10.7,normal
1697515293.47,45.277,1800.0,3.5,10.7,normal
1697515293.972,44.79,1800.0,3.0,10.7,normal
1697515294.475,44.79,1800.0,5.4,10.7,normal
1697515294.977,44.79,1800.0,4.0,10.7,normal
1697515295.48,45.277,1800.0,3.0,10.7,normal
1697515295.982,46.251,1800.0,4.5,10.7,normal
1697515296.488,45.277,600.0,4.5,10.7,normal
1697515296.994,46.251,600.0,4.5,10.6,normal
1697515297.497,44.79,1800.0,24.1,10.3,normal
1697515298.0,45.764,1800.0,31.3,10.6,normal
1697515298.502,45.277,1800.0,4.0,10.6,normal
1697515299.005,45.277,1800.0,4.0,10.6,normal
1697515299.507,45.764,1800.0,3.5,10.6,normal
1697515300.01,45.764,1800.0,3.5,10.6,normal
1697515300.512,45.277,1800.0,4.0,10.6,normal
1697515301.015,43.816,1800.0,3.0,10.7,normal
1697515301.517,44.79,1800.0,4.0,10.6,normal
1697515302.02,44.79,1800.0,3.0,10.6,normal
1697515302.525,44.303,600.0,5.0,10.7,normal
1697515303.031,45.277,700.0,4.4,10.6,normal
1697515303.534,46.251,1800.0,26.9,10.3,normal
1697515304.037,46.738,1800.0,27.0,10.6,normal
1697515304.54,45.764,1800.0,4.5,10.6,normal
1697515305.042,45.277,1800.0,4.0,10.6,normal
1697515305.545,45.764,1800.0,2.5,10.6,normal
1697515306.047,45.764,1800.0,4.0,10.6,normal
1697515306.55,44.79,1800.0,3.0,10.6,normal
1697515307.052,45.277,1800.0,1.5,10.6,normal
1697515307.555,44.303,1800.0,1.5,10.6,normal
1697515308.057,44.303,1800.0,2.0,10.6,normal
1697515308.563,44.303,650.0,3.0,10.6,normal
1697515309.066,45.277,1800.0,10.5,10.1,normal
1697515309.569,46.251,1800.0,30.3,10.5,normal
1697515310.071,44.79,1800.0,20.5,10.7,normal
1697515310.574,45.277,1800.0,3.5,10.7,normal
1697515311.077,45.764,1800.0,3.0,10.7,normal
1697515311.579,45.764,1800.0,4.5,10.7,normal
1697515312.082,44.79,1800.0,3.5,10.7,normal
1697515312.584,45.764,1800.0,4.5,10.7,normal
1697515313.087,45.764,1800.0,3.5,10.7,normal
1697515313.589,46.251,1800.0,4.0,10.7,normal
1697515314.092,45.277,1800.0,4.0,10.7,normal
1697515314.596,45.764,800.0,5.0,10.7,normal
1697515315.101,45.764,1200.0,12.9,9.9,normal
1697515315.604,46.251,1800.0,29.5,10.6,normal
1697515316.107,46.251,1800.0,19.5,10.7,normal
1697515316.61,45.764,1800.0,4.0,10.7,normal
1697515317.112,45.764,1800.0,2.5,10.7,normal
1697515317.615,44.79,1800.0,4.0,10.7,normal
1697515318.118,45.764,1800.0,3.5,10.7,normal
1697515318.621,45.764,1800.0,3.0,10.7,normal
1697515319.123,45.277,1800.0,2.5,10.7,normal
1697515319.626,44.79,1800.0,5.9,10.7,normal
1697515320.128,45.277,1800.0,2.0,10.7,normal
1697515320.633,46.251,800.0,5.4,10.7,normal
1697515321.136,46.251,1800.0,16.7,10.1,normal
1697515321.64,45.277,1800.0,37.3,10.6,normal
1697515322.142,45.277,1800.0,9.9,10.7,normal
1697515322.645,46.738,1800.0,3.0,10.7,normal
1697515323.147,45.764,1800.0,3.5,10.7,normal
1697515323.65,44.79,1800.0,4.4,10.7,normal
1697515324.152,45.277,1800.0,3.0,10.7,normal
1697515324.655,45.277,1800.0,4.0,10.7,normal
1697515325.158,46.251,1800.0,4.5,10.7,normal
1697515325.66,46.251,1800.0,4.4,10.7,normal
1697515326.163,45.277,1100.0,5.0,10.7,normal
1697515326.668,44.79,800.0,4.5,10.7,normal
1697515327.172,45.277,1000.0,5.5,10.6,normal
1697515327.675,46.251,1800.0,28.9,10.6,normal
1697515328.178,45.764,1800.0,22.6,10.7,normal
1697515328.68,45.764,1800.0,3.0,10.7,normal
1697515329.183,45.764,1800.0,2.5,10.7,normal
1697515329.685,45.277,1800.0,3.5,10.7,normal
1697515330.188,45.764,1800.0,2.5,10.7,normal
1697515330.69,45.277,1800.0,2.5,10.7,normal
1697515331.193,46.251,1800.0,3.0,10.7,normal
1697515331.696,45.277,1800.0,3.0,10.7,normal
1697515332.198,46.251,1800.0,4.0,10.7,normal
1697515332.702,44.79,1000.0,4.0,10.7,normal
1697515333.208,44.303,600.0,4.5,10.7,normal
1697515333.711,46.251,1800.0,24.1,10.3,normal
1697515334.213,46.738,1800.0,31.5,10.6,normal
1697515334.716,45.277,1800.0,4.0,10.7,normal
1697515335.219,45.764,1800.0,3.0,10.7,normal
1697515335.721,45.277,1800.0,3.5,10.7,normal
1697515336.224,46.738,1800.0,2.5,10.7,normal
1697515336.726,46.251,1800.0,4.4,10.7,normal
1697515337.229,45.764,1800.0,2.5,10.7,normal
1697515337.731,45.277,1800.0,4.0,10.7,normal
1697515338.234,44.79,1800.0,4.4,10.7,normal
1697515338.738,45.277,900.0,4.0,10.7,normal
1697515339.242,45.764,900.0,4.5,10.7,normal
1697515339.746,45.764,1800.0,29.2,10.5,normal
1697515340.249,45.764,1800.0,26.6,10.7,normal
1697515340.751,44.79,1800.0,3.0,10.7,normal
1697515341.254,45.277,1800.0,4.0,10.7,normal
1697515341.757,45.764,1800.0,4.0,10.7,normal
1697515342.259,45.277,1800.0,3.0,10.7,normal
1697515342.762,44.79,1800.0,3.5,10.7,normal
1697515343.264,45.764,1800.0,4.5,10.7,normal
1697515343.767,44.79,1800.0,4.5,10.7,normal
1697515344.269,45.277,1800.0,3.5,10.7,normal
1697515344.773,44.303,900.0,5.4,10.7,normal
1697515345.277,45.764,1100.0,8.0,9.6,normal
1697515345.78,45.277,1800.0,28.9,10.5,normal
1697515346.283,46.738,1800.0,22.0,10.7,normal
1697515346.785,46.251,1800.0,3.5,10.7,normal
1697515347.288,46.251,1800.0,4.0,10.7,normal
1697515347.79,46.251,1800.0,4.5,10.7,normal
1697515348.293,45.277,1800.0,2.5,10.7,normal
1697515348.795,44.303,1800.0,3.0,10.7,normal
1697515349.298,45.277,1800.0,3.9,10.7,normal
1697515349.801,46.251,1800.0,5.0,10.7,normal
1697515350.303,45.277,1800.0,4.0,10.7,normal
1697515350.808,45.277,900.0,3.5,10.7,normal
1697515351.313,45.277,700.0,4.9,10.7,normal
1697515351.816,46.251,1800.0,27.2,10.4,normal
1697515352.319,44.79,1800.0,30.2,10.7,normal
1697515352.821,45.277,1800.0,3.0,10.7,normal
1697515353.324,46.251,1800.0,3.0,10.7,normal
1697515353.827,45.277,1800.0,5.0,10.7,normal
1697515354.329,44.303,1800.0,3.0,10.7,normal
1697515354.832,45.764,1800.0,4.5,10.7,normal
1697515355.334,44.79,1800.0,3.0,10.7,normal
1697515355.837,45.764,1800.0,3.5,10.7,normal
1697515356.339,45.277,1800.0,3.0,10.7,normal
1697515356.845,45.277,600.0,3.9,10.7,normal
1697515357.351,44.79,600.0,4.0,10.7,normal
1697515357.853,45.764,1800.0,19.9,10.3,normal
1697515358.356,45.764,1800.0,36.0,10.6,normal
1697515358.859,45.277,1800.0,2.5,10.6,normal
1697515359.361,45.764,1800.0,3.5,10.6,normal
1697515359.864,45.277,1800.0,3.5,10.6,normal
1697515360.366,45.764,1800.0,4.0,10.6,normal
1697515360.869,45.277,1800.0,3.0,10.6,normal
1697515361.371,45.277,1800.0,3.5,10.7,normal
1697515361.874,45.277,1800.0,3.5,10.7,normal
1697515362.377,45.277,1800.0,3.5,10.7,normal
1697515362.882,45.764,700.0,3.0,10.7,normal
1697515363.388,45.277,600.0,4.4,10.7,normal
1697515363.891,46.251,1800.0,11.5,10.1,normal
1697515364.395,45.764,1800.0,34.2,10.6,normal
1697515364.898,45.764,1800.0,14.4,10.7,normal
1697515365.4,45.277,1800.0,3.5,10.7,normal
1697515365.903,45.764,1800.0,2.5,10.7,normal
1697515366.405,45.277,1800.0,3.0,10.7,normal
1697515366.908,45.764,1800.0,3.0,10.7,normal
1697515367.41,45.764,1800.0,2.0,10.7,normal
1697515367.913,45.277,1800.0,2.5,10.7,normal
1697515368.415,45.277,1800.0,1.5,10.7,normal
1697515368.92,44.79,700.0,5.4,10.7,normal
1697515369.426,45.764,600.0,6.4,10.7,normal
1697515369.932,44.79,600.0,6.0,10.7,normal
1697515370.435,45.764,1800.0,28.7,10.4,normal
1697515370.938,46.738,1800.0,26.0,10.6,normal
1697515371.44,44.79,1800.0,3.0,10.6,normal
1697515371.943,46.251,1800.0,2.5,10.6,normal
1697515372.445,45.277,1800.0,3.5,10.7,normal
1697515372.948,45.764,1800.0,3.0,10.7,normal
1697515373.45,45.277,1800.0,4.0,10.7,normal
1697515373.953,44.303,1800.0,2.5,10.7,normal
1697515374.455,45.764,1800.0,4.0,10.7,normal
1697515374.958,44.79,1800.0,3.5,10.7,normal
1697515375.463,45.277,600.0,4.0,10.7,normal
1697515375.966,45.277,1800.0,9.0,9.6,normal
1697515376.469,45.277,1800.0,27.9,10.5,normal
1697515376.972,45.764,1800.0,20.4,10.7,normal
1697515377.474,45.764,1800.0,3.5,10.7,normal
1697515377.977,44.79,1800.0,3.0,10.7,normal
1697515378.479,46.251,1800.0,3.5,10.7,normal
1697515378.982,45.764,1800.0,3.0,10.7,normal
1697515379.485,45.764,1800.0,4.0,10.7,normal
1697515379.987,45.277,1800.0,3.9,10.7,normal
1697515380.49,45.277,1800.0,3.5,10.7,normal
1697515380.994,44.303,700.0,3.5,10.7,normal
1697515381.501,45.277,600.0,5.9,10.7,normal
1697515382.009,43.816,600.0,4.9,10.7,normal
1697515382.511,46.251,1800.0,27.9,10.4,normal
1697515383.014,45.277,1800.0,28.5,10.7,normal
1697515383.517,45.277,1800.0,4.0,10.7,normal
1697515384.019,46.251,1800.0,4.0,10.7,normal
1697515384.522,46.251,1800.0,4.0,10.7,normal
1697515385.024,44.303,1800.0,3.0,10.7,normal
1697515385.527,45.277,1800.0,4.0,10.7,normal
1697515386.029,45.277,1800.0,4.0,10.7,normal
1697515386.532,44.79,1800.0,4.0,10.7,normal
1697515387.035,45.764,1800.0,3.5,10.7,normal
1697515387.54,45.277,600.0,3.9,10.7,normal
1697515388.045,44.79,900.0,8.5,10.2,normal
1697515388.548,45.277,1800.0,28.1,10.5,normal
1697515389.05,45.277,1800.0,24.6,10.7,normal
1697515389.553,45.277,1800.0,4.5,10.7,normal
1697515390.055,46.251,1800.0,3.5,10.7,normal
1697515390.558,45.277,1800.0,3.5,10.7,normal
1697515391.061,45.277,1800.0,3.5,10.7,normal
1697515391.563,45.277,1800.0,3.5,10.7,normal
1697515392.066,45.277,1800.0,4.0,10.7,normal
1697515392.568,45.277,1800.0,3.5,10.7,normal
1697515393.071,45.764,1800.0,3.5,10.7,normal
1697515393.576,45.277,600.0,3.5,10.7,normal
1697515394.08,44.79,1800.0,9.5,9.7,normal
1697515394.584,46.738,1800.0,30.7,10.6,normal
1697515395.087,45.764,1800.0,19.9,10.7,normal
1697515395.59,45.764,1800.0,2.5,10.7,normal
1697515396.092,46.251,1800.0,4.0,10.7,normal
1697515396.595,45.764,1800.0,4.0,10.7,normal
1697515397.097,45.764,1800.0,3.5,10.7,normal
1697515397.6,45.764,1800.0,2.5,10.7,normal
1697515398.102,44.79,1800.0,3.0,10.7,normal
1697515398.605,45.277,1800.0,4.0,10.7,normal
1697515399.11,46.251,700.0,4.0,10.7,normal
1697515399.615,45.764,800.0,6.4,10.7,normal
1697515400.12,46.251,800.0,4.5,10.7,normal
1697515400.623,46.251,1800.0,28.9,10.5,normal
1697515401.125,45.764,1800.0,27.4,10.6,normal
1697515401.628,45.277,1800.0,4.0,10.6,normal
1697515402.131,44.79,1800.0,2.0,10.6,normal
1697515402.633,46.251,1800.0,4.0,10.6,normal
1697515403.135,45.764,1800.0,4.5,10.7,normal
1697515403.638,45.764,1800.0,4.0,10.7,normal
1697515404.14,44.303,1800.0,1.5,10.7,normal
1697515404.643,46.738,1800.0,5.5,10.7,normal
1697515405.145,46.738,1800.0,4.0,10.7,normal
1697515405.65,45.277,800.0,4.5,10.7,normal
1697515406.154,45.277,800.0,3.0,10.7,normal
1697515406.657,46.251,1800.0,23.3,10.3,normal
1697515407.16,46.738,1800.0,34.2,10.6,normal
1697515407.663,46.738,1800.0,4.0,10.6,normal
1697515408.165,46.251,1800.0,3.0,10.7,normal
1697515408.668,47.225,1800.0,4.0,10.7,normal
1697515409.17,45.277,1800.0,3.0,10.7,normal
1697515409.673,46.738,1800.0,5.4,10.7,normal
1697515410.175,46.738,1800.0,3.5,10.7,normal
1697515410.678,45.764,1800.0,4.0,10.7,normal
1697515411.18,46.251,1800.0,3.5,10.7,normal
1697515411.686,44.79,600.0,4.5,10.7,normal
1697515412.188,46.251,1800.0,2.5,10.7,normal
1697515412.692,45.764,1800.0,24.9,10.4,normal
1697515413.195,46.251,1800.0,25.3,10.6,normal
1697515413.697,45.764,1800.0,2.5,10.6,normal
1697515414.2,45.277,1800.0,2.5,10.6,normal
1697515414.703,44.79,1800.0,4.0,10.7,normal
1697515415.205,45.277,1800.0,3.5,10.6,normal
1697515415.708,44.79,1800.0,2.0,10.7,normal
1697515416.21,46.738,1800.0,3.5,10.7,normal
1697515416.715,45.764,700.0,4.4,10.7,normal
1697515417.219,45.277,1100.0,5.4,10.7,normal
1697515417.723,45.764,800.0,4.9,10.7,normal
1697515418.227,45.277,1000.0,6.4,10.6,normal
1697515418.73,46.251,1800.0,29.7,10.5,normal
1697515419.233,45.764,1800.0,22.6,10.7,normal
1697515419.735,45.764,1800.0,3.5,10.7,normal
1697515420.238,45.764,1800.0,3.4,10.7,normal
1697515420.74,45.277,1800.0,5.0,10.7,normal
1697515421.243,45.277,1800.0,3.0,10.7,normal
1697515421.746,45.764,1800.0,0.5,10.7,normal
1697515422.248,45.277,1800.0,2.0,10.7,normal
1697515422.751,46.738,1800.0,6.0,10.7,normal
1697515423.253,47.225,1800.0,3.0,10.7,normal
1697515423.757,45.764,900.0,5.4,10.7,normal
1697515424.262,44.79,700.0,3.5,10.7,normal
1697515424.764,45.764,1800.0,24.0,10.4,normal
1697515425.267,45.764,1800.0,30.8,10.7,normal
1697515425.77,45.277,1800.0,3.0,10.7,normal
1697515426.272,45.764,1800.0,2.5,10.7,normal
1697515426.775,45.277,1800.0,2.5,10.7,normal
1697515427.277,44.79,1800.0,3.0,10.7,normal
1697515427.78,45.277,1800.0,3.5,10.6,normal
1697515428.283,44.79,1800.0,3.5,10.6,normal
1697515428.786,45.277,1800.0,5.5,10.6,normal
1697515429.289,44.79,1800.0,4.5,10.6,normal
1697515429.793,44.303,900.0,5.0,10.6,normal
1697515430.298,44.79,900.0,5.0,10.6,normal
1697515430.801,45.764,1800.0,28.9,10.5,normal
1697515431.304,44.79,1800.0,25.8,10.7,normal
1697515431.806,46.251,1800.0,4.0,10.7,normal
1697515432.309,45.277,1800.0,4.4,10.7,normal
1697515432.811,45.764,1800.0,3.0,10.7,normal
1697515433.314,45.277,1800.0,4.9,10.7,normal
1697515433.816,45.277,1800.0,3.5,10.7,normal
1697515434.319,45.277,1800.0,4.0,10.7,normal
1697515434.822,45.277,1800.0,4.0,10.7,normal
1697515435.324,45.764,1800.0,4.5,10.7,normal
1697515435.83,44.79,600.0,4.5,10.7,normal
1697515436.334,44.79,800.0,5.9,10.7,normal
1697515436.837,46.738,1800.0,22.0,10.4,normal
1697515437.34,45.764,1800.0,34.2,10.7,normal
1697515437.843,46.251,1800.0,3.5,10.7,normal
1697515438.345,45.277,1800.0,3.5,10.7,normal
1697515438.848,45.764,1800.0,4.0,10.7,normal
1697515439.35,45.277,1800.0,4.0,10.7,normal
1697515439.853,45.764,1800.0,4.5,10.7,normal
1697515440.355,45.764,1800.0,3.0,10.7,normal
1697515440.858,44.79,1800.0,4.0,10.7,normal
1697515441.36,44.79,1800.0,4.0,10.7,normal
1697515441.866,44.79,600.0,4.9,10.7,normal
1697515442.372,45.764,600.0,4.5,10.7,normal
1697515442.876,44.303,1200.0,16.8,10.1,normal
1697515443.379,46.738,1800.0,38.5,10.6,normal
1697515443.881,45.764,1800.0,7.0,10.7,normal
1697515444.384,46.738,1800.0,3.0,10.7,normal
1697515444.886,46.251,1800.0,5.0,10.7,normal
1697515445.389,45.764,1800.0,3.5,10.7,normal
1697515445.891,45.764,1800.0,3.5,10.7,normal
1697515446.394,45.277,1800.0,4.5,10.7,normal
1697515446.896,45.277,1800.0,4.4,10.7,normal
1697515447.399,46.251,1800.0,3.5,10.7,normal
1697515447.904,45.277,700.0,3.5,10.7,normal
1697515448.409,44.79,600.0,4.4,10.7,normal
1697515448.916,44.303,600.0,7.9,10.5,normal
1697515449.42,45.277,1800.0,28.9,10.6,normal
1697515449.923,46.251,1800.0,23.1,10.7,normal
1697515450.425,45.764,1800.0,3.0,10.7,normal
1697515450.928,45.764,1800.0,3.0,10.7,normal
1697515451.43,45.764,1800.0,4.0,10.7,normal
1697515451.933,45.764,1800.0,4.5,10.7,normal
1697515452.435,44.79,1800.0,3.0,10.7,normal
1697515452.938,44.79,1800.0,2.5,10.7,normal
1697515453.441,46.251,1800.0,4.0,10.7,normal
1697515453.944,45.764,1800.0,4.0,10.7,normal
1697515454.449,44.303,700.0,5.0,10.7,normal
1697515454.955,44.303,600.0,4.9,10.7,normal
1697515455.458,45.764,1800.0,24.9,10.4,normal
1697515455.961,46.251,1800.0,30.3,10.6,normal
1697515456.464,45.277,1800.0,2.0,10.6,normal
1697515456.966,45.764,1800.0,3.0,10.6,normal
1697515457.469,46.251,1800.0,2.0,10.6,normal
1697515457.971,44.79,1800.0,3.5,10.6,normal
1697515458.474,45.764,1800.0,4.0,10.6,normal
1697515458.976,45.277,1800.0,3.0,10.6,normal
1697515459.479,45.764,1800.0,5.0,10.6,normal
1697515459.981,45.277,1800.0,3.0,10.7,normal
1697515460.487,45.764,600.0,5.4,10.7,normal
1697515460.992,45.764,600.0,4.0,10.6,normal
1697515461.496,45.277,1800.0,29.2,10.5,normal
1697515461.998,45.764,1800.0,26.4,10.7,normal
1697515462.501,45.277,1800.0,4.5,10.7,normal
1697515463.003,44.79,1800.0,3.5,10.7,normal
1697515463.506,45.277,1800.0,3.5,10.7,normal
1697515464.009,44.79,1800.0,3.0,10.7,normal
1697515464.511,46.251,1800.0,5.9,10.7,normal
1697515465.014,45.277,1800.0,2.5,10.7,normal
1697515465.516,44.79,1800.0,3.5,10.7,normal
1697515466.019,45.764,1800.0,4.0,10.7,normal
1697515466.524,44.303,600.0,5.4,10.7,normal
1697515467.03,44.303,600.0,5.0,10.7,normal
1697515467.533,45.277,1800.0,20.4,10.3,normal
1697515468.035,45.764,1800.0,37.0,10.7,normal
1697515468.538,44.79,1800.0,3.0,10.7,normal
1697515469.04,45.764,1800.0,4.5,10.7,normal
1697515469.543,45.277,1800.0,4.5,10.7,normal
1697515470.046,45.277,1800.0,3.5,10.7,normal
1697515470.548,45.277,1800.0,4.0,10.7,normal
1697515471.051,45.764,1800.0,3.5,10.7,normal
1697515471.553,45.764,1800.0,3.0,10.7,normal
1697515472.056,45.277,1800.0,4.5,10.7,normal
1697515472.561,45.277,700.0,3.4,10.7,normal
1697515473.066,45.764,600.0,5.0,10.7,normal
1697515473.57,45.277,1800.0,11.9,9.8,normal
1697515474.074,45.764,1800.0,31.5,10.6,normal
1697515474.577,45.277,1800.0,17.4,10.6,normal
1697515475.08,45.277,1800.0,3.5,10.6,normal
1697515475.582,44.79,1800.0,4.0,10.7,normal
1697515476.085,45.764,1800.0,3.5,10.7,normal
1697515476.587,44.79,1800.0,3.5,10.7,normal
1697515477.09,45.764,1800.0,3.5,10.7,normal
1697515477.592,45.277,1800.0,5.0,10.7,normal
1697515478.095,45.764,1800.0,3.5,10.7,normal
1697515478.6,45.277,700.0,3.4,10.7,normal
1697515479.105,46.251,700.0,4.5,10.7,normal
1697515479.608,46.251,1800.0,17.0,10.3,normal
1697515480.112,45.764,1800.0,37.8,10.6,normal
1697515480.614,45.277,1800.0,6.5,10.7,normal
1697515481.117,45.277,1800.0,2.5,10.7,normal
1697515481.62,45.764,1800.0,3.5,10.7,normal
1697515482.122,45.764,1800.0,4.5,10.7,normal
1697515482.625,46.251,1800.0,3.5,10.7,normal
1697515483.127,45.764,1800.0,2.5,10.7,normal
1697515483.63,43.816,1800.0,3.5,10.7,normal
1697515484.132,44.79,1800.0,4.5,10.7,normal
1697515484.637,45.277,800.0,5.4,10.7,normal
1697515485.142,44.303,700.0,3.4,10.7,normal
1697515485.645,44.79,1800.0,22.5,10.3,normal
1697515486.147,46.738,1800.0,35.2,10.6,normal
1697515486.65,46.738,1800.0,3.5,10.6,normal
1697515487.152,46.251,1800.0,4.0,10.6,normal
1697515487.655,46.251,1800.0,1.0,10.6,normal
1697515488.157,45.764,1800.0,2.5,10.6,normal
1697515488.66,45.764,1800.0,3.5,10.6,normal
1697515489.162,45.277,1800.0,6.9,10.6,normal
1697515489.665,46.251,1800.0,4.5,10.7,normal
1697515490.168,45.277,1800.0,3.0,10.7,normal
1697515490.671,45.277,1000.0,7.4,10.6,normal
1697515491.176,44.303,800.0,4.0,10.7,normal
1697515491.679,46.251,1800.0,24.0,10.3,normal
1697515492.182,45.277,1800.0,30.0,10.6,normal
1697515492.684,45.764,1800.0,4.5,10.6,normal
1697515493.187,45.277,1800.0,3.0,10.6,normal
1697515493.689,45.764,1800.0,3.0,10.6,normal
1697515494.192,46.251,1800.0,2.5,10.6,normal
1697515494.695,45.277,1800.0,5.4,10.6,normal
1697515495.197,45.277,1800.0,3.5,10.6,normal
1697515495.7,45.764,1800.0,2.5,10.6,normal
1697515496.202,45.277,1800.0,3.9,10.6,normal
1697515496.708,44.79,600.0,4.0,10.6,normal
1697515497.212,44.303,1000.0,3.5,10.7,normal
1697515497.715,45.764,1800.0,16.3,10.3,normal
1697515498.217,46.738,1800.0,36.0,10.7,normal
1697515498.72,45.764,1800.0,4.5,10.7,normal
1697515499.222,45.764,1800.0,3.9,10.7,normal
1697515499.725,44.79,1800.0,4.5,10.7,normal
1697515500.227,44.79,1800.0,2.0,10.7,normal
1697515500.73,46.738,1800.0,3.0,10.7,normal
1697515501.233,45.764,1800.0,3.5,10.7,normal
1697515501.735,45.277,1800.0,3.5,10.7,normal
1697515502.238,45.277,1800.0,3.5,10.7,normal
1697515502.74,45.277,1800.0,5.0,10.7,normal
1697515503.243,45.277,1800.0,4.0,10.7,normal
1697515503.746,46.738,1800.0,19.9,10.4,normal
1697515504.249,45.764,1800.0,31.7,10.7,normal
1697515504.751,46.738,1800.0,5.4,10.7,normal
1697515505.254,45.764,1800.0,3.5,10.7,normal
1697515505.756,45.277,1800.0,3.5,10.7,normal
1697515506.259,45.764,1800.0,2.0,10.7,normal
1697515506.761,45.277,1800.0,5.0,10.7,normal
1697515507.264,44.79,1800.0,4.5,10.7,normal
1697515507.769,45.277,700.0,3.0,10.7,normal
1697515508.275,45.764,600.0,5.4,10.7,normal
1697515508.779,44.79,800.0,5.9,10.7,normal
1697515509.283,43.816,900.0,5.0,10.7,normal
1697515509.786,46.738,1800.0,18.7,10.2,normal
1697515510.289,46.251,1800.0,36.9,10.7,normal
1697515510.791,44.79,1800.0,2.5,10.7,normal
1697515511.294,45.277,1800.0,3.9,10.7,normal
1697515511.796,46.251,1800.0,3.5,10.7,normal
1697515512.299,46.251,1800.0,3.0,10.7,normal
1697515512.802,46.251,1800.0,3.0,10.7,normal
1697515513.304,44.79,1800.0,3.0,10.7,normal
1697515513.807,44.79,1800.0,3.5,10.7,normal
1697515514.309,45.764,1800.0,3.5,10.7,normal
1697515514.815,44.79,600.0,5.4,10.7,normal
1697515515.32,45.277,800.0,4.0,10.7,normal
1697515515.823,45.764,1800.0,22.5,10.4,normal
1697515516.325,46.251,1800.0,32.5,10.7,normal
1697515516.828,46.738,1800.0,3.5,10.7,normal
1697515517.33,46.251,1800.0,3.5,10.7,normal
1697515517.833,45.277,1800.0,4.0,10.7,normal
1697515518.335,45.277,1800.0,3.5,10.7,normal
1697515518.838,44.79,1800.0,2.5,10.7,normal
1697515519.341,46.738,1800.0,3.0,10.7,normal
1697515519.843,46.251,1800.0,4.5,10.7,normal
1697515520.346,44.79,1800.0,4.4,10.7,normal
1697515520.851,45.277,600.0,3.5,10.7,normal
1697515521.356,44.79,800.0,4.0,10.7,normal
1697515521.86,45.277,1800.0,27.0,10.4,normal
1697515522.363,45.764,1800.0,28.6,10.7,normal
1697515522.865,45.277,1800.0,2.0,10.7,normal
1697515523.368,45.764,1800.0,1.0,10.7,normal
1697515523.87,45.277,1800.0,2.5,10.7,normal
1697515524.373,45.764,1800.0,6.0,10.7,normal
1697515524.875,44.303,1800.0,5.0,10.7,normal
1697515525.378,45.277,1800.0,3.5,10.7,normal
1697515525.88,45.277,1800.0,4.0,10.7,normal
1697515526.383,45.764,1800.0,3.5,10.7,normal
1697515526.888,45.277,700.0,5.9,10.7,normal
1697515527.393,45.277,600.0,5.4,10.7,normal
1697515527.896,47.225,1800.0,20.2,10.3,normal
1697515528.399,46.738,1800.0,35.4,10.6,normal
1697515528.901,45.277,1800.0,4.0,10.6,normal
1697515529.404,45.764,1800.0,4.4,10.6,normal
1697515529.907,44.303,1800.0,4.4,10.7,normal
1697515530.409,43.816,1800.0,3.5,10.7,normal
1697515530.912,44.303,1800.0,4.0,10.7,normal
1697515531.414,44.303,1800.0,3.5,10.7,normal
1697515531.917,44.79,1800.0,3.0,10.7,normal
1697515532.419,44.79,1800.0,4.0,10.7,normal
1697515532.925,45.277,600.0,3.9,10.7,normal
1697515533.431,44.303,600.0,4.0,10.7,normal
1697515533.934,45.764,1800.0,12.9,10.1,normal
1697515534.437,45.764,1800.0,35.7,10.5,normal
1697515534.94,46.251,1800.0,10.4,10.6,normal
1697515535.442,45.764,1800.0,4.4,10.6,normal
1697515535.945,45.764,1800.0,2.5,10.6,normal
1697515536.447,45.277,1800.0,3.9,10.6,normal
1697515536.95,45.277,1800.0,3.5,10.6,normal
1697515537.452,45.764,1800.0,3.0,10.6,normal
1697515537.955,45.277,1800.0,3.0,10.6,normal
1697515538.458,44.79,1800.0,1.5,10.6,normal
1697515538.963,44.303,600.0,3.0,10.6,normal
1697515539.469,44.79,600.0,6.4,10.6,normal
1697515539.971,45.764,1800.0,17.1,10.2,normal
1697515540.474,45.277,1800.0,36.0,10.6,normal
1697515540.977,45.764,1800.0,3.0,10.6,normal
1697515541.479,44.79,1800.0,4.0,10.6,normal
1697515541.982,45.764,1800.0,3.0,10.6,normal
1697515542.484,45.277,1800.0,3.0,10.6,normal
1697515542.987,45.764,1800.0,4.0,10.6,normal
1697515543.489,45.277,1800.0,3.5,10.7,normal
1697515543.992,44.79,1800.0,3.5,10.6,normal
1697515544.494,44.303,1800.0,4.5,10.7,normal
1697515545.0,44.79,600.0,3.0,10.7,normal
1697515545.506,44.79,600.0,4.5,10.7,normal
1697515546.009,45.764,1800.0,23.4,10.4,normal
1697515546.511,46.251,1800.0,31.0,10.7,normal
1697515547.014,46.738,1800.0,4.0,10.7,normal
1697515547.516,46.251,1800.0,2.5,10.7,normal
1697515548.019,45.277,1800.0,2.5,10.7,normal
1697515548.522,45.277,1800.0,3.5,10.7,normal
1697515549.024,45.764,1800.0,4.0,10.7,normal
1697515549.527,44.79,1800.0,3.0,10.7,normal
1697515550.029,45.277,1800.0,2.5,10.7,normal
1697515550.532,45.764,1800.0,1.5,10.7,normal
1697515551.036,43.816,900.0,5.0,10.7,normal
1697515551.541,45.764,600.0,4.5,10.7,normal
1697515552.044,45.764,1800.0,18.2,10.3,normal
1697515552.547,46.251,1800.0,38.0,10.6,normal
1697515553.05,45.277,1800.0,3.5,10.7,normal
1697515553.552,44.79,1800.0,3.9,10.7,normal
1697515554.055,45.764,1800.0,4.5,10.7,normal
1697515554.557,45.764,1800.0,4.4,10.7,normal
1697515555.06,45.764,1800.0,3.0,10.7,normal
1697515555.562,45.764,1800.0,4.0,10.7,normal
1697515556.065,44.79,1800.0,4.5,10.7,normal
1697515556.567,45.764,1800.0,2.5,10.7,normal
1697515557.073,45.277,600.0,3.9,10.7,normal
1697515557.579,44.79,600.0,4.5,10.7,normal
1697515558.082,45.764,1800.0,22.9,10.2,normal
1697515558.584,45.764,1800.0,36.0,10.6,normal
1697515559.087,45.764,1800.0,3.5,10.6,normal
1697515559.589,45.764,1800.0,4.5,10.6,normal
1697515560.092,45.277,1800.0,3.5,10.6,normal
1697515560.594,44.79,1800.0,4.4,10.6,normal
1697515561.097,44.79,1800.0,3.5,10.6,normal
1697515561.6,45.277,1800.0,2.5,10.6,normal
1697515562.102,45.764,1800.0,3.5,10.6,normal
1697515562.605,46.251,1800.0,4.9,10.6,normal
1697515563.111,45.277,600.0,3.5,10.6,normal
1697515563.616,44.303,800.0,5.4,10.6,normal
1697515564.12,45.277,1800.0,12.5,10.0,normal
1697515564.623,45.764,1800.0,34.2,10.6,normal
1697515565.131,44.303,1800.0,16.2,10.7,normal
1697515565.634,45.277,1800.0,3.5,10.7,normal
1697515566.137,45.277,1800.0,3.0,10.6,normal
1697515566.639,44.79,1800.0,3.5,10.6,normal
1697515567.142,44.79,1800.0,5.0,10.6,normal
1697515567.644,45.277,1800.0,3.0,10.6,normal
1697515568.147,44.79,1800.0,3.5,10.6,normal
1697515568.65,45.764,1800.0,3.4,10.6,normal
1697515569.155,45.764,700.0,5.4,10.6,normal
1697515569.659,43.816,800.0,5.5,10.6,normal
1697515570.162,45.764,1800.0,16.0,10.2,normal
1697515570.665,45.764,1800.0,37.8,10.6,normal
1697515571.168,44.303,1800.0,4.5,10.6,normal
1697515571.67,44.79,1800.0,3.0,10.6,normal
1697515572.173,45.277,1800.0,4.0,10.6,normal
1697515572.675,45.277,1800.0,3.5,10.6,normal
1697515573.178,46.251,1800.0,5.4,10.6,normal
1697515573.68,44.79,1800.0,4.0,10.6,normal
1697515574.183,44.79,1800.0,3.5,10.6,normal
1697515574.686,45.764,1800.0,4.0,10.6,normal
1697515575.189,45.764,1100.0,5.0,10.6,normal
1697515575.693,44.303,1000.0,5.0,10.6,normal
1697515576.201,44.79,900.0,7.9,9.5,normal
1697515576.704,46.738,1800.0,28.7,10.5,normal
1697515577.207,45.764,1800.0,21.2,10.6,normal
1697515577.71,46.251,1800.0,3.5,10.6,normal
1697515578.212,45.277,1800.0,3.0,10.6,normal
1697515578.715,45.764,1800.0,3.5,10.6,normal
1697515579.217,45.277,1800.0,3.5,10.6,normal
1697515579.72,45.764,1800.0,3.5,10.6,normal
1697515580.222,45.277,1800.0,3.0,10.7,normal
1697515580.725,45.277,1800.0,2.0,10.6,normal
1697515581.229,46.251,800.0,2.5,10.7,normal
1697515581.733,45.277,1000.0,5.4,10.7,normal
1697515582.237,44.303,1800.0,12.0,9.9,normal
1697515582.744,45.764,1800.0,33.3,10.6,normal
1697515583.247,45.764,1800.0,15.5,10.6,normal
1697515583.75,45.764,1800.0,3.5,10.6,normal
1697515584.252,46.251,1800.0,3.0,10.6,normal
1697515584.754,46.738,1800.0,4.0,10.7,normal
1697515585.257,46.738,1800.0,3.9,10.7,normal
1697515585.76,44.79,1800.0,3.0,10.7,normal
1697515586.262,45.277,1800.0,3.5,10.7,normal
1697515586.765,45.277,1800.0,3.0,10.7,normal
1697515587.27,44.303,700.0,3.9,10.7,normal
1697515587.773,44.303,1000.0,5.0,10.7,normal
1697515588.278,44.79,900.0,5.4,10.6,normal
1697515588.78,44.303,1800.0,27.5,10.4,normal
1697515589.283,45.764,1800.0,26.7,10.7,normal
1697515589.785,45.277,1800.0,4.0,10.7,normal
1697515590.288,44.79,1800.0,4.0,10.7,normal
1697515590.791,44.79,1800.0,3.5,10.7,normal
1697515591.293,43.816,1800.0,2.5,10.7,normal
1697515591.796,45.764,1800.0,3.0,10.7,normal
1697515592.298,45.764,1800.0,4.4,10.7,normal
1697515592.801,45.764,1800.0,3.5,10.7,normal
1697515593.303,45.277,1800.0,2.5,10.7,normal
1697515593.808,44.79,800.0,4.4,10.7,normal
1697515594.311,44.79,1100.0,9.0,9.7,normal
1697515594.815,46.738,1800.0,29.4,10.6,normal
1697515595.317,45.764,1800.0,21.5,10.7,normal
1697515595.82,45.277,1800.0,3.5,10.7,normal
1697515596.322,45.764,1800.0,4.0,10.7,normal
1697515596.825,45.277,1800.0,2.0,10.7,normal
1697515597.327,44.303,1800.0,1.5,10.7,normal
1697515597.83,45.277,1800.0,2.5,10.7,normal
1697515598.333,45.277,1800.0,4.5,10.7,normal
1697515598.835,45.277,1800.0,3.5,10.7,normal
1697515599.338,45.277,1800.0,3.5,10.7,normal
1697515599.843,45.764,600.0,5.9,10.7,normal
1697515600.35,44.79,600.0,5.4,10.7,normal
1697515600.853,45.277,1800.0,27.2,10.4,normal
1697515601.356,45.277,1800.0,27.1,10.6,normal
1697515601.858,44.303,1800.0,3.5,10.6,normal
1697515602.361,45.764,1800.0,3.5,10.6,normal
1697515602.863,45.764,1800.0,2.5,10.6,normal
1697515603.366,45.764,1800.0,3.5,10.6,normal
1697515603.868,45.277,1800.0,3.0,10.6,normal
1697515604.371,45.764,1800.0,3.0,10.6,normal
1697515604.874,44.79,1800.0,5.4,10.6,normal
1697515605.376,44.79,1800.0,3.5,10.7,normal
1697515605.881,45.277,800.0,4.5,10.7,normal
1697515606.386,45.277,600.0,0.5,10.7,normal
1697515606.889,47.225,1800.0,21.4,10.3,normal
1697515607.392,46.251,1800.0,32.3,10.7,normal
1697515607.894,46.251,1800.0,3.0,10.7,normal
1697515608.397,44.79,1800.0,1.5,10.7,normal
1697515608.9,46.251,1800.0,2.0,10.6,normal
1697515609.402,45.277,1800.0,2.5,10.6,normal
1697515609.905,45.764,1800.0,1.5,10.6,normal
1697515610.407,45.764,1800.0,7.4,10.7,normal
1697515610.91,45.277,1800.0,4.5,10.6,normal
1697515611.412,46.251,1800.0,3.0,10.6,normal
1697515611.918,45.764,600.0,4.5,10.7,normal
1697515612.424,44.303,600.0,5.0,10.6,normal
1697515612.927,45.764,1800.0,14.9,10.1,normal
1697515613.429,47.225,1800.0,37.8,10.5,normal
1697515613.932,45.277,1800.0,7.0,10.6,normal
1697515614.435,46.251,1800.0,4.5,10.6,normal
1697515614.937,44.79,1800.0,3.0,10.6,normal
1697515615.439,45.277,1800.0,3.0,10.6,normal
1697515615.942,45.764,1800.0,3.5,10.6,normal
1697515616.445,46.251,1800.0,3.5,10.6,normal
1697515616.947,44.79,1800.0,4.4,10.6,normal
1697515617.45,45.277,1800.0,3.0,10.6,normal
1697515617.955,45.764,700.0,4.0,10.7,normal
1697515618.46,46.738,600.0,5.4,10.7,normal
1697515618.965,45.277,800.0,8.0,10.3,normal
1697515619.468,46.738,1800.0,29.0,10.4,normal
1697515619.971,46.738,1800.0,23.0,10.6,normal
1697515620.473,45.764,1800.0,3.0,10.6,normal
1697515620.976,45.277,1800.0,4.0,10.6,normal
1697515621.479,46.251,1800.0,4.9,10.6,normal
1697515621.981,44.303,1800.0,3.0,10.6,normal
1697515622.484,46.251,1800.0,1.5,10.6,normal
1697515622.986,45.277,1800.0,2.5,10.6,normal
1697515623.489,44.79,1800.0,3.0,10.6,normal
1697515623.991,45.764,1800.0,2.0,10.7,normal
1697515624.496,44.79,800.0,5.9,10.7,normal
1697515625.001,43.816,600.0,5.4,10.7,normal
1697515625.505,45.764,1800.0,25.0,10.3,normal
1697515626.008,44.303,1800.0,30.2,10.6,normal
1697515626.51,45.764,1800.0,3.5,10.6,normal
1697515627.013,44.79,1800.0,4.5,10.6,normal
1697515627.515,45.277,1800.0,4.5,10.6,normal
1697515628.018,45.277,1800.0,3.0,10.6,normal
1697515628.52,44.79,1800.0,4.0,10.6,normal
1697515629.023,45.277,1800.0,4.0,10.6,normal
1697515629.526,45.764,1800.0,5.0,10.7,normal
1697515630.028,45.277,1800.0,3.5,10.7,normal
1697515630.534,45.277,600.0,3.9,10.7,normal
1697515631.039,45.277,600.0,5.4,10.7,normal
1697515631.542,44.79,1800.0,17.4,10.1,normal
1697515632.045,46.251,1800.0,35.4,10.6,normal
1697515632.548,45.764,1800.0,2.0,10.6,normal
1697515633.05,45.764,1800.0,3.5,10.6,normal
1697515633.553,45.277,1800.0,4.0,10.6,normal
1697515634.055,44.303,1800.0,3.5,10.7,normal
1697515634.558,45.277,1800.0,4.0,10.7,normal
1697515635.06,45.277,1800.0,3.0,10.7,normal
1697515635.563,45.277,1800.0,4.5,10.7,normal
1697515636.066,45.277,1800.0,3.5,10.7,normal
1697515636.571,45.277,700.0,3.5,10.7,normal
1697515637.077,44.79,600.0,5.0,10.7,normal
1697515637.581,45.277,1000.0,12.3,9.6,normal
1697515638.085,45.764,1800.0,29.4,10.5,normal
1697515638.588,46.251,1800.0,18.9,10.6,normal
1697515639.09,45.764,1800.0,3.0,10.6,normal
1697515639.593,45.277,1800.0,5.5,10.6,normal
1697515640.095,45.764,1800.0,3.5,10.6,normal
1697515640.598,45.277,1800.0,3.5,10.6,normal
1697515641.101,45.764,1800.0,3.0,10.6,normal
1697515641.603,45.764,1800.0,4.9,10.6,normal
1697515642.106,44.303,1800.0,4.0,10.6,normal
1697515642.611,45.764,700.0,3.0,10.6,normal
1697515643.117,44.303,600.0,4.0,10.6,normal
1697515643.623,44.79,600.0,6.8,10.7,normal
1697515644.126,45.764,1800.0,27.0,10.4,normal
1697515644.629,45.764,1800.0,28.5,10.7,normal
1697515645.131,45.277,1800.0,4.4,10.7,normal
1697515645.634,46.738,1800.0,2.5,10.7,normal
1697515646.137,45.764,1800.0,4.0,10.7,normal
1697515646.639,45.277,1800.0,2.5,10.7,normal
1697515647.142,45.277,1800.0,4.0,10.7,normal
1697515647.644,45.277,1800.0,4.0,10.7,normal
1697515648.147,46.738,1800.0,3.5,10.7,normal
1697515648.65,45.764,1800.0,3.0,10.7,normal
1697515649.155,44.79,600.0,4.9,10.7,normal
1697515649.661,44.79,700.0,4.5,10.7,normal
1697515650.164,46.251,1800.0,21.5,10.2,normal
1697515650.666,45.764,1800.0,34.5,10.7,normal
1697515651.169,45.764,1800.0,2.5,10.7,normal
1697515651.671,46.251,1800.0,5.0,10.7,normal
1697515652.174,46.251,1800.0,3.5,10.7,normal
1697515652.677,45.764,1800.0,3.0,10.7,normal
1697515653.179,45.277,1800.0,3.9,10.7,normal
1697515653.682,45.277,1800.0,3.5,10.7,normal
1697515654.184,45.764,1800.0,2.5,10.7,normal
1697515654.687,46.251,1800.0,5.0,10.7,normal
1697515655.192,46.251,700.0,5.4,10.7,normal
1697515655.696,45.277,800.0,4.5,10.7,normal
1697515656.199,44.303,1800.0,13.5,10.1,normal
1697515656.703,46.251,1800.0,33.8,10.5,normal
1697515657.205,46.251,1800.0,12.5,10.6,normal
1697515657.708,45.764,1800.0,3.0,10.6,normal
1697515658.21,45.764,1800.0,2.5,10.6,normal
1697515658.713,45.277,1800.0,3.5,10.6,normal
1697515659.216,45.277,1800.0,3.0,10.6,normal
1697515659.718,46.738,1800.0,4.5,10.7,normal
1697515660.221,45.277,1800.0,4.0,10.7,normal
1697515660.723,46.251,1800.0,3.5,10.7,normal
1697515661.227,43.816,900.0,3.5,10.7,normal
1697515661.732,44.303,800.0,3.5,10.7,normal
1697515662.236,44.79,1200.0,7.0,10.6,normal
1697515662.739,46.251,1800.0,29.4,10.4,normal
1697515663.241,45.277,1800.0,22.6,10.6,normal
1697515663.744,45.277,1800.0,2.0,10.6,normal
1697515664.246,44.79,1800.0,3.0,10.6,normal
1697515664.749,44.79,1800.0,4.5,10.6,normal
1697515665.251,46.251,1800.0,0.5,10.6,normal
1697515665.754,45.277,1800.0,4.9,10.6,normal
1697515666.256,44.79,1800.0,2.5,10.6,normal
1697515666.759,45.764,1800.0,3.0,10.6,normal
1697515667.262,44.79,1800.0,1.0,10.6,normal
1697515667.766,45.764,700.0,3.9,10.6,normal
1697515668.269,44.303,1800.0,7.1,9.9,normal
1697515668.773,46.251,1800.0,32.8,10.5,normal
1697515669.275,45.764,1800.0,18.3,10.6,normal
1697515669.778,45.764,1800.0,4.0,10.6,normal
1697515670.28,46.251,1800.0,3.0,10.6,normal
1697515670.783,45.277,1800.0,4.0,10.6,normal
1697515671.286,45.277,1800.0,3.5,10.6,normal
1697515671.788,45.764,1800.0,3.0,10.6,normal
1697515672.291,45.277,1800.0,3.0,10.6,normal
1697515672.793,45.764,1800.0,4.0,10.6,normal
1697515673.298,44.303,800.0,4.5,10.7,normal
1697515673.802,45.764,800.0,4.0,10.7,normal
1697515674.305,44.79,1800.0,15.5,10.2,normal
1697515674.807,46.738,1800.0,38.0,10.6,normal
1697515675.31,46.251,1800.0,7.0,10.7,normal
1697515675.813,45.764,1800.0,2.5,10.7,normal
1697515676.315,45.277,1800.0,4.0,10.7,normal
1697515676.818,45.764,1800.0,2.5,10.7,normal
1697515677.32,44.79,1800.0,5.0,10.7,normal
1697515677.823,45.764,1800.0,3.0,10.7,normal
1697515678.325,46.251,1800.0,3.0,10.7,normal
1697515678.828,44.79,1800.0,3.0,10.7,normal
1697515679.333,44.303,725.0,4.4,10.7,normal
1697515679.839,44.79,600.0,5.5,10.7,normal
1697515680.342,46.251,1800.0,20.4,10.3,normal
1697515680.844,45.764,1800.0,34.7,10.7,normal
1697515681.347,44.79,1800.0,4.5,10.7,normal
1697515681.849,45.277,1800.0,4.0,10.7,normal
1697515682.352,45.277,1800.0,3.5,10.7,normal
1697515682.855,44.79,1800.0,3.5,10.7,normal
1697515683.357,45.764,1800.0,3.5,10.7,normal
1697515683.86,45.764,1800.0,4.0,10.7,normal
1697515684.362,45.277,1800.0,3.0,10.7,normal
1697515684.865,45.277,1800.0,4.0,10.7,normal
1697515685.37,45.277,600.0,4.4,10.7,normal
1697515685.875,44.79,700.0,6.4,10.7,normal
1697515686.379,44.79,1800.0,11.9,10.0,normal
1697515686.882,46.251,1800.0,32.0,10.6,normal
1697515687.385,45.764,1800.0,14.1,10.7,normal
1697515687.888,45.764,1800.0,3.5,10.7,normal
1697515688.391,45.764,1800.0,4.0,10.7,normal
1697515688.893,45.277,1800.0,3.0,10.7,normal
1697515689.396,45.764,1800.0,3.0,10.7,normal
1697515689.898,45.277,1800.0,5.0,10.7,normal
1697515690.401,44.79,1800.0,4.5,10.7,normal
1697515690.903,46.251,1800.0,3.0,10.7,normal
1697515691.408,45.277,700.0,3.9,10.7,normal
1697515691.913,45.277,800.0,5.0,10.7,normal
1697515692.418,44.79,600.0,5.9,10.6,normal
1697515692.922,45.764,1800.0,28.5,10.5,normal
1697515693.424,45.764,1800.0,26.5,10.7,normal
1697515693.927,45.277,1800.0,3.0,10.7,normal
1697515694.43,45.277,1800.0,5.4,10.7,normal
1697515694.932,45.764,1800.0,3.5,10.7,normal
1697515695.435,45.764,1800.0,3.9,10.7,normal
1697515695.937,44.79,1800.0,2.5,10.7,normal
1697515696.44,45.764,1800.0,4.0,10.7,normal
1697515696.942,44.303,1800.0,4.0,10.7,normal
1697515697.445,43.816,1800.0,3.0,10.7,normal
1697515697.95,45.277,600.0,4.9,10.7,normal
1697515698.456,44.79,600.0,4.4,10.7,normal
1697515698.959,44.79,1800.0,22.0,10.3,normal
1697515699.462,45.277,1800.0,35.3,10.6,normal
1697515699.965,45.764,1800.0,3.5,10.6,normal
1697515700.467,45.277,1800.0,3.0,10.7,normal
1697515700.97,44.79,1800.0,4.9,10.7,normal
1697515701.472,45.764,1800.0,3.5,10.7,normal
1697515701.975,44.303,1800.0,3.0,10.7,normal
1697515702.477,45.764,1800.0,4.0,10.7,normal
1697515702.98,45.764,1800.0,4.0,10.7,normal
1697515703.483,44.79,1800.0,3.0,10.7,normal
1697515703.988,44.79,600.0,3.4,10.7,normal
1697515704.494,45.764,600.0,5.4,10.7,normal
1697515704.997,45.764,1800.0,15.0,10.2,normal
1697515705.499,46.251,1800.0,37.8,10.6,normal
1697515706.002,45.764,1800.0,6.0,10.7,normal
1697515706.505,45.277,1800.0,1.5,10.7,normal
1697515707.007,45.277,1800.0,3.5,10.7,normal
1697515707.51,44.79,1800.0,4.0,10.7,normal
1697515708.012,44.79,1800.0,2.5,10.7,normal
1697515708.515,45.277,1800.0,3.9,10.7,normal
1697515709.017,45.277,1800.0,3.5,10.7,normal
1697515709.52,45.764,1800.0,4.5,10.7,normal
1697515710.025,45.277,700.0,3.9,10.7,normal
1697515710.531,44.79,600.0,5.4,10.7,normal
1697515711.037,44.79,600.0,5.5,10.7,normal
1697515711.54,46.738,1800.0,29.9,10.4,normal
1697515712.043,45.277,1800.0,26.5,10.7,normal
1697515712.545,44.79,1800.0,3.0,10.7,normal
1697515713.048,45.764,1800.0,3.5,10.7,normal
1697515713.551,45.277,1800.0,3.5,10.7,normal
1697515714.053,45.764,1800.0,3.5,10.7,normal
1697515714.556,45.277,1800.0,4.5,10.7,normal
1697515715.058,46.251,1800.0,3.5,10.7,normal
1697515715.561,44.303,1800.0,3.5,10.7,normal
1697515716.063,44.79,1800.0,3.5,10.7,normal
1697515716.569,45.277,600.0,3.9,10.7,normal
1697515717.075,45.764,600.0,4.5,10.7,normal
1697515717.578,46.251,1800.0,22.0,10.4,normal
1697515718.081,46.251,1800.0,33.0,10.7,normal
1697515718.583,45.764,1800.0,3.5,10.7,normal
1697515719.086,46.251,1800.0,4.0,10.7,normal
1697515719.588,45.277,1800.0,4.5,10.7,normal
1697515720.091,45.764,1800.0,4.5,10.7,normal
1697515720.593,45.277,1800.0,3.0,10.7,normal
1697515721.096,46.738,1800.0,4.0,10.7,normal
1697515721.599,45.277,1800.0,4.0,10.7,normal
1697515722.102,46.251,1800.0,4.0,10.7,normal
1697515722.608,44.79,600.0,4.0,10.7,normal
1697515723.114,44.303,600.0,4.5,10.7,normal
1697515723.617,46.738,1800.0,27.4,10.4,normal
1697515724.12,45.764,1800.0,27.0,10.7,normal
1697515724.623,46.251,1800.0,6.4,10.7,normal
1697515725.125,45.277,1800.0,1.0,10.7,normal
1697515725.628,46.251,1800.0,4.0,10.7,normal
1697515726.13,46.251,1800.0,2.5,10.7,normal
1697515726.633,45.764,1800.0,2.5,10.7,normal
1697515727.136,45.764,1800.0,6.0,10.7,normal
1697515727.638,45.277,1800.0,1.0,10.7,normal
1697515728.141,46.251,1800.0,3.0,10.7,normal
1697515728.646,44.79,900.0,4.4,10.7,normal
1697515729.151,45.764,1000.0,13.9,9.6,normal
1697515729.654,45.764,1800.0,30.5,10.4,normal
1697515730.156,45.764,1800.0,22.5,10.6,normal
1697515730.659,45.277,1800.0,4.0,10.6,normal
1697515731.162,46.251,1800.0,4.0,10.6,normal
1697515731.664,45.277,1800.0,3.5,10.6,normal
1697515732.167,45.277,1800.0,4.5,10.7,normal
1697515732.669,46.738,1800.0,4.5,10.7,normal
1697515733.172,45.277,1800.0,2.5,10.7,normal
1697515733.674,46.251,1800.0,3.5,10.7,normal
1697515734.177,46.738,1800.0,3.5,10.7,normal
1697515734.682,45.277,700.0,5.9,10.7,normal
1697515735.186,44.303,900.0,5.0,10.7,normal
1697515735.689,45.764,1800.0,25.6,10.3,normal
1697515736.192,45.277,1800.0,29.1,10.6,normal
1697515736.695,45.277,1800.0,3.5,10.6,normal
1697515737.197,46.251,1800.0,4.0,10.6,normal
1697515737.7,45.277,1800.0,3.5,10.6,normal
1697515738.202,46.251,1800.0,4.0,10.6,normal
1697515738.705,45.764,1800.0,3.0,10.7,normal
1697515739.208,45.764,1800.0,4.0,10.7,normal
1697515739.71,45.764,1800.0,4.0,10.7,normal
1697515740.213,44.79,1800.0,3.5,10.7,normal
1697515740.716,46.251,1000.0,5.4,10.7,normal
1697515741.22,44.303,900.0,6.5,10.7,normal
1697515741.723,44.79,1800.0,18.0,10.2,normal
1697515742.226,46.738,1800.0,37.5,10.6,normal
1697515742.729,46.738,1800.0,3.0,10.7,normal
1697515743.231,46.738,1800.0,3.0,10.7,normal
1697515743.734,46.251,1800.0,4.0,10.7,normal
1697515744.236,44.79,1800.0,3.5,10.7,normal
1697515744.739,45.277,1800.0,4.4,10.7,normal
1697515745.242,46.251,1800.0,2.5,10.7,normal
1697515745.744,45.277,1800.0,4.0,10.7,normal
1697515746.247,45.764,1800.0,2.5,10.7,normal
1697515746.751,45.277,1000.0,4.0,10.7,normal
1697515747.255,43.816,900.0,5.4,10.7,normal
1697515747.758,45.764,1800.0,9.5,9.6,normal
1697515748.264,46.251,1800.0,27.9,10.5,normal
1697515748.767,45.277,1800.0,19.1,10.6,normal
1697515749.269,45.277,1800.0,3.9,10.6,normal
1697515749.772,45.764,1800.0,3.5,10.6,normal
1697515750.274,45.277,1800.0,3.0,10.6,normal
1697515750.777,45.277,1800.0,3.5,10.6,normal
1697515751.28,44.79,1800.0,3.0,10.6,normal
1697515751.782,45.277,1800.0,3.0,10.6,normal
1697515752.285,46.251,1800.0,2.5,10.6,normal
1697515752.789,45.277,700.0,3.0,10.6,normal
1697515753.294,45.277,800.0,5.4,10.7,normal
1697515753.799,44.303,800.0,5.0,10.7,normal
1697515754.302,46.251,1800.0,27.4,10.5,normal
1697515754.805,45.764,1800.0,29.5,10.7,normal
1697515755.307,45.764,1800.0,3.0,10.7,normal
1697515755.81,45.277,1800.0,2.5,10.7,normal
1697515756.312,45.277,1800.0,4.5,10.7,normal
1697515756.815,45.764,1800.0,3.0,10.7,normal
1697515757.317,45.764,1800.0,3.0,10.7,normal
1697515757.82,45.764,1800.0,3.5,10.7,normal
1697515758.322,45.764,1800.0,4.4,10.7,normal
1697515758.825,44.79,1800.0,3.0,10.7,normal
1697515759.329,45.764,900.0,3.5,10.7,normal
1697515759.835,45.277,600.0,5.9,10.7,normal
1697515760.338,45.277,1800.0,31.7,10.3,normal
1697515760.84,46.251,1800.0,37.6,10.7,normal
1697515761.343,46.251,1800.0,3.9,10.7,normal
1697515761.845,45.764,1800.0,4.0,10.7,normal
1697515762.348,46.251,1800.0,3.0,10.7,normal
1697515762.85,46.738,1800.0,5.4,10.7,normal
1697515763.353,45.764,1800.0,3.5,10.7,normal
1697515763.856,44.79,1800.0,3.5,10.7,normal
1697515764.358,46.738,1800.0,4.5,10.7,normal
1697515764.861,44.79,1800.0,4.5,10.7,normal
1697515765.366,44.303,600.0,3.5,10.7,normal
1697515765.871,44.79,700.0,4.0,10.7,normal
1697515766.376,45.277,1800.0,10.4,10.0,normal
1697515766.88,45.764,1800.0,32.0,10.6,normal
1697515767.383,45.277,1800.0,15.3,10.7,normal
1697515767.885,46.738,1800.0,2.5,10.7,normal
1697515768.388,45.277,1800.0,3.5,10.7,normal
1697515768.891,47.225,1800.0,3.5,10.7,normal
1697515769.393,46.251,1800.0,4.5,10.7,normal
1697515769.896,45.764,1800.0,4.5,10.7,normal
1697515770.398,46.251,1800.0,4.4,10.7,normal
1697515770.901,45.277,1800.0,3.5,10.7,normal
1697515771.406,45.277,700.0,4.0,10.7,normal
1697515771.911,45.277,700.0,5.9,10.7,normal
1697515772.417,44.79,600.0,4.0,10.7,normal
1697515772.921,44.79,1800.0,28.2,10.5,normal
1697515773.423,45.764,1800.0,25.5,10.6,normal
1697515773.926,45.764,1800.0,4.0,10.6,normal
1697515774.428,47.225,1800.0,3.5,10.6,normal
1697515774.931,45.764,1800.0,3.0,10.6,normal
1697515775.434,45.764,1800.0,3.5,10.6,normal
1697515775.936,44.79,1800.0,2.5,10.6,normal
1697515776.439,44.79,1800.0,5.9,10.6,normal
1697515776.942,46.738,1800.0,3.0,10.6,normal
1697515777.444,45.277,1800.0,3.0,10.6,normal
1697515777.95,44.303,600.0,6.9,10.6,normal
1697515778.455,45.764,600.0,4.5,10.6,normal
1697515778.958,45.764,1800.0,24.3,10.3,normal
1697515779.464,45.764,1800.0,32.5,10.7,normal
1697515779.966,45.277,1800.0,4.5,10.6,normal
1697515780.469,45.277,1800.0,3.5,10.6,normal
1697515780.971,45.277,1800.0,3.0,10.6,normal
1697515781.474,45.764,1800.0,3.0,10.6,normal
1697515781.977,45.764,1800.0,5.0,10.6,normal
1697515782.479,44.79,1800.0,4.0,10.6,normal
1697515782.982,45.277,1800.0,2.5,10.7,normal
1697515783.484,44.79,1800.0,4.9,10.7,normal
1697515783.99,45.277,600.0,4.5,10.7,normal
1697515784.501,44.79,600.0,5.9,10.6,normal
1697515785.004,45.764,1800.0,16.8,10.2,normal
1697515785.507,45.764,1800.0,36.9,10.6,normal
1697515786.009,47.225,1800.0,1.5,10.6,normal
1697515786.512,46.251,1800.0,3.5,10.6,normal
1697515787.015,45.764,1800.0,3.0,10.6,normal
1697515787.517,44.79,1800.0,2.0,10.6,normal
1697515788.02,46.251,1800.0,0.0,10.6,normal
1697515788.522,46.251,1800.0,2.5,10.7,normal
1697515789.025,45.764,1800.0,4.5,10.7,normal
1697515789.527,44.79,1800.0,4.4,10.7,normal
1697515790.033,44.303,600.0,3.0,10.7,normal
1697515790.538,45.277,600.0,3.9,10.7,normal
1697515791.042,45.764,1800.0,21.5,10.4,normal
1697515791.544,45.764,1800.0,31.3,10.6,normal
1697515792.047,45.764,1800.0,3.9,10.6,normal
1697515792.549,45.764,1800.0,4.5,10.6,normal
1697515793.052,45.764,1800.0,3.5,10.6,normal
1697515793.554,46.251,1800.0,3.5,10.6,normal
1697515794.057,45.277,1800.0,3.0,10.6,normal
1697515794.56,45.764,1800.0,4.5,10.6,normal
1697515795.062,45.277,1800.0,4.0,10.7,normal
1697515795.565,44.79,1800.0,3.5,10.6,normal
1697515796.07,45.277,600.0,3.4,10.6,normal
1697515796.576,45.277,600.0,4.0,10.7,normal
1697515797.079,46.738,1800.0,29.1,10.4,normal
1697515797.582,45.764,1800.0,26.6,10.7,normal
1697515798.084,45.764,1800.0,3.5,10.7,normal
1697515798.587,45.277,1800.0,3.5,10.6,normal
1697515799.09,44.79,1800.0,3.5,10.6,normal
1697515799.592,46.251,1800.0,4.5,10.7,normal
1697515800.095,45.764,1800.0,4.0,10.6,normal
1697515800.597,45.277,1800.0,2.5,10.6,normal
1697515801.1,44.303,1800.0,5.4,10.7,normal
1697515801.603,44.79,1800.0,3.5,10.7,normal
1697515802.109,45.277,600.0,4.0,10.7,normal
1697515802.615,45.277,600.0,4.9,10.7,normal
1697515803.118,45.764,1800.0,22.4,10.3,normal
1697515803.62,46.738,1800.0,34.5,10.6,normal
1697515804.123,45.277,1800.0,3.0,10.6,normal
1697515804.625,46.251,1800.0,3.5,10.6,normal
1697515805.128,46.738,1800.0,3.0,10.6,normal
1697515805.631,45.277,1800.0,5.0,10.7,normal
1697515806.134,43.816,1800.0,2.0,10.7,normal
1697515806.636,46.251,1800.0,3.0,10.7,normal
1697515807.139,46.251,1800.0,3.0,10.7,normal
1697515807.642,46.738,1800.0,5.0,10.7,normal
1697515808.147,44.79,600.0,4.5,10.7,normal
1697515808.653,45.764,600.0,5.4,10.7,normal
1697515809.156,46.738,1800.0,15.4,10.1,normal
1697515809.659,46.251,1800.0,39.1,10.6,normal
1697515810.162,46.251,1800.0,5.0,10.6,normal
1697515810.664,45.277,1800.0,3.5,10.6,normal
1697515811.167,45.764,1800.0,3.5,10.6,normal
1697515811.67,46.251,1800.0,4.5,10.6,normal
1697515812.172,45.764,1800.0,3.5,10.6,normal
1697515812.675,45.277,1800.0,3.9,10.7,normal
1697515813.177,44.79,1800.0,3.0,10.7,normal
1697515813.68,45.764,1800.0,4.5,10.7,normal
1697515814.184,46.251,775.0,3.5,10.7,normal
1697515814.689,44.79,800.0,4.5,10.7,normal
1697515815.194,44.303,1200.0,7.5,10.5,normal
1697515815.697,45.764,1800.0,28.9,10.4,normal
1697515816.2,45.277,1800.0,23.1,10.6,normal
1697515816.702,45.764,1800.0,4.0,10.6,normal
1697515817.205,44.79,1800.0,3.5,10.6,normal
1697515817.707,44.79,1800.0,3.5,10.6,normal
1697515818.21,45.764,1800.0,3.5,10.6,normal
1697515818.712,45.764,1800.0,4.0,10.6,normal
1697515819.215,45.277,1800.0,3.0,10.6,normal
1697515819.717,44.79,1800.0,4.5,10.6,normal
1697515820.22,45.764,1800.0,4.0,10.6,normal
1697515820.724,44.303,900.0,5.9,10.6,normal
1697515821.227,45.764,1800.0,11.5,10.1,normal
1697515821.73,46.251,1800.0,32.2,10.5,normal
1697515822.233,44.79,1800.0,13.5,10.6,normal
1697515822.736,45.764,1800.0,4.5,10.6,normal
1697515823.238,45.764,1800.0,3.5,10.6,normal
1697515823.741,45.277,1800.0,3.5,10.6,normal
1697515824.243,45.764,1800.0,3.5,10.6,normal
1697515824.746,45.764,1800.0,4.5,10.6,normal
1697515825.248,45.277,1800.0,3.0,10.6,normal
1697515825.751,45.277,1800.0,3.5,10.6,normal
1697515826.256,45.764,700.0,3.5,10.6,normal
1697515826.76,45.764,900.0,5.0,10.6,normal
1697515827.265,44.303,800.0,6.4,10.6,normal
1697515827.769,45.277,1800.0,28.0,10.4,normal
1697515828.271,45.277,1800.0,24.9,10.7,normal
1697515828.774,45.764,1800.0,3.5,10.7,normal
1697515829.276,45.277,1800.0,3.5,10.7,normal
1697515829.779,45.277,1800.0,5.0,10.7,normal
1697515830.282,46.251,1800.0,3.0,10.7,normal
1697515830.784,44.79,1800.0,3.0,10.7,normal
1697515831.287,45.764,1800.0,2.0,10.7,normal
1697515831.789,45.277,1800.0,2.5,10.7,normal
1697515832.292,44.79,1800.0,3.0,10.7,normal
1697515832.796,44.303,1000.0,4.0,10.7,normal
1697515833.3,43.329,1000.0,3.5,10.7,normal
1697515833.803,45.764,1800.0,23.8,10.4,normal
1697515834.306,45.764,1800.0,32.0,10.7,normal
1697515834.808,45.764,1800.0,4.0,10.7,normal
1697515835.311,46.251,1800.0,3.5,10.7,normal
1697515835.813,45.764,1800.0,3.0,10.7,normal
1697515836.316,46.251,1800.0,3.5,10.7,normal
1697515836.819,44.79,1800.0,3.5,10.7,normal
1697515837.321,45.277,1800.0,4.0,10.7,normal
1697515837.824,45.277,1800.0,3.5,10.7,normal
1697515838.326,45.764,1800.0,4.0,10.7,normal
1697515838.832,44.79,600.0,3.5,10.7,normal
1697515839.337,46.251,800.0,5.0,10.7,normal
1697515839.839,44.79,1800.0,18.2,10.1,normal
1697515840.342,45.764,1800.0,37.3,10.6,normal
1697515840.845,46.251,1800.0,5.5,10.7,normal
1697515841.347,45.277,1800.0,4.0,10.7,normal
1697515841.85,46.251,1800.0,3.0,10.7,normal
1697515842.352,45.277,1800.0,4.0,10.7,normal
1697515842.855,45.277,1800.0,4.0,10.7,normal
1697515843.358,45.764,1800.0,4.0,10.7,normal
1697515843.86,45.277,1800.0,3.5,10.7,normal
1697515844.363,45.764,1800.0,3.5,10.7,normal
1697515844.867,44.79,800.0,5.0,10.7,normal
1697515845.371,44.79,900.0,5.4,10.7,normal
1697515845.877,45.277,800.0,8.9,10.6,normal
1697515846.38,46.251,1800.0,28.6,10.5,normal
1697515846.883,45.764,1800.0,20.3,10.6,normal
1697515847.385,45.277,1800.0,4.9,10.6,normal
1697515847.888,45.277,1800.0,0.0,10.6,normal
1697515848.39,44.79,1800.0,0.0,10.6,normal
1697515848.893,44.79,1800.0,5.0,10.7,normal
1697515849.395,45.277,1800.0,2.5,10.7,normal
1697515849.898,45.764,1800.0,6.4,10.7,normal
1697515850.4,46.251,1800.0,3.5,10.7,normal
1697515850.905,45.764,700.0,4.0,10.7,normal
1697515851.41,46.251,600.0,4.0,10.7,normal
1697515851.913,45.764,1800.0,12.4,10.0,normal
1697515852.416,47.225,1800.0,34.2,10.5,normal
1697515852.919,45.764,1800.0,12.6,10.6,normal
1697515853.421,46.251,1800.0,4.9,10.6,normal
1697515853.924,45.764,1800.0,3.0,10.7,normal
1697515854.426,46.738,1800.0,5.0,10.7,normal
1697515854.929,46.251,1800.0,3.0,10.7,normal
1697515855.432,45.277,1800.0,3.5,10.7,normal
1697515855.934,46.251,1800.0,3.5,10.7,normal
1697515856.437,45.764,1800.0,4.0,10.7,normal
1697515856.942,44.79,700.0,3.5,10.7,normal
1697515857.448,44.79,600.0,3.5,10.7,normal
1697515857.954,43.816,600.0,2.5,10.6,normal
1697515858.457,45.764,1800.0,26.4,10.5,normal
1697515858.959,46.251,1800.0,28.6,10.7,normal
1697515859.462,45.277,1800.0,4.0,10.7,normal
1697515859.965,45.277,1800.0,4.4,10.7,normal
1697515860.467,45.764,1800.0,3.5,10.7,normal
1697515860.97,45.277,1800.0,4.5,10.7,normal
1697515861.472,45.764,1800.0,3.5,10.7,normal
1697515861.975,45.764,1800.0,3.0,10.7,normal
1697515862.477,44.79,1800.0,3.5,10.7,normal
1697515862.98,45.764,1800.0,4.4,10.7,normal
1697515863.486,44.79,600.0,3.5,10.7,normal
1697515863.993,45.764,800.0,9.0,9.7,normal
1697515864.496,45.764,1800.0,29.7,10.6,normal
1697515864.999,46.738,1800.0,22.1,10.7,normal
1697515865.501,45.764,1800.0,3.0,10.7,normal
1697515866.004,45.277,1800.0,3.0,10.7,normal
1697515866.506,45.277,1800.0,4.0,10.7,normal
1697515867.009,45.764,1800.0,3.0,10.7,normal
1697515867.511,45.277,1800.0,3.5,10.7,normal
1697515868.014,45.277,1800.0,4.9,10.7,normal
1697515868.516,46.251,1800.0,3.5,10.7,normal
1697515869.019,45.277,1800.0,4.0,10.7,normal
1697515869.525,44.79,700.0,6.4,10.7,normal
1697515870.028,45.277,1800.0,13.9,10.2,normal
1697515870.531,46.738,1800.0,36.8,10.6,normal
1697515871.033,46.251,1800.0,6.5,10.7,normal
1697515871.536,45.764,1800.0,4.0,10.7,normal
1697515872.038,45.764,1800.0,3.0,10.7,normal
1697515872.541,45.764,1800.0,2.0,10.7,normal
1697515873.043,46.251,1800.0,1.5,10.7,normal
1697515873.546,45.764,1800.0,4.0,10.7,normal
1697515874.049,45.764,1800.0,3.0,10.7,normal
1697515874.551,45.764,1800.0,3.5,10.7,normal
1697515875.057,45.277,600.0,3.0,10.7,normal
1697515875.562,44.303,600.0,3.5,10.7,normal
1697515876.068,44.79,800.0,6.5,10.5,normal
1697515876.57,45.764,1800.0,29.7,10.5,normal
1697515877.073,45.277,1800.0,24.2,10.6,normal
1697515877.576,45.764,1800.0,3.5,10.6,normal
1697515878.078,45.277,1800.0,3.5,10.6,normal
1697515878.581,45.764,1800.0,3.5,10.6,normal
1697515879.083,46.251,1800.0,3.0,10.7,normal
1697515879.586,45.764,1800.0,4.0,10.7,normal
1697515880.089,44.79,1800.0,3.5,10.7,normal
1697515880.591,45.277,1800.0,3.0,10.7,normal
1697515881.094,44.303,1800.0,3.5,10.7,normal
1697515881.6,45.277,600.0,3.5,10.7,normal
1697515882.106,45.277,600.0,5.4,10.7,normal
1697515882.608,45.277,1800.0,24.0,10.3,normal
1697515883.111,46.251,1800.0,32.3,10.6,normal
1697515883.614,45.277,1800.0,2.5,10.6,normal
1697515884.116,45.277,1800.0,4.0,10.6,normal
1697515884.619,44.79,1800.0,5.0,10.6,normal
1697515885.121,45.764,1800.0,4.4,10.6,normal
1697515885.624,46.251,1800.0,3.5,10.6,normal
1697515886.127,45.277,1800.0,3.0,10.6,normal
1697515886.629,46.251,1800.0,5.0,10.6,normal
1697515887.132,45.764,1800.0,2.5,10.6,normal
1697515887.638,44.79,600.0,5.9,10.7,normal
1697515888.144,45.277,600.0,4.0,10.6,normal
1697515888.647,45.764,1800.0,29.7,10.4,normal
1697515889.149,45.277,1800.0,23.7,10.6,normal
1697515889.652,46.251,1800.0,4.0,10.6,normal
1697515890.155,46.251,1800.0,4.5,10.7,normal
1697515890.657,45.277,1800.0,3.0,10.7,normal
1697515891.16,44.303,1800.0,3.5,10.7,normal
1697515891.662,45.764,1800.0,3.0,10.7,normal
1697515892.165,45.277,1800.0,3.0,10.7,normal
1697515892.667,45.277,1800.0,2.5,10.7,normal
1697515893.17,45.764,1800.0,3.5,10.7,normal
1697515893.674,46.251,900.0,4.9,10.7,normal
1697515894.179,45.277,600.0,4.0,10.7,normal
1697515894.682,46.251,1800.0,24.9,10.3,normal
1697515895.185,46.251,1800.0,32.2,10.6,normal
1697515895.688,45.764,1800.0,3.5,10.6,normal
1697515896.19,44.79,1800.0,3.5,10.6,normal
1697515896.693,45.764,1800.0,3.5,10.6,normal
1697515897.195,45.764,1800.0,3.5,10.6,normal
1697515897.698,45.277,1800.0,4.0,10.6,normal
1697515898.201,46.251,1800.0,3.5,10.7,normal
1697515898.703,45.764,1800.0,4.5,10.7,normal
1697515899.206,44.79,1800.0,3.5,10.7,normal
1697515899.71,44.303,800.0,4.0,10.7,normal
1697515900.215,45.277,800.0,5.0,10.7,normal
1697515900.718,45.764,1800.0,16.2,10.1,normal
1697515901.221,47.225,1800.0,37.6,10.6,normal
1697515901.723,44.303,1800.0,5.0,10.6,normal
1697515902.226,46.738,1800.0,3.5,10.6,normal
1697515902.728,45.277,1800.0,2.5,10.6,normal
1697515903.231,46.251,1800.0,4.0,10.7,normal
1697515903.733,45.764,1800.0,3.5,10.7,normal
1697515904.236,45.277,1800.0,4.4,10.6,normal
1697515904.739,45.277,1800.0,4.0,10.6,normal
1697515905.241,44.303,1800.0,1.5,10.7,normal
1697515905.745,45.277,900.0,5.0,10.7,normal
1697515906.25,45.764,700.0,4.0,10.7,normal
1697515906.756,45.277,600.0,3.0,10.6,normal
1697515907.259,46.251,1800.0,28.7,10.5,normal
1697515907.762,46.251,1800.0,25.3,10.7,normal
1697515908.264,45.764,1800.0,2.0,10.7,normal
1697515908.767,46.251,1800.0,3.5,10.7,normal
1697515909.27,46.251,1800.0,1.0,10.7,normal
1697515909.772,45.277,1800.0,8.4,10.7,normal
1697515910.275,45.277,1800.0,3.9,10.7,normal
1697515910.777,45.277,1800.0,3.0,10.7,normal
1697515911.28,45.764,1800.0,2.5,10.7,normal
1697515911.782,45.277,1800.0,4.5,10.7,normal
1697515912.287,44.303,700.0,4.0,10.7,normal
1697515912.79,46.251,1800.0,10.4,9.7,normal
1697515913.294,45.277,1800.0,28.7,10.5,normal
1697515913.797,46.251,1800.0,17.7,10.7,normal
1697515914.299,45.277,1800.0,2.0,10.7,normal
1697515914.802,46.251,1800.0,3.0,10.7,normal
1697515915.304,45.277,1800.0,3.0,10.7,normal
1697515915.807,45.764,1800.0,4.0,10.7,normal
1697515916.309,45.277,1800.0,3.0,10.7,normal
1697515916.812,45.764,1800.0,3.0,10.7,normal
1697515917.315,45.277,1800.0,3.5,10.7,normal
1697515917.819,45.764,800.0,3.4,10.7,normal
1697515918.324,45.277,800.0,5.0,10.7,normal
1697515918.827,45.764,1800.0,15.0,10.3,normal
1697515919.33,46.738,1800.0,37.8,10.6,normal
1697515919.832,45.764,1800.0,6.9,10.7,normal
1697515920.335,45.764,1800.0,3.0,10.7,normal
1697515920.837,45.277,1800.0,3.5,10.7,normal
1697515921.34,45.764,1800.0,4.9,10.7,normal
1697515921.842,45.764,1800.0,3.5,10.7,normal
1697515922.345,45.277,1800.0,3.5,10.7,normal
1697515922.847,44.79,1800.0,3.0,10.7,normal
1697515923.35,45.764,1800.0,3.0,10.7,normal
1697515923.854,45.764,800.0,4.5,10.7,normal
1697515924.359,45.277,700.0,4.4,10.7,normal
1697515924.862,45.764,1800.0,21.4,10.3,normal
1697515925.365,44.79,1800.0,35.0,10.6,normal
1697515925.868,45.764,1800.0,4.5,10.6,normal
1697515926.37,46.738,1800.0,3.0,10.6,normal
1697515926.873,46.251,1800.0,3.5,10.6,normal
1697515927.375,45.277,1800.0,3.9,10.6,normal
1697515927.878,45.764,1800.0,3.5,10.6,normal
1697515928.38,45.277,1800.0,2.5,10.6,normal
1697515928.883,45.764,1800.0,2.0,10.6,normal
1697515929.385,45.764,1800.0,4.0,10.6,normal
1697515929.89,44.79,800.0,6.4,10.6,normal
1697515930.395,45.277,700.0,4.0,10.7,normal
1697515930.898,45.764,1800.0,26.6,10.4,normal
1697515931.401,45.764,1800.0,28.6,10.7,normal
1697515931.903,45.764,1800.0,3.5,10.7,normal
1697515932.406,45.277,1800.0,4.0,10.7,normal
1697515932.908,45.764,1800.0,3.0,10.7,normal
1697515933.411,45.277,1800.0,3.5,10.7,normal
1697515933.914,45.764,1800.0,4.5,10.7,normal
1697515934.416,45.277,1800.0,3.0,10.7,normal
1697515934.919,46.738,1800.0,4.9,10.7,normal
1697515935.421,45.277,1800.0,3.5,10.7,normal
1697515935.927,44.303,600.0,5.0,10.7,normal
1697515936.432,44.79,800.0,5.9,10.6,normal
1697515936.935,45.277,1800.0,28.4,10.5,normal
1697515937.438,46.251,1800.0,24.6,10.7,normal
1697515937.94,46.251,1800.0,4.9,10.7,normal
1697515938.443,46.251,1800.0,3.5,10.7,normal
1697515938.945,45.764,1800.0,3.0,10.7,normal
1697515939.448,45.764,1800.0,4.5,10.7,normal
1697515939.95,46.251,1800.0,4.5,10.7,normal
1697515940.453,45.277,1800.0,3.0,10.7,normal
1697515940.955,45.764,1800.0,3.0,10.7,normal
1697515941.458,45.764,1800.0,3.9,10.7,normal
1697515941.963,45.764,700.0,6.4,10.7,normal
1697515942.468,45.764,600.0,4.5,10.7,normal
1697515942.971,45.764,1800.0,24.3,10.3,normal
1697515943.474,45.277,1800.0,32.2,10.6,normal
1697515943.977,46.251,1800.0,3.5,10.6,normal
1697515944.479,45.764,1800.0,4.0,10.6,normal
1697515944.982,45.764,1800.0,3.0,10.6,normal
1697515945.484,45.764,1800.0,2.5,10.6,normal
1697515945.987,45.764,1800.0,3.5,10.7,normal
1697515946.489,45.277,1800.0,2.0,10.7,normal
1697515946.992,45.277,1800.0,3.5,10.7,normal
1697515947.494,44.79,1800.0,3.9,10.7,normal
1697515948.0,45.277,600.0,2.5,10.7,normal
1697515948.507,45.277,600.0,4.9,10.7,normal
1697515949.01,45.277,1800.0,17.0,10.2,normal
1697515949.512,46.251,1800.0,37.8,10.6,normal
1697515950.015,45.764,1800.0,4.0,10.7,normal
1697515950.518,45.764,1800.0,4.5,10.7,normal
1697515951.02,45.277,1800.0,3.0,10.7,normal
1697515951.523,44.79,1800.0,3.5,10.7,normal
1697515952.025,45.764,1800.0,3.0,10.7,normal
1697515952.528,45.764,1800.0,4.4,10.7,normal
1697515953.031,45.277,1800.0,2.5,10.7,normal
1697515953.533,45.277,1800.0,2.5,10.6,normal
1697515954.039,45.277,600.0,3.5,10.7,normal
1697515954.543,44.303,800.0,6.9,10.7,normal
1697515955.048,45.277,1000.0,9.5,9.6,normal
1697515955.551,45.764,1800.0,27.5,10.5,normal
1697515956.053,45.764,1800.0,20.3,10.6,normal
1697515956.556,45.764,1800.0,3.9,10.6,normal
1697515957.058,44.303,1800.0,3.5,10.6,normal
1697515957.561,45.277,1800.0,2.0,10.6,normal
1697515958.063,45.764,1800.0,2.0,10.6,normal
1697515958.566,45.764,1800.0,3.5,10.6,normal
1697515959.069,45.277,1800.0,2.5,10.6,normal
1697515959.571,45.277,1800.0,4.0,10.6,normal
1697515960.074,45.764,1800.0,3.5,10.6,normal
1697515960.579,44.303,600.0,4.0,10.7,normal
1697515961.085,44.79,600.0,5.4,10.7,normal
1697515961.588,45.764,1800.0,25.4,10.4,normal
1697515962.091,45.764,1800.0,29.0,10.7,normal
1697515962.596,45.277,1800.0,3.5,10.7,normal
1697515963.099,44.79,1800.0,4.0,10.7,normal
1697515963.602,45.277,1800.0,3.5,10.7,normal
1697515964.105,45.277,1800.0,4.0,10.7,normal
1697515964.607,44.79,1800.0,4.5,10.7,normal
1697515965.11,45.277,1800.0,2.5,10.7,normal
1697515965.612,44.79,1800.0,4.0,10.7,normal
1697515966.115,45.277,1800.0,2.5,10.7,normal
1697515966.624,45.277,800.0,2.5,10.7,normal
1697515967.128,44.303,900.0,4.0,10.7,normal
1697515967.631,45.277,1800.0,21.9,10.3,normal
1697515968.134,46.251,1800.0,35.5,10.6,normal
1697515968.637,45.764,1800.0,2.0,10.6,normal
1697515969.14,46.251,1800.0,5.5,10.6,normal
1697515969.642,45.277,1800.0,4.0,10.7,normal
1697515970.145,45.277,1800.0,5.0,10.6,normal
1697515970.647,46.251,1800.0,3.5,10.6,normal
1697515971.15,45.764,1800.0,3.5,10.6,normal
1697515971.657,45.764,1800.0,3.9,10.6,normal
1697515972.159,44.79,1800.0,3.0,10.7,normal
1697515972.665,45.277,600.0,3.9,10.6,normal
1697515973.169,44.79,800.0,4.5,10.6,normal
1697515973.672,46.251,1800.0,12.9,10.2,normal
1697515974.176,46.251,1800.0,36.1,10.6,normal
1697515974.679,45.277,1800.0,9.5,10.7,normal
1697515975.181,46.251,1800.0,3.5,10.7,normal
1697515975.684,45.277,1800.0,4.0,10.6,normal
1697515976.186,45.277,1800.0,3.0,10.6,normal
1697515976.694,44.79,1800.0,3.4,10.7,normal
1697515977.196,45.764,1800.0,3.0,10.6,normal
1697515977.699,45.277,1800.0,4.0,10.6,normal
1697515978.201,44.79,1800.0,3.5,10.6,normal
1697515978.705,44.79,900.0,4.9,10.6,normal
1697515979.21,45.764,675.0,4.0,10.6,normal
1697515979.715,45.277,800.0,8.5,10.5,normal
1697515980.219,45.764,1800.0,28.9,10.6,normal
1697515980.721,45.764,1800.0,22.0,10.7,normal
1697515981.224,44.79,1800.0,4.5,10.7,normal
1697515981.726,46.251,1800.0,3.5,10.7,normal
1697515982.229,45.277,1800.0,3.5,10.7,normal
1697515982.732,46.251,1800.0,3.5,10.7,normal
1697515983.234,45.277,1800.0,4.0,10.7,normal
1697515983.737,44.79,1800.0,3.5,10.7,normal
1697515984.239,46.251,1800.0,4.0,10.7,normal
1697515984.744,46.251,700.0,3.5,10.7,normal
1697515985.25,44.79,600.0,4.0,10.7,normal
1697515985.753,46.738,1800.0,13.4,10.1,normal
1697515986.256,45.277,1800.0,36.0,10.6,normal
1697515986.759,45.764,1800.0,9.5,10.7,normal
1697515987.262,44.79,1800.0,3.5,10.7,normal
1697515987.764,45.277,1800.0,2.5,10.7,normal
1697515988.267,45.764,1800.0,5.0,10.7,normal
1697515988.769,45.277,1800.0,3.0,10.7,normal
1697515989.272,44.79,1800.0,3.5,10.7,normal
1697515989.775,45.764,1800.0,4.5,10.7,normal
1697515990.277,46.251,1800.0,3.0,10.7,normal
1697515990.781,45.764,900.0,4.5,10.7,normal
1697515991.286,45.277,800.0,4.0,10.7,normal
1697515991.79,44.303,800.0,6.9,10.5,normal
1697515992.293,45.764,1800.0,28.0,10.4,normal
1697515992.796,46.251,1800.0,22.6,10.6,normal
1697515993.298,44.79,1800.0,3.0,10.6,normal
1697515993.801,45.277,1800.0,3.5,10.6,normal
1697515994.303,45.764,1800.0,3.0,10.6,normal
1697515994.806,45.764,1800.0,5.4,10.6,normal
1697515995.309,44.303,1800.0,3.0,10.7,normal
1697515995.811,45.764,1800.0,3.0,10.7,normal
1697515996.314,44.303,1800.0,3.0,10.7,normal
1697515996.818,45.764,700.0,4.4,10.7,normal
1697515997.324,44.79,700.0,5.0,10.7,normal
1697515997.829,45.277,600.0,3.5,10.7,normal
1697515998.333,45.764,1800.0,23.9,10.4,normal
1697515998.835,45.764,1800.0,29.5,10.7,normal
1697515999.338,45.277,1800.0,3.9,10.7,normal
1697515999.84,46.251,1800.0,3.5,10.7,normal
1697516000.343,44.79,1800.0,3.0,10.7,normal
1697516000.845,45.764,1800.0,3.0,10.7,normal
1697516001.348,45.764,1800.0,3.5,10.7,normal
1697516001.851,45.277,1800.0,3.5,10.6,normal
1697516002.353,45.764,1800.0,2.0,10.7,normal
1697516002.856,44.79,1800.0,3.0,10.7,normal
1697516003.36,44.79,800.0,4.0,10.6,normal
1697516003.866,45.764,600.0,5.0,10.6,normal
1697516004.369,45.277,1800.0,17.9,10.3,normal
1697516004.871,45.764,1800.0,38.6,10.7,normal
1697516005.374,45.277,1800.0,2.5,10.7,normal
1697516005.876,46.251,1800.0,3.0,10.7,normal
1697516006.379,45.277,1800.0,4.0,10.7,normal
1697516006.881,45.764,1800.0,3.0,10.7,normal
1697516007.384,45.277,1800.0,3.5,10.7,normal
1697516007.886,44.79,1800.0,3.5,10.7,normal
1697516008.389,45.277,1800.0,4.0,10.7,normal
1697516008.892,44.79,1800.0,2.5,10.7,normal
1697516009.397,44.303,800.0,3.9,10.7,normal
1697516009.901,45.277,800.0,5.0,10.7,normal
1697516010.404,45.277,1800.0,11.5,9.9,normal
1697516010.908,46.251,1800.0,32.5,10.6,normal
1697516011.41,46.251,1800.0,13.9,10.7,normal
1697516011.913,44.79,1800.0,3.5,10.7,normal
1697516012.415,44.79,1800.0,4.0,10.7,normal
1697516012.918,44.79,1800.0,2.5,10.7,normal
1697516013.42,44.79,1800.0,3.5,10.7,normal
1697516013.923,45.277,1800.0,3.5,10.7,normal
1697516014.425,44.79,1800.0,4.0,10.7,normal
1697516014.928,44.79,1800.0,4.0,10.7,normal
1697516015.433,45.277,700.0,3.0,10.7,normal
1697516015.938,45.277,700.0,3.5,10.7,normal
1697516016.443,44.79,800.0,5.9,10.7,normal
1697516016.946,45.764,1800.0,29.0,10.5,normal
1697516017.448,45.764,1800.0,27.7,10.6,normal
1697516017.951,45.764,1800.0,3.5,10.6,normal
1697516018.454,45.277,1800.0,4.0,10.6,normal
1697516018.956,45.764,1800.0,4.0,10.7,normal
1697516019.459,44.79,1800.0,4.0,10.7,normal
1697516019.961,46.251,1800.0,3.5,10.7,normal
1697516020.464,45.277,1800.0,3.5,10.7,normal
1697516020.966,46.251,1800.0,3.0,10.7,normal
1697516021.469,45.277,1800.0,3.0,10.7,normal
1697516021.973,44.303,800.0,4.4,10.7,normal
1697516022.478,44.79,800.0,5.9,10.7,normal
1697516022.981,44.79,1800.0,21.4,10.3,normal
1697516023.483,45.764,1800.0,35.3,10.6,normal
1697516023.986,45.764,1800.0,3.0,10.6,normal
1697516024.488,44.79,1800.0,4.0,10.7,normal
1697516024.991,45.277,1800.0,4.0,10.6,normal
1697516025.494,45.764,1800.0,3.5,10.7,normal
1697516025.996,46.251,1800.0,3.0,10.7,normal
1697516026.499,44.79,1800.0,2.0,10.7,normal
1697516027.001,44.79,1800.0,2.5,10.6,normal
1697516027.504,45.277,1800.0,1.0,10.6,normal
1697516028.008,44.79,800.0,4.9,10.7,normal
1697516028.513,44.303,700.0,4.5,10.7,normal
1697516029.016,45.764,1800.0,29.2,10.3,normal
1697516029.519,45.764,1800.0,32.0,10.6,normal
1697516030.021,44.79,1800.0,3.5,10.6,normal
1697516030.524,45.764,1800.0,3.5,10.6,normal
1697516031.026,45.764,1800.0,3.0,10.6,normal
1697516031.529,46.251,1800.0,4.5,10.6,normal
1697516032.032,45.277,1800.0,2.5,10.6,normal
1697516032.534,45.764,1800.0,4.0,10.6,normal
1697516033.037,44.79,1800.0,3.0,10.6,normal
1697516033.539,45.277,1800.0,3.0,10.6,normal
1697516034.044,45.277,700.0,5.9,10.6,normal
1697516034.549,45.277,700.0,5.0,10.7,normal
1697516035.052,46.251,1800.0,16.9,10.3,normal
1697516035.555,45.764,1800.0,38.3,10.7,normal
1697516036.057,47.225,1800.0,2.5,10.7,normal
1697516036.56,46.251,1800.0,3.5,10.7,normal
1697516037.062,44.79,1800.0,3.0,10.7,normal
1697516037.565,45.277,1800.0,3.5,10.7,normal
1697516038.068,44.79,1800.0,4.0,10.7,normal
1697516038.57,46.738,1800.0,3.5,10.7,normal
1697516039.073,44.79,1800.0,3.0,10.7,normal
1697516039.576,44.79,1800.0,5.4,10.7,normal
1697516040.081,45.764,600.0,3.0,10.7,normal
1697516040.587,45.277,600.0,3.9,10.7,normal
1697516041.091,44.303,1800.0,11.9,9.8,normal
1697516041.595,46.738,1800.0,32.8,10.6,normal
1697516042.098,46.251,1800.0,14.0,10.7,normal
1697516042.6,45.277,1800.0,2.5,10.7,normal
1697516043.103,45.764,1800.0,3.5,10.7,normal
1697516043.605,45.277,1800.0,3.0,10.7,normal
1697516044.108,45.277,1800.0,4.9,10.7,normal
1697516044.611,45.277,1800.0,3.5,10.7,normal
1697516045.113,46.738,1800.0,2.5,10.7,normal
1697516045.616,45.764,1800.0,4.5,10.7,normal
1697516046.12,44.79,900.0,3.5,10.7,normal
1697516046.626,44.79,600.0,5.9,10.7,normal
1697516047.136,45.277,600.0,4.4,10.7,normal
1697516047.639,45.764,1800.0,30.3,10.5,normal
1697516048.142,46.738,1800.0,25.1,10.6,normal
1697516048.644,45.764,1800.0,2.0,10.6,normal
1697516049.147,45.764,1800.0,5.4,10.6,normal
1697516049.65,45.277,1800.0,4.0,10.6,normal
1697516050.152,46.251,1800.0,3.5,10.6,normal
1697516050.655,46.251,1800.0,3.5,10.6,normal
1697516051.157,45.764,1800.0,3.0,10.7,normal
1697516051.66,45.764,1800.0,3.0,10.7,normal
1697516052.162,45.764,1800.0,3.5,10.6,normal
1697516052.667,44.79,800.0,4.0,10.7,normal
1697516053.17,46.251,1200.0,10.9,10.1,normal
1697516053.674,45.277,1800.0,28.9,10.5,normal
1697516054.177,46.251,1800.0,21.7,10.6,normal
1697516054.679,45.764,1800.0,4.5,10.7,normal
1697516055.182,45.277,1800.0,3.5,10.6,normal
1697516055.684,45.277,1800.0,3.5,10.6,normal
1697516056.187,45.277,1800.0,3.5,10.7,normal
1697516056.689,46.251,1800.0,2.5,10.7,normal
1697516057.192,46.251,1800.0,3.5,10.7,normal
1697516057.695,46.251,1800.0,3.9,10.7,normal
1697516058.197,45.764,1800.0,3.5,10.7,normal
1697516058.702,44.79,700.0,4.5,10.7,normal
1697516059.206,45.277,900.0,5.5,10.7,normal
1697516059.71,44.79,1800.0,26.2,10.5,normal
1697516060.212,46.251,1800.0,28.8,10.7,normal
1697516060.715,45.277,1800.0,4.4,10.7,normal
1697516061.218,45.764,1800.0,4.0,10.7,normal
1697516061.72,45.277,1800.0,3.0,10.7,normal
1697516062.223,45.277,1800.0,3.0,10.7,normal
1697516062.725,46.738,1800.0,2.5,10.7,normal
1697516063.228,45.764,1800.0,2.0,10.7,normal
1697516063.73,44.79,1800.0,2.0,10.7,normal
1697516064.233,44.79,1800.0,5.5,10.7,normal
1697516064.737,45.764,900.0,5.4,10.7,normal
1697516065.242,44.79,700.0,4.9,10.7,normal
1697516065.745,45.764,1800.0,18.0,10.3,normal
1697516066.248,45.764,1800.0,36.2,10.7,normal
1697516066.75,45.277,1800.0,3.5,10.7,normal
1697516067.253,45.277,1800.0,4.0,10.7,normal
1697516067.755,45.764,1800.0,3.5,10.7,normal
1697516068.258,45.764,1800.0,4.0,10.7,normal
1697516068.76,45.764,1800.0,2.5,10.7,normal
1697516069.263,46.251,1800.0,4.4,10.7,normal
1697516069.765,45.764,1800.0,4.5,10.7,normal
1697516070.268,45.277,1800.0,3.5,10.7,normal
1697516070.772,45.764,800.0,3.5,10.7,normal
1697516071.277,44.79,800.0,5.0,10.7,normal
1697516071.779,46.251,1800.0,22.5,10.4,normal
1697516072.282,45.277,1800.0,34.2,10.7,normal
1697516072.785,46.251,1800.0,3.0,10.7,normal
1697516073.287,45.764,1800.0,3.0,10.7,normal
1697516073.79,46.251,1800.0,4.5,10.6,normal
1697516074.292,44.79,1800.0,3.5,10.6,normal
1697516074.795,45.764,1800.0,4.5,10.7,normal
1697516075.298,44.79,1800.0,3.0,10.7,normal
1697516075.8,45.277,1800.0,3.5,10.7,normal
1697516076.303,45.277,1800.0,3.5,10.7,normal
1697516076.808,45.277,600.0,4.0,10.7,normal
1697516077.313,44.303,800.0,4.0,10.7,normal
1697516077.816,45.277,1800.0,27.2,10.3,normal
1697516078.319,46.251,1800.0,29.5,10.6,normal
1697516078.821,44.79,1800.0,3.0,10.6,normal
1697516079.324,46.251,1800.0,3.0,10.6,normal
1697516079.827,44.79,1800.0,4.5,10.7,normal
1697516080.329,45.764,1800.0,4.0,10.7,normal
1697516080.832,45.764,1800.0,3.5,10.7,normal
1697516081.334,44.79,1800.0,2.5,10.7,normal
1697516081.837,45.764,1800.0,3.0,10.7,normal
1697516082.339,44.79,1800.0,3.0,10.7,normal
1697516082.843,44.79,800.0,4.0,10.7,normal
1697516083.349,44.303,600.0,4.0,10.7,normal
1697516083.852,46.251,1800.0,16.7,10.2,normal
1697516084.355,46.251,1800.0,37.3,10.6,normal
1697516084.857,45.764,1800.0,5.0,10.7,normal
1697516085.36,44.303,1800.0,3.0,10.7,normal
1697516085.863,46.251,1800.0,3.5,10.7,normal
1697516086.365,45.277,1800.0,5.5,10.7,normal
1697516086.868,44.79,1800.0,1.0,10.7,normal
1697516087.37,46.251,1800.0,3.9,10.7,normal
1697516087.873,44.79,1800.0,3.0,10.7,normal
1697516088.375,44.79,1800.0,3.5,10.7,normal
1697516088.881,44.79,600.0,3.0,10.7,normal
1697516089.385,45.277,800.0,5.9,10.7,normal
1697516089.888,46.738,1800.0,23.0,10.3,normal
1697516090.391,46.738,1800.0,33.7,10.7,normal
1697516090.894,45.764,1800.0,4.0,10.7,normal
1697516091.396,44.79,1800.0,3.0,10.7,normal
1697516091.899,45.277,1800.0,3.5,10.7,normal
1697516092.401,45.764,1800.0,3.0,10.7,normal
1697516092.904,44.79,1800.0,5.0,10.7,normal
1697516093.406,45.277,1800.0,3.5,10.7,normal
1697516093.909,44.79,1800.0,3.5,10.7,normal
1697516094.411,45.277,1800.0,3.5,10.7,normal
1697516094.916,45.764,900.0,5.9,10.7,normal
1697516095.421,45.277,800.0,5.4,10.7,normal
1697516095.923,45.764,1800.0,14.5,10.1,normal
1697516096.427,47.225,1800.0,33.5,10.6,normal
1697516096.93,45.764,1800.0,11.4,10.7,normal
1697516097.432,44.79,1800.0,3.5,10.7,normal
1697516097.935,44.79,1800.0,4.0,10.7,normal
1697516098.437,45.764,1800.0,3.5,10.7,normal
1697516098.94,45.277,1800.0,3.5,10.7,normal
1697516099.442,44.79,1800.0,5.0,10.7,normal
1697516099.945,45.277,1800.0,2.5,10.7,normal
1697516100.447,45.277,1800.0,3.5,10.7,normal
1697516100.952,45.277,700.0,2.5,10.7,normal
1697516101.457,44.79,800.0,7.4,10.7,normal
1697516101.959,44.79,1800.0,18.9,10.3,normal
1697516102.462,46.251,1800.0,37.6,10.6,normal
1697516102.965,46.251,1800.0,4.0,10.7,normal
1697516103.467,44.303,1800.0,4.5,10.7,normal
1697516103.97,45.764,1800.0,3.0,10.7,normal
1697516104.473,46.251,1800.0,4.5,10.7,normal
1697516104.975,45.764,1800.0,3.5,10.7,normal
1697516105.478,46.251,1800.0,3.5,10.7,normal
1697516105.98,45.277,1800.0,4.0,10.7,normal
1697516106.483,44.303,1800.0,3.0,10.7,normal
1697516106.987,44.79,800.0,3.0,10.7,normal
1697516107.492,45.277,700.0,4.0,10.7,normal
1697516107.995,46.251,1800.0,22.3,10.4,normal
1697516108.498,47.225,1800.0,33.5,10.7,normal
1697516109.0,46.251,1800.0,3.5,10.7,normal
1697516109.503,46.738,1800.0,3.0,10.7,normal
1697516110.005,46.251,1800.0,4.0,10.7,normal
1697516110.508,45.277,1800.0,3.0,10.7,normal
1697516111.01,45.764,1800.0,3.5,10.7,normal
1697516111.513,46.251,1800.0,3.0,10.7,normal
1697516112.015,45.764,1800.0,4.0,10.7,normal
1697516112.518,45.277,1800.0,3.5,10.7,normal
1697516113.024,45.277,600.0,4.4,10.7,normal
1697516113.529,44.303,600.0,4.9,10.7,normal
1697516114.033,46.251,1800.0,15.8,10.1,normal
1697516114.535,45.764,1800.0,38.5,10.6,normal
1697516115.038,45.764,1800.0,6.0,10.7,normal
1697516115.54,45.764,1800.0,3.5,10.7,normal
1697516116.043,45.277,1800.0,2.5,10.7,normal
1697516116.546,45.277,1800.0,4.0,10.7,normal
1697516117.048,46.251,1800.0,3.5,10.7,normal
1697516117.551,45.277,1800.0,3.9,10.7,normal
1697516118.053,45.764,1800.0,3.0,10.7,normal
1697516118.556,45.764,1800.0,3.5,10.7,normal
1697516119.061,46.251,600.0,3.9,10.7,normal
1697516119.566,45.277,800.0,5.9,10.7,normal
1697516120.069,45.764,1800.0,19.0,10.3,normal
1697516120.571,44.79,1800.0,35.5,10.7,normal
1697516121.074,45.764,1800.0,3.0,10.7,normal
1697516121.576,46.251,1800.0,2.5,10.7,normal
1697516122.079,45.277,1800.0,2.0,10.7,normal
1697516122.582,44.79,1800.0,2.5,10.7,normal
1697516123.084,45.764,1800.0,3.0,10.7,normal
1697516123.587,45.277,1800.0,3.0,10.7,normal
1697516124.089,45.764,1800.0,2.5,10.7,normal
1697516124.592,45.764,1800.0,4.5,10.7,normal
1697516125.098,45.277,600.0,4.0,10.7,normal
1697516125.604,44.79,600.0,4.9,10.7,normal
1697516126.108,45.764,1800.0,10.0,9.7,normal
1697516126.611,45.764,1800.0,29.4,10.5,normal
1697516127.114,46.251,1800.0,18.4,10.7,normal
1697516127.617,45.764,1800.0,2.0,10.7,normal
1697516128.119,45.764,1800.0,5.4,10.7,normal
1697516128.622,45.277,1800.0,2.5,10.7,normal
1697516129.124,45.277,1800.0,5.0,10.7,normal
1697516129.627,44.79,1800.0,3.5,10.7,normal
1697516130.129,45.277,1800.0,3.5,10.7,normal
1697516130.637,45.277,1800.0,3.4,10.7,normal
1697516131.142,45.277,700.0,2.0,10.7,normal
1697516131.648,43.816,600.0,5.0,10.7,normal
1697516132.151,45.277,1800.0,15.3,10.2,normal
1697516132.654,47.225,1800.0,37.5,10.6,normal
1697516133.157,45.277,1800.0,5.5,10.7,normal
1697516133.659,45.277,1800.0,3.9,10.7,normal
1697516134.162,45.764,1800.0,3.5,10.7,normal
1697516134.664,45.764,1800.0,4.5,10.7,normal
1697516135.167,44.79,1800.0,4.0,10.7,normal
1697516135.669,44.79,1800.0,3.0,10.7,normal
1697516136.171,44.79,1800.0,2.5,10.7,normal
1697516136.674,45.764,1800.0,4.4,10.7,normal
1697516137.177,44.303,1100.0,4.5,10.7,normal
1697516137.683,44.79,600.0,5.4,10.7,normal
1697516138.189,44.79,700.0,9.4,10.1,normal
1697516138.693,46.738,1800.0,28.9,10.5,normal
1697516139.195,45.277,1800.0,23.3,10.6,normal
1697516139.698,45.277,1800.0,4.9,10.7,normal
1697516140.201,45.277,1800.0,3.0,10.7,normal
1697516140.703,45.764,1800.0,3.0,10.7,normal
1697516141.206,44.303,1800.0,4.5,10.7,normal
1697516141.708,45.277,1800.0,3.9,10.7,normal
1697516142.211,44.79,1800.0,3.0,10.7,normal
1697516142.713,45.277,1800.0,3.5,10.7,normal
1697516143.218,45.277,700.0,3.9,10.7,normal
1697516143.723,44.79,800.0,5.4,10.7,normal
1697516144.227,44.79,1100.0,4.0,10.7,normal
1697516144.73,45.277,1800.0,26.1,10.4,normal
1697516145.233,44.79,1800.0,29.5,10.7,normal
1697516145.736,45.764,1800.0,3.5,10.7,normal
1697516146.238,45.764,1800.0,2.0,10.7,normal
1697516146.741,45.764,1800.0,2.5,10.7,normal
1697516147.243,45.277,1800.0,3.5,10.7,normal
1697516147.746,44.79,1800.0,1.0,10.7,normal
1697516148.248,43.816,1800.0,4.0,10.7,normal
1697516148.751,44.79,1800.0,3.5,10.7,normal
1697516149.253,44.303,1800.0,5.9,10.7,normal
1697516149.757,44.79,900.0,5.4,10.7,normal
1697516150.264,44.303,900.0,5.9,10.7,normal
1697516150.767,47.225,1800.0,26.9,10.5,normal
1697516151.27,46.251,1800.0,28.0,10.7,normal
1697516151.773,45.277,1800.0,3.0,10.7,normal
1697516152.275,45.277,1800.0,3.5,10.7,normal
1697516152.778,45.764,1800.0,4.0,10.7,normal
1697516153.28,45.764,1800.0,4.5,10.7,normal
1697516153.783,45.277,1800.0,3.0,10.7,normal
1697516154.285,44.79,1800.0,4.0,10.7,normal
1697516154.788,45.764,1800.0,4.0,10.7,normal
1697516155.291,45.764,1800.0,4.5,10.7,normal
1697516155.796,44.303,600.0,4.5,10.7,normal
1697516156.3,43.816,1200.0,7.0,10.5,normal
1697516156.803,45.277,1800.0,29.7,10.5,normal
1697516157.305,46.251,1800.0,22.7,10.6,normal
1697516157.808,45.764,1800.0,4.0,10.6,normal
1697516158.311,45.764,1800.0,3.5,10.6,normal
1697516158.813,45.277,1800.0,3.5,10.6,normal
1697516159.316,45.277,1800.0,4.0,10.6,normal
1697516159.818,45.764,1800.0,4.5,10.6,normal
1697516160.321,45.764,1800.0,3.5,10.6,normal
1697516160.823,43.816,1800.0,3.4,10.6,normal
1697516161.326,45.764,1800.0,5.4,10.6,normal
1697516161.831,45.764,700.0,4.5,10.7,normal
1697516162.337,44.79,600.0,4.9,10.7,normal
1697516162.84,46.251,1800.0,24.0,10.4,normal
1697516163.343,46.738,1800.0,30.2,10.7,normal
1697516163.845,45.764,1800.0,2.0,10.7,normal
1697516164.348,46.251,1800.0,3.0,10.7,normal
1697516164.851,45.277,1800.0,4.9,10.7,normal
1697516165.353,45.764,1800.0,3.0,10.7,normal
1697516165.856,45.277,1800.0,2.0,10.7,normal
1697516166.358,45.764,1800.0,2.5,10.7,normal
1697516166.861,44.79,1800.0,1.5,10.7,normal
1697516167.363,44.79,1800.0,3.9,10.7,normal
1697516167.869,44.79,600.0,4.0,10.7,normal
1697516168.374,44.79,600.0,4.5,10.7,normal
1697516168.877,46.251,1800.0,18.6,10.3,normal
1697516169.38,46.251,1800.0,37.1,10.6,normal
1697516169.882,45.277,1800.0,3.0,10.7,normal
1697516170.385,45.764,1800.0,3.9,10.7,normal
1697516170.888,45.764,1800.0,3.0,10.7,normal
1697516171.39,45.764,1800.0,4.0,10.7,normal
1697516171.893,45.277,1800.0,3.5,10.7,normal
1697516172.395,46.251,1800.0,3.9,10.7,normal
1697516172.898,45.277,1800.0,3.5,10.7,normal
1697516173.4,46.251,1800.0,3.5,10.7,normal
1697516173.906,44.303,600.0,4.5,10.7,normal
1697516174.412,45.277,600.0,5.0,10.7,normal
1697516174.916,45.277,1800.0,12.4,10.1,normal
1697516175.419,45.764,1800.0,34.7,10.6,normal
1697516175.922,45.277,1800.0,12.9,10.7,normal
1697516176.425,46.251,1800.0,3.5,10.7,normal
1697516176.927,45.764,1800.0,3.5,10.7,normal
1697516177.43,45.764,1800.0,3.0,10.7,normal
1697516177.932,44.79,1800.0,3.5,10.7,normal
1697516178.435,45.277,1800.0,4.0,10.7,normal
1697516178.937,45.277,1800.0,3.5,10.7,normal
1697516179.44,45.764,1800.0,4.0,10.7,normal
1697516179.945,46.251,700.0,4.0,10.7,normal
1697516180.449,45.764,800.0,5.4,10.7,normal
1697516180.952,46.251,1800.0,16.9,10.2,normal
1697516181.455,46.738,1800.0,37.2,10.6,normal
1697516181.958,45.764,1800.0,5.0,10.6,normal
1697516182.46,45.277,1800.0,3.5,10.6,normal
1697516182.963,45.764,1800.0,3.5,10.6,normal
1697516183.465,44.303,1800.0,2.5,10.6,normal
1697516183.968,45.764,1800.0,4.0,10.6,normal
1697516184.471,46.251,1800.0,5.0,10.6,normal
1697516184.973,45.277,1800.0,4.0,10.6,normal
1697516185.476,45.764,1800.0,3.5,10.6,normal
1697516185.98,45.277,800.0,4.0,10.6,normal
1697516186.485,45.764,800.0,4.4,10.6,normal
1697516186.989,44.79,900.0,10.9,9.5,normal
1697516187.492,45.764,1800.0,28.0,10.5,normal
1697516187.995,44.79,1800.0,21.9,10.6,normal
1697516188.498,44.79,1800.0,3.5,10.6,normal
1697516189.0,45.764,1800.0,4.0,10.6,normal
1697516189.503,44.79,1800.0,4.0,10.6,normal
1697516190.005,45.764,1800.0,3.0,10.6,normal
1697516190.508,44.303,1800.0,3.5,10.6,normal
1697516191.011,44.303,1800.0,4.5,10.6,normal
1697516191.513,45.277,1800.0,3.5,10.6,normal
1697516192.016,45.764,1800.0,3.0,10.6,normal
1697516192.521,44.79,900.0,5.4,10.6,normal
1697516193.025,45.277,750.0,5.5,10.6,normal
1697516193.528,45.277,1800.0,27.7,10.4,normal
1697516194.031,46.251,1800.0,27.3,10.6,normal
1697516194.534,46.251,1800.0,3.5,10.6,normal
1697516195.036,45.277,1800.0,3.5,10.6,normal
1697516195.539,44.79,1800.0,3.5,10.7,normal
1697516196.041,45.277,1800.0,3.0,10.6,normal
1697516196.544,45.277,1800.0,4.0,10.6,normal
1697516197.046,45.764,1800.0,3.0,10.7,normal
1697516197.549,44.79,1800.0,3.5,10.6,normal
1697516198.052,45.764,1800.0,2.5,10.7,normal
1697516198.557,44.79,600.0,3.0,10.7,normal
1697516199.063,45.277,600.0,5.4,10.6,normal
1697516199.566,46.251,1800.0,21.8,10.3,normal
1697516200.068,45.764,1800.0,33.0,10.7,normal
1697516200.571,45.764,1800.0,3.5,10.7,normal
1697516201.073,45.764,1800.0,3.5,10.7,normal
1697516201.576,45.277,1800.0,4.5,10.7,normal
1697516202.079,44.303,1800.0,3.0,10.7,normal
1697516202.581,44.79,1800.0,3.5,10.7,normal
1697516203.084,44.79,1800.0,3.0,10.7,normal
1697516203.586,45.764,1800.0,3.5,10.7,normal
1697516204.089,45.277,1800.0,4.5,10.7,normal
1697516204.594,44.79,700.0,3.5,10.7,normal
1697516205.1,45.764,600.0,3.9,10.7,normal
1697516205.603,45.277,1800.0,15.5,10.1,normal
1697516206.106,46.738,1800.0,35.8,10.6,normal
1697516206.609,45.277,1800.0,6.4,10.7,normal
1697516207.111,46.251,1800.0,3.0,10.7,normal
1697516207.614,45.764,1800.0,3.0,10.7,normal
1697516208.116,45.764,1800.0,2.5,10.7,normal
1697516208.619,45.277,1800.0,2.0,10.7,normal
1697516209.121,45.277,1800.0,5.0,10.7,normal
1697516209.624,45.764,1800.0,4.0,10.7,normal
1697516210.127,45.277,1800.0,2.0,10.7,normal
1697516210.632,45.764,700.0,4.9,10.7,normal
1697516211.137,44.79,600.0,4.5,10.7,normal
1697516211.644,45.277,600.0,6.9,10.6,normal
1697516212.147,45.764,1800.0,28.5,10.5,normal
1697516212.65,45.764,1800.0,23.7,10.7,normal
1697516213.153,45.277,1800.0,3.0,10.7,normal
1697516213.655,46.251,1800.0,3.5,10.7,normal
1697516214.158,44.79,1800.0,4.5,10.7,normal
1697516214.66,45.277,1800.0,4.5,10.7,normal
1697516215.163,44.79,1800.0,3.0,10.7,normal
1697516215.665,45.277,1800.0,3.0,10.7,normal
1697516216.168,45.764,1800.0,4.9,10.7,normal
1697516216.67,44.79,1800.0,3.0,10.7,normal
1697516217.175,44.303,900.0,4.5,10.7,normal
1697516217.678,46.251,1800.0,10.8,9.6,normal
1697516218.182,46.738,1800.0,30.3,10.5,normal
1697516218.684,45.764,1800.0,18.1,10.6,normal
1697516219.187,45.764,1800.0,4.0,10.6,normal
1697516219.69,45.764,1800.0,4.5,10.6,normal
1697516220.192,45.277,1800.0,3.5,10.7,normal
1697516220.695,46.251,1800.0,4.5,10.7,normal
1697516221.197,45.277,1800.0,3.5,10.7,normal
1697516221.7,45.277,1800.0,4.5,10.7,normal
1697516222.202,45.764,1800.0,3.5,10.7,normal
1697516222.707,45.277,700.0,3.9,10.7,normal
1697516223.212,46.251,900.0,5.0,10.7,normal
1697516223.716,44.303,900.0,5.4,10.7,normal
1697516224.22,45.764,1800.0,27.5,10.5,normal
1697516224.722,45.764,1800.0,29.5,10.7,normal
1697516225.225,45.277,1800.0,3.0,10.7,normal
1697516225.727,45.764,1800.0,3.5,10.7,normal
1697516226.23,44.79,1800.0,3.5,10.7,normal
1697516226.733,45.764,1800.0,4.0,10.7,normal
1697516227.235,45.764,1800.0,3.5,10.7,normal
1697516227.738,45.764,1800.0,3.5,10.7,normal
1697516228.24,45.277,1800.0,3.9,10.7,normal
1697516228.743,45.764,1800.0,3.0,10.7,normal
1697516229.246,45.764,1100.0,5.5,10.7,normal
1697516229.751,45.277,900.0,6.9,10.7,normal
1697516230.253,46.251,1800.0,19.8,10.4,normal
1697516230.756,46.738,1800.0,36.3,10.7,normal
1697516231.259,45.764,1800.0,3.5,10.7,normal
1697516231.761,45.764,1800.0,4.0,10.7,normal
1697516232.264,44.79,1800.0,3.5,10.7,normal
1697516232.766,46.251,1800.0,4.0,10.7,normal
1697516233.269,44.303,1800.0,3.0,10.7,normal
1697516233.771,44.79,1800.0,3.5,10.7,normal
1697516234.274,45.764,1800.0,3.5,10.7,normal
1697516234.776,46.251,1800.0,5.0,10.7,normal
1697516235.281,45.277,800.0,4.0,10.7,normal
1697516235.785,44.79,900.0,5.4,10.7,normal
1697516236.287,44.79,1800.0,13.4,10.1,normal
1697516236.791,46.251,1800.0,34.3,10.6,normal
1697516237.293,45.764,1800.0,10.0,10.7,normal
1697516237.796,44.79,1800.0,2.0,10.7,normal
1697516238.298,45.764,1800.0,4.0,10.7,normal
1697516238.801,45.277,1800.0,1.0,10.7,normal
1697516239.303,44.303,1800.0,1.0,10.7,normal
1697516239.806,44.79,1800.0,6.9,10.7,normal
1697516240.309,44.79,1800.0,3.5,10.7,normal
1697516240.811,44.303,1800.0,2.5,10.7,normal
1697516241.316,44.79,700.0,4.0,10.7,normal
1697516241.822,45.277,600.0,5.4,10.7,normal
1697516242.325,46.251,1800.0,16.9,10.2,normal
1697516242.827,45.764,1800.0,37.3,10.6,normal
1697516243.33,46.738,1800.0,5.9,10.7,normal
1697516243.832,46.251,1800.0,3.5,10.7,normal
1697516244.335,44.79,1800.0,3.5,10.7,normal
1697516244.838,45.277,1800.0,4.0,10.7,normal
1697516245.34,45.764,1800.0,4.0,10.7,normal
1697516245.843,45.277,1800.0,2.5,10.7,normal
1697516246.345,44.79,1800.0,3.5,10.7,normal
1697516246.848,45.277,1800.0,3.0,10.7,normal
1697516247.353,45.277,600.0,3.5,10.7,normal
1697516247.859,45.764,600.0,4.0,10.7,normal
1697516248.362,44.79,1800.0,9.0,9.6,normal
1697516248.865,45.764,1800.0,27.0,10.5,normal
1697516249.367,46.251,1800.0,19.7,10.7,normal
1697516249.87,45.277,1800.0,4.5,10.7,normal
1697516250.373,46.251,1800.0,3.0,10.7,normal
1697516250.875,45.277,1800.0,3.5,10.7,normal
1697516251.378,45.764,1800.0,3.0,10.7,normal
1697516251.88,45.277,1800.0,4.5,10.7,normal
1697516252.383,45.764,1800.0,3.0,10.7,normal
1697516252.885,44.79,1800.0,3.0,10.7,normal
1697516253.39,44.303,700.0,4.0,10.7,normal
1697516253.896,44.303,600.0,4.5,10.7,normal
1697516254.399,45.277,1800.0,14.9,10.3,normal
1697516254.902,47.225,1800.0,38.0,10.6,normal
1697516255.404,45.764,1800.0,6.9,10.6,normal
1697516255.907,44.79,1800.0,3.5,10.6,normal
1697516256.409,45.764,1800.0,3.5,10.6,normal
1697516256.912,45.277,1800.0,3.0,10.6,normal
1697516257.415,45.277,1800.0,4.5,10.6,normal
1697516257.917,45.277,1800.0,3.5,10.7,normal
1697516258.419,45.277,1800.0,4.0,10.7,normal
1697516258.922,45.277,1800.0,4.0,10.7,normal
1697516259.427,45.277,600.0,3.5,10.7,normal
1697516259.933,44.79,600.0,6.9,10.7,normal
1697516260.436,44.79,1800.0,10.0,9.7,normal
1697516260.939,45.764,1800.0,28.0,10.5,normal
1697516261.441,44.79,1800.0,21.9,10.7,normal
1697516261.944,45.764,1800.0,3.5,10.7,normal
1697516262.447,44.79,1800.0,3.0,10.7,normal
1697516262.949,45.277,1800.0,4.0,10.7,normal
1697516263.452,45.764,1800.0,3.5,10.7,normal
1697516263.954,44.79,1800.0,3.5,10.7,normal
1697516264.457,45.277,1800.0,4.0,10.7,normal
1697516264.959,45.764,1800.0,3.0,10.7,normal
1697516265.465,45.277,700.0,2.5,10.7,normal
1697516265.969,46.251,900.0,5.5,10.7,normal
1697516266.473,44.79,800.0,5.9,10.7,normal
1697516266.976,46.251,1800.0,26.9,10.5,normal
1697516267.48,46.251,1800.0,25.6,10.7,normal
1697516267.982,44.79,1800.0,2.5,10.7,normal
1697516268.485,44.303,1800.0,3.0,10.7,normal
1697516268.987,46.251,1800.0,5.9,10.7,normal
1697516269.49,45.277,1800.0,3.0,10.7,normal
1697516269.992,45.764,1800.0,2.5,10.7,normal
1697516270.495,46.251,1800.0,2.5,10.7,normal
1697516270.997,44.79,1800.0,2.0,10.7,normal
1697516271.5,45.277,1800.0,14.4,10.7,normal
1697516272.004,46.251,800.0,5.4,10.7,normal
1697516272.509,45.277,1000.0,7.9,10.6,normal
1697516273.012,46.251,1800.0,29.0,10.5,normal
1697516273.514,45.277,1800.0,24.5,10.7,normal
1697516274.017,45.277,1800.0,5.0,10.7,normal
1697516274.52,46.738,1800.0,3.5,10.7,normal
1697516275.022,45.277,1800.0,3.0,10.7,normal
1697516275.525,46.251,1800.0,3.5,10.7,normal
1697516276.027,45.277,1800.0,3.0,10.7,normal
1697516276.53,45.277,1800.0,4.4,10.7,normal
1697516277.032,45.764,1800.0,3.0,10.7,normal
1697516277.535,45.277,1800.0,3.9,10.7,normal
1697516278.04,44.303,600.0,3.5,10.7,normal
1697516278.545,45.277,800.0,5.4,10.7,normal
1697516279.048,46.251,1800.0,22.1,10.4,normal
1697516279.55,45.764,1800.0,33.5,10.7,normal
1697516280.053,46.251,1800.0,3.5,10.7,normal
1697516280.556,45.764,1800.0,3.5,10.7,normal
1697516281.058,45.764,1800.0,4.0,10.7,normal
1697516281.561,45.277,1800.0,3.0,10.7,normal
1697516282.063,45.277,1800.0,3.5,10.7,normal
1697516282.566,45.764,1800.0,4.0,10.7,normal
1697516283.068,45.277,1800.0,2.5,10.7,normal
1697516283.571,45.764,1800.0,3.0,10.7,normal
1697516284.076,45.277,600.0,4.5,10.7,normal
1697516284.581,45.277,800.0,5.9,10.6,normal
1697516285.085,45.764,1800.0,28.5,10.4,normal
1697516285.588,46.251,1800.0,27.6,10.6,normal
1697516286.091,45.764,1800.0,2.5,10.6,normal
1697516286.593,45.764,1800.0,4.0,10.6,normal
1697516287.095,46.251,1800.0,5.0,10.6,normal
1697516287.598,46.251,1800.0,4.0,10.6,normal
1697516288.1,44.79,1800.0,3.0,10.6,normal
1697516288.603,45.277,1800.0,3.0,10.6,normal
1697516289.106,46.738,1800.0,4.4,10.7,normal
1697516289.608,45.277,1800.0,4.0,10.6,normal
1697516290.113,45.764,700.0,5.0,10.7,normal
1697516290.618,45.277,700.0,3.9,10.6,normal
1697516291.122,45.277,1800.0,19.2,10.3,normal
1697516291.624,46.251,1800.0,35.8,10.7,normal
1697516292.127,46.251,1800.0,3.0,10.7,normal
1697516292.63,45.764,1800.0,2.5,10.7,normal
1697516293.132,46.251,1800.0,2.0,10.7,normal
1697516293.635,45.764,1800.0,5.0,10.7,normal
1697516294.138,45.277,1800.0,2.5,10.7,normal
1697516294.64,45.764,1800.0,4.0,10.7,normal
1697516295.143,46.251,1800.0,4.0,10.7,normal
1697516295.646,45.277,1800.0,3.0,10.7,normal
1697516296.15,45.764,900.0,4.9,10.7,normal
1697516296.657,44.79,600.0,5.4,10.7,normal
1697516297.16,46.251,1800.0,12.9,10.0,normal
1697516297.666,46.738,1800.0,35.3,10.6,normal
1697516298.169,46.251,1800.0,10.0,10.6,normal
1697516298.671,44.79,1800.0,3.0,10.6,normal
1697516299.174,45.764,1800.0,4.0,10.6,normal
1697516299.676,46.251,1800.0,4.0,10.6,normal
1697516300.179,46.251,1800.0,3.5,10.6,normal
1697516300.682,46.251,1800.0,2.5,10.6,normal
1697516301.184,46.251,1800.0,3.9,10.6,normal
1697516301.687,45.277,1800.0,4.0,10.6,normal
1697516302.192,45.277,750.0,4.5,10.6,normal
1697516302.696,45.277,800.0,5.0,10.6,normal
1697516303.199,46.251,1800.0,17.9,10.1,normal
1697516303.702,46.251,1800.0,37.0,10.6,normal
1697516304.204,46.251,1800.0,4.5,10.7,normal
1697516304.707,45.764,1800.0,3.0,10.7,normal
1697516305.21,46.251,1800.0,2.0,10.7,normal
1697516305.712,45.277,1800.0,4.5,10.7,normal
1697516306.215,45.764,1800.0,3.0,10.7,normal
1697516306.717,46.251,1800.0,3.5,10.7,normal
1697516307.22,45.277,1800.0,3.5,10.7,normal
1697516307.722,45.764,1800.0,4.0,10.7,normal
1697516308.226,45.277,900.0,3.5,10.7,normal
1697516308.731,44.79,800.0,5.0,10.7,normal
1697516309.236,44.79,800.0,8.4,10.1,normal
1697516309.74,45.764,1800.0,29.4,10.5,normal
1697516310.242,46.738,1800.0,22.0,10.6,normal
1697516310.745,45.277,1800.0,3.5,10.6,normal
1697516311.247,45.277,1800.0,3.0,10.6,normal
1697516311.75,45.764,1800.0,3.5,10.6,normal
1697516312.252,45.277,1800.0,5.0,10.6,normal
1697516312.755,45.277,1800.0,3.0,10.6,normal
1697516313.258,45.277,1800.0,3.5,10.6,normal
1697516313.76,45.764,1800.0,3.0,10.6,normal
1697516314.263,45.277,1800.0,3.5,10.6,normal
1697516314.768,45.764,900.0,6.9,10.6,normal
1697516315.271,46.738,1800.0,13.1,10.0,normal
1697516315.774,46.251,1800.0,34.8,10.6,normal
1697516316.276,45.764,1800.0,11.9,10.7,normal
1697516316.779,44.79,1800.0,3.0,10.7,normal
1697516317.282,46.251,1800.0,3.0,10.7,normal
1697516317.784,45.277,1800.0,3.0,10.7,normal
1697516318.287,44.79,1800.0,3.0,10.7,normal
1697516318.789,45.277,1800.0,3.0,10.7,normal
1697516319.292,44.303,1800.0,4.0,10.7,normal
1697516319.794,45.277,1800.0,4.0,10.7,normal
1697516320.299,44.303,700.0,3.0,10.7,normal
1697516320.804,45.277,700.0,5.4,10.7,normal
1697516321.307,45.764,1800.0,17.9,10.2,normal
1697516321.81,46.738,1800.0,35.7,10.6,normal
1697516322.312,46.251,1800.0,2.5,10.6,normal
1697516322.815,45.277,1800.0,4.0,10.6,normal
1697516323.317,45.277,1800.0,3.0,10.6,normal
1697516323.82,45.277,1800.0,4.0,10.6,normal
1697516324.323,45.277,1800.0,3.5,10.6,normal
1697516324.825,45.277,1800.0,5.4,10.6,normal
1697516325.328,45.764,1800.0,2.5,10.6,normal
1697516325.83,45.277,1800.0,2.5,10.7,normal
1697516326.336,45.764,900.0,5.4,10.7,normal
1697516326.841,45.277,800.0,4.4,10.7,normal
1697516327.343,44.303,1800.0,11.6,10.1,normal
1697516327.847,46.251,1800.0,34.3,10.6,normal
1697516328.35,46.251,1800.0,10.9,10.7,normal
1697516328.852,44.79,1800.0,3.0,10.7,normal
1697516329.355,45.764,1800.0,2.5,10.7,normal
1697516329.858,45.277,1800.0,2.5,10.7,normal
1697516330.36,45.277,1800.0,4.0,10.7,normal
1697516330.863,46.251,1800.0,3.0,10.7,normal
1697516331.365,45.277,1800.0,4.5,10.7,normal
1697516331.868,45.277,1800.0,3.0,10.7,normal
1697516332.373,45.277,700.0,3.0,10.7,normal
1697516332.878,45.277,600.0,4.4,10.7,normal
1697516333.381,45.764,1800.0,17.0,10.3,normal
1697516333.884,46.251,1800.0,36.7,10.6,normal
1697516334.387,45.764,1800.0,4.0,10.6,normal
1697516334.889,45.764,1800.0,4.0,10.6,normal
1697516335.392,45.277,1800.0,3.0,10.6,normal
1697516335.894,45.764,1800.0,3.0,10.6,normal
1697516336.397,44.79,1800.0,3.5,10.6,normal
1697516336.899,45.277,1800.0,3.0,10.6,normal
1697516337.402,45.764,1800.0,3.5,10.6,normal
1697516337.904,45.277,1800.0,3.0,10.6,normal
1697516338.41,45.764,600.0,3.9,10.6,normal
1697516338.916,46.251,600.0,3.5,10.7,normal
1697516339.419,46.738,1800.0,22.4,10.3,normal
1697516339.921,45.764,1800.0,33.7,10.6,normal
1697516340.424,44.79,1800.0,3.5,10.6,normal
1697516340.927,45.277,1800.0,3.5,10.6,normal
1697516341.429,45.764,1800.0,5.5,10.6,normal
1697516341.932,45.277,1800.0,3.0,10.6,normal
1697516342.434,45.764,1800.0,3.5,10.7,normal
1697516342.937,45.764,1800.0,3.5,10.7,normal
1697516343.439,46.251,1800.0,4.0,10.7,normal
1697516343.942,45.277,1800.0,3.5,10.7,normal
1697516344.448,45.277,600.0,4.4,10.7,normal
1697516344.953,45.277,600.0,5.0,10.7,normal
1697516345.457,45.764,1800.0,26.1,10.3,normal
1697516345.959,46.251,1800.0,29.3,10.6,normal
1697516346.462,45.277,1800.0,3.9,10.6,normal
1697516346.965,45.764,1800.0,3.0,10.6,normal
1697516347.467,46.251,1800.0,4.0,10.6,normal
1697516347.97,45.764,1800.0,3.0,10.7,normal
1697516348.472,45.764,1800.0,4.0,10.7,normal
1697516348.975,45.764,1800.0,4.0,10.7,normal
1697516349.477,45.764,1800.0,6.4,10.7,normal
1697516349.98,46.251,1800.0,3.5,10.7,normal
1697516350.484,45.764,800.0,4.4,10.7,normal
1697516350.99,45.277,600.0,4.0,10.6,normal
1697516351.493,46.738,1800.0,29.5,10.4,normal
1697516351.996,46.251,1800.0,26.3,10.6,normal
1697516352.498,46.738,1800.0,3.5,10.6,normal
1697516353.001,45.277,1800.0,3.5,10.6,normal
1697516353.503,45.764,1800.0,3.5,10.6,normal
1697516354.006,45.764,1800.0,3.9,10.6,normal
1697516354.509,45.764,1800.0,4.0,10.6,normal
1697516355.011,45.764,1800.0,3.5,10.6,normal
1697516355.514,45.764,1800.0,4.5,10.6,normal
1697516356.016,45.277,1800.0,3.5,10.6,normal
1697516356.521,44.303,800.0,3.5,10.6,normal
1697516357.028,44.303,1200.0,8.0,9.6,normal
1697516357.531,46.251,1800.0,28.9,10.5,normal
1697516358.034,46.738,1800.0,22.7,10.7,normal
1697516358.537,46.251,1800.0,3.0,10.6,normal
1697516359.039,45.764,1800.0,3.0,10.6,normal
1697516359.542,45.764,1800.0,5.0,10.7,normal
1697516360.044,45.764,1800.0,3.0,10.7,normal
1697516360.547,45.764,1800.0,3.0,10.7,normal
1697516361.049,44.79,1800.0,3.5,10.7,normal
1697516361.552,45.277,1800.0,3.0,10.7,normal
1697516362.054,45.764,1800.0,3.0,10.7,normal
1697516362.56,44.79,600.0,4.0,10.7,normal
1697516363.063,45.277,1800.0,10.4,9.7,normal
1697516363.567,46.251,1800.0,31.2,10.6,normal
1697516364.069,45.764,1800.0,17.6,10.7,normal
1697516364.572,44.79,1800.0,4.0,10.7,normal
1697516365.074,46.738,1800.0,3.5,10.7,normal
1697516365.577,46.251,1800.0,3.5,10.7,normal
1697516366.079,45.764,1800.0,4.0,10.7,normal
1697516366.582,45.277,1800.0,4.0,10.7,normal
1697516367.085,45.764,1800.0,2.5,10.7,normal
1697516367.587,45.277,1800.0,3.5,10.7,normal
1697516368.092,44.303,700.0,2.0,10.7,normal
1697516368.598,44.79,600.0,2.0,10.7,normal
1697516369.101,44.79,1800.0,14.6,10.1,normal
1697516369.604,46.738,1800.0,37.6,10.6,normal
1697516370.107,46.738,1800.0,9.0,10.6,normal
1697516370.609,45.277,1800.0,3.0,10.6,normal
1697516371.112,46.251,1800.0,3.0,10.6,normal
1697516371.614,45.764,1800.0,3.0,10.6,normal
1697516372.117,46.251,1800.0,5.0,10.7,normal
1697516372.619,45.764,1800.0,3.5,10.7,normal
1697516373.122,45.764,1800.0,3.0,10.7,normal
1697516373.625,45.764,1800.0,2.5,10.7,normal
1697516374.129,45.764,1000.0,4.5,10.7,normal
1697516374.633,45.277,900.0,6.4,10.7,normal
1697516375.138,44.79,800.0,5.5,10.6,normal
1697516375.641,46.738,1800.0,27.5,10.5,normal
1697516376.144,46.251,1800.0,23.0,10.7,normal
1697516376.646,45.277,1800.0,2.5,10.7,normal
1697516377.149,46.251,1800.0,3.0,10.7,normal
1697516377.651,45.764,1800.0,2.5,10.7,normal
1697516378.154,45.277,1800.0,4.4,10.7,normal
1697516378.656,45.277,1800.0,3.0,10.7,normal
1697516379.159,45.764,1800.0,2.0,10.7,normal
1697516379.662,45.277,1800.0,4.5,10.7,normal
1697516380.164,45.764,1800.0,4.9,10.7,normal
1697516380.668,45.277,900.0,4.0,10.7,normal
1697516381.172,44.79,1000.0,4.5,10.7,normal
1697516381.677,44.79,1800.0,23.0,10.3,normal
1697516382.18,46.251,1800.0,31.3,10.6,normal
1697516382.683,45.764,1800.0,2.0,10.6,normal
1697516383.185,46.251,1800.0,1.5,10.6,normal
1697516383.688,45.277,1800.0,1.5,10.6,normal
1697516384.191,46.251,1800.0,5.4,10.6,normal
1697516384.694,45.764,1800.0,5.0,10.7,normal
1697516385.196,45.764,1800.0,2.5,10.7,normal
1697516385.699,46.251,1800.0,5.9,10.7,normal
1697516386.202,46.251,1800.0,4.5,10.7,normal
1697516386.706,45.764,900.0,4.0,10.7,normal
1697516387.21,44.79,900.0,5.9,10.7,normal
1697516387.713,46.251,1800.0,17.0,10.3,normal
1697516388.216,46.251,1800.0,36.8,10.7,normal
1697516388.721,46.251,1800.0,4.5,10.7,normal
1697516389.223,45.277,1800.0,3.0,10.7,normal
1697516389.726,44.79,1800.0,4.5,10.7,normal
1697516390.228,47.225,1800.0,2.5,10.7,normal
1697516390.731,45.277,1800.0,3.5,10.7,normal
1697516391.234,45.764,1800.0,4.0,10.7,normal
1697516391.736,45.764,1800.0,3.5,10.7,normal
1697516392.239,45.764,1800.0,3.5,10.7,normal
1697516392.743,44.79,800.0,3.5,10.7,normal
1697516393.247,44.79,900.0,5.4,10.7,normal
1697516393.75,45.277,1800.0,9.0,9.5,normal
1697516394.253,46.251,1800.0,28.0,10.4,normal
1697516394.755,45.277,1800.0,22.4,10.6,normal
1697516395.258,45.277,1800.0,4.0,10.6,normal
1697516395.761,45.764,1800.0,3.0,10.6,normal
1697516396.263,45.277,1800.0,3.5,10.6,normal
1697516396.766,45.277,1800.0,3.5,10.6,normal
1697516397.268,45.764,1800.0,3.5,10.6,normal
1697516397.771,44.79,1800.0,2.0,10.7,normal
1697516398.273,44.79,1800.0,1.5,10.7,normal
1697516398.778,45.764,700.0,2.0,10.7,normal
1697516399.282,45.277,1000.0,7.0,10.7,normal
1697516399.786,44.79,900.0,6.0,10.7,normal
1697516400.291,45.764,1800.0,26.9,10.4,normal
1697516400.794,45.764,1800.0,27.4,10.7,normal
1697516401.296,45.764,1800.0,4.0,10.7,normal
1697516401.799,46.251,1800.0,4.9,10.7,normal
1697516402.301,44.79,1800.0,3.5,10.7,normal
1697516402.804,44.79,1800.0,3.0,10.7,normal
1697516403.306,45.764,1800.0,3.5,10.7,normal
1697516403.809,44.79,1800.0,4.5,10.7,normal
1697516404.311,45.764,1800.0,3.0,10.7,normal
1697516404.814,44.303,1800.0,4.0,10.7,normal
1697516405.319,45.764,600.0,4.9,10.7,normal
1697516405.822,44.79,1800.0,9.0,9.6,normal
1697516406.325,46.738,1800.0,29.2,10.5,normal
1697516406.828,46.738,1800.0,20.1,10.7,normal
1697516407.33,44.79,1800.0,3.9,10.6,normal
1697516407.833,45.277,1800.0,3.0,10.6,normal
1697516408.335,45.764,1800.0,3.0,10.6,normal
1697516408.838,45.764,1800.0,3.5,10.6,normal
1697516409.34,44.79,1800.0,3.0,10.6,normal
1697516409.843,45.764,1800.0,5.4,10.6,normal
1697516410.346,44.79,1800.0,4.0,10.6,normal
1697516410.85,46.251,700.0,3.0,10.6,normal
1697516411.357,46.251,600.0,4.5,10.6,normal
1697516411.864,44.79,600.0,5.4,10.6,normal
1697516412.368,46.251,1800.0,27.0,10.4,normal
1697516412.871,45.277,1800.0,26.9,10.6,normal
1697516413.373,45.277,1800.0,1.5,10.6,normal
1697516413.876,45.277,1800.0,1.5,10.6,normal
1697516414.378,45.764,1800.0,5.9,10.6,normal
1697516414.881,44.79,1800.0,4.0,10.6,normal
1697516415.383,45.764,1800.0,3.0,10.6,normal
1697516415.886,45.277,1800.0,2.5,10.6,normal
1697516416.388,44.79,1800.0,3.0,10.7,normal
1697516416.891,45.277,1800.0,3.5,10.7,normal
1697516417.396,46.738,600.0,4.0,10.7,normal
1697516417.901,45.277,1200.0,6.5,10.6,normal
1697516418.404,45.764,1800.0,27.4,10.6,normal
1697516418.907,46.251,1800.0,22.4,10.7,normal
1697516419.409,46.251,1800.0,3.0,10.7,normal
1697516419.912,45.277,1800.0,4.0,10.7,normal
1697516420.414,45.764,1800.0,3.0,10.7,normal
1697516420.917,45.764,1800.0,3.5,10.7,normal
1697516421.419,45.764,1800.0,3.0,10.7,normal
1697516421.922,45.277,1800.0,4.0,10.7,normal
1697516422.424,45.764,1800.0,2.5,10.7,normal
1697516422.927,46.251,1800.0,4.0,10.7,normal
1697516423.433,45.277,600.0,4.4,10.7,normal
1697516423.939,44.303,600.0,4.0,10.7,normal
1697516424.443,45.764,1800.0,24.5,10.4,normal
1697516424.945,46.251,1800.0,30.7,10.7,normal
1697516425.448,45.764,1800.0,4.5,10.7,normal
1697516425.95,45.764,1800.0,3.5,10.7,normal
1697516426.453,46.738,1800.0,3.0,10.7,normal
1697516426.955,44.79,1800.0,2.5,10.7,normal
1697516427.458,45.277,1800.0,4.5,10.7,normal
1697516427.96,45.764,1800.0,2.0,10.7,normal
1697516428.463,45.764,1800.0,2.0,10.7,normal
1697516428.966,44.79,1800.0,1.0,10.7,normal
1697516429.471,45.764,600.0,8.3,10.7,normal
1697516429.976,45.764,800.0,5.0,10.7,normal
1697516430.479,45.764,1800.0,17.4,10.2,normal
1697516430.982,46.251,1800.0,37.3,10.6,normal
1697516431.485,44.79,1800.0,4.0,10.6,normal
1697516431.987,45.277,1800.0,4.5,10.6,normal
1697516432.49,44.79,1800.0,3.0,10.6,normal
1697516432.992,45.277,1800.0,3.0,10.6,normal
1697516433.495,45.277,1800.0,3.5,10.6,normal
1697516433.997,46.251,1800.0,4.0,10.7,normal
1697516434.5,46.738,1800.0,4.5,10.7,normal
1697516435.002,45.277,1800.0,3.5,10.7,normal
1697516435.507,45.277,800.0,3.0,10.7,normal
1697516436.011,45.277,800.0,5.4,10.7,normal
1697516436.515,45.764,1800.0,22.0,10.4,normal
1697516437.017,45.764,1800.0,31.3,10.7,normal
1697516437.52,45.764,1800.0,4.0,10.7,normal
1697516438.023,45.764,1800.0,4.5,10.7,normal
1697516438.525,44.79,1800.0,3.0,10.7,normal
1697516439.028,45.764,1800.0,3.5,10.7,normal
1697516439.53,45.764,1800.0,3.5,10.7,normal
1697516440.033,45.764,1800.0,3.5,10.7,normal
1697516440.535,45.277,1800.0,2.5,10.7,normal
1697516441.038,45.764,1800.0,4.0,10.7,normal
1697516441.542,45.277,800.0,4.4,10.7,normal
1697516442.047,45.277,800.0,6.4,10.7,normal
1697516442.551,45.764,1800.0,29.0,10.4,normal
1697516443.054,45.764,1800.0,26.4,10.7,normal
1697516443.556,45.764,1800.0,1.5,10.7,normal
1697516444.059,45.764,1800.0,4.0,10.7,normal
1697516444.561,46.251,1800.0,5.0,10.7,normal
1697516445.064,45.764,1800.0,3.9,10.7,normal
1697516445.566,45.277,1800.0,3.5,10.7,normal
1697516446.069,45.277,1800.0,3.5,10.7,normal
1697516446.572,44.79,1800.0,3.0,10.7,normal
1697516447.074,44.79,1800.0,1.0,10.7,normal
1697516447.58,44.79,600.0,4.9,10.7,normal
1697516448.086,44.79,700.0,7.0,10.6,normal
1697516448.59,45.277,1800.0,28.4,10.5,normal
1697516449.092,44.79,1800.0,24.3,10.6,normal
1697516449.595,45.764,1800.0,5.4,10.6,normal
1697516450.098,46.251,1800.0,3.0,10.6,normal
1697516450.6,45.764,1800.0,4.5,10.7,normal
1697516451.103,45.764,1800.0,3.5,10.6,normal
1697516451.606,45.277,1800.0,3.5,10.6,normal
1697516452.111,45.277,1800.0,3.4,10.6,normal
1697516452.614,46.251,1800.0,4.5,10.6,normal
1697516453.119,45.277,700.0,2.5,10.6,normal
1697516453.623,44.303,1000.0,5.4,10.6,normal
1697516454.127,44.303,825.0,2.5,10.6,normal
1697516454.631,46.251,1800.0,27.5,10.3,normal
1697516455.133,46.251,1800.0,30.5,10.6,normal
1697516455.636,46.251,1800.0,2.5,10.6,normal
1697516456.138,46.251,1800.0,4.0,10.6,normal
1697516456.641,44.303,1800.0,2.5,10.6,normal
1697516457.143,44.79,1800.0,3.5,10.6,normal
1697516457.646,46.251,1800.0,2.0,10.6,normal
1697516458.148,45.764,1800.0,1.5,10.7,normal
1697516458.651,44.79,1800.0,2.0,10.7,normal
1697516459.154,45.277,1800.0,4.5,10.7,normal
1697516459.658,44.79,850.0,4.4,10.7,normal
1697516460.163,45.277,600.0,4.0,10.7,normal
1697516460.667,46.251,1800.0,16.4,10.2,normal
1697516461.169,46.251,1800.0,37.0,10.6,normal
1697516461.672,45.277,1800.0,5.4,10.7,normal
1697516462.174,45.764,1800.0,3.5,10.7,normal
1697516462.677,46.251,1800.0,3.0,10.7,normal
1697516463.179,46.251,1800.0,2.5,10.7,normal
1697516463.682,44.79,1800.0,4.0,10.7,normal
1697516464.184,45.277,1800.0,3.0,10.7,normal
1697516464.687,45.277,1800.0,5.0,10.7,normal
1697516465.189,46.251,1800.0,3.5,10.7,normal
1697516465.693,45.764,900.0,4.5,10.7,normal
1697516466.199,44.79,800.0,3.4,10.7,normal
1697516466.705,44.79,700.0,9.9,10.2,normal
1697516467.208,45.764,1800.0,28.5,10.5,normal
1697516467.71,45.277,1800.0,22.9,10.6,normal
1697516468.213,46.738,1800.0,4.0,10.6,normal
1697516468.715,45.764,1800.0,3.5,10.6,normal
1697516469.218,45.277,1800.0,3.0,10.6,normal
1697516469.721,44.79,1800.0,3.5,10.6,normal
1697516470.223,45.277,1800.0,5.0,10.7,normal
1697516470.726,46.251,1800.0,3.0,10.7,normal
1697516471.228,46.251,1800.0,2.5,10.7,normal
1697516471.733,45.764,800.0,3.9,10.7,normal
1697516472.239,44.79,900.0,5.0,10.7,normal
1697516472.745,44.79,700.0,3.4,10.7,normal
1697516473.25,45.764,1800.0,23.8,10.5,normal
1697516473.753,45.764,1800.0,26.1,10.7,normal
1697516474.255,45.277,1800.0,6.4,10.7,normal
1697516474.764,45.764,1800.0,3.5,10.7,normal
1697516475.266,46.251,1800.0,4.0,10.7,normal
1697516475.769,45.764,1800.0,3.5,10.7,normal
1697516476.271,45.764,1800.0,3.5,10.7,normal
1697516476.774,45.277,1800.0,3.5,10.7,normal
1697516477.276,44.79,1800.0,3.5,10.7,normal
1697516477.779,44.79,1800.0,3.0,10.7,normal
1697516478.283,45.764,800.0,4.4,10.7,normal
1697516478.788,44.303,700.0,5.9,10.7,normal
1697516479.291,44.79,1800.0,20.4,10.2,normal
1697516479.794,46.251,1800.0,36.0,10.6,normal
1697516480.297,45.764,1800.0,2.0,10.7,normal
1697516480.799,45.764,1800.0,3.0,10.7,normal
1697516481.302,45.277,1800.0,4.4,10.7,normal
1697516481.804,45.277,1800.0,3.5,10.7,normal
1697516482.307,43.816,1800.0,3.0,10.7,normal
1697516482.809,45.764,1800.0,3.5,10.7,normal
1697516483.312,45.764,1800.0,3.5,10.7,normal
1697516483.815,45.277,1800.0,3.5,10.7,normal
1697516484.32,45.764,600.0,3.0,10.7,normal
1697516484.826,44.79,600.0,5.9,10.7,normal
1697516485.329,46.251,1800.0,24.9,10.4,normal
1697516485.832,44.79,1800.0,30.3,10.7,normal
1697516486.334,45.764,1800.0,2.5,10.7,normal
1697516486.837,46.251,1800.0,3.5,10.7,normal
1697516487.339,45.277,1800.0,4.0,10.7,normal
1697516487.842,46.251,1800.0,2.0,10.7,normal
1697516488.344,45.764,1800.0,1.5,10.7,normal
1697516488.847,44.303,1800.0,1.5,10.7,normal
1697516489.35,45.277,1800.0,5.5,10.7,normal
1697516489.852,45.277,1800.0,4.0,10.7,normal
1697516490.358,45.277,600.0,3.9,10.7,normal
1697516490.863,44.303,600.0,4.4,10.7,normal
1697516491.366,45.764,1800.0,17.9,10.2,normal
1697516491.869,46.251,1800.0,37.2,10.6,normal
1697516492.372,45.277,1800.0,3.9,10.7,normal
1697516492.874,44.79,1800.0,3.5,10.7,normal
1697516493.377,45.277,1800.0,2.5,10.7,normal
1697516493.879,45.764,1800.0,4.0,10.7,normal
1697516494.382,45.277,1800.0,3.5,10.7,normal
1697516494.885,45.764,1800.0,4.5,10.7,normal
1697516495.387,44.79,1800.0,3.0,10.7,normal
1697516495.89,45.764,1800.0,4.0,10.7,normal
1697516496.395,45.277,600.0,4.0,10.7,normal
1697516496.901,43.816,600.0,4.4,10.7,normal
1697516497.404,45.277,1800.0,22.4,10.4,normal
1697516497.907,45.764,1800.0,32.8,10.7,normal
1697516498.409,44.303,1800.0,3.5,10.7,normal
1697516498.912,45.764,1800.0,2.5,10.7,normal
1697516499.414,44.79,1800.0,3.0,10.7,normal
1697516499.917,45.277,1800.0,5.0,10.7,normal
1697516500.419,45.277,1800.0,3.0,10.7,normal
1697516500.922,45.764,1800.0,2.5,10.7,normal
1697516501.424,46.738,1800.0,2.0,10.7,normal
1697516501.927,45.277,1800.0,2.5,10.7,normal
1697516502.432,44.79,600.0,3.4,10.7,normal
1697516502.938,44.303,600.0,2.5,10.7,normal
1697516503.441,44.79,1800.0,13.9,10.1,normal
1697516503.943,46.738,1800.0,35.2,10.6,normal
1697516504.446,46.251,1800.0,3.0,10.6,normal
1697516504.949,45.764,1800.0,2.0,10.6,normal
1697516505.451,45.764,1800.0,7.9,10.6,normal
1697516505.954,45.277,1800.0,2.0,10.6,normal
1697516506.456,44.79,1800.0,3.5,10.6,normal
1697516506.959,45.277,1800.0,2.5,10.6,normal
1697516507.461,45.764,1800.0,3.0,10.6,normal
1697516507.964,45.764,1800.0,3.5,10.6,normal
1697516508.467,44.79,1100.0,3.9,10.6,normal
1697516508.971,44.79,1000.0,6.5,10.7,normal
1697516509.479,45.277,600.0,8.4,10.5,normal
1697516509.983,46.251,1800.0,27.4,10.5,normal
1697516510.485,45.277,1800.0,20.6,10.7,normal
1697516510.988,45.764,1800.0,5.0,10.7,normal
1697516511.49,45.764,1800.0,4.0,10.7,normal
1697516511.993,45.764,1800.0,3.0,10.7,normal
1697516512.495,44.79,1800.0,4.0,10.7,normal
1697516512.998,46.251,1800.0,2.5,10.7,normal
1697516513.501,44.79,1800.0,3.5,10.7,normal
1697516514.003,45.277,1800.0,3.0,10.7,normal
1697516514.508,45.764,700.0,4.4,10.7,normal
1697516515.019,45.764,600.0,4.4,10.7,normal
1697516515.524,45.277,600.0,5.4,10.7,normal
1697516516.028,46.251,1800.0,25.1,10.4,normal
1697516516.531,45.764,1800.0,30.0,10.7,normal
1697516517.033,45.277,1800.0,3.0,10.7,normal
1697516517.536,44.79,1800.0,3.5,10.7,normal
1697516518.038,45.277,1800.0,4.4,10.6,normal
1697516518.541,45.764,1800.0,4.0,10.6,normal
1697516519.043,45.764,1800.0,4.0,10.6,normal
1697516519.546,46.251,1800.0,4.5,10.6,normal
1697516520.053,45.764,1800.0,3.5,10.7,normal
1697516520.556,45.277,1800.0,3.5,10.6,normal
1697516521.06,45.764,800.0,5.9,10.6,normal
1697516521.567,44.79,600.0,5.0,10.6,normal
1697516522.07,45.764,1800.0,30.0,10.5,normal
1697516522.573,45.277,1800.0,26.1,10.7,normal
1697516523.075,45.764,1800.0,3.5,10.7,normal
1697516523.578,45.764,1800.0,3.5,10.7,normal
1697516524.08,45.764,1800.0,2.5,10.7,normal
1697516524.583,46.251,1800.0,4.4,10.7,normal
1697516525.09,44.79,1800.0,3.0,10.7,normal
1697516525.593,45.764,1800.0,3.5,10.7,normal
1697516526.096,44.79,1800.0,3.5,10.7,normal
1697516526.599,45.277,1800.0,4.0,10.7,normal
1697516527.103,45.277,800.0,3.5,10.7,normal
1697516527.609,45.764,600.0,6.4,10.7,normal
1697516528.112,45.764,1800.0,19.5,10.3,normal
1697516528.615,46.251,1800.0,37.2,10.7,normal
1697516529.118,46.738,1800.0,2.0,10.7,normal
1697516529.62,46.251,1800.0,6.4,10.7,normal
1697516530.123,45.277,1800.0,4.4,10.7,normal
1697516530.625,45.764,1800.0,2.5,10.7,normal
1697516531.127,45.764,1800.0,3.0,10.7,normal
1697516531.63,46.251,1800.0,4.0,10.7,normal
1697516532.132,45.764,1800.0,3.5,10.7,normal
1697516532.635,45.764,1800.0,3.0,10.7,normal
1697516533.141,45.764,600.0,4.4,10.7,normal
1697516533.645,45.764,800.0,5.0,10.7,normal
1697516534.148,45.277,1800.0,12.4,10.1,normal
1697516534.652,47.225,1800.0,34.7,10.6,normal
1697516535.16,45.764,1800.0,10.4,10.7,normal
1697516535.663,45.764,1800.0,4.0,10.7,normal
1697516536.165,45.764,1800.0,2.0,10.7,normal
1697516536.668,45.764,1800.0,3.9,10.7,normal
1697516537.171,44.79,1800.0,3.0,10.7,normal
1697516537.673,45.277,1800.0,3.0,10.7,normal
1697516538.176,45.764,1800.0,2.5,10.7,normal
1697516538.678,45.764,1800.0,3.5,10.7,normal
1697516539.182,45.277,1000.0,4.0,10.7,normal
1697516539.686,44.303,900.0,5.5,10.7,normal
1697516540.189,45.764,1800.0,16.9,10.3,normal
1697516540.692,46.738,1800.0,37.3,10.6,normal
1697516541.195,46.251,1800.0,4.5,10.7,normal
1697516541.698,46.251,1800.0,3.0,10.7,normal
1697516542.2,46.251,1800.0,2.0,10.7,normal
1697516542.703,45.764,1800.0,3.5,10.7,normal
1697516543.205,44.79,1800.0,3.0,10.7,normal
1697516543.708,45.764,1800.0,3.0,10.7,normal
1697516544.21,45.277,1800.0,2.5,10.7,normal
1697516544.713,45.277,1800.0,4.5,10.7,normal
1697516545.217,45.764,900.0,3.0,10.7,normal
1697516545.72,44.79,1100.0,4.0,10.7,normal
1697516546.223,46.738,1800.0,20.6,10.3,normal
1697516546.726,45.764,1800.0,33.2,10.6,normal
1697516547.228,45.277,1800.0,3.5,10.6,normal
1697516547.731,45.277,1800.0,2.5,10.6,normal
1697516548.233,45.277,1800.0,4.0,10.6,normal
1697516548.736,46.251,1800.0,3.5,10.7,normal
1697516549.238,45.277,1800.0,2.5,10.7,normal
1697516549.741,45.277,1800.0,4.5,10.7,normal
1697516550.244,44.79,1800.0,3.0,10.7,normal
1697516550.746,45.764,1800.0,3.5,10.7,normal
1697516551.25,44.79,1000.0,5.9,10.7,normal
1697516551.754,44.79,1000.0,4.5,10.7,normal
1697516552.257,43.816,1800.0,13.5,10.1,normal
1697516552.76,46.738,1800.0,35.5,10.6,normal
1697516553.263,46.251,1800.0,9.9,10.7,normal
1697516553.766,44.79,1800.0,3.0,10.7,normal
1697516554.268,46.251,1800.0,4.0,10.7,normal
1697516554.771,46.251,1800.0,5.0,10.7,normal
1697516555.273,45.277,1800.0,2.5,10.7,normal
1697516555.776,46.251,1800.0,3.4,10.7,normal
1697516556.278,46.251,1800.0,4.5,10.7,normal
1697516556.781,46.251,1800.0,3.0,10.7,normal
1697516557.286,45.277,700.0,4.0,10.7,normal
1697516557.79,44.79,800.0,4.0,10.7,normal
1697516558.296,45.764,800.0,6.5,10.5,normal
1697516558.799,45.764,1800.0,28.4,10.5,normal
1697516559.302,46.251,1800.0,22.7,10.7,normal
1697516559.804,45.277,1800.0,4.4,10.7,normal
1697516560.307,45.764,1800.0,3.5,10.7,normal
1697516560.809,46.738,1800.0,2.0,10.7,normal
1697516561.312,44.79,1800.0,4.0,10.7,normal
1697516561.814,46.738,1800.0,3.0,10.7,normal
1697516562.317,44.79,1800.0,3.5,10.7,normal
1697516562.819,45.277,1800.0,3.5,10.7,normal
1697516563.322,45.277,1800.0,4.9,10.7,normal
1697516563.827,45.277,800.0,3.5,10.7,normal
1697516564.333,45.277,600.0,5.0,10.7,normal
1697516564.836,46.251,1800.0,22.6,10.2,normal
1697516565.339,45.277,1800.0,33.3,10.6,normal
1697516565.841,46.251,1800.0,2.5,10.6,normal
1697516566.344,45.764,1800.0,1.5,10.6,normal
1697516566.846,44.79,1800.0,2.0,10.6,normal
1697516567.349,45.764,1800.0,4.5,10.7,normal
1697516567.852,45.277,1800.0,1.5,10.7,normal
1697516568.354,45.277,1800.0,3.0,10.7,normal
1697516568.857,45.277,1800.0,3.0,10.7,normal
1697516569.359,44.303,1800.0,3.0,10.7,normal
1697516569.865,45.277,600.0,3.4,10.7,normal
1697516570.371,44.79,600.0,2.5,10.7,normal
1697516570.874,45.277,1200.0,12.5,10.0,normal
1697516571.378,45.764,1800.0,34.5,10.6,normal
1697516571.881,45.764,1800.0,12.1,10.7,normal
1697516572.383,45.277,1800.0,3.5,10.7,normal
1697516572.886,45.764,1800.0,3.0,10.7,normal
1697516573.388,45.277,1800.0,3.5,10.7,normal
1697516573.891,45.277,1800.0,2.5,10.7,normal
1697516574.393,44.303,1800.0,3.5,10.7,normal
1697516574.896,45.277,1800.0,3.5,10.7,normal
1697516575.399,45.764,1800.0,4.5,10.7,normal
1697516575.902,45.277,1800.0,3.0,10.7,normal
1697516576.407,44.79,600.0,3.9,10.7,normal
1697516576.911,45.277,1800.0,16.0,10.3,normal
1697516577.413,46.738,1800.0,37.3,10.6,normal
1697516577.916,45.277,1800.0,3.5,10.7,normal
1697516578.419,44.79,1800.0,4.4,10.7,normal
1697516578.921,45.764,1800.0,4.0,10.7,normal
1697516579.424,45.277,1800.0,2.5,10.7,normal
1697516579.926,44.79,1800.0,4.5,10.7,normal
1697516580.429,45.764,1800.0,3.5,10.7,normal
1697516580.931,44.79,1800.0,4.5,10.7,normal
1697516581.434,45.764,1800.0,4.5,10.7,normal
1697516581.939,44.303,600.0,3.0,10.7,normal
1697516582.445,44.79,600.0,4.4,10.7,normal
1697516582.948,46.251,1800.0,24.3,10.3,normal
1697516583.451,45.277,1800.0,31.7,10.6,normal
1697516583.953,45.764,1800.0,3.0,10.6,normal
1697516584.456,45.764,1800.0,3.5,10.6,normal
1697516584.958,45.764,1800.0,4.5,10.6,normal
1697516585.461,44.79,1800.0,2.5,10.6,normal
1697516585.963,44.303,1800.0,2.0,10.7,normal
1697516586.466,45.277,1800.0,3.0,10.6,normal
1697516586.969,45.764,1800.0,2.0,10.6,normal
1697516587.471,44.79,1800.0,2.5,10.7,normal
1697516587.977,44.303,600.0,3.5,10.6,normal
1697516588.482,44.303,600.0,4.0,10.6,normal
1697516588.986,45.764,1800.0,26.4,10.5,normal
1697516589.489,45.764,1800.0,27.6,10.7,normal
1697516589.992,45.277,1800.0,3.5,10.7,normal
1697516590.494,45.764,1800.0,3.5,10.7,normal
1697516590.997,45.764,1800.0,2.5,10.7,normal
1697516591.499,45.277,1800.0,3.5,10.7,normal
1697516592.002,45.277,1800.0,3.4,10.7,normal
1697516592.504,44.303,1800.0,2.0,10.6,normal
1697516593.007,44.79,1800.0,3.0,10.6,normal
1697516593.51,44.79,1800.0,3.0,10.7,normal
1697516594.015,45.277,600.0,4.4,10.6,normal
1697516594.521,44.79,600.0,5.4,10.6,normal
1697516595.023,45.277,1800.0,19.8,10.3,normal
1697516595.526,45.764,1800.0,36.5,10.6,normal
1697516596.029,45.764,1800.0,3.5,10.6,normal
1697516596.531,45.764,1800.0,3.0,10.6,normal
1697516597.034,46.251,1800.0,3.5,10.6,normal
1697516597.536,45.277,1800.0,3.5,10.6,normal
1697516598.039,45.277,1800.0,3.5,10.7,normal
1697516598.541,45.764,1800.0,3.0,10.7,normal
1697516599.044,44.79,1800.0,3.5,10.7,normal
1697516599.547,44.79,1800.0,3.5,10.7,normal
1697516600.052,44.79,600.0,3.5,10.7,normal
1697516600.558,44.303,600.0,3.0,10.7,normal
1697516601.061,44.79,1800.0,11.9,9.9,normal
1697516601.564,45.764,1800.0,32.8,10.5,normal
1697516602.067,45.764,1800.0,15.3,10.6,normal
1697516602.569,46.251,1800.0,3.0,10.6,normal
1697516603.072,44.79,1800.0,3.9,10.6,normal
1697516603.575,44.79,1800.0,3.0,10.6,normal
1697516604.077,45.764,1800.0,3.0,10.6,normal
1697516604.58,44.79,1800.0,5.0,10.6,normal
1697516605.083,45.277,1800.0,3.0,10.6,normal
1697516605.585,44.303,1800.0,3.5,10.6,normal
1697516606.088,44.79,1800.0,3.5,10.7,normal
1697516606.594,44.79,600.0,4.0,10.7,normal
1697516607.1,44.79,600.0,4.9,10.6,normal
1697516607.603,45.277,1800.0,29.2,10.4,normal
1697516608.106,44.79,1800.0,25.3,10.6,normal
1697516608.609,45.764,1800.0,4.0,10.6,normal
1697516609.111,45.764,1800.0,3.5,10.6,normal
1697516609.614,45.764,1800.0,6.4,10.6,normal
1697516610.116,45.277,1800.0,3.0,10.7,normal
1697516610.619,45.764,1800.0,3.5,10.7,normal
1697516611.122,44.79,1800.0,2.5,10.7,normal
1697516611.624,45.764,1800.0,3.5,10.7,normal
1697516612.127,45.764,1800.0,3.0,10.7,normal
1697516612.632,44.79,600.0,3.0,10.7,normal
1697516613.137,44.79,1800.0,8.0,9.6,normal
1697516613.64,45.277,1800.0,29.9,10.6,normal
1697516614.143,46.251,1800.0,21.0,10.7,normal
1697516614.645,46.251,1800.0,5.0,10.7,normal
1697516615.148,46.251,1800.0,2.5,10.7,normal
1697516615.65,46.251,1800.0,3.0,10.7,normal
1697516616.153,45.277,1800.0,2.5,10.7,normal
1697516616.655,44.79,1800.0,4.4,10.7,normal
1697516617.158,45.277,1800.0,3.0,10.7,normal
1697516617.66,45.277,1800.0,2.5,10.7,normal
1697516618.165,44.79,700.0,4.0,10.7,normal
1697516618.67,45.277,700.0,5.0,10.7,normal
1697516619.174,44.79,1800.0,14.9,10.1,normal
1697516619.677,46.738,1800.0,37.6,10.6,normal
1697516620.179,45.277,1800.0,7.9,10.6,normal
1697516620.682,45.764,1800.0,4.0,10.6,normal
1697516621.184,46.738,1800.0,3.5,10.6,normal
1697516621.687,46.251,1800.0,4.0,10.7,normal
1697516622.189,45.764,1800.0,3.5,10.7,normal
1697516622.692,45.277,1800.0,3.5,10.7,normal
1697516623.195,45.764,1800.0,4.0,10.7,normal
1697516623.697,46.251,1800.0,2.5,10.7,normal
1697516624.202,46.738,700.0,3.0,10.6,normal
1697516624.706,44.79,800.0,5.0,10.7,normal
1697516625.215,44.79,900.0,6.9,10.5,normal
1697516625.718,45.764,1800.0,27.9,10.5,normal
1697516626.221,45.277,1800.0,21.7,10.7,normal
1697516626.723,45.764,1800.0,1.0,10.7,normal
1697516627.226,45.764,1800.0,5.0,10.7,normal
1697516627.728,45.277,1800.0,2.5,10.7,normal
1697516628.231,45.277,1800.0,1.5,10.7,normal
1697516628.734,46.738,1800.0,3.5,10.7,normal
1697516629.236,45.277,1800.0,3.5,10.7,normal
1697516629.739,44.79,1800.0,4.0,10.7,normal
1697516630.241,45.277,1800.0,2.0,10.7,normal
1697516630.746,45.764,1000.0,4.0,10.7,normal
1697516631.25,45.277,1000.0,3.0,10.7,normal
1697516631.753,46.251,1800.0,23.3,10.3,normal
1697516632.255,45.764,1800.0,30.0,10.6,normal
1697516632.758,45.764,1800.0,2.5,10.6,normal
1697516633.26,46.251,1800.0,3.5,10.6,normal
1697516633.763,45.764,1800.0,3.0,10.6,normal
1697516634.266,46.251,1800.0,2.5,10.6,normal
1697516634.768,45.764,1800.0,5.0,10.6,normal
1697516635.271,45.764,1800.0,3.5,10.7,normal
1697516635.773,46.738,1800.0,3.5,10.7,normal
1697516636.276,45.277,1800.0,3.5,10.7,normal
1697516636.78,45.277,1000.0,5.5,10.7,normal
1697516637.284,45.764,1100.0,5.0,10.6,normal
1697516637.787,45.277,1800.0,28.9,10.5,normal
1697516638.289,46.251,1800.0,25.0,10.7,normal
1697516638.792,44.303,1800.0,3.5,10.7,normal
1697516639.295,45.277,1800.0,3.0,10.7,normal
1697516639.797,44.79,1800.0,4.0,10.7,normal
1697516640.3,44.79,1800.0,2.5,10.7,normal
1697516640.802,45.764,1800.0,3.5,10.7,normal
1697516641.305,44.79,1800.0,2.5,10.7,normal
1697516641.807,44.79,1800.0,4.0,10.7,normal
1697516642.31,45.277,1800.0,3.5,10.7,normal
1697516642.814,45.277,900.0,3.5,10.7,normal
1697516643.318,44.303,1000.0,4.9,10.7,normal
1697516643.821,45.277,1800.0,21.6,10.3,normal
1697516644.324,45.277,1800.0,32.8,10.6,normal
1697516644.826,45.277,1800.0,4.5,10.6,normal
1697516645.329,44.303,1800.0,2.5,10.6,normal
1697516645.831,45.764,1800.0,3.0,10.7,normal
1697516646.334,44.79,1800.0,4.0,10.7,normal
1697516646.836,45.277,1800.0,3.0,10.7,normal
1697516647.339,45.764,1800.0,3.9,10.7,normal
1697516647.842,45.277,1800.0,3.5,10.7,normal
1697516648.344,44.79,1800.0,3.5,10.7,normal
1697516648.85,46.251,600.0,4.0,10.7,normal
1697516649.356,43.816,600.0,5.0,10.7,normal
1697516649.86,45.277,1800.0,27.7,10.5,normal
1697516650.363,45.277,1800.0,28.1,10.6,normal
1697516650.865,45.764,1800.0,3.5,10.7,normal
1697516651.368,44.79,1800.0,3.5,10.7,normal
1697516651.87,45.277,1800.0,3.9,10.7,normal
1697516652.373,44.79,1800.0,2.5,10.7,normal
1697516652.875,45.764,1800.0,3.0,10.7,normal
1697516653.378,45.764,1800.0,4.0,10.7,normal
1697516653.88,44.79,1800.0,2.0,10.7,normal
1697516654.383,45.764,1800.0,4.5,10.7,normal
1697516654.889,45.277,600.0,5.4,10.7,normal
1697516655.394,45.277,700.0,5.9,10.7,normal
1697516655.897,45.277,1800.0,15.7,10.2,normal
1697516656.4,46.738,1800.0,37.0,10.6,normal
1697516656.903,45.764,1800.0,5.4,10.6,normal
1697516657.405,44.79,1800.0,4.0,10.6,normal
1697516657.908,44.303,1800.0,2.5,10.6,normal
1697516658.411,46.738,1800.0,4.0,10.6,normal
1697516658.913,45.277,1800.0,2.0,10.6,normal
1697516659.416,44.79,1800.0,3.5,10.6,normal
1697516659.918,45.277,1800.0,4.0,10.6,normal
1697516660.421,46.251,1800.0,3.0,10.6,normal
1697516660.926,45.277,600.0,4.4,10.6,normal
1697516661.432,44.79,600.0,4.5,10.6,normal
1697516661.935,45.764,1800.0,22.4,10.3,normal
1697516662.443,45.764,1800.0,33.2,10.6,normal
1697516662.945,44.303,1800.0,3.0,10.6,normal
1697516663.448,44.79,1800.0,3.5,10.6,normal
1697516663.95,44.79,1800.0,4.0,10.6,normal
1697516664.453,45.277,1800.0,4.0,10.6,normal
1697516664.956,45.277,1800.0,4.0,10.6,normal
1697516665.458,44.303,1800.0,4.0,10.7,normal
1697516665.961,44.79,1800.0,4.5,10.6,normal
1697516666.463,45.764,1800.0,1.5,10.6,normal
1697516666.969,44.79,600.0,2.0,10.7,normal
1697516667.48,45.277,600.0,2.9,10.7,normal
1697516667.983,45.277,1800.0,14.8,10.3,normal
1697516668.486,47.225,1800.0,37.4,10.6,normal
1697516668.988,44.303,1800.0,4.5,10.7,normal
1697516669.491,45.764,1800.0,3.5,10.7,normal
1697516669.993,45.764,1800.0,3.0,10.7,normal
1697516670.496,44.79,1800.0,4.0,10.7,normal
1697516670.999,44.79,1800.0,4.0,10.7,normal
1697516671.501,45.764,1800.0,3.0,10.7,normal
1697516672.004,44.79,1800.0,2.0,10.7,normal
1697516672.506,45.764,1800.0,4.0,10.7,normal
1697516673.012,44.79,600.0,3.0,10.7,normal
1697516673.518,44.79,600.0,5.0,10.7,normal
1697516674.022,44.79,900.0,9.0,10.0,normal
1697516674.526,46.251,1800.0,28.4,10.5,normal
1697516675.029,45.277,1800.0,21.0,10.6,normal
1697516675.531,44.79,1800.0,2.5,10.6,normal
1697516676.034,45.764,1800.0,3.0,10.6,normal
1697516676.536,45.764,1800.0,3.5,10.6,normal
1697516677.039,44.79,1800.0,2.0,10.6,normal
1697516677.542,44.79,1800.0,2.5,10.6,normal
1697516678.044,44.79,1800.0,3.0,10.7,normal
1697516678.547,46.738,1800.0,3.0,10.7,normal
1697516679.052,45.764,700.0,3.4,10.7,normal
1697516679.557,44.79,700.0,5.0,10.7,normal
1697516680.063,45.277,600.0,4.0,10.7,normal
1697516680.566,45.764,1800.0,27.2,10.5,normal
1697516681.069,46.251,1800.0,28.6,10.7,normal
1697516681.571,44.79,1800.0,3.5,10.7,normal
1697516682.074,45.277,1800.0,3.0,10.7,normal
1697516682.577,45.764,1800.0,4.4,10.7,normal
1697516683.08,45.277,1800.0,3.5,10.7,normal
1697516683.582,46.251,1800.0,3.0,10.7,normal
1697516684.085,45.764,1800.0,3.0,10.7,normal
1697516684.588,45.764,1800.0,5.4,10.7,normal
1697516685.09,45.764,1800.0,2.5,10.7,normal
1697516685.595,45.277,800.0,4.0,10.6,normal
1697516686.101,45.764,600.0,5.0,10.6,normal
1697516686.603,45.764,1800.0,28.0,10.5,normal
1697516687.106,45.764,1800.0,23.5,10.7,normal
1697516687.608,45.764,1800.0,4.0,10.7,normal
1697516688.111,46.251,1800.0,2.0,10.7,normal
1697516688.614,45.277,1800.0,3.0,10.7,normal
1697516689.117,45.277,1800.0,5.5,10.7,normal
1697516689.619,45.764,1800.0,4.5,10.7,normal
1697516690.122,45.764,1800.0,4.0,10.7,normal
1697516690.624,44.79,1800.0,4.0,10.7,normal
1697516691.127,46.738,1800.0,4.0,10.7,normal
1697516691.633,45.764,600.0,4.0,10.7,normal
1697516692.135,45.277,1800.0,10.0,9.6,normal
1697516692.638,46.251,1800.0,28.4,10.5,normal
1697516693.141,45.764,1800.0,20.5,10.7,normal
1697516693.643,46.251,1800.0,2.5,10.7,normal
1697516694.146,45.277,1800.0,2.5,10.7,normal
1697516694.648,46.251,1800.0,4.5,10.7,normal
1697516695.151,45.277,1800.0,3.5,10.7,normal
1697516695.653,45.277,1800.0,4.5,10.7,normal
1697516696.156,46.251,1800.0,3.0,10.7,normal
1697516696.659,45.764,1800.0,3.0,10.7,normal
1697516697.163,45.277,700.0,4.4,10.7,normal
1697516697.669,45.764,600.0,4.0,10.7,normal
1697516698.174,45.277,900.0,5.9,10.7,normal
1697516698.677,46.251,1800.0,26.6,10.4,normal
1697516699.18,45.764,1800.0,25.0,10.7,normal
1697516699.682,45.277,1800.0,5.0,10.7,normal
1697516700.185,45.764,1800.0,3.0,10.7,normal
1697516700.687,46.251,1800.0,3.0,10.7,normal
1697516701.19,45.764,1800.0,4.0,10.7,normal
1697516701.692,46.251,1800.0,16.9,10.7,normal
1697516702.195,45.277,1800.0,7.4,10.7,normal
1697516702.698,45.764,1800.0,3.0,10.7,normal
1697516703.2,44.79,1800.0,3.5,10.7,normal
1697516703.705,44.79,800.0,4.4,10.7,normal
1697516704.209,45.764,900.0,5.9,10.7,normal
1697516704.712,46.738,1800.0,20.5,10.3,normal
1697516705.215,45.764,1800.0,34.5,10.7,normal
1697516705.717,45.764,1800.0,3.5,10.6,normal
1697516706.22,45.277,1800.0,4.0,10.7,normal
1697516706.723,46.251,1800.0,3.5,10.7,normal
1697516707.225,45.764,1800.0,3.0,10.7,normal
1697516707.728,45.764,1800.0,3.0,10.7,normal
1697516708.23,46.251,1800.0,4.5,10.7,normal
1697516708.733,45.277,1800.0,3.0,10.7,normal
1697516709.235,46.251,1800.0,2.5,10.7,normal
1697516709.74,44.303,800.0,4.9,10.6,normal
1697516710.245,45.277,700.0,4.0,10.7,normal
1697516710.748,46.251,1800.0,25.7,10.4,normal
1697516711.251,45.764,1800.0,29.1,10.7,normal
1697516711.753,45.764,1800.0,3.0,10.7,normal
1697516712.256,45.764,1800.0,3.0,10.7,normal
1697516712.758,45.277,1800.0,4.5,10.7,normal
1697516713.261,46.251,1800.0,1.0,10.7,normal
1697516713.763,44.79,1800.0,3.5,10.7,normal
1697516714.266,45.277,1800.0,3.5,10.7,normal
1697516714.769,45.277,1800.0,4.5,10.7,normal
1697516715.271,45.277,1800.0,3.0,10.7,normal
1697516715.775,44.79,900.0,4.5,10.7,normal
1697516716.279,45.764,900.0,4.0,10.7,normal
1697516716.782,45.277,1800.0,18.4,10.3,normal
1697516717.285,46.251,1800.0,36.3,10.6,normal
1697516717.788,46.251,1800.0,3.0,10.6,normal
1697516718.29,46.251,1800.0,2.5,10.6,normal
1697516718.793,45.764,1800.0,2.5,10.6,normal
1697516719.295,45.764,1800.0,3.0,10.6,normal
1697516719.798,45.764,1800.0,3.5,10.7,normal
1697516720.3,45.277,1800.0,2.0,10.7,normal
1697516720.803,45.764,1800.0,3.0,10.7,normal
1697516721.305,45.277,1800.0,3.9,10.7,normal
1697516721.809,45.764,1000.0,3.5,10.7,normal
1697516722.313,45.277,900.0,3.5,10.7,normal
1697516722.816,44.79,1800.0,22.3,10.3,normal
1697516723.319,44.79,1800.0,32.0,10.7,normal
1697516723.821,45.277,1800.0,3.5,10.7,normal
1697516724.324,46.251,1800.0,3.5,10.7,normal
1697516724.827,45.764,1800.0,4.5,10.7,normal
1697516725.329,45.764,1800.0,4.5,10.7,normal
1697516725.832,45.764,1800.0,3.0,10.7,normal
1697516726.334,46.738,1800.0,3.0,10.7,normal
1697516726.837,45.277,1800.0,3.5,10.7,normal
1697516727.339,45.277,1800.0,3.0,10.7,normal
1697516727.844,45.764,800.0,5.0,10.8,normal
1697516728.349,44.79,800.0,5.0,10.8,normal
1697516728.851,46.251,1800.0,14.9,10.0,normal
1697516729.355,46.738,1800.0,36.8,10.6,normal
1697516729.857,46.251,1800.0,7.0,10.7,normal
1697516730.36,45.277,1800.0,3.0,10.7,normal
1697516730.862,46.738,1800.0,3.5,10.7,normal
1697516731.365,46.251,1800.0,2.5,10.7,normal
1697516731.867,45.277,1800.0,3.5,10.7,normal
1697516732.37,45.764,1800.0,3.0,10.7,normal
1697516732.873,45.277,1800.0,3.0,10.7,normal
1697516733.375,45.277,1800.0,3.5,10.7,normal
1697516733.88,46.251,700.0,3.0,10.7,normal
1697516734.386,43.816,600.0,6.4,10.7,normal
1697516734.889,46.738,1800.0,21.3,10.3,normal
1697516735.391,46.251,1800.0,36.0,10.6,normal
1697516735.894,46.251,1800.0,3.0,10.6,normal
1697516736.397,45.277,1800.0,3.5,10.6,normal
1697516736.899,45.277,1800.0,3.9,10.7,normal
1697516737.402,46.251,1800.0,3.0,10.7,normal
1697516737.904,45.764,1800.0,3.5,10.7,normal
1697516738.407,46.251,1800.0,4.0,10.7,normal
1697516738.909,46.251,1800.0,2.0,10.7,normal
1697516739.412,45.764,1800.0,3.5,10.7,normal
1697516739.918,44.79,600.0,4.5,10.6,normal
1697516740.424,45.764,600.0,5.0,10.6,normal
1697516740.927,45.764,1800.0,13.4,10.0,normal
1697516741.43,47.225,1800.0,36.5,10.6,normal
1697516741.933,45.764,1800.0,8.0,10.6,normal
1697516742.435,45.764,1800.0,4.0,10.6,normal
1697516742.938,46.738,1800.0,3.0,10.6,normal
1697516743.44,45.277,1800.0,3.5,10.7,normal
1697516743.943,45.277,1800.0,3.0,10.7,normal
1697516744.446,47.225,1800.0,4.0,10.7,normal
1697516744.948,46.251,1800.0,4.5,10.7,normal
1697516745.452,45.764,1800.0,0.5,10.7,normal
1697516745.956,45.764,800.0,4.5,10.7,normal
1697516746.461,44.79,800.0,3.0,10.7,normal
1697516746.965,45.277,900.0,8.4,10.5,normal
1697516747.468,46.251,1800.0,27.4,10.4,normal
1697516747.971,45.764,1800.0,23.0,10.6,normal
1697516748.474,45.764,1800.0,1.5,10.6,normal
1697516748.976,45.764,1800.0,5.4,10.6,normal
1697516749.479,46.251,1800.0,3.0,10.7,normal
1697516749.982,46.251,1800.0,3.0,10.7,normal
1697516750.486,45.277,1800.0,3.5,10.7,normal
1697516750.988,46.251,1800.0,2.5,10.7,normal
1697516751.491,45.277,1800.0,3.5,10.7,normal
1697516751.993,45.764,1800.0,3.5,10.7,normal
1697516752.5,45.277,600.0,4.4,10.7,normal
1697516753.004,46.251,1800.0,11.5,10.0,normal
1697516753.508,45.764,1800.0,34.5,10.6,normal
1697516754.01,46.251,1800.0,13.4,10.7,normal
1697516754.514,45.277,1800.0,5.9,10.7,normal
1697516755.016,46.251,1800.0,3.5,10.7,normal
1697516755.519,44.79,1800.0,2.5,10.7,normal
1697516756.022,47.225,1800.0,4.0,10.7,normal
1697516756.524,45.764,1800.0,4.0,10.7,normal
1697516757.027,45.277,1800.0,3.0,10.7,normal
1697516757.529,46.251,1800.0,3.0,10.7,normal
1697516758.035,45.764,650.0,3.9,10.7,normal
1697516758.54,45.277,600.0,4.5,10.8,normal
1697516759.047,44.303,600.0,5.4,10.7,normal
1697516759.55,45.277,1800.0,30.5,10.4,normal
1697516760.053,46.738,1800.0,24.5,10.6,normal
1697516760.555,45.764,1800.0,3.0,10.6,normal
1697516761.058,45.764,1800.0,2.5,10.6,normal
1697516761.561,46.251,1800.0,2.5,10.6,normal
1697516762.063,45.764,1800.0,2.5,10.6,normal
1697516762.566,45.764,1800.0,1.5,10.6,normal
1697516763.068,45.764,1800.0,2.5,10.6,normal
1697516763.571,45.764,1800.0,2.5,10.7,normal
1697516764.073,46.251,1800.0,2.5,10.7,normal
1697516764.578,44.79,800.0,6.4,10.7,normal
1697516765.082,45.277,1800.0,9.4,10.1,normal
1697516765.585,46.738,1800.0,28.9,10.5,normal
1697516766.088,45.277,1800.0,20.5,10.6,normal
1697516766.591,45.764,1800.0,2.5,10.6,normal
1697516767.093,45.764,1800.0,5.0,10.6,normal
1697516767.596,45.764,1800.0,1.5,10.6,normal
1697516768.098,46.251,1800.0,3.5,10.6,normal
1697516768.601,44.79,1800.0,3.5,10.6,normal
1697516769.103,45.764,1800.0,2.5,10.7,normal
1697516769.607,45.764,1800.0,4.5,10.7,normal
1697516770.111,45.277,800.0,2.5,10.7,normal
1697516770.617,45.764,600.0,3.9,10.7,normal
1697516771.122,45.764,600.0,5.9,10.7,normal
1697516771.627,46.738,1800.0,27.6,10.4,normal
1697516772.129,46.251,1800.0,26.6,10.7,normal
1697516772.632,46.251,1800.0,3.5,10.7,normal
1697516773.135,46.251,1800.0,2.5,10.7,normal
1697516773.637,47.225,1800.0,4.9,10.7,normal
1697516774.14,45.764,1800.0,3.0,10.7,normal
1697516774.643,45.764,1800.0,4.5,10.7,normal
1697516775.145,44.303,1800.0,3.0,10.7,normal
1697516775.648,46.251,1800.0,3.5,10.7,normal
1697516776.15,45.277,1800.0,3.5,10.7,normal
1697516776.656,46.251,600.0,5.4,10.7,normal
1697516777.16,44.79,900.0,4.4,10.7,normal
1697516777.663,45.277,1800.0,19.1,10.2,normal
1697516778.166,45.764,1800.0,36.6,10.6,normal
1697516778.668,46.251,1800.0,2.0,10.6,normal
1697516779.171,47.712,1800.0,3.5,10.7,normal
1697516779.673,46.251,1800.0,4.0,10.7,normal
1697516780.176,45.277,1800.0,2.5,10.7,normal
1697516780.679,46.251,1800.0,4.0,10.7,normal
1697516781.181,45.764,1800.0,3.0,10.7,normal
1697516781.684,46.251,1800.0,11.9,10.7,normal
1697516782.186,46.738,1800.0,3.5,10.7,normal
1697516782.691,45.764,800.0,3.0,10.7,normal
1697516783.195,45.277,900.0,4.5,10.7,normal
1697516783.698,46.251,1800.0,11.9,10.1,normal
1697516784.202,45.764,1800.0,34.2,10.6,normal
1697516784.704,47.225,1800.0,13.0,10.7,normal
1697516785.207,44.79,1800.0,4.0,10.7,normal
1697516785.709,45.277,1800.0,3.5,10.7,normal
1697516786.212,45.764,1800.0,3.0,10.7,normal
1697516786.714,46.251,1800.0,4.5,10.7,normal
1697516787.217,45.277,1800.0,4.0,10.7,normal
1697516787.72,44.79,1800.0,3.0,10.7,normal
1697516788.222,45.277,1800.0,4.0,10.7,normal
1697516788.726,45.764,800.0,4.0,10.7,normal
1697516789.231,45.764,800.0,5.0,10.7,normal
1697516789.734,47.225,1800.0,18.4,10.3,normal
1697516790.237,45.764,1800.0,38.2,10.6,normal
1697516790.739,46.251,1800.0,4.0,10.7,normal
1697516791.242,46.251,1800.0,3.5,10.7,normal
1697516791.744,45.277,1800.0,3.0,10.7,normal
1697516792.247,45.764,1800.0,3.0,10.7,normal
1697516792.75,46.738,1800.0,3.5,10.7,normal
1697516793.252,46.738,1800.0,3.0,10.7,normal
1697516793.755,46.738,1800.0,4.0,10.7,normal
1697516794.257,45.764,1800.0,3.0,10.7,normal
1697516794.761,45.277,900.0,4.5,10.7,normal
1697516795.265,46.251,800.0,4.0,10.7,normal
1697516795.768,46.251,1800.0,21.6,10.3,normal
1697516796.271,46.251,1800.0,34.2,10.7,normal
1697516796.773,45.277,1800.0,3.5,10.7,normal
1697516797.276,45.277,1800.0,3.0,10.7,normal
1697516797.778,46.251,1800.0,4.0,10.7,normal
1697516798.281,46.251,1800.0,2.0,10.7,normal
1697516798.784,45.764,1800.0,4.0,10.7,normal
1697516799.286,45.277,1800.0,2.5,10.7,normal
1697516799.789,45.277,1800.0,5.0,10.7,normal
1697516800.291,46.251,1800.0,3.5,10.7,normal
1697516800.795,45.764,1100.0,4.0,10.7,normal
1697516801.301,45.764,700.0,5.9,10.7,normal
1697516801.804,45.764,1800.0,12.9,10.1,normal
1697516802.306,46.251,1800.0,36.5,10.6,normal
1697516802.809,46.251,1800.0,6.0,10.7,normal
1697516803.311,46.738,1800.0,2.5,10.7,normal
1697516803.814,45.277,1800.0,3.5,10.7,normal
1697516804.316,45.277,1800.0,2.0,10.7,normal
1697516804.819,46.738,1800.0,3.5,10.7,normal
1697516805.322,44.79,1800.0,2.0,10.7,normal
1697516805.824,45.277,1800.0,1.5,10.7,normal
1697516806.327,46.251,1800.0,1.5,10.7,normal
1697516806.832,45.277,600.0,3.5,10.7,normal
1697516807.338,45.764,600.0,4.4,10.7,normal
1697516807.843,44.79,900.0,6.9,10.5,normal
1697516808.346,47.225,1800.0,28.7,10.5,normal
1697516808.849,45.277,1800.0,23.6,10.7,normal
1697516809.352,45.764,1800.0,2.0,10.7,normal
1697516809.854,45.277,1800.0,5.4,10.7,normal
1697516810.357,46.251,1800.0,2.5,10.7,normal
1697516810.859,45.764,1800.0,3.0,10.7,normal
1697516811.362,45.764,1800.0,3.5,10.7,normal
1697516811.864,45.764,1800.0,3.0,10.7,normal
1697516812.367,46.251,1800.0,3.0,10.7,normal
1697516812.87,45.764,1800.0,4.0,10.7,normal
1697516813.375,45.277,700.0,3.5,10.7,normal
1697516813.878,46.251,1800.0,12.4,10.0,normal
1697516814.381,47.225,1800.0,33.8,10.6,normal
1697516814.884,46.251,1800.0,13.1,10.6,normal
1697516815.387,46.251,1800.0,3.9,10.6,normal
1697516815.889,45.277,1800.0,3.0,10.7,normal
1697516816.392,46.251,1800.0,4.5,10.7,normal
1697516816.895,45.277,1800.0,3.0,10.7,normal
1697516817.397,45.764,1800.0,2.0,10.7,normal
1697516817.9,45.764,1800.0,3.0,10.7,normal
1697516818.402,45.764,1800.0,3.0,10.7,normal
1697516818.907,46.738,700.0,4.0,10.7,normal
1697516819.412,46.251,800.0,5.0,10.7,normal
1697516819.917,44.79,800.0,6.9,10.7,normal
1697516820.42,45.764,1800.0,28.0,10.4,normal
1697516820.922,45.764,1800.0,24.0,10.6,normal
1697516821.425,46.251,1800.0,4.0,10.6,normal
1697516821.927,45.764,1800.0,3.5,10.6,normal
1697516822.43,45.277,1800.0,3.0,10.6,normal
1697516822.932,45.764,1800.0,3.5,10.6,normal
1697516823.435,46.251,1800.0,4.5,10.6,normal
1697516823.938,46.738,1800.0,3.0,10.6,normal
1697516824.44,45.764,1800.0,4.0,10.6,normal
1697516824.943,45.277,1800.0,4.0,10.6,normal
1697516825.448,45.764,600.0,5.4,10.6,normal
1697516825.953,46.251,800.0,5.0,10.6,normal
1697516826.456,45.764,1800.0,24.3,10.3,normal
1697516826.959,45.277,1800.0,30.2,10.6,normal
1697516827.461,45.764,1800.0,3.5,10.6,normal
1697516827.964,45.764,1800.0,3.5,10.6,normal
1697516828.466,46.251,1800.0,2.5,10.6,normal
1697516828.969,46.251,1800.0,3.5,10.6,normal
1697516829.472,45.277,1800.0,3.5,10.7,normal
1697516829.974,45.764,1800.0,5.4,10.7,normal
1697516830.477,45.764,1800.0,2.5,10.7,normal
1697516830.979,46.251,1800.0,3.5,10.7,normal
1697516831.484,45.764,700.0,4.5,10.7,normal
1697516831.989,45.277,700.0,5.0,10.7,normal
1697516832.492,45.764,1800.0,18.4,10.1,normal
1697516832.995,47.225,1800.0,36.8,10.6,normal
1697516833.498,46.251,1800.0,4.9,10.6,normal
1697516834.001,45.764,1800.0,3.5,10.6,normal
1697516834.503,45.764,1800.0,3.0,10.6,normal
1697516835.006,46.738,1800.0,4.4,10.6,normal
1697516835.508,46.738,1800.0,2.5,10.7,normal
1697516836.011,46.251,1800.0,3.0,10.7,normal
1697516836.513,45.764,1800.0,3.5,10.7,normal
1697516837.016,46.251,1800.0,3.5,10.7,normal
1697516837.521,45.764,600.0,3.0,10.7,normal
1697516838.027,45.764,600.0,4.0,10.7,normal
1697516838.53,46.738,1800.0,9.0,9.5,normal
1697516839.034,45.277,1800.0,28.4,10.5,normal
1697516839.537,45.277,1800.0,22.0,10.7,normal
1697516840.039,46.738,1800.0,2.0,10.7,normal
1697516840.542,45.764,1800.0,5.0,10.7,normal
1697516841.045,45.764,1800.0,2.0,10.7,normal
1697516841.547,46.251,1800.0,2.5,10.7,normal
1697516842.05,46.251,1800.0,3.5,10.7,normal
1697516842.552,45.764,1800.0,2.5,10.7,normal
1697516843.055,45.764,1800.0,4.0,10.7,normal
1697516843.558,46.251,1800.0,2.0,10.7,normal
1697516844.063,45.764,600.0,4.4,10.7,normal
1697516844.57,45.764,700.0,5.4,10.7,normal
1697516845.075,46.251,1800.0,25.4,10.4,normal
1697516845.578,45.277,1800.0,27.1,10.7,normal
1697516846.08,46.738,1800.0,2.5,10.7,normal
1697516846.583,46.251,1800.0,3.5,10.7,normal
1697516847.086,46.738,1800.0,3.5,10.7,normal
1697516847.589,46.251,1800.0,2.5,10.7,normal
1697516848.091,45.764,1800.0,2.5,10.7,normal
1697516848.594,45.764,1800.0,3.0,10.7,normal
1697516849.097,45.277,1800.0,2.5,10.7,normal
1697516849.599,45.764,1800.0,5.4,10.7,normal
1697516850.106,44.79,600.0,2.5,10.7,normal
1697516850.612,45.277,600.0,4.9,10.7,normal
1697516851.116,46.251,1800.0,18.9,10.3,normal
1697516851.619,45.764,1800.0,35.3,10.6,normal
1697516852.121,46.251,1800.0,3.0,10.6,normal
1697516852.624,46.738,1800.0,4.0,10.6,normal
1697516853.127,46.251,1800.0,2.5,10.7,normal
1697516853.629,45.277,1800.0,3.5,10.7,normal
1697516854.131,46.738,1800.0,3.0,10.7,normal
1697516854.634,46.251,1800.0,4.0,10.7,normal
1697516855.136,46.738,1800.0,2.5,10.7,normal
1697516855.639,45.764,1800.0,3.5,10.7,normal
1697516856.145,46.251,600.0,2.5,10.7,normal
1697516856.651,45.277,600.0,6.4,10.7,normal
1697516857.155,46.251,1800.0,13.9,10.1,normal
1697516857.659,46.251,1800.0,32.7,10.7,normal
1697516858.162,46.738,1800.0,13.0,10.7,normal
1697516858.664,47.225,1800.0,3.0,10.7,normal
1697516859.167,45.277,1800.0,3.0,10.7,normal
1697516859.669,45.764,1800.0,4.0,10.7,normal
1697516860.172,46.738,1800.0,3.9,10.7,normal
1697516860.674,46.738,1800.0,3.5,10.7,normal
1697516861.177,46.251,1800.0,3.5,10.7,normal
1697516861.68,45.764,1800.0,3.5,10.7,normal
1697516862.184,45.764,700.0,3.9,10.7,normal
1697516862.69,46.251,600.0,4.4,10.7,normal
1697516863.199,45.764,800.0,5.4,10.6,normal
1697516863.703,46.738,1800.0,27.7,10.5,normal
1697516864.205,45.764,1800.0,26.8,10.7,normal
1697516864.708,46.738,1800.0,4.0,10.7,normal
1697516865.211,46.251,1800.0,3.4,10.7,normal
1697516865.713,44.79,1800.0,2.5,10.7,normal
1697516866.216,45.764,1800.0,4.5,10.7,normal
1697516866.718,45.764,1800.0,2.0,10.7,normal
1697516867.221,45.277,1800.0,1.0,10.7,normal
1697516867.723,45.764,1800.0,3.5,10.7,normal
1697516868.226,45.764,1800.0,0.0,10.7,normal
1697516868.731,45.277,600.0,6.4,10.7,normal
1697516869.235,46.738,1800.0,12.6,9.6,normal
1697516869.738,46.251,1800.0,30.7,10.5,normal
1697516870.241,46.251,1800.0,19.1,10.7,normal
1697516870.743,46.251,1800.0,4.5,10.7,normal
1697516871.246,45.764,1800.0,2.5,10.7,normal
1697516871.748,46.251,1800.0,3.0,10.7,normal
1697516872.251,45.764,1800.0,3.5,10.7,normal
1697516872.753,45.764,1800.0,4.0,10.7,normal
1697516873.256,45.277,1800.0,3.5,10.7,normal
1697516873.759,45.764,1800.0,3.0,10.7,normal
1697516874.264,46.251,700.0,3.0,10.7,normal
1697516874.768,45.277,800.0,5.4,10.7,normal
1697516875.271,46.251,1800.0,15.8,10.1,normal
1697516875.774,46.251,1800.0,38.0,10.6,normal
1697516876.276,45.277,1800.0,6.0,10.7,normal
1697516876.779,46.251,1800.0,5.0,10.7,normal
1697516877.282,45.764,1800.0,3.0,10.7,normal
1697516877.784,45.277,1800.0,3.0,10.7,normal
1697516878.287,46.738,1800.0,3.9,10.7,normal
1697516878.789,46.251,1800.0,4.0,10.7,normal
1697516879.291,45.764,1800.0,3.0,10.7,normal
1697516879.794,46.251,1800.0,4.0,10.7,normal
1697516880.299,46.251,700.0,3.5,10.7,normal
1697516880.804,45.764,600.0,4.5,10.7,normal
1697516881.308,46.251,1800.0,10.4,9.6,normal
1697516881.811,46.251,1800.0,28.7,10.6,normal
1697516882.313,45.764,1800.0,19.8,10.7,normal
1697516882.816,46.251,1800.0,3.5,10.7,normal
1697516883.318,46.251,1800.0,4.5,10.7,normal
1697516883.821,46.251,1800.0,3.0,10.7,normal
1697516884.323,46.738,1800.0,3.0,10.7,normal
1697516884.826,46.251,1800.0,4.0,10.7,normal
1697516885.328,45.764,1800.0,3.0,10.7,normal
1697516885.831,46.738,1800.0,3.5,10.7,normal
1697516886.336,45.277,700.0,2.5,10.7,normal
1697516886.842,46.251,600.0,3.5,10.7,normal
1697516887.348,45.277,600.0,5.9,10.7,normal
1697516887.852,45.764,1800.0,26.5,10.5,normal
1697516888.355,46.251,1800.0,27.5,10.7,normal
1697516888.857,46.251,1800.0,2.0,10.7,normal
1697516889.36,45.277,1800.0,3.0,10.7,normal
1697516889.862,45.277,1800.0,3.9,10.7,normal
1697516890.365,46.251,1800.0,2.0,10.7,normal
1697516890.867,44.79,1800.0,2.5,10.7,normal
1697516891.37,45.764,1800.0,3.0,10.7,normal
1697516891.873,45.764,1800.0,4.0,10.7,normal
1697516892.375,45.764,1800.0,3.0,10.7,normal
1697516892.881,44.79,600.0,3.5,10.7,normal
1697516893.385,45.277,800.0,7.4,10.3,normal
1697516893.888,47.225,1800.0,28.4,10.6,normal
1697516894.391,46.251,1800.0,23.5,10.7,normal
1697516894.894,45.764,1800.0,4.5,10.7,normal
1697516895.396,47.225,1800.0,3.0,10.7,normal
1697516895.899,45.764,1800.0,3.0,10.7,normal
1697516896.401,45.764,1800.0,3.5,10.7,normal
1697516896.904,45.277,1800.0,3.5,10.7,normal
1697516897.406,46.251,1800.0,3.5,10.7,normal
1697516897.909,45.277,1800.0,3.5,10.7,normal
1697516898.411,45.764,1800.0,2.5,10.8,normal
1697516898.917,45.764,600.0,4.9,10.8,normal
1697516899.423,44.303,650.0,4.5,10.7,normal
1697516899.926,46.738,1800.0,25.5,10.4,normal
1697516900.429,47.225,1800.0,31.8,10.7,normal
1697516900.932,45.277,1800.0,3.0,10.7,normal
1697516901.434,45.277,1800.0,3.0,10.7,normal
1697516901.937,46.251,1800.0,3.5,10.7,normal
1697516902.439,46.251,1800.0,4.5,10.7,normal
1697516902.942,46.251,1800.0,3.0,10.7,normal
1697516903.444,45.277,1800.0,3.0,10.7,normal
1697516903.947,45.764,1800.0,3.9,10.7,normal
1697516904.449,46.251,1800.0,3.5,10.7,normal
1697516904.954,45.764,800.0,5.0,10.7,normal
1697516905.458,45.764,800.0,4.4,10.7,normal
1697516905.961,46.251,1800.0,28.4,10.5,normal
1697516906.464,45.764,1800.0,26.4,10.7,normal
1697516906.967,46.251,1800.0,3.5,10.7,normal
1697516907.469,45.277,1800.0,4.5,10.7,normal
1697516907.972,46.738,1800.0,3.5,10.7,normal
1697516908.474,45.764,1800.0,4.0,10.7,normal
1697516908.977,45.277,1800.0,3.5,10.7,normal
1697516909.479,45.764,1800.0,4.0,10.7,normal
1697516909.982,46.738,1800.0,3.5,10.7,normal
1697516910.484,45.764,1800.0,2.5,10.7,normal
1697516910.989,45.764,700.0,4.4,10.7,normal
1697516911.494,46.251,800.0,5.4,10.7,normal
1697516911.997,46.251,1800.0,21.7,10.4,normal
1697516912.499,46.738,1800.0,32.5,10.7,normal
1697516913.002,45.764,1800.0,4.0,10.7,normal
1697516913.504,46.251,1800.0,2.5,10.7,normal
1697516914.007,46.738,1800.0,3.5,10.7,normal
1697516914.51,46.251,1800.0,3.5,10.7,normal
1697516915.012,44.79,1800.0,3.4,10.7,normal
1697516915.515,46.251,1800.0,3.0,10.7,normal
1697516916.017,45.277,1800.0,3.0,10.7,normal
1697516916.52,45.764,1800.0,3.0,10.7,normal
1697516917.024,46.251,800.0,4.4,10.7,normal
1697516917.529,46.251,800.0,4.5,10.7,normal
1697516918.031,46.251,1800.0,27.0,10.5,normal
1697516918.534,46.251,1800.0,26.3,10.6,normal
1697516919.037,46.251,1800.0,3.5,10.6,normal
1697516919.539,45.277,1800.0,4.0,10.6,normal
1697516920.042,45.764,1800.0,3.5,10.6,normal
1697516920.544,44.79,1800.0,3.5,10.6,normal
1697516921.047,45.764,1800.0,3.0,10.6,normal
1697516921.549,45.764,1800.0,5.4,10.6,normal
1697516922.052,45.764,1800.0,3.0,10.6,normal
1697516922.555,45.764,1800.0,3.5,10.6,normal
1697516923.06,46.251,600.0,3.5,10.6,normal
1697516923.567,44.303,700.0,6.9,10.5,normal
1697516924.07,45.764,1800.0,28.7,10.5,normal
1697516924.573,46.251,1800.0,23.4,10.6,normal
1697516925.075,46.251,1800.0,3.0,10.6,normal
1697516925.578,46.251,1800.0,2.5,10.6,normal
1697516926.081,46.738,1800.0,5.0,10.6,normal
1697516926.583,45.764,1800.0,1.5,10.6,normal
1697516927.086,45.764,1800.0,2.5,10.6,normal
1697516927.588,46.251,1800.0,1.5,10.6,normal
1697516928.091,45.764,1800.0,2.5,10.7,normal
1697516928.594,45.764,1800.0,2.5,10.7,normal
1697516929.1,45.764,600.0,6.4,10.7,normal
1697516929.605,45.277,1800.0,15.0,9.8,normal
1697516930.109,46.738,1800.0,31.0,10.5,normal
1697516930.612,46.738,1800.0,15.9,10.6,normal
1697516931.114,46.251,1800.0,1.5,10.6,normal
1697516931.617,45.764,1800.0,1.5,10.6,normal
1697516932.12,46.738,1800.0,2.0,10.7,normal
1697516932.622,47.225,1800.0,3.5,10.7,normal
1697516933.125,45.764,1800.0,2.5,10.7,normal
1697516933.627,46.251,1800.0,2.5,10.7,normal
1697516934.13,44.79,1800.0,4.5,10.7,normal
1697516934.635,45.277,700.0,4.9,10.7,normal
1697516935.141,45.764,600.0,3.0,10.7,normal
1697516935.644,45.764,1800.0,14.1,10.2,normal
1697516936.147,46.738,1800.0,36.3,10.6,normal
1697516936.65,47.225,1800.0,5.5,10.7,normal
1697516937.152,46.251,1800.0,3.4,10.7,normal
1697516937.655,46.738,1800.0,3.5,10.7,normal
1697516938.157,45.764,1800.0,4.0,10.7,normal
1697516938.66,46.251,1800.0,2.5,10.7,normal
1697516939.163,46.251,1800.0,3.5,10.7,normal
1697516939.665,45.764,1800.0,3.0,10.7,normal
1697516940.168,46.738,1800.0,3.0,10.7,normal
1697516940.672,45.277,900.0,4.5,10.7,normal
1697516941.176,46.251,800.0,5.4,10.7,normal
1697516941.679,46.251,1800.0,20.8,10.3,normal
1697516942.182,45.764,1800.0,34.7,10.6,normal
1697516942.684,46.738,1800.0,3.5,10.6,normal
1697516943.187,45.277,1800.0,2.5,10.6,normal
1697516943.69,46.251,1800.0,3.0,10.6,normal
1697516944.192,45.764,1800.0,3.0,10.6,normal
1697516944.695,44.79,1800.0,4.9,10.6,normal
1697516945.197,45.764,1800.0,2.5,10.6,normal
1697516945.7,46.738,1800.0,3.5,10.6,normal
1697516946.203,46.251,1800.0,3.0,10.6,normal
1697516946.707,45.764,900.0,5.4,10.6,normal
1697516947.21,45.764,1000.0,4.5,10.6,normal
1697516947.714,45.277,1800.0,12.4,9.9,normal
1697516948.218,46.251,1800.0,33.0,10.6,normal
1697516948.721,46.738,1800.0,12.6,10.6,normal
1697516949.223,45.277,1800.0,4.0,10.7,normal
1697516949.726,47.225,1800.0,4.0,10.7,normal
1697516950.228,46.251,1800.0,3.5,10.7,normal
1697516950.731,45.277,1800.0,3.0,10.7,normal
1697516951.234,46.738,1800.0,4.4,10.7,normal
1697516951.736,46.251,1800.0,2.5,10.7,normal
1697516952.239,45.764,1800.0,3.5,10.7,normal
1697516952.743,45.764,700.0,3.9,10.7,normal
1697516953.248,45.277,900.0,4.5,10.7,normal
1697516953.752,46.251,900.0,5.0,10.6,normal
1697516954.255,47.712,1800.0,28.5,10.5,normal
1697516954.758,46.738,1800.0,26.7,10.7,normal
1697516955.26,46.738,1800.0,3.0,10.7,normal
1697516955.763,46.738,1800.0,3.5,10.7,normal
1697516956.265,46.251,1800.0,3.0,10.7,normal
1697516956.768,46.251,1800.0,4.0,10.7,normal
1697516957.27,46.738,1800.0,3.0,10.7,normal
1697516957.773,44.79,1800.0,2.5,10.7,normal
1697516958.275,46.738,1800.0,3.5,10.7,normal
1697516958.778,45.764,1800.0,4.0,10.7,normal
1697516959.282,45.764,800.0,4.5,10.7,normal
1697516959.786,46.251,1800.0,11.8,9.8,normal
1697516960.292,45.277,1800.0,31.3,10.6,normal
1697516960.795,46.251,1800.0,14.9,10.7,normal
1697516961.298,45.764,1800.0,4.0,10.7,normal
1697516961.8,46.251,1800.0,2.0,10.7,normal
1697516962.303,46.251,1800.0,3.5,10.7,normal
1697516962.805,45.277,1800.0,4.0,10.7,normal
1697516963.308,45.764,1800.0,3.5,10.7,normal
1697516963.81,46.251,1800.0,3.0,10.7,normal
1697516964.313,46.251,1800.0,3.0,10.7,normal
1697516964.818,45.764,700.0,4.5,10.7,normal
1697516965.324,45.764,600.0,4.4,10.7,normal
1697516965.83,45.277,600.0,4.5,10.6,normal
1697516966.333,45.764,1800.0,28.4,10.5,normal
1697516966.835,46.738,1800.0,24.5,10.7,normal
1697516967.338,45.764,1800.0,3.5,10.7,normal
1697516967.841,47.225,1800.0,2.5,10.7,normal
1697516968.343,45.764,1800.0,4.0,10.7,normal
1697516968.846,46.251,1800.0,3.5,10.7,normal
1697516969.348,46.251,1800.0,3.5,10.7,normal
1697516969.851,46.251,1800.0,4.9,10.7,normal
1697516970.353,45.277,1800.0,3.5,10.7,normal
1697516970.856,46.738,1800.0,4.0,10.7,normal
1697516971.361,46.251,600.0,4.9,10.7,normal
1697516971.866,45.277,900.0,4.9,10.7,normal
1697516972.369,46.738,1800.0,22.1,10.4,normal
1697516972.872,46.251,1800.0,33.3,10.7,normal
1697516973.375,45.764,1800.0,2.5,10.7,normal
1697516973.877,46.738,1800.0,2.5,10.7,normal
1697516974.38,46.251,1800.0,2.5,10.7,normal
1697516974.882,45.764,1800.0,4.0,10.7,normal
1697516975.385,46.251,1800.0,1.5,10.7,normal
1697516975.887,46.251,1800.0,3.0,10.7,normal
1697516976.39,46.738,1800.0,2.5,10.7,normal
1697516976.892,46.251,1800.0,3.0,10.7,normal
1697516977.398,45.764,600.0,4.4,10.7,normal
1697516977.904,45.277,600.0,4.0,10.7,normal
1697516978.408,46.251,1800.0,26.7,10.4,normal
1697516978.911,46.251,1800.0,27.1,10.6,normal
1697516979.413,45.277,1800.0,3.0,10.7,normal
1697516979.916,45.764,1800.0,4.0,10.7,normal
1697516980.418,45.277,1800.0,4.0,10.7,normal
1697516980.921,45.764,1800.0,2.5,10.7,normal
1697516981.423,45.764,1800.0,3.5,10.7,normal
1697516981.926,44.79,1800.0,4.0,10.7,normal
1697516982.428,45.764,1800.0,1.5,10.7,normal
1697516982.931,46.251,1800.0,3.0,10.7,normal
1697516983.437,45.764,600.0,6.4,10.7,normal
1697516983.942,46.251,600.0,7.8,10.6,normal
1697516984.445,46.251,1800.0,29.6,10.6,normal
1697516984.948,45.764,1800.0,24.1,10.7,normal
1697516985.451,46.251,1800.0,3.0,10.7,normal
1697516985.953,46.738,1800.0,3.5,10.7,normal
1697516986.456,45.764,1800.0,1.5,10.7,normal
1697516986.959,45.764,1800.0,2.5,10.7,normal
1697516987.461,46.251,1800.0,3.0,10.7,normal
1697516987.964,45.764,1800.0,2.5,10.7,normal
1697516988.466,45.277,1800.0,1.5,10.7,normal
1697516988.969,45.764,1800.0,5.0,10.7,normal
1697516989.474,45.764,600.0,4.0,10.7,normal
1697516989.979,45.764,1200.0,12.5,9.7,normal
1697516990.482,46.251,1800.0,28.4,10.5,normal
1697516990.985,46.738,1800.0,20.4,10.6,normal
1697516991.487,46.738,1800.0,2.5,10.6,normal
1697516991.99,46.738,1800.0,4.0,10.6,normal
1697516992.492,46.251,1800.0,3.0,10.7,normal
1697516992.995,46.738,1800.0,3.5,10.7,normal
1697516993.498,45.277,1800.0,3.5,10.7,normal
1697516994.0,46.738,1800.0,3.5,10.7,normal
1697516994.503,47.225,1800.0,4.0,10.7,normal
1697516995.005,45.764,1800.0,3.0,10.7,normal
1697516995.513,46.251,600.0,4.0,10.7,normal
1697516996.017,45.764,800.0,4.9,10.7,normal
1697516996.521,46.738,1800.0,26.9,10.4,normal
1697516997.024,45.764,1800.0,28.1,10.7,normal
1697516997.527,45.277,1800.0,3.0,10.7,normal
1697516998.029,45.764,1800.0,3.5,10.7,normal
1697516998.532,45.764,1800.0,4.0,10.7,normal
1697516999.034,45.764,1800.0,2.5,10.7,normal
1697516999.537,46.251,1800.0,5.4,10.7,normal
1697517000.04,45.764,1800.0,3.0,10.7,normal
1697517000.542,45.277,1800.0,3.0,10.7,normal
1697517001.045,45.764,1800.0,3.5,10.7,normal
1697517001.549,45.764,900.0,4.0,10.7,normal
1697517002.054,46.251,700.0,7.4,10.6,normal
1697517002.557,45.764,1800.0,29.4,10.5,normal
1697517003.059,46.251,1800.0,23.2,10.7,normal
1697517003.562,45.764,1800.0,3.5,10.7,normal
1697517004.064,46.251,1800.0,2.5,10.7,normal
1697517004.567,46.251,1800.0,4.5,10.7,normal
1697517005.07,45.277,1800.0,4.9,10.7,normal
1697517005.572,46.251,1800.0,2.5,10.6,normal
1697517006.075,46.738,1800.0,4.5,10.7,normal
1697517006.578,45.764,1800.0,2.0,10.7,normal
1697517007.08,45.764,1800.0,4.0,10.6,normal
1697517007.585,45.277,800.0,4.0,10.7,normal
1697517008.091,46.251,1100.0,10.4,9.5,normal
1697517008.594,47.712,1800.0,29.7,10.5,normal
1697517009.097,45.764,1800.0,20.5,10.6,normal
1697517009.599,45.764,1800.0,4.5,10.6,normal
1697517010.102,47.225,1800.0,4.0,10.6,normal
1697517010.604,45.277,1800.0,3.5,10.6,normal
1697517011.107,45.764,1800.0,4.0,10.6,normal
1697517011.61,45.764,1800.0,3.5,10.6,normal
1697517012.112,45.764,1800.0,3.0,10.6,normal
1697517012.615,45.764,1800.0,3.4,10.6,normal
1697517013.117,46.251,1800.0,3.5,10.6,normal
1697517013.622,45.277,800.0,3.0,10.6,normal
1697517014.128,44.79,600.0,4.0,10.6,normal
1697517014.632,46.251,1800.0,28.4,10.4,normal
1697517015.135,47.225,1800.0,27.0,10.6,normal
1697517015.637,46.251,1800.0,2.5,10.6,normal
1697517016.14,46.251,1800.0,4.0,10.6,normal
1697517016.642,46.251,1800.0,2.0,10.6,normal
1697517017.145,46.251,1800.0,2.0,10.7,normal
1697517017.648,46.251,1800.0,2.5,10.7,normal
1697517018.15,45.764,1800.0,2.5,10.7,normal
1697517018.653,46.251,1800.0,2.0,10.7,normal
1697517019.155,45.277,1800.0,3.0,10.7,normal
1697517019.66,45.277,800.0,4.9,10.7,normal
1697517020.164,45.764,1000.0,8.0,10.1,normal
1697517020.668,46.251,1800.0,27.9,10.5,normal
1697517021.17,46.251,1800.0,22.1,10.7,normal
1697517021.673,45.764,1800.0,3.0,10.7,normal
1697517022.175,45.277,1800.0,1.5,10.7,normal
1697517022.678,45.764,1800.0,4.0,10.7,normal
1697517023.18,44.79,1800.0,2.5,10.7,normal
1697517023.683,45.764,1800.0,4.9,10.7,normal
1697517024.186,44.79,1800.0,3.5,10.7,normal
1697517024.688,46.251,1800.0,4.0,10.7,normal
1697517025.191,45.764,1800.0,2.5,10.7,normal
1697517025.696,46.251,700.0,7.4,10.7,normal
1697517026.2,45.764,1800.0,11.0,9.7,normal
1697517026.704,46.251,1800.0,30.0,10.5,normal
1697517027.207,46.251,1800.0,17.9,10.6,normal
1697517027.709,46.251,1800.0,3.0,10.6,normal
1697517028.212,46.738,1800.0,3.5,10.6,normal
1697517028.714,45.764,1800.0,4.0,10.7,normal
1697517029.217,46.251,1800.0,1.5,10.7,normal
1697517029.719,46.251,1800.0,5.9,10.7,normal
1697517030.222,45.277,1800.0,2.5,10.7,normal
1697517030.724,45.764,1800.0,3.5,10.7,normal
1697517031.229,45.764,700.0,3.0,10.6,normal
1697517031.734,44.79,900.0,4.5,10.6,normal
1697517032.242,46.251,1800.0,11.4,10.0,normal
1697517032.745,46.251,1800.0,33.7,10.6,normal
1697517033.247,46.251,1800.0,12.9,10.6,normal
1697517033.75,46.738,1800.0,3.5,10.6,normal
1697517034.252,45.764,1800.0,3.0,10.6,normal
1697517034.755,45.277,1800.0,5.0,10.6,normal
1697517035.257,45.764,1800.0,2.5,10.6,normal
1697517035.76,46.251,1800.0,4.9,10.6,normal
1697517036.263,46.251,1800.0,3.5,10.6,normal
1697517036.765,45.764,1800.0,3.0,10.6,normal
1697517037.27,45.764,700.0,4.4,10.6,normal
1697517037.775,45.277,700.0,4.0,10.6,normal
1697517038.28,46.251,800.0,5.0,10.6,normal
1697517038.783,46.251,1800.0,29.2,10.4,normal
1697517039.286,47.225,1800.0,23.7,10.6,normal
1697517039.788,46.251,1800.0,4.0,10.6,normal
1697517040.291,45.277,1800.0,3.5,10.6,normal
1697517040.794,45.277,1800.0,3.0,10.6,normal
1697517041.296,46.251,1800.0,3.5,10.6,normal
1697517041.799,45.277,1800.0,3.0,10.6,normal
1697517042.301,46.251,1800.0,3.5,10.6,normal
1697517042.804,46.738,1800.0,3.0,10.7,normal
1697517043.306,45.764,1800.0,3.0,10.7,normal
1697517043.81,45.764,900.0,4.9,10.7,normal
1697517044.315,46.251,1200.0,11.4,9.9,normal
1697517044.819,46.738,1800.0,32.2,10.6,normal
1697517045.322,46.738,1800.0,16.4,10.7,normal
1697517045.824,46.251,1800.0,5.0,10.7,normal
1697517046.327,46.251,1800.0,3.0,10.7,normal
1697517046.829,45.764,1800.0,1.5,10.7,normal
1697517047.332,46.738,1800.0,3.0,10.7,normal
1697517047.834,46.251,1800.0,3.0,10.7,normal
1697517048.337,45.277,1800.0,1.5,10.7,normal
1697517048.839,44.79,1800.0,5.5,10.7,normal
1697517049.344,45.764,700.0,3.0,10.7,normal
1697517049.85,46.251,600.0,4.9,10.7,normal
1697517050.359,45.277,600.0,3.0,10.6,normal
1697517050.862,46.738,1800.0,27.9,10.5,normal
1697517051.365,45.277,1800.0,24.9,10.7,normal
1697517051.867,46.251,1800.0,3.5,10.7,normal
1697517052.37,46.251,1800.0,4.5,10.7,normal
1697517052.872,45.764,1800.0,3.0,10.7,normal
1697517053.375,46.738,1800.0,4.5,10.7,normal
1697517053.878,45.277,1800.0,3.0,10.7,normal
1697517054.38,44.79,1800.0,3.5,10.7,normal
1697517054.883,45.764,1800.0,4.4,10.7,normal
1697517055.385,45.764,1800.0,3.5,10.7,normal
1697517055.891,45.764,600.0,4.5,10.7,normal
1697517056.396,44.79,600.0,4.5,10.7,normal
1697517056.899,45.764,1800.0,23.8,10.5,normal
1697517057.402,46.251,1800.0,32.0,10.7,normal
1697517057.904,46.251,1800.0,2.5,10.7,normal
1697517058.407,46.251,1800.0,4.0,10.7,normal
1697517058.91,44.79,1800.0,3.0,10.7,normal
1697517059.412,45.764,1800.0,2.5,10.7,normal
1697517059.915,46.251,1800.0,4.0,10.7,normal
1697517060.417,45.764,1800.0,2.0,10.7,normal
1697517060.92,45.764,1800.0,2.5,10.7,normal
1697517061.422,45.277,1800.0,3.5,10.7,normal
1697517061.928,45.764,600.0,3.4,10.7,normal
1697517062.434,46.251,600.0,4.4,10.7,normal
1697517062.936,46.251,1800.0,26.0,10.4,normal
1697517063.439,45.764,1800.0,30.3,10.6,normal
1697517063.942,45.764,1800.0,2.5,10.6,normal
1697517064.444,46.738,1800.0,3.0,10.6,normal
1697517064.947,44.79,1800.0,3.5,10.6,normal
1697517065.449,46.251,1800.0,3.0,10.6,normal
1697517065.952,44.79,1800.0,2.5,10.6,normal
1697517066.454,45.764,1800.0,3.5,10.6,normal
1697517066.957,45.277,1800.0,4.0,10.6,normal
1697517067.459,45.764,1800.0,2.5,10.7,normal
1697517067.965,45.764,600.0,3.0,10.7,normal
1697517068.47,45.277,600.0,4.4,10.7,normal
1697517068.973,47.712,1800.0,17.6,10.3,normal
1697517069.476,47.225,1800.0,37.8,10.7,normal
1697517069.979,45.764,1800.0,4.0,10.7,normal
1697517070.481,46.251,1800.0,3.0,10.7,normal
1697517070.984,45.764,1800.0,3.0,10.7,normal
1697517071.486,45.764,1800.0,4.0,10.7,normal
1697517071.989,45.764,1800.0,3.5,10.7,normal
1697517072.491,46.251,1800.0,3.0,10.7,normal
1697517072.994,44.79,1800.0,3.0,10.7,normal
1697517073.496,45.764,1800.0,3.5,10.7,normal
1697517074.002,45.277,600.0,3.5,10.7,normal
1697517074.508,45.277,600.0,5.9,10.7,normal
1697517075.012,45.277,1100.0,11.9,9.8,normal
1697517075.515,46.738,1800.0,28.5,10.5,normal
1697517076.018,46.251,1800.0,19.5,10.6,normal
1697517076.521,45.277,1800.0,2.5,10.6,normal
1697517077.023,45.764,1800.0,4.0,10.6,normal
1697517077.526,46.251,1800.0,3.5,10.6,normal
1697517078.028,45.764,1800.0,3.0,10.6,normal
1697517078.531,46.251,1800.0,3.5,10.6,normal
1697517079.033,45.764,1800.0,3.5,10.6,normal
1697517079.536,46.738,1800.0,4.5,10.6,normal
1697517080.039,44.79,1800.0,3.5,10.6,normal
1697517080.544,45.764,600.0,4.0,10.6,normal
1697517081.05,44.79,600.0,4.0,10.6,normal
1697517081.554,46.251,1800.0,27.4,10.4,normal
1697517082.057,46.251,1800.0,27.1,10.6,normal
1697517082.559,45.764,1800.0,2.5,10.6,normal
1697517083.062,46.738,1800.0,3.5,10.6,normal
1697517083.564,45.764,1800.0,4.5,10.6,normal
1697517084.067,46.738,1800.0,4.0,10.6,normal
1697517084.57,45.764,1800.0,3.5,10.6,normal
1697517085.072,46.738,1800.0,4.0,10.7,normal
1697517085.575,46.251,1800.0,3.5,10.7,normal
1697517086.078,45.764,1800.0,4.0,10.7,normal
1697517086.583,46.251,800.0,3.0,10.7,normal
1697517087.09,46.251,800.0,9.8,10.6,normal
1697517087.594,45.764,1800.0,28.0,10.5,normal
1697517088.096,46.251,1800.0,23.5,10.7,normal
1697517088.599,46.738,1800.0,2.5,10.7,normal
1697517089.102,46.738,1800.0,4.0,10.7,normal
1697517089.604,45.764,1800.0,3.5,10.7,normal
1697517090.107,45.764,1800.0,3.5,10.7,normal
1697517090.61,46.251,1800.0,3.5,10.7,normal
1697517091.112,45.277,1800.0,3.0,10.7,normal
1697517091.615,45.277,1800.0,3.5,10.7,normal
1697517092.12,45.764,700.0,3.5,10.7,normal
1697517092.624,46.251,800.0,4.9,10.7,normal
1697517093.129,45.764,800.0,3.5,10.7,normal
1697517093.631,46.251,1800.0,24.9,10.4,normal
1697517094.134,46.251,1800.0,29.9,10.7,normal
1697517094.637,46.251,1800.0,4.5,10.7,normal
1697517095.139,46.738,1800.0,3.0,10.7,normal
1697517095.642,46.738,1800.0,3.5,10.7,normal
1697517096.144,45.764,1800.0,4.0,10.7,normal
1697517096.647,45.764,1800.0,3.0,10.7,normal
1697517097.149,46.738,1800.0,3.9,10.7,normal
1697517097.652,45.764,1800.0,3.0,10.7,normal
1697517098.154,46.251,1800.0,4.0,10.7,normal
1697517098.658,45.764,900.0,4.4,10.7,normal
1697517099.163,45.764,900.0,4.0,10.7,normal
1697517099.665,46.738,1800.0,17.6,10.3,normal
1697517100.168,47.225,1800.0,37.8,10.7,normal
1697517100.671,45.764,1800.0,3.5,10.7,normal
1697517101.173,45.764,1800.0,3.5,10.7,normal
1697517101.676,46.738,1800.0,3.5,10.7,normal
1697517102.178,45.764,1800.0,3.5,10.7,normal
1697517102.681,46.251,1800.0,3.0,10.7,normal
1697517103.183,46.738,1800.0,3.5,10.6,normal
1697517103.686,46.738,1800.0,3.0,10.6,normal
1697517104.188,46.251,1800.0,1.5,10.7,normal
1697517104.692,44.79,900.0,6.0,10.7,normal
1697517105.198,45.277,600.0,1.0,10.7,normal
1697517105.701,46.251,1800.0,23.0,10.3,normal
1697517106.204,46.738,1800.0,33.8,10.7,normal
1697517106.706,47.225,1800.0,2.5,10.7,normal
1697517107.209,46.738,1800.0,1.0,10.7,normal
1697517107.711,46.251,1800.0,1.5,10.7,normal
1697517108.219,45.764,1800.0,3.0,10.6,normal
1697517108.721,46.738,1800.0,2.0,10.7,normal
1697517109.224,45.764,1800.0,5.9,10.7,normal
1697517109.727,46.251,1800.0,4.5,10.7,normal
1697517110.229,44.79,1800.0,3.0,10.7,normal
1697517110.733,46.251,900.0,4.0,10.7,normal
1697517111.237,45.277,1100.0,5.9,10.7,normal
1697517111.739,46.251,1800.0,15.4,10.2,normal
1697517112.242,46.251,1800.0,37.3,10.6,normal
1697517112.745,46.251,1800.0,5.5,10.7,normal
1697517113.247,46.251,1800.0,4.5,10.7,normal
1697517113.75,45.764,1800.0,3.0,10.7,normal
1697517114.253,46.251,1800.0,3.0,10.7,normal
1697517114.755,46.251,1800.0,4.0,10.7,normal
1697517115.258,46.251,1800.0,3.5,10.7,normal
1697517115.76,45.764,1800.0,3.0,10.7,normal
1697517116.263,46.738,1800.0,3.5,10.7,normal
1697517116.767,45.277,900.0,4.0,10.7,normal
1697517117.272,45.277,600.0,6.9,10.7,normal
1697517117.775,45.764,1800.0,9.5,9.7,normal
1697517118.279,45.764,1800.0,28.4,10.6,normal
1697517118.781,46.738,1800.0,20.1,10.7,normal
1697517119.284,45.764,1800.0,3.5,10.7,normal
1697517119.786,45.764,1800.0,4.5,10.7,normal
1697517120.289,45.764,1800.0,3.5,10.7,normal
1697517120.791,45.764,1800.0,2.5,10.7,normal
1697517121.294,45.277,1800.0,4.0,10.7,normal
1697517121.796,45.764,1800.0,4.4,10.7,normal
1697517122.299,46.251,1800.0,1.5,10.7,normal
1697517122.804,46.251,700.0,3.4,10.7,normal
1697517123.31,45.277,600.0,5.5,10.7,normal
1697517123.812,46.738,1800.0,15.5,10.1,normal
1697517124.316,46.738,1800.0,36.8,10.6,normal
1697517124.818,46.251,1800.0,7.5,10.7,normal
1697517125.321,46.251,1800.0,4.0,10.7,normal
1697517125.824,45.764,1800.0,3.0,10.7,normal
1697517126.326,46.251,1800.0,3.5,10.7,normal
1697517126.829,45.764,1800.0,3.5,10.7,normal
1697517127.331,44.79,1800.0,3.5,10.7,normal
1697517127.834,45.277,1800.0,3.5,10.7,normal
1697517128.336,45.277,1800.0,4.4,10.7,normal
1697517128.841,46.738,700.0,2.5,10.7,normal
1697517129.346,46.738,800.0,6.4,10.7,normal
1697517129.853,44.79,700.0,9.4,10.3,normal
1697517130.355,46.738,1800.0,29.0,10.5,normal
1697517130.858,46.738,1800.0,23.0,10.6,normal
1697517131.36,46.251,1800.0,3.5,10.6,normal
1697517131.863,46.738,1800.0,3.0,10.6,normal
1697517132.366,46.251,1800.0,3.5,10.6,normal
1697517132.868,45.764,1800.0,3.9,10.6,normal
1697517133.371,46.251,1800.0,3.0,10.6,normal
1697517133.873,45.277,1800.0,3.0,10.6,normal
1697517134.376,46.251,1800.0,4.5,10.7,normal
1697517134.878,46.251,1800.0,5.4,10.7,normal
1697517135.384,45.277,600.0,4.5,10.7,normal
1697517135.89,45.277,600.0,5.9,10.7,normal
1697517136.394,46.738,1800.0,23.9,10.3,normal
1697517136.897,47.712,1800.0,32.2,10.7,normal
1697517137.399,45.277,1800.0,3.9,10.7,normal
1697517137.902,45.764,1800.0,3.5,10.7,normal
1697517138.404,45.764,1800.0,2.5,10.7,normal
1697517138.907,46.251,1800.0,4.4,10.7,normal
1697517139.409,46.738,1800.0,3.0,10.7,normal
1697517139.912,46.738,1800.0,4.4,10.7,normal
1697517140.415,45.764,1800.0,3.5,10.7,normal
1697517140.917,46.251,1800.0,3.0,10.7,normal
1697517141.423,46.738,600.0,4.0,10.7,normal
1697517141.928,46.251,600.0,5.4,10.7,normal
1697517142.432,46.251,1800.0,27.0,10.4,normal
1697517142.934,47.225,1800.0,27.4,10.6,normal
1697517143.437,46.738,1800.0,2.5,10.6,normal
1697517143.939,45.764,1800.0,2.5,10.6,normal
1697517144.442,46.738,1800.0,3.4,10.6,normal
1697517144.944,47.225,1800.0,4.0,10.6,normal
1697517145.447,46.738,1800.0,3.0,10.7,normal
1697517145.949,45.764,1800.0,2.0,10.7,normal
1697517146.452,45.764,1800.0,2.0,10.7,normal
1697517146.955,46.738,1800.0,2.5,10.7,normal
1697517147.457,45.764,1800.0,5.4,10.7,normal
1697517147.96,45.764,1800.0,5.5,9.6,normal
1697517148.464,47.225,1800.0,28.2,10.5,normal
1697517148.967,46.738,1800.0,18.7,10.6,normal
1697517149.469,46.251,1800.0,4.0,10.6,normal
1697517149.972,46.251,1800.0,4.9,10.6,normal
1697517150.474,46.251,1800.0,3.0,10.6,normal
1697517150.977,47.225,1800.0,3.5,10.6,normal
1697517151.479,46.738,1800.0,4.0,10.7,normal
1697517151.982,45.277,1800.0,3.5,10.7,normal
1697517152.487,46.251,600.0,3.4,10.7,normal
1697517152.993,46.738,600.0,5.0,10.7,normal
1697517153.499,45.764,600.0,5.0,10.7,normal
1697517154.004,45.277,600.0,4.5,10.7,normal
1697517154.508,46.251,1800.0,29.6,10.4,normal
1697517155.01,45.764,1800.0,29.0,10.6,normal
1697517155.513,46.251,1800.0,3.0,10.6,normal
1697517156.015,45.764,1800.0,3.5,10.6,normal
1697517156.518,46.738,1800.0,3.0,10.7,normal
1697517157.021,45.277,1800.0,3.9,10.7,normal
1697517157.523,45.764,1800.0,3.5,10.7,normal
1697517158.026,45.764,1800.0,3.5,10.7,normal
1697517158.528,45.764,1800.0,3.0,10.7,normal
1697517159.031,45.277,1800.0,3.0,10.7,normal
1697517159.536,46.251,600.0,5.9,10.7,normal
1697517160.042,46.251,600.0,3.9,10.7,normal
1697517160.545,45.277,1800.0,19.9,10.3,normal
1697517161.048,46.251,1800.0,35.5,10.7,normal
1697517161.55,45.764,1800.0,5.0,10.7,normal
1697517162.053,46.738,1800.0,3.5,10.7,normal
1697517162.555,45.277,1800.0,3.5,10.7,normal
1697517163.058,44.79,1800.0,3.5,10.7,normal
1697517163.56,45.277,1800.0,4.0,10.7,normal
1697517164.063,45.764,1800.0,3.0,10.7,normal
1697517164.566,46.251,1800.0,4.5,10.7,normal
1697517165.068,46.251,1800.0,3.5,10.7,normal
1697517165.574,45.764,600.0,2.5,10.7,normal
1697517166.079,45.764,600.0,6.3,10.7,normal
1697517166.583,45.764,1800.0,11.6,10.0,normal
1697517167.087,46.738,1800.0,32.8,10.6,normal
1697517167.59,45.764,1800.0,12.5,10.7,normal
1697517168.092,46.738,1800.0,1.5,10.7,normal
1697517168.595,46.251,1800.0,2.5,10.7,normal
1697517169.098,46.738,1800.0,5.4,10.7,normal
1697517169.6,46.251,1800.0,4.5,10.7,normal
1697517170.103,46.251,1800.0,3.9,10.7,normal
1697517170.606,46.738,1800.0,3.0,10.7,normal
1697517171.108,46.738,1800.0,2.5,10.7,normal
1697517171.613,46.251,700.0,5.9,10.7,normal
1697517172.118,46.251,700.0,4.9,10.7,normal
1697517172.621,47.712,1800.0,15.6,10.2,normal
1697517173.124,47.225,1800.0,38.6,10.7,normal
1697517173.627,46.738,1800.0,4.5,10.7,normal
1697517174.129,45.277,1800.0,3.0,10.7,normal
1697517174.632,45.764,1800.0,4.0,10.7,normal
1697517175.134,46.251,1800.0,4.0,10.7,normal
1697517175.637,47.225,1800.0,3.0,10.7,normal
1697517176.139,46.251,1800.0,3.5,10.7,normal
1697517176.642,45.764,1800.0,3.5,10.7,normal
1697517177.144,46.738,1800.0,4.0,10.7,normal
1697517177.649,46.738,800.0,4.9,10.7,normal
1697517178.153,46.251,800.0,4.0,10.7,normal
1697517178.659,46.738,1000.0,10.9,9.6,normal
1697517179.162,46.738,1800.0,29.6,10.5,normal
1697517179.665,46.738,1800.0,19.1,10.6,normal
1697517180.167,45.764,1800.0,5.0,10.6,normal
1697517180.67,46.251,1800.0,3.5,10.6,normal
1697517181.173,46.251,1800.0,4.0,10.7,normal
1697517181.675,45.764,1800.0,4.0,10.7,normal
1697517182.178,45.277,1800.0,3.5,10.6,normal
1697517182.68,46.738,1800.0,3.5,10.6,normal
1697517183.183,45.764,1800.0,3.5,10.7,normal
1697517183.687,46.738,800.0,3.5,10.6,normal
1697517184.191,45.764,1000.0,5.0,10.6,normal
1697517184.694,45.277,1800.0,16.3,10.2,normal
1697517185.197,47.225,1800.0,37.3,10.6,normal
1697517185.7,46.738,1800.0,5.5,10.7,normal
1697517186.202,46.251,1800.0,2.5,10.7,normal
1697517186.705,46.251,1800.0,3.5,10.7,normal
1697517187.207,45.764,1800.0,2.5,10.7,normal
1697517187.71,45.764,1800.0,4.0,10.7,normal
1697517188.212,46.251,1800.0,3.5,10.7,normal
1697517188.715,45.764,1800.0,3.0,10.7,normal
1697517189.218,45.277,1800.0,2.0,10.7,normal
1697517189.721,46.738,1200.0,6.0,10.7,normal
1697517190.225,45.277,800.0,3.5,10.7,normal
1697517190.729,45.277,1100.0,8.5,9.7,normal
1697517191.233,46.738,1800.0,28.7,10.6,normal
1697517191.735,47.225,1800.0,21.1,10.7,normal
1697517192.238,45.764,1800.0,3.5,10.7,normal
1697517192.741,44.79,1800.0,4.0,10.7,normal
1697517193.243,45.764,1800.0,2.5,10.7,normal
1697517193.746,46.738,1800.0,4.0,10.7,normal
1697517194.248,46.251,1800.0,4.0,10.6,normal
1697517194.751,45.277,1800.0,5.0,10.7,normal
1697517195.253,45.764,1800.0,4.0,10.6,normal
1697517195.756,45.277,1800.0,4.0,10.6,normal
1697517196.26,45.764,800.0,5.0,10.7,normal
1697517196.765,45.277,900.0,4.9,10.6,normal
1697517197.268,46.251,1800.0,26.5,10.5,normal
1697517197.771,46.251,1800.0,26.5,10.7,normal
1697517198.274,46.251,1800.0,4.0,10.7,normal
1697517198.776,46.738,1800.0,3.0,10.7,normal
1697517199.279,46.251,1800.0,3.5,10.7,normal
1697517199.781,46.738,1800.0,4.0,10.7,normal
1697517200.284,46.738,1800.0,4.0,10.7,normal
1697517200.787,46.251,1800.0,4.4,10.7,normal
1697517201.289,46.251,1800.0,3.0,10.7,normal
1697517201.792,46.251,1800.0,2.5,10.7,normal
1697517202.297,46.251,600.0,3.9,10.7,normal
1697517202.802,45.764,800.0,6.9,10.7,normal
1697517203.305,45.764,1800.0,20.9,10.3,normal
1697517203.807,46.251,1800.0,33.7,10.7,normal
1697517204.31,47.225,1800.0,4.0,10.7,normal
1697517204.813,47.225,1800.0,5.0,10.7,normal
1697517205.315,46.738,1800.0,3.0,10.7,normal
1697517205.818,46.738,1800.0,4.0,10.7,normal
1697517206.32,45.764,1800.0,3.0,10.7,normal
1697517206.823,46.251,1800.0,3.5,10.7,normal
1697517207.325,45.764,1800.0,3.5,10.7,normal
1697517207.828,46.251,1800.0,3.5,10.7,normal
1697517208.333,46.251,600.0,5.4,10.7,normal
1697517208.839,45.764,600.0,4.0,10.7,normal
1697517209.342,46.738,1800.0,15.5,10.2,normal
1697517209.845,47.225,1800.0,37.7,10.7,normal
1697517210.348,47.225,1800.0,6.5,10.7,normal
1697517210.85,45.764,1800.0,3.5,10.7,normal
1697517211.353,46.251,1800.0,4.0,10.7,normal
1697517211.855,46.251,1800.0,2.5,10.7,normal
1697517212.358,46.251,1800.0,3.0,10.7,normal
1697517212.86,46.251,1800.0,2.5,10.7,normal
1697517213.363,45.764,1800.0,5.4,10.7,normal
1697517213.866,46.251,1800.0,3.0,10.7,normal
1697517214.372,45.277,600.0,3.0,10.7,normal
1697517214.883,45.764,600.0,5.4,10.7,normal
1697517215.39,46.251,600.0,10.3,10.5,normal
1697517215.894,46.738,1800.0,27.9,10.5,normal
1697517216.397,46.251,1800.0,21.6,10.6,normal
1697517216.9,45.764,1800.0,3.5,10.6,normal
1697517217.403,45.277,1800.0,3.0,10.6,normal
1697517217.905,46.251,1800.0,4.0,10.6,normal
1697517218.408,45.277,1800.0,3.0,10.7,normal
1697517218.91,46.251,1800.0,3.5,10.7,normal
1697517219.413,45.277,1800.0,2.5,10.7,normal
1697517219.919,45.764,1800.0,4.9,10.7,normal
1697517220.422,45.764,1800.0,3.0,10.7,normal
1697517220.927,46.738,600.0,4.4,10.7,normal
1697517221.433,46.251,600.0,4.5,10.7,normal
1697517221.937,47.225,1800.0,26.5,10.4,normal
1697517222.439,45.764,1800.0,28.4,10.7,normal
1697517222.942,46.251,1800.0,4.4,10.7,normal
1697517223.445,45.764,1800.0,2.5,10.7,normal
1697517223.947,46.251,1800.0,4.0,10.7,normal
1697517224.45,46.738,1800.0,3.9,10.7,normal
1697517224.952,47.225,1800.0,4.0,10.7,normal
1697517225.455,45.764,1800.0,3.5,10.7,normal
1697517225.957,46.738,1800.0,4.0,10.7,normal
1697517226.46,45.764,1800.0,1.0,10.7,normal
1697517226.964,46.251,800.0,4.0,10.7,normal
1697517227.469,45.764,800.0,3.5,10.7,normal
1697517227.972,46.738,1800.0,19.4,10.3,normal
1697517228.474,45.764,1800.0,34.8,10.7,normal
1697517228.977,45.764,1800.0,3.5,10.7,normal
1697517229.48,46.251,1800.0,1.0,10.7,normal
1697517229.982,45.277,1800.0,3.9,10.7,normal
1697517230.485,46.251,1800.0,4.0,10.7,normal
1697517230.987,46.738,1800.0,2.5,10.7,normal
1697517231.49,45.764,1800.0,2.5,10.7,normal
1697517231.992,46.251,1800.0,3.0,10.7,normal
1697517232.495,46.251,1800.0,3.5,10.7,normal
1697517233.0,44.79,600.0,3.0,10.7,normal
1697517233.506,45.764,600.0,4.0,10.7,normal
1697517234.009,47.225,1800.0,22.5,10.3,normal
1697517234.512,46.251,1800.0,31.5,10.6,normal
1697517235.015,46.251,1800.0,3.5,10.6,normal
1697517235.517,46.251,1800.0,3.5,10.6,normal
1697517236.02,46.251,1800.0,3.0,10.6,normal
1697517236.522,46.738,1800.0,4.0,10.6,normal
1697517237.025,45.764,1800.0,4.5,10.6,normal
1697517237.527,46.251,1800.0,3.5,10.6,normal
1697517238.03,45.764,1800.0,3.5,10.6,normal
1697517238.532,45.764,1800.0,4.0,10.7,normal
1697517239.038,46.251,600.0,4.4,10.6,normal
1697517239.544,45.277,600.0,5.0,10.7,normal
1697517240.047,46.738,1800.0,17.3,10.2,normal
1697517240.55,46.251,1800.0,37.6,10.6,normal
1697517241.052,47.225,1800.0,5.9,10.6,normal
1697517241.555,46.251,1800.0,3.0,10.6,normal
1697517242.058,47.225,1800.0,3.5,10.6,normal
1697517242.56,46.738,1800.0,4.0,10.6,normal
1697517243.063,45.764,1800.0,3.5,10.6,normal
1697517243.566,45.277,1800.0,4.5,10.6,normal
1697517244.069,46.251,1800.0,3.5,10.6,normal
1697517244.572,46.251,1800.0,5.9,10.6,normal
1697517245.077,45.764,600.0,2.5,10.6,normal
1697517245.584,45.764,600.0,6.9,10.6,normal
1697517246.087,45.764,1800.0,9.9,9.6,normal
1697517246.59,47.225,1800.0,29.0,10.5,normal
1697517247.093,47.225,1800.0,20.1,10.7,normal
1697517247.596,45.764,1800.0,5.0,10.7,normal
1697517248.098,47.225,1800.0,3.0,10.7,normal
1697517248.601,46.251,1800.0,3.5,10.7,normal
1697517249.104,46.251,1800.0,3.5,10.7,normal
1697517249.606,46.251,1800.0,5.4,10.7,normal
1697517250.109,45.277,1800.0,2.5,10.7,normal
1697517250.612,46.251,1800.0,2.5,10.7,normal
1697517251.116,46.251,700.0,3.5,10.7,normal
1697517251.622,46.251,600.0,3.9,10.7,normal
1697517252.125,45.764,1800.0,15.4,10.1,normal
1697517252.629,46.251,1800.0,36.5,10.6,normal
1697517253.131,46.251,1800.0,9.5,10.6,normal
1697517253.634,45.764,1800.0,4.5,10.6,normal
1697517254.136,45.764,1800.0,3.0,10.6,normal
1697517254.639,46.738,1800.0,5.0,10.6,normal
1697517255.142,45.764,1800.0,3.0,10.6,normal
1697517255.644,45.764,1800.0,5.0,10.6,normal
1697517256.147,46.738,1800.0,4.5,10.6,normal
1697517256.649,46.251,1800.0,3.0,10.6,normal
1697517257.154,46.251,775.0,5.0,10.6,normal
1697517257.658,45.764,800.0,5.4,10.6,normal
1697517258.161,45.277,1800.0,17.9,10.2,normal
1697517258.664,47.225,1800.0,37.5,10.6,normal
1697517259.167,46.738,1800.0,4.0,10.6,normal
1697517259.669,45.764,1800.0,4.5,10.6,normal
1697517260.172,46.251,1800.0,4.0,10.6,normal
1697517260.674,46.251,1800.0,3.0,10.6,normal
1697517261.177,46.251,1800.0,3.0,10.6,normal
1697517261.679,46.738,1800.0,4.5,10.6,normal
1697517262.182,45.277,1800.0,3.5,10.6,normal
1697517262.684,46.251,1800.0,4.0,10.6,normal
1697517263.188,45.277,900.0,4.5,10.6,normal
1697517263.692,45.277,1000.0,4.5,10.6,normal
1697517264.195,46.738,1800.0,22.3,10.4,normal
1697517264.698,47.225,1800.0,33.7,10.7,normal
1697517265.201,46.251,1800.0,3.0,10.7,normal
1697517265.703,46.738,1800.0,5.0,10.7,normal
1697517266.206,46.251,1800.0,3.0,10.7,normal
1697517266.708,45.764,1800.0,4.0,10.7,normal
1697517267.211,46.251,1800.0,4.0,10.7,normal
1697517267.713,46.738,1800.0,4.0,10.7,normal
1697517268.216,46.251,1800.0,3.5,10.7,normal
1697517268.719,45.277,1800.0,3.5,10.7,normal
1697517269.223,45.764,1000.0,4.0,10.7,normal
1697517269.729,45.764,600.0,4.4,10.7,normal
1697517270.232,47.225,1800.0,28.9,10.5,normal
1697517270.735,47.225,1800.0,28.5,10.7,normal
1697517271.237,46.251,1800.0,3.5,10.7,normal
1697517271.74,46.251,1800.0,3.5,10.7,normal
1697517272.243,46.251,1800.0,3.0,10.7,normal
1697517272.745,46.738,1800.0,3.5,10.7,normal
1697517273.248,46.251,1800.0,2.5,10.7,normal
1697517273.75,45.277,1800.0,2.0,10.7,normal
1697517274.253,46.251,1800.0,3.0,10.7,normal
1697517274.755,46.251,1800.0,4.0,10.7,normal
1697517275.259,45.764,1100.0,5.0,10.7,normal
1697517275.763,46.251,900.0,4.5,10.7,normal
1697517276.266,45.764,1800.0,19.4,10.3,normal
1697517276.768,47.225,1800.0,37.1,10.7,normal
1697517277.271,46.251,1800.0,3.5,10.7,normal
1697517277.773,45.764,1800.0,3.0,10.7,normal
1697517278.276,46.251,1800.0,4.0,10.7,normal
1697517278.779,45.764,1800.0,3.0,10.7,normal
1697517279.281,46.738,1800.0,3.5,10.7,normal
1697517279.783,45.764,1800.0,4.0,10.7,normal
1697517280.286,46.738,1800.0,4.5,10.7,normal
1697517280.788,46.251,1800.0,3.0,10.7,normal
1697517281.293,45.764,800.0,3.5,10.7,normal
1697517281.796,45.764,1000.0,5.5,10.7,normal
1697517282.3,46.251,1800.0,23.5,10.4,normal
1697517282.802,46.738,1800.0,31.8,10.7,normal
1697517283.305,46.251,1800.0,3.5,10.7,normal
1697517283.807,45.277,1800.0,4.0,10.7,normal
1697517284.31,46.251,1800.0,4.0,10.7,normal
1697517284.812,46.251,1800.0,4.0,10.7,normal
1697517285.315,46.738,1800.0,4.0,10.7,normal
1697517285.818,46.251,1800.0,1.5,10.7,normal
1697517286.32,46.738,1800.0,2.5,10.7,normal
1697517286.823,45.764,1800.0,2.0,10.7,normal
1697517287.329,45.764,600.0,3.0,10.7,normal
1697517287.834,46.251,600.0,3.5,10.7,normal
1697517288.337,45.764,1800.0,16.5,10.3,normal
1697517288.839,46.251,1800.0,40.0,10.6,normal
1697517289.342,46.251,1800.0,0.5,10.7,normal
1697517289.845,44.79,1800.0,1.0,10.7,normal
1697517290.347,46.251,1800.0,0.5,10.7,normal
1697517290.85,46.738,1800.0,4.0,10.7,normal
1697517291.352,46.251,1800.0,5.0,10.7,normal
1697517291.855,46.738,1800.0,3.5,10.7,normal
1697517292.357,45.277,1800.0,3.5,10.7,normal
1697517292.86,47.225,1800.0,3.0,10.7,normal
1697517293.365,45.277,600.0,4.5,10.7,normal
1697517293.871,45.764,600.0,4.9,10.7,normal
1697517294.374,46.738,1800.0,22.9,10.4,normal
1697517294.876,46.738,1800.0,33.7,10.7,normal
1697517295.379,46.251,1800.0,4.9,10.7,normal
1697517295.881,45.764,1800.0,3.5,10.7,normal
1697517296.384,46.738,1800.0,3.0,10.7,normal
1697517296.887,46.738,1800.0,3.5,10.7,normal
1697517297.389,46.251,1800.0,3.5,10.7,normal
1697517297.892,47.225,1800.0,2.0,10.7,normal
1697517298.394,46.738,1800.0,4.5,10.7,normal
1697517298.897,46.251,1800.0,4.5,10.7,normal
1697517299.402,46.251,600.0,4.4,10.7,normal
1697517299.905,45.764,1800.0,23.0,10.7,normal
1697517300.408,46.738,1800.0,12.9,10.2,normal
1697517300.911,47.225,1800.0,37.0,10.6,normal
1697517301.413,47.225,1800.0,5.5,10.7,normal
1697517301.916,46.738,1800.0,4.5,10.7,normal
1697517302.418,47.225,1800.0,3.0,10.7,normal
1697517302.921,45.277,1800.0,2.5,10.7,normal
1697517303.423,45.764,1800.0,4.0,10.7,normal
1697517303.927,46.738,1800.0,3.5,10.7,normal
1697517304.43,45.764,1800.0,3.0,10.7,normal
1697517304.936,46.251,600.0,4.4,10.7,normal
1697517305.442,45.764,600.0,5.4,10.7,normal
1697517305.949,46.251,600.0,4.9,10.7,normal
1697517306.452,47.225,1800.0,21.5,10.3,normal
1697517306.955,48.199,1800.0,33.0,10.7,normal
1697517307.457,46.738,1800.0,4.5,10.7,normal
1697517307.96,45.277,1800.0,4.0,10.7,normal
1697517308.463,46.738,1800.0,3.0,10.7,normal
1697517308.965,45.764,1800.0,2.5,10.7,normal
1697517309.468,46.251,1800.0,4.5,10.8,normal
1697517309.97,46.251,1800.0,3.5,10.7,normal
1697517310.473,45.277,1800.0,3.5,10.8,normal
1697517310.975,47.225,1800.0,3.0,10.7,normal
1697517311.481,45.764,600.0,4.0,10.7,normal
1697517311.987,46.251,600.0,3.9,10.8,normal
1697517312.49,45.764,1800.0,15.9,10.1,normal
1697517312.992,47.712,1800.0,37.8,10.6,normal
1697517313.495,46.251,1800.0,6.0,10.7,normal
1697517313.997,45.764,1800.0,3.5,10.7,normal
1697517314.5,46.251,1800.0,3.5,10.7,normal
1697517315.003,46.251,1800.0,3.9,10.7,normal
1697517315.505,46.738,1800.0,2.0,10.7,normal
1697517316.008,45.764,1800.0,3.5,10.7,normal
1697517316.51,46.251,1800.0,2.0,10.7,normal
1697517317.013,46.251,1800.0,3.0,10.7,normal
1697517317.518,46.251,600.0,3.5,10.7,normal
1697517318.024,45.764,600.0,4.9,10.7,normal
1697517318.527,45.764,1800.0,8.0,9.7,normal
1697517319.03,46.738,1800.0,29.2,10.6,normal
1697517319.533,45.277,1800.0,22.0,10.7,normal
1697517320.035,45.764,1800.0,3.5,10.7,normal
1697517320.538,46.251,1800.0,3.5,10.7,normal
1697517321.04,45.277,1800.0,3.5,10.7,normal
1697517321.543,46.251,1800.0,3.0,10.7,normal
1697517322.046,46.251,1800.0,4.5,10.7,normal
1697517322.548,45.764,1800.0,3.0,10.7,normal
1697517323.051,45.764,1800.0,4.0,10.7,normal
1697517323.556,45.277,700.0,3.5,10.7,normal
1697517324.063,45.277,600.0,4.9,10.7,normal
1697517324.57,45.764,600.0,6.4,10.7,normal
1697517325.076,46.738,1800.0,29.1,10.5,normal
1697517325.578,46.251,1800.0,26.6,10.7,normal
1697517326.081,47.225,1800.0,4.0,10.7,normal
1697517326.583,46.738,1800.0,3.5,10.7,normal
1697517327.086,46.251,1800.0,4.0,10.7,normal
1697517327.589,46.251,1800.0,3.0,10.7,normal
1697517328.091,46.251,1800.0,3.5,10.7,normal
1697517328.594,46.251,1800.0,4.0,10.7,normal
1697517329.096,45.764,1800.0,4.5,10.7,normal
1697517329.599,46.251,1800.0,3.0,10.7,normal
1697517330.105,45.277,600.0,5.0,10.7,normal
1697517330.609,45.277,900.0,5.9,10.7,normal
1697517331.112,45.277,1800.0,21.9,10.3,normal
1697517331.615,46.738,1800.0,33.3,10.7,normal
1697517332.117,46.251,1800.0,3.5,10.7,normal
1697517332.62,46.738,1800.0,4.5,10.7,normal
1697517333.123,46.251,1800.0,3.5,10.7,normal
1697517333.625,45.764,1800.0,3.5,10.7,normal
1697517334.128,46.251,1800.0,2.5,10.7,normal
1697517334.63,45.764,1800.0,5.9,10.7,normal
1697517335.133,46.738,1800.0,3.0,10.7,normal
1697517335.635,47.225,1800.0,4.5,10.7,normal
1697517336.141,46.251,600.0,4.9,10.7,normal
1697517336.645,45.277,800.0,4.5,10.7,normal
1697517337.147,46.738,1800.0,14.5,10.1,normal
1697517337.65,47.225,1800.0,37.4,10.6,normal
1697517338.153,45.764,1800.0,7.0,10.7,normal
1697517338.656,46.738,1800.0,4.0,10.7,normal
1697517339.158,45.764,1800.0,3.5,10.7,normal
1697517339.661,45.764,1800.0,4.5,10.7,normal
1697517340.163,45.764,1800.0,3.5,10.7,normal
1697517340.666,45.277,1800.0,3.5,10.7,normal
1697517341.168,46.251,1800.0,4.0,10.7,normal
1697517341.671,45.764,1800.0,3.5,10.7,normal
1697517342.176,46.251,700.0,3.5,10.7,normal
1697517342.68,45.764,900.0,5.4,10.7,normal
1697517343.185,45.764,900.0,6.0,10.6,normal
1697517343.687,45.764,1800.0,30.3,10.5,normal
1697517344.19,45.764,1800.0,24.5,10.6,normal
1697517344.693,45.764,1800.0,4.5,10.6,normal
1697517345.195,45.764,1800.0,2.5,10.6,normal
1697517345.698,47.712,1800.0,4.5,10.6,normal
1697517346.2,46.251,1800.0,3.0,10.6,normal
1697517346.708,45.764,1800.0,2.0,10.6,normal
1697517347.21,46.251,1800.0,3.0,10.7,normal
1697517347.713,46.251,1800.0,2.0,10.7,normal
1697517348.215,45.764,1800.0,3.5,10.7,normal
1697517348.719,46.251,900.0,5.0,10.7,normal
1697517349.223,45.764,900.0,5.0,10.7,normal
1697517349.726,46.738,1800.0,24.0,10.3,normal
1697517350.229,46.251,1800.0,32.0,10.7,normal
1697517350.732,46.251,1800.0,3.5,10.7,normal
1697517351.234,47.225,1800.0,2.5,10.7,normal
1697517351.737,45.764,1800.0,4.0,10.7,normal
1697517352.239,45.764,1800.0,3.0,10.7,normal
1697517352.742,46.251,1800.0,2.5,10.7,normal
1697517353.244,45.277,1800.0,3.5,10.7,normal
1697517353.747,47.225,1800.0,4.0,10.7,normal
1697517354.25,45.764,1800.0,3.0,10.7,normal
1697517354.754,46.251,700.0,5.9,10.7,normal
1697517355.259,46.251,800.0,4.5,10.7,normal
1697517355.762,45.277,1800.0,15.1,10.2,normal
1697517356.265,47.225,1800.0,37.3,10.6,normal
1697517356.767,46.738,1800.0,5.5,10.7,normal
1697517357.27,45.764,1800.0,2.5,10.7,normal
1697517357.773,46.251,1800.0,4.0,10.7,normal
1697517358.275,45.764,1800.0,3.0,10.7,normal
1697517358.778,46.251,1800.0,2.5,10.7,normal
1697517359.28,46.251,1800.0,3.0,10.7,normal
1697517359.783,45.764,1800.0,5.4,10.7,normal
1697517360.285,46.251,1800.0,3.5,10.7,normal
1697517360.79,45.277,700.0,3.9,10.7,normal
1697517361.295,46.251,800.0,5.0,10.7,normal
1697517361.797,45.764,1800.0,19.1,10.2,normal
1697517362.3,47.225,1800.0,37.3,10.7,normal
1697517362.803,46.251,1800.0,3.5,10.7,normal
1697517363.305,46.251,1800.0,3.0,10.7,normal
1697517363.808,45.764,1800.0,3.0,10.7,normal
1697517364.31,46.251,1800.0,4.0,10.7,normal
1697517364.813,47.225,1800.0,4.0,10.7,normal
1697517365.315,45.764,1800.0,3.5,10.7,normal
1697517365.818,46.251,1800.0,3.0,10.7,normal
1697517366.32,44.79,1800.0,2.5,10.7,normal
1697517366.825,46.251,800.0,5.9,10.7,normal
1697517367.329,46.251,800.0,4.0,10.7,normal
1697517367.832,45.764,1800.0,10.5,9.7,normal
1697517368.336,46.738,1800.0,32.2,10.5,normal
1697517368.839,46.251,1800.0,16.1,10.6,normal
1697517369.341,46.738,1800.0,3.5,10.7,normal
1697517369.844,46.251,1800.0,3.5,10.7,normal
1697517370.346,46.251,1800.0,3.0,10.7,normal
1697517370.849,46.251,1800.0,4.4,10.7,normal
1697517371.351,46.251,1800.0,3.0,10.7,normal
1697517371.854,46.738,1800.0,3.5,10.7,normal
1697517372.356,47.225,1800.0,3.0,10.7,normal
1697517372.861,46.251,700.0,4.5,10.7,normal
1697517373.366,45.764,700.0,6.4,10.7,normal
1697517373.871,46.251,600.0,4.9,10.6,normal
1697517374.375,46.251,1800.0,27.6,10.6,normal
1697517374.877,46.251,1800.0,27.0,10.7,normal
1697517375.38,45.764,1800.0,3.5,10.7,normal
1697517375.883,46.738,1800.0,3.5,10.7,normal
1697517376.385,46.738,1800.0,3.0,10.7,normal
1697517376.888,46.251,1800.0,4.0,10.7,normal
1697517377.39,46.738,1800.0,3.0,10.7,normal
1697517377.893,45.277,1800.0,2.5,10.7,normal
1697517378.395,46.251,1800.0,3.5,10.7,normal
1697517378.898,46.251,1800.0,4.0,10.7,normal
1697517379.402,46.251,900.0,5.0,10.7,normal
1697517379.908,44.79,1200.0,11.3,10.6,normal
1697517380.411,47.225,1800.0,28.9,10.5,normal
1697517380.913,46.738,1800.0,22.9,10.7,normal
1697517381.416,46.251,1800.0,3.5,10.7,normal
1697517381.919,46.738,1800.0,3.0,10.7,normal
1697517382.421,45.277,1800.0,3.0,10.7,normal
1697517382.924,45.764,1800.0,4.0,10.7,normal
1697517383.426,46.251,1800.0,4.0,10.7,normal
1697517383.929,46.738,1800.0,3.0,10.7,normal
1697517384.431,46.738,1800.0,3.0,10.7,normal
1697517384.936,47.225,700.0,4.0,10.7,normal
1697517385.442,46.251,600.0,5.0,10.7,normal
1697517385.947,46.251,600.0,4.9,10.7,normal
1697517386.452,45.764,1800.0,25.9,10.4,normal
1697517386.954,45.764,1800.0,27.1,10.7,normal
1697517387.457,46.251,1800.0,4.0,10.7,normal
1697517387.959,45.277,1800.0,3.0,10.7,normal
1697517388.462,45.764,1800.0,4.5,10.7,normal
1697517388.964,46.738,1800.0,2.5,10.7,normal
1697517389.467,45.764,1800.0,4.9,10.7,normal
1697517389.97,46.251,1800.0,4.5,10.7,normal
1697517390.472,46.738,1800.0,3.5,10.7,normal
1697517390.975,46.251,1800.0,3.5,10.7,normal
1697517391.482,46.251,600.0,4.9,10.7,normal
1697517391.988,45.764,600.0,7.5,10.5,normal
1697517392.491,45.764,1800.0,29.7,10.4,normal
1697517392.994,46.251,1800.0,22.6,10.6,normal
1697517393.497,46.738,1800.0,4.0,10.6,normal
1697517393.999,46.251,1800.0,2.5,10.6,normal
1697517394.502,45.764,1800.0,3.9,10.6,normal
1697517395.004,46.738,1800.0,4.0,10.6,normal
1697517395.507,45.764,1800.0,4.0,10.6,normal
1697517396.01,46.738,1800.0,3.0,10.6,normal
1697517396.512,46.738,1800.0,3.5,10.6,normal
1697517397.015,45.277,1800.0,3.5,10.6,normal
1697517397.521,45.764,600.0,6.4,10.6,normal
1697517398.025,46.738,1800.0,11.9,9.9,normal
1697517398.528,48.199,1800.0,33.0,10.5,normal
1697517399.031,46.738,1800.0,11.9,10.6,normal
1697517399.533,46.251,1800.0,4.0,10.6,normal
1697517400.036,45.277,1800.0,2.5,10.6,normal
1697517400.539,45.764,1800.0,2.5,10.6,normal
1697517401.041,47.225,1800.0,3.5,10.6,normal
1697517401.544,46.738,1800.0,2.5,10.6,normal
1697517402.046,45.277,1800.0,3.5,10.6,normal
1697517402.549,45.764,1800.0,3.5,10.6,normal
1697517403.054,45.764,700.0,3.0,10.6,normal
1697517403.556,46.251,1800.0,5.9,10.6,normal
1697517404.059,46.251,1800.0,16.9,10.3,normal
1697517404.562,46.251,1800.0,36.2,10.6,normal
1697517405.065,46.251,1800.0,3.5,10.6,normal
1697517405.567,45.764,1800.0,3.5,10.6,normal
1697517406.07,47.225,1800.0,3.0,10.6,normal
1697517406.572,45.764,1800.0,0.0,10.6,normal
1697517407.075,46.251,1800.0,3.0,10.7,normal
1697517407.577,46.738,1800.0,3.5,10.7,normal
1697517408.08,46.738,1800.0,3.5,10.7,normal
1697517408.585,45.277,600.0,0.5,10.7,normal
1697517409.092,46.251,600.0,3.5,10.6,normal
1697517409.595,45.277,1500.0,7.5,10.6,normal
1697517410.098,46.251,1800.0,14.4,10.1,normal
1697517410.601,47.712,1800.0,36.3,10.6,normal
1697517411.103,46.738,1800.0,7.0,10.7,normal
1697517411.606,45.277,1800.0,4.5,10.7,normal
1697517412.108,45.764,1800.0,3.0,10.7,normal
1697517412.611,46.251,1800.0,3.5,10.7,normal
1697517413.114,46.738,1800.0,3.5,10.7,normal
1697517413.616,46.251,1800.0,3.5,10.7,normal
1697517414.119,46.251,1800.0,4.0,10.7,normal
1697517414.624,47.225,700.0,4.4,10.7,normal
1697517415.129,45.277,600.0,5.4,10.7,normal
1697517415.634,46.251,800.0,5.9,10.7,normal
1697517416.14,45.277,600.0,6.0,10.5,normal
1697517416.643,46.251,1800.0,29.6,10.5,normal
1697517417.146,45.764,1800.0,22.6,10.6,normal
1697517417.649,45.764,1800.0,4.0,10.7,normal
1697517418.151,45.764,1800.0,3.5,10.7,normal
1697517418.654,46.738,1800.0,3.0,10.7,normal
1697517419.156,46.251,1800.0,3.0,10.7,normal
1697517419.659,46.738,1800.0,4.5,10.7,normal
1697517420.162,45.277,1800.0,4.0,10.7,normal
1697517420.664,46.251,1800.0,4.4,10.7,normal
1697517421.169,46.738,700.0,4.0,10.7,normal
1697517421.673,45.764,900.0,4.5,10.7,normal
1697517422.177,45.277,900.0,4.5,10.7,normal
1697517422.68,46.251,1800.0,25.2,10.3,normal
1697517423.183,46.251,1800.0,29.6,10.6,normal
1697517423.686,47.225,1800.0,3.5,10.6,normal
1697517424.188,46.251,1800.0,4.0,10.6,normal
1697517424.691,45.764,1800.0,4.5,10.6,normal
1697517425.193,46.251,1800.0,4.0,10.6,normal
1697517425.696,46.251,1800.0,3.5,10.6,normal
1697517426.198,46.738,1800.0,3.5,10.6,normal
1697517426.701,46.738,1800.0,3.5,10.6,normal
1697517427.204,46.738,1800.0,3.0,10.7,normal
1697517427.708,45.764,900.0,5.0,10.6,normal
1697517428.211,45.277,1000.0,5.5,10.6,normal
1697517428.715,47.712,1800.0,28.7,10.4,normal
1697517429.217,47.225,1800.0,26.6,10.6,normal
1697517429.72,45.277,1800.0,4.5,10.6,normal
1697517430.222,46.738,1800.0,3.0,10.6,normal
1697517430.725,46.251,1800.0,4.0,10.6,normal
1697517431.227,46.251,1800.0,3.0,10.6,normal
1697517431.73,46.738,1800.0,3.5,10.6,normal
1697517432.233,45.764,1800.0,2.0,10.7,normal
1697517432.735,46.738,1800.0,4.4,10.7,normal
1697517433.238,46.251,1800.0,4.0,10.7,normal
1697517433.742,46.738,900.0,5.0,10.7,normal
1697517434.246,45.277,900.0,9.0,9.6,normal
1697517434.749,46.738,1800.0,29.6,10.5,normal
1697517435.252,46.738,1800.0,22.2,10.7,normal
1697517435.755,46.738,1800.0,3.0,10.7,normal
1697517436.257,46.251,1800.0,3.0,10.7,normal
1697517436.76,46.251,1800.0,3.0,10.7,normal
1697517437.262,45.764,1800.0,4.0,10.7,normal
1697517437.765,46.738,1800.0,3.0,10.7,normal
1697517438.267,45.764,1800.0,4.0,10.7,normal
1697517438.77,45.277,1800.0,3.5,10.7,normal
1697517439.273,45.764,1800.0,4.0,10.7,normal
1697517439.778,44.79,600.0,5.9,10.7,normal
1697517440.282,46.251,1800.0,11.8,10.1,normal
1697517440.786,47.712,1800.0,32.5,10.5,normal
1697517441.288,46.251,1800.0,13.5,10.6,normal
1697517441.791,46.251,1800.0,2.5,10.6,normal
1697517442.294,46.738,1800.0,2.5,10.6,normal
1697517442.796,46.251,1800.0,2.5,10.6,normal
1697517443.299,45.277,1800.0,3.0,10.6,normal
1697517443.801,45.764,1800.0,3.5,10.6,normal
1697517444.304,45.764,1800.0,2.5,10.7,normal
1697517444.806,45.277,1800.0,5.4,10.7,normal
1697517445.311,45.764,700.0,3.5,10.7,normal
1697517445.816,46.251,800.0,4.5,10.7,normal
1697517446.319,47.225,1800.0,16.4,10.2,normal
1697517446.821,47.712,1800.0,38.2,10.6,normal
1697517447.324,46.738,1800.0,4.0,10.6,normal
1697517447.826,46.738,1800.0,5.4,10.6,normal
1697517448.329,45.764,1800.0,3.5,10.6,normal
1697517448.832,46.251,1800.0,3.0,10.6,normal
1697517449.334,46.738,1800.0,3.0,10.6,normal
1697517449.837,46.251,1800.0,4.0,10.6,normal
1697517450.339,46.251,1800.0,3.5,10.7,normal
1697517450.842,45.764,1800.0,3.0,10.7,normal
1697517451.346,45.277,800.0,3.5,10.7,normal
1697517451.851,46.251,800.0,5.9,10.7,normal
1697517452.355,45.764,1800.0,10.9,9.6,normal
1697517452.858,45.764,1800.0,28.9,10.5,normal
1697517453.361,47.712,1800.0,24.2,10.7,normal
1697517453.864,47.712,1800.0,28.7,10.8,normal
1697517454.366,47.225,1800.0,24.4,10.8,normal
1697517454.869,47.712,1800.0,5.0,10.8,normal
1697517455.371,46.738,1800.0,3.5,10.8,normal
1697517455.874,45.277,1800.0,3.0,10.8,normal
1697517456.377,47.225,1800.0,3.5,10.7,normal
1697517456.879,46.251,1800.0,3.0,10.7,normal
1697517457.383,45.764,900.0,3.5,10.7,normal
1697517457.887,46.738,900.0,5.0,10.7,normal
1697517458.392,44.79,700.0,5.0,10.7,normal
1697517458.896,46.738,1800.0,26.2,10.4,normal
1697517459.399,46.738,1800.0,28.6,10.6,normal
1697517459.901,46.738,1800.0,4.5,10.6,normal
1697517460.404,46.251,1800.0,4.5,10.7,normal
1697517460.906,46.738,1800.0,3.5,10.7,normal
1697517461.409,46.251,1800.0,3.0,10.7,normal
1697517461.911,45.764,1800.0,3.5,10.7,normal
1697517462.414,46.738,1800.0,4.0,10.7,normal
1697517462.916,46.738,1800.0,3.5,10.7,normal
1697517463.419,45.277,1800.0,3.5,10.7,normal
1697517463.925,46.251,600.0,4.5,10.7,normal
1697517464.429,45.277,800.0,5.0,10.7,normal
1697517464.932,46.738,1800.0,20.0,10.4,normal
1697517465.435,46.738,1800.0,34.2,10.7,normal
1697517465.937,46.251,1800.0,5.5,10.7,normal
1697517466.44,46.738,1800.0,1.0,10.7,normal
1697517466.943,46.251,1800.0,4.0,10.7,normal
1697517467.445,46.251,1800.0,1.5,10.7,normal
1697517467.948,46.738,1800.0,2.0,10.7,normal
1697517468.45,46.251,1800.0,0.0,10.7,normal
1697517468.953,46.738,1800.0,4.4,10.7,normal
1697517469.455,46.251,1800.0,6.0,10.7,normal
1697517469.961,45.277,600.0,4.0,10.7,normal
1697517470.467,46.251,600.0,4.9,10.7,normal
1697517470.97,46.738,1800.0,24.9,10.3,normal
1697517471.472,46.738,1800.0,30.8,10.7,normal
1697517471.975,47.712,1800.0,3.0,10.7,normal
1697517472.478,46.738,1800.0,4.0,10.6,normal
1697517472.98,46.738,1800.0,4.5,10.6,normal
1697517473.483,46.738,1800.0,4.0,10.6,normal
1697517473.985,47.225,1800.0,3.0,10.6,normal
1697517474.487,46.738,1800.0,3.0,10.6,normal
1697517474.99,45.764,1800.0,4.5,10.6,normal
1697517475.492,46.738,1800.0,3.0,10.6,normal
1697517475.998,45.764,600.0,3.5,10.6,normal
1697517476.504,45.764,600.0,4.9,10.6,normal
1697517477.007,45.764,1800.0,28.9,10.5,normal
1697517477.51,47.712,1800.0,27.1,10.7,normal
1697517478.013,46.251,1800.0,3.5,10.7,normal
1697517478.515,45.764,1800.0,3.0,10.7,normal
1697517479.018,47.225,1800.0,3.0,10.7,normal
1697517479.52,46.738,1800.0,4.5,10.7,normal
1697517480.023,45.764,1800.0,3.5,10.7,normal
1697517480.525,45.764,1800.0,2.5,10.7,normal
1697517481.028,45.764,1800.0,4.4,10.7,normal
1697517481.531,46.738,1800.0,3.5,10.7,normal
1697517482.036,45.764,600.0,3.0,10.7,normal
1697517482.542,46.251,600.0,4.4,10.7,normal
1697517483.045,46.251,1800.0,20.4,10.4,normal
1697517483.548,46.738,1800.0,33.3,10.7,normal
1697517484.05,46.251,1800.0,3.5,10.7,normal
1697517484.553,46.738,1800.0,4.0,10.7,normal
1697517485.055,45.764,1800.0,3.0,10.7,normal
1697517485.558,46.251,1800.0,3.5,10.7,normal
1697517486.06,45.277,1800.0,4.0,10.7,normal
1697517486.563,45.764,1800.0,3.0,10.7,normal
1697517487.066,45.764,1800.0,3.5,10.7,normal
1697517487.569,45.764,1800.0,5.0,10.7,normal
1697517488.075,46.251,600.0,3.9,10.7,normal
1697517488.581,45.277,600.0,5.4,10.7,normal
1697517489.083,47.712,1800.0,26.0,10.4,normal
1697517489.586,47.712,1800.0,30.7,10.7,normal
1697517490.088,47.225,1800.0,2.5,10.7,normal
1697517490.591,45.764,1800.0,5.9,10.7,normal
1697517491.094,46.251,1800.0,3.0,10.7,normal
1697517491.596,46.251,1800.0,4.0,10.7,normal
1697517492.099,46.738,1800.0,3.0,10.7,normal
1697517492.601,46.251,1800.0,3.5,10.7,normal
1697517493.104,47.712,1800.0,5.0,10.7,normal
1697517493.606,47.225,1800.0,4.0,10.7,normal
1697517494.111,46.738,750.0,3.5,10.7,normal
1697517494.617,46.251,700.0,7.4,10.7,normal
1697517495.12,47.712,1800.0,29.9,10.6,normal
1697517495.623,45.764,1800.0,24.0,10.7,normal
1697517496.125,46.738,1800.0,2.5,10.7,normal
1697517496.628,45.764,1800.0,4.0,10.7,normal
1697517497.13,46.251,1800.0,4.0,10.7,normal
1697517497.633,47.225,1800.0,3.0,10.7,normal
1697517498.135,46.738,1800.0,3.5,10.7,normal
1697517498.638,46.738,1800.0,4.0,10.7,normal
1697517499.141,48.199,1800.0,4.5,10.7,normal
1697517499.643,46.251,1800.0,4.5,10.7,normal
1697517500.148,45.764,800.0,4.5,10.7,normal
1697517500.652,45.277,1100.0,10.4,9.6,normal
1697517501.154,47.225,1800.0,29.4,10.6,normal
1697517501.657,45.764,1800.0,22.1,10.7,normal
1697517502.16,45.764,1800.0,3.0,10.7,normal
1697517502.662,46.738,1800.0,4.0,10.7,normal
1697517503.165,46.251,1800.0,3.5,10.7,normal
1697517503.667,46.738,1800.0,3.0,10.7,normal
1697517504.17,45.764,1800.0,3.0,10.7,normal
1697517504.672,46.738,1800.0,4.0,10.7,normal
1697517505.175,46.251,1800.0,4.0,10.7,normal
1697517505.678,46.251,1800.0,3.0,10.8,normal
1697517506.182,46.738,900.0,4.9,10.7,normal
1697517506.684,46.738,1800.0,12.9,10.1,normal
1697517507.188,47.225,1800.0,36.5,10.6,normal
1697517507.691,46.251,1800.0,10.4,10.6,normal
1697517508.193,45.764,1800.0,4.4,10.6,normal
1697517508.696,46.738,1800.0,3.5,10.7,normal
1697517509.198,45.764,1800.0,4.0,10.7,normal
1697517509.701,46.738,1800.0,5.0,10.7,normal
1697517510.203,46.251,1800.0,3.5,10.7,normal
1697517510.706,45.764,1800.0,3.0,10.7,normal
1697517511.209,47.712,1800.0,3.0,10.7,normal
1697517511.713,47.225,900.0,4.5,10.7,normal
1697517512.217,45.764,900.0,4.0,10.7,normal
1697517512.721,45.764,800.0,6.0,10.6,normal
1697517513.224,47.225,1800.0,27.9,10.5,normal
1697517513.727,46.738,1800.0,25.0,10.7,normal
1697517514.229,47.225,1800.0,2.5,10.7,normal
1697517514.732,46.251,1800.0,4.5,10.7,normal
1697517515.234,47.225,1800.0,3.9,10.7,normal
1697517515.737,47.225,1800.0,4.0,10.7,normal
1697517516.24,47.225,1800.0,2.5,10.7,normal
1697517516.742,46.738,1800.0,3.0,10.7,normal
1697517517.245,46.251,1800.0,3.0,10.7,normal
1697517517.747,46.738,1800.0,4.0,10.7,normal
1697517518.252,46.738,700.0,4.5,10.7,normal
1697517518.757,45.277,800.0,4.0,10.7,normal
1697517519.26,46.251,1800.0,23.8,10.3,normal
1697517519.762,46.251,1800.0,31.8,10.7,normal
1697517520.265,46.738,1800.0,4.5,10.7,normal
1697517520.767,47.225,1800.0,3.5,10.7,normal
1697517521.27,47.225,1800.0,3.5,10.7,normal
1697517521.773,46.251,1800.0,3.0,10.7,normal
1697517522.275,45.764,1800.0,3.5,10.7,normal
1697517522.778,46.251,1800.0,3.0,10.7,normal
1697517523.28,45.277,1800.0,3.5,10.7,normal
1697517523.783,46.251,1800.0,1.5,10.7,normal
1697517524.288,45.764,600.0,5.0,10.7,normal
1697517524.793,44.79,800.0,5.5,10.7,normal
1697517525.296,45.764,1800.0,15.0,10.2,normal
1697517525.799,47.712,1800.0,36.7,10.6,normal
1697517526.301,46.738,1800.0,5.5,10.6,normal
1697517526.804,46.738,1800.0,1.5,10.6,normal
1697517527.306,45.764,1800.0,1.5,10.6,normal
1697517527.809,45.277,1800.0,4.0,10.6,normal
1697517528.312,45.277,1800.0,2.0,10.7,normal
1697517528.814,46.251,1800.0,4.0,10.7,normal
1697517529.317,45.764,1800.0,4.0,10.7,normal
1697517529.819,46.738,1800.0,4.5,10.7,normal
1697517530.325,45.277,600.0,3.0,10.7,normal
1697517530.83,46.251,600.0,5.4,10.7,normal
1697517531.335,47.225,800.0,9.0,9.5,normal
1697517531.839,46.738,1800.0,29.6,10.4,normal
1697517532.341,45.764,1800.0,20.2,10.6,normal
1697517532.844,45.764,1800.0,4.0,10.6,normal
1697517533.346,46.251,1800.0,2.5,10.6,normal
1697517533.849,46.251,1800.0,3.5,10.6,normal
1697517534.351,46.251,1800.0,3.5,10.6,normal
1697517534.854,45.764,1800.0,5.4,10.7,normal
1697517535.357,46.251,1800.0,3.0,10.7,normal
1697517535.859,46.251,1800.0,2.5,10.7,normal
1697517536.362,45.277,1800.0,4.5,10.7,normal
1697517536.867,45.764,800.0,4.9,10.7,normal
1697517537.371,45.764,800.0,5.4,10.7,normal
1697517537.875,46.738,1800.0,26.6,10.4,normal
1697517538.377,47.225,1800.0,29.3,10.6,normal
1697517538.88,46.738,1800.0,3.0,10.6,normal
1697517539.382,46.738,1800.0,4.0,10.6,normal
1697517539.885,45.277,1800.0,4.0,10.6,normal
1697517540.387,45.764,1800.0,3.0,10.7,normal
1697517540.89,47.712,1800.0,4.0,10.7,normal
1697517541.393,46.738,1800.0,4.5,10.6,normal
1697517541.895,46.251,1800.0,3.0,10.6,normal
1697517542.398,46.738,1800.0,3.9,10.6,normal
1697517542.902,46.251,800.0,4.0,10.6,normal
1697517543.407,46.738,800.0,7.8,10.6,normal
1697517543.911,47.712,1800.0,28.9,10.5,normal
1697517544.413,47.225,1800.0,24.0,10.7,normal
1697517544.916,46.251,1800.0,4.0,10.7,normal
1697517545.418,45.277,1800.0,3.0,10.7,normal
1697517545.921,47.225,1800.0,4.0,10.7,normal
1697517546.423,47.225,1800.0,3.0,10.7,normal
1697517546.926,47.225,1800.0,3.9,10.7,normal
1697517547.428,45.764,1800.0,4.0,10.7,normal
1697517547.931,46.738,1800.0,3.5,10.7,normal
1697517548.434,45.764,1800.0,4.0,10.7,normal
1697517548.939,45.764,600.0,4.4,10.7,normal
1697517549.444,46.738,800.0,9.5,9.6,normal
1697517549.948,46.738,1800.0,30.2,10.4,normal
1697517550.45,46.251,1800.0,22.1,10.6,normal
1697517550.953,46.251,1800.0,4.5,10.6,normal
1697517551.455,45.764,1800.0,3.0,10.6,normal
1697517551.958,45.764,1800.0,3.0,10.6,normal
1697517552.46,45.277,1800.0,3.5,10.6,normal
1697517552.963,46.738,1800.0,3.5,10.6,normal
1697517553.466,45.764,1800.0,4.0,10.6,normal
1697517553.968,45.764,1800.0,3.0,10.6,normal
1697517554.471,46.251,1800.0,4.0,10.6,normal
1697517554.976,45.764,600.0,6.4,10.6,normal
1697517555.482,46.738,600.0,3.5,10.6,normal
1697517555.985,47.712,1800.0,24.9,10.4,normal
1697517556.488,47.225,1800.0,31.0,10.6,normal
1697517556.99,46.251,1800.0,3.0,10.6,normal
1697517557.493,46.251,1800.0,3.0,10.6,normal
1697517557.995,47.712,1800.0,4.0,10.6,normal
1697517558.498,46.251,1800.0,3.0,10.6,normal
1697517559.0,46.738,1800.0,4.0,10.7,normal
1697517559.503,45.764,1800.0,3.5,10.7,normal
1697517560.006,45.764,1800.0,4.5,10.7,normal
1697517560.508,46.251,1800.0,3.0,10.7,normal
1697517561.014,45.764,600.0,4.4,10.7,normal
1697517561.52,46.251,600.0,3.9,10.7,normal
1697517562.023,46.738,1800.0,18.4,10.2,normal
1697517562.526,47.225,1800.0,38.0,10.7,normal
1697517563.028,47.225,1800.0,5.0,10.7,normal
1697517563.531,46.738,1800.0,3.5,10.7,normal
1697517564.034,46.738,1800.0,3.5,10.7,normal
1697517564.536,46.251,1800.0,3.5,10.7,normal
1697517565.039,45.277,1800.0,4.0,10.7,normal
1697517565.542,47.225,1800.0,3.0,10.7,normal
1697517566.044,45.277,1800.0,2.0,10.7,normal
1697517566.547,46.738,1800.0,2.5,10.7,normal
1697517567.051,45.764,700.0,3.5,10.7,normal
1697517567.557,46.738,600.0,4.9,10.7,normal
1697517568.065,45.764,1200.0,9.4,10.5,normal
1697517568.568,47.225,1800.0,29.2,10.5,normal
1697517569.071,46.738,1800.0,23.6,10.7,normal
1697517569.574,47.225,1800.0,4.5,10.7,normal
1697517570.076,47.225,1800.0,4.0,10.7,normal
1697517570.579,47.712,1800.0,2.5,10.7,normal
1697517571.082,47.225,1800.0,5.9,10.7,normal
1697517571.584,46.251,1800.0,2.5,10.7,normal
1697517572.087,45.764,1800.0,4.0,10.7,normal
1697517572.59,46.251,1800.0,3.0,10.7,normal
1697517573.094,46.251,700.0,4.9,10.7,normal
1697517573.6,45.764,600.0,4.5,10.7,normal
1697517574.106,46.738,600.0,4.0,10.7,normal
1697517574.609,47.225,1800.0,25.0,10.4,normal
1697517575.112,47.712,1800.0,29.1,10.7,normal
1697517575.614,47.225,1800.0,4.9,10.7,normal
1697517576.117,45.764,1800.0,3.5,10.7,normal
1697517576.62,46.251,1800.0,4.4,10.7,normal
1697517577.122,47.225,1800.0,5.0,10.7,normal
1697517577.625,46.251,1800.0,3.0,10.7,normal
1697517578.127,46.251,1800.0,3.0,10.7,normal
1697517578.63,45.764,1800.0,4.5,10.7,normal
1697517579.133,45.764,1800.0,3.5,10.7,normal
1697517579.637,46.251,700.0,5.4,10.7,normal
1697517580.143,46.251,600.0,4.5,10.7,normal
1697517580.646,46.738,1800.0,17.9,10.2,normal
1697517581.149,46.738,1800.0,37.7,10.6,normal
1697517581.651,46.251,1800.0,3.5,10.7,normal
1697517582.154,47.225,1800.0,3.0,10.7,normal
1697517582.657,46.251,1800.0,3.5,10.7,normal
1697517583.159,46.738,1800.0,3.5,10.7,normal
1697517583.662,45.764,1800.0,4.0,10.7,normal
1697517584.164,47.225,1800.0,4.5,10.7,normal
1697517584.667,45.277,1800.0,3.5,10.7,normal
1697517585.169,46.251,1800.0,4.0,10.7,normal
1697517585.673,46.251,900.0,6.9,10.7,normal
1697517586.178,45.277,800.0,3.5,10.7,normal
1697517586.682,45.277,1800.0,8.0,9.7,normal
1697517587.185,47.225,1800.0,29.4,10.6,normal
1697517587.688,47.225,1800.0,18.8,10.7,normal
1697517588.191,46.738,1800.0,2.5,10.7,normal
1697517588.693,46.251,1800.0,3.0,10.6,normal
1697517589.196,47.225,1800.0,5.9,10.7,normal
1697517589.699,46.738,1800.0,5.5,10.6,normal
1697517590.201,46.738,1800.0,3.5,10.7,normal
1697517590.704,45.764,1800.0,3.0,10.7,normal
1697517591.206,46.251,1800.0,4.0,10.7,normal
1697517591.711,45.277,700.0,4.4,10.7,normal
1697517592.216,46.251,700.0,5.4,10.7,normal
1697517592.719,46.738,1800.0,15.8,10.2,normal
1697517593.222,47.712,1800.0,37.0,10.6,normal
1697517593.724,45.764,1800.0,6.5,10.7,normal
1697517594.227,46.251,1800.0,3.5,10.7,normal
1697517594.73,46.738,1800.0,4.5,10.7,normal
1697517595.232,46.738,1800.0,3.5,10.7,normal
1697517595.735,46.251,1800.0,4.5,10.7,normal
1697517596.237,46.738,1800.0,2.5,10.7,normal
1697517596.74,47.712,1800.0,4.0,10.7,normal
1697517597.242,45.764,1800.0,3.0,10.7,normal
1697517597.747,46.251,800.0,5.0,10.7,normal
1697517598.252,46.251,600.0,5.0,10.7,normal
1697517598.757,46.251,900.0,8.5,9.6,normal
1697517599.26,47.225,1800.0,28.4,10.5,normal
1697517599.763,47.225,1800.0,22.8,10.6,normal
1697517600.265,46.251,1800.0,3.0,10.6,normal
1697517600.768,46.251,1800.0,3.5,10.7,normal
1697517601.27,46.738,1800.0,4.5,10.7,normal
1697517601.773,45.764,1800.0,3.5,10.7,normal
1697517602.275,46.738,1800.0,4.0,10.7,normal
1697517602.778,45.764,1800.0,3.5,10.7,normal
1697517603.281,46.251,1800.0,3.9,10.7,normal
1697517603.785,48.199,800.0,3.0,10.7,normal
1697517604.291,46.251,600.0,4.9,10.7,normal
1697517604.794,46.251,1800.0,15.0,10.2,normal
1697517605.296,47.712,1800.0,36.9,10.6,normal
1697517605.799,46.251,1800.0,5.5,10.7,normal
1697517606.302,45.764,1800.0,3.0,10.7,normal
1697517606.804,46.251,1800.0,2.0,10.7,normal
1697517607.307,46.251,1800.0,2.5,10.7,normal
1697517607.809,46.251,1800.0,2.0,10.7,normal
1697517608.312,46.251,1800.0,3.0,10.7,normal
1697517608.814,46.738,1800.0,3.0,10.7,normal
1697517609.317,46.738,1800.0,3.4,10.7,normal
1697517609.822,46.251,600.0,4.0,10.7,normal
1697517610.328,45.277,600.0,4.5,10.7,normal
1697517610.831,47.712,1800.0,19.9,10.3,normal
1697517611.334,48.199,1800.0,35.0,10.7,normal
1697517611.836,46.251,1800.0,3.5,10.7,normal
1697517612.339,45.764,1800.0,4.0,10.7,normal
1697517612.841,46.738,1800.0,3.0,10.7,normal
1697517613.344,45.764,1800.0,4.5,10.7,normal
1697517613.846,45.764,1800.0,3.5,10.7,normal
1697517614.349,45.277,1800.0,4.0,10.7,normal
1697517614.851,47.225,1800.0,5.0,10.7,normal
1697517615.354,46.738,1800.0,3.0,10.7,normal
1697517615.858,46.251,800.0,4.0,10.7,normal
1697517616.363,46.251,800.0,4.5,10.7,normal
1697517616.866,47.712,1800.0,23.4,10.4,normal
1697517617.369,46.251,1800.0,31.3,10.7,normal
1697517617.872,46.738,1800.0,3.5,10.7,normal
1697517618.374,47.712,1800.0,4.5,10.7,normal
1697517618.877,46.251,1800.0,3.5,10.7,normal
1697517619.379,46.738,1800.0,2.5,10.7,normal
1697517619.882,46.251,1800.0,4.0,10.7,normal
1697517620.384,47.225,1800.0,4.5,10.7,normal
1697517620.887,46.251,1800.0,4.0,10.7,normal
1697517621.389,45.277,1800.0,3.0,10.7,normal
1697517621.895,45.277,600.0,3.5,10.7,normal
1697517622.4,46.251,800.0,4.5,10.7,normal
1697517622.903,46.738,1800.0,15.5,10.2,normal
1697517623.406,47.225,1800.0,37.5,10.7,normal
1697517623.908,46.738,1800.0,6.4,10.7,normal
1697517624.411,46.251,1800.0,4.0,10.7,normal
1697517624.913,46.738,1800.0,4.0,10.7,normal
1697517625.416,46.738,1800.0,3.5,10.7,normal
1697517625.918,46.738,1800.0,3.5,10.7,normal
1697517626.421,46.738,1800.0,2.5,10.7,normal
1697517626.923,46.251,1800.0,4.0,10.7,normal
1697517627.426,46.251,1800.0,3.5,10.7,normal
1697517627.93,45.764,800.0,3.5,10.7,normal
1697517628.435,45.764,800.0,4.5,10.7,normal
1697517628.938,46.251,1800.0,20.3,10.2,normal
1697517629.44,46.251,1800.0,35.5,10.7,normal
1697517629.943,47.712,1800.0,5.0,10.7,normal
1697517630.445,46.251,1800.0,3.0,10.7,normal
1697517630.948,45.764,1800.0,4.0,10.7,normal
1697517631.45,46.738,1800.0,3.0,10.7,normal
1697517631.953,46.738,1800.0,3.5,10.7,normal
1697517632.455,46.251,1800.0,3.0,10.7,normal
1697517632.958,47.225,1800.0,4.0,10.7,normal
1697517633.461,47.225,1800.0,3.0,10.7,normal
1697517633.965,45.764,700.0,3.5,10.7,normal
1697517634.471,46.251,600.0,4.9,10.7,normal
1697517634.975,46.251,1800.0,12.9,9.9,normal
1697517635.482,48.199,1800.0,33.3,10.6,normal
1697517635.985,46.251,1800.0,14.0,10.7,normal
1697517636.488,46.738,1800.0,3.5,10.7,normal
1697517636.99,45.764,1800.0,3.9,10.7,normal
1697517637.493,46.738,1800.0,4.0,10.7,normal
1697517637.995,45.764,1800.0,3.5,10.7,normal
1697517638.498,46.251,1800.0,3.5,10.7,normal
1697517639.0,46.251,1800.0,3.5,10.7,normal
1697517639.503,46.251,1800.0,4.9,10.7,normal
1697517640.008,46.738,700.0,4.5,10.7,normal
1697517640.513,47.225,700.0,5.4,10.7,normal
1697517641.018,45.277,600.0,5.4,10.7,normal
1697517641.522,47.225,1800.0,29.9,10.5,normal
1697517642.024,47.225,1800.0,26.0,10.7,normal
1697517642.527,46.738,1800.0,3.5,10.7,normal
1697517643.029,46.738,1800.0,3.0,10.7,normal
1697517643.532,46.738,1800.0,4.4,10.7,normal
1697517644.035,46.738,1800.0,4.0,10.7,normal
1697517644.537,46.738,1800.0,3.5,10.7,normal
1697517645.04,46.251,1800.0,2.5,10.7,normal
1697517645.542,46.251,1800.0,2.5,10.7,normal
1697517646.045,45.764,1800.0,4.0,10.7,normal
1697517646.55,45.764,600.0,3.9,10.7,normal
1697517647.054,46.251,1200.0,8.0,9.6,normal
1697517647.556,46.738,1800.0,27.9,10.6,normal
1697517648.059,46.251,1800.0,19.1,10.7,normal
1697517648.561,46.738,1800.0,2.0,10.7,normal
1697517649.064,46.738,1800.0,3.5,10.7,normal
1697517649.567,46.251,1800.0,3.5,10.7,normal
1697517650.069,45.764,1800.0,4.5,10.7,normal
1697517650.572,45.277,1800.0,3.0,10.7,normal
1697517651.075,46.738,1800.0,3.5,10.7,normal
1697517651.577,46.251,1800.0,3.0,10.7,normal
1697517652.082,46.251,700.0,2.5,10.7,normal
1697517652.588,46.738,600.0,5.0,10.7,normal
1697517653.091,46.738,1800.0,14.1,10.1,normal
1697517653.596,48.199,1800.0,36.6,10.6,normal
1697517654.099,45.764,1800.0,8.0,10.6,normal
1697517654.601,47.712,1800.0,5.4,10.6,normal
1697517655.104,47.225,1800.0,2.5,10.6,normal
1697517655.606,46.251,1800.0,3.5,10.6,normal
1697517656.109,47.225,1800.0,4.0,10.6,normal
1697517656.611,46.738,1800.0,3.5,10.6,normal
1697517657.114,46.251,1800.0,3.5,10.6,normal
1697517657.617,46.738,1800.0,2.5,10.6,normal
1697517658.121,47.225,800.0,4.5,10.6,normal
1697517658.625,45.277,900.0,5.0,10.6,normal
1697517659.131,45.764,600.0,5.0,10.6,normal
1697517659.634,46.738,1800.0,29.5,10.4,normal
1697517660.137,47.225,1800.0,24.2,10.6,normal
1697517660.639,46.738,1800.0,4.4,10.6,normal
1697517661.142,46.738,1800.0,4.5,10.6,normal
1697517661.644,46.251,1800.0,3.0,10.6,normal
1697517662.147,46.738,1800.0,3.5,10.6,normal
1697517662.65,46.738,1800.0,5.0,10.6,normal
1697517663.152,46.738,1800.0,3.0,10.6,normal
1697517663.655,46.738,1800.0,3.0,10.7,normal
1697517664.157,45.277,1800.0,3.9,10.7,normal
1697517664.661,46.738,1000.0,6.0,10.7,normal
1697517665.163,46.251,1800.0,11.5,9.6,normal
1697517665.666,47.225,1800.0,28.4,10.5,normal
1697517666.169,46.738,1800.0,19.3,10.7,normal
1697517666.672,46.738,1800.0,4.5,10.7,normal
1697517667.174,46.251,1800.0,3.0,10.7,normal
1697517667.677,47.225,1800.0,4.0,10.7,normal
1697517668.179,46.738,1800.0,3.0,10.7,normal
1697517668.682,47.225,1800.0,4.0,10.7,normal
1697517669.184,46.738,1800.0,2.5,10.7,normal
1697517669.687,46.251,1800.0,4.0,10.7,normal
1697517670.192,46.738,700.0,3.0,10.7,normal
1697517670.696,45.764,900.0,5.9,10.7,normal
1697517671.199,45.764,1800.0,14.9,10.1,normal
1697517671.702,47.712,1800.0,38.0,10.6,normal
1697517672.204,47.225,1800.0,7.0,10.6,normal
1697517672.707,46.738,1800.0,4.5,10.6,normal
1697517673.209,46.251,1800.0,3.5,10.6,normal
1697517673.712,46.738,1800.0,4.5,10.6,normal
1697517674.214,46.738,1800.0,2.5,10.6,normal
1697517674.717,46.738,1800.0,4.5,10.6,normal
1697517675.22,45.764,1800.0,4.5,10.6,normal
1697517675.722,45.764,1800.0,3.9,10.6,normal
1697517676.227,46.738,700.0,3.0,10.6,normal
1697517676.732,45.764,700.0,4.5,10.6,normal
1697517677.235,47.225,1800.0,19.4,10.3,normal
1697517677.738,48.199,1800.0,36.7,10.6,normal
1697517678.241,47.225,1800.0,3.0,10.6,normal
1697517678.743,46.738,1800.0,3.0,10.7,normal
1697517679.246,47.225,1800.0,4.0,10.7,normal
1697517679.748,45.764,1800.0,4.0,10.7,normal
1697517680.251,45.764,1800.0,3.5,10.7,normal
1697517680.754,47.225,1800.0,2.5,10.7,normal
1697517681.256,46.251,1800.0,4.0,10.7,normal
1697517681.759,46.738,1800.0,4.0,10.7,normal
1697517682.263,46.251,900.0,4.5,10.7,normal
1697517682.768,46.251,600.0,4.5,10.7,normal
1697517683.272,47.225,1800.0,11.9,9.8,normal
1697517683.775,48.199,1800.0,30.8,10.5,normal
1697517684.278,47.225,1800.0,17.0,10.6,normal
1697517684.78,46.251,1800.0,4.0,10.7,normal
1697517685.283,46.251,1800.0,4.0,10.7,normal
1697517685.786,46.251,1800.0,2.5,10.7,normal
1697517686.288,45.764,1800.0,3.0,10.7,normal
1697517686.791,46.251,1800.0,3.0,10.7,normal
1697517687.293,46.251,1800.0,3.5,10.7,normal
1697517687.796,46.251,1800.0,3.0,10.7,normal
1697517688.301,46.251,700.0,4.4,10.7,normal
1697517688.806,45.764,700.0,4.0,10.7,normal
1697517689.312,47.225,600.0,5.4,10.6,normal
1697517689.815,47.225,1800.0,28.5,10.5,normal
1697517690.318,46.251,1800.0,24.6,10.7,normal
1697517690.821,46.251,1800.0,3.4,10.7,normal
1697517691.323,46.251,1800.0,3.5,10.7,normal
1697517691.826,46.251,1800.0,3.0,10.7,normal
1697517692.328,46.251,1800.0,4.0,10.7,normal
1697517692.831,46.738,1800.0,3.0,10.7,normal
1697517693.333,45.764,1800.0,3.5,10.7,normal
1697517693.836,46.251,1800.0,4.0,10.7,normal
1697517694.338,46.251,1800.0,3.5,10.7,normal
1697517694.844,47.225,600.0,5.9,10.7,normal
1697517695.35,46.251,600.0,3.5,10.7,normal
1697517695.853,46.738,1800.0,23.8,10.3,normal
1697517696.356,46.251,1800.0,32.3,10.7,normal
1697517696.858,46.738,1800.0,2.5,10.7,normal
1697517697.361,46.738,1800.0,4.5,10.7,normal
1697517697.863,47.225,1800.0,3.0,10.7,normal
1697517698.366,47.712,1800.0,3.0,10.7,normal
1697517698.868,46.251,1800.0,2.5,10.7,normal
1697517699.371,46.251,1800.0,4.5,10.7,normal
1697517699.874,46.251,1800.0,4.0,10.7,normal
1697517700.376,46.738,1800.0,3.0,10.7,normal
1697517700.88,46.738,800.0,4.0,10.7,normal
1697517701.385,46.251,800.0,5.0,10.7,normal
1697517701.889,46.251,1800.0,26.5,10.4,normal
1697517702.391,46.251,1800.0,27.1,10.6,normal
1697517702.894,46.738,1800.0,3.5,10.6,normal
1697517703.397,46.251,1800.0,4.0,10.6,normal
1697517703.899,46.738,1800.0,3.5,10.6,normal
1697517704.402,46.738,1800.0,4.0,10.6,normal
1697517704.904,45.764,1800.0,4.5,10.6,normal
1697517705.407,45.764,1800.0,2.5,10.6,normal
1697517705.909,45.764,1800.0,1.0,10.6,normal
1697517706.412,46.251,1800.0,3.5,10.6,normal
1697517706.917,46.738,600.0,2.0,10.6,normal
1697517707.422,46.738,800.0,7.5,10.6,normal
1697517707.925,46.738,1800.0,27.0,10.4,normal
1697517708.428,47.225,1800.0,22.7,10.6,normal
1697517708.93,46.251,1800.0,3.5,10.6,normal
1697517709.433,46.251,1800.0,2.0,10.6,normal
1697517709.935,45.764,1800.0,5.4,10.7,normal
1697517710.438,45.764,1800.0,3.5,10.7,normal
1697517710.94,46.251,1800.0,3.0,10.7,normal
1697517711.443,46.738,1800.0,3.5,10.7,normal
1697517711.945,45.764,1800.0,4.0,10.7,normal
1697517712.448,46.251,1800.0,3.5,10.7,normal
1697517712.952,45.277,800.0,3.5,10.7,normal
1697517713.459,46.251,800.0,7.9,10.5,normal
1697517713.962,46.251,1800.0,30.2,10.5,normal
1697517714.465,46.251,1800.0,22.0,10.6,normal
1697517714.967,46.738,1800.0,4.0,10.6,normal
1697517715.47,46.251,1800.0,3.5,10.6,normal
1697517715.972,46.738,1800.0,3.0,10.6,normal
1697517716.475,46.738,1800.0,3.5,10.6,normal
1697517716.978,47.712,1800.0,3.5,10.6,normal
1697517717.48,46.738,1800.0,3.5,10.6,normal
1697517717.983,46.251,1800.0,3.5,10.6,normal
1697517718.487,47.712,700.0,4.5,10.7,normal
1697517718.992,47.225,800.0,4.5,10.7,normal
1697517719.498,45.764,600.0,4.9,10.7,normal
1697517720.001,45.764,1800.0,25.9,10.3,normal
1697517720.504,46.738,1800.0,29.6,10.7,normal
1697517721.006,45.764,1800.0,4.0,10.7,normal
1697517721.509,46.251,1800.0,4.0,10.7,normal
1697517722.012,45.764,1800.0,2.5,10.7,normal
1697517722.514,46.251,1800.0,4.0,10.7,normal
1697517723.017,46.738,1800.0,3.5,10.7,normal
1697517723.519,47.225,1800.0,3.0,10.7,normal
1697517724.022,46.738,1800.0,4.0,10.7,normal
1697517724.524,47.225,1800.0,3.5,10.7,normal
1697517725.03,45.764,600.0,5.0,10.7,normal
1697517725.535,46.251,600.0,4.5,10.7,normal
1697517726.038,46.251,1800.0,18.8,10.3,normal
1697517726.541,46.738,1800.0,35.7,10.7,normal
1697517727.043,46.738,1800.0,4.5,10.7,normal
1697517727.546,47.225,1800.0,3.5,10.7,normal
1697517728.049,46.738,1800.0,2.5,10.7,normal
1697517728.551,47.712,1800.0,3.0,10.7,normal
1697517729.054,47.712,1800.0,4.9,10.7,normal
1697517729.557,46.738,1800.0,3.5,10.7,normal
1697517730.06,47.225,1800.0,3.5,10.7,normal
1697517730.563,45.764,1800.0,3.0,10.7,normal
1697517731.068,45.277,600.0,4.4,10.7,normal
1697517731.575,46.251,600.0,2.5,10.7,normal
1697517732.08,46.251,1800.0,13.4,9.9,normal
1697517732.584,46.251,1800.0,31.3,10.6,normal
1697517733.087,46.738,1800.0,14.4,10.7,normal
1697517733.59,45.764,1800.0,2.5,10.7,normal
1697517734.093,46.738,1800.0,4.5,10.7,normal
1697517734.595,46.251,1800.0,3.0,10.7,normal
1697517735.098,47.225,1800.0,5.0,10.7,normal
1697517735.601,45.764,1800.0,2.5,10.7,normal
1697517736.103,45.277,1800.0,3.0,10.7,normal
1697517736.606,46.251,1800.0,3.5,10.7,normal
1697517737.111,47.225,700.0,5.4,10.7,normal
1697517737.617,46.251,600.0,5.0,10.7,normal
1697517738.123,46.251,600.0,5.0,10.6,normal
1697517738.626,47.225,1800.0,29.2,10.4,normal
1697517739.129,47.225,1800.0,25.3,10.6,normal
1697517739.631,46.738,1800.0,3.5,10.6,normal
1697517740.134,46.251,1800.0,4.0,10.6,normal
1697517740.637,46.738,1800.0,3.0,10.6,normal
1697517741.139,47.225,1800.0,3.0,10.6,normal
1697517741.642,47.225,1800.0,4.0,10.6,normal
1697517742.144,46.251,1800.0,4.0,10.6,normal
1697517742.647,46.251,1800.0,3.0,10.6,normal
1697517743.149,46.251,1800.0,3.5,10.7,normal
1697517743.654,46.251,800.0,5.9,10.7,normal
1697517744.157,47.225,1200.0,8.5,9.6,normal
1697517744.661,47.225,1800.0,30.2,10.5,normal
1697517745.163,47.225,1800.0,22.4,10.7,normal
1697517745.666,46.738,1800.0,3.5,10.7,normal
1697517746.169,47.225,1800.0,3.5,10.7,normal
1697517746.671,47.225,1800.0,3.0,10.7,normal
1697517747.174,46.738,1800.0,3.5,10.7,normal
1697517747.676,47.225,1800.0,4.0,10.7,normal
1697517748.179,46.251,1800.0,2.5,10.7,normal
1697517748.681,46.738,1800.0,4.0,10.7,normal
1697517749.183,46.251,1800.0,3.5,10.7,normal
1697517749.688,46.251,800.0,5.4,10.7,normal
1697517750.192,45.764,1000.0,5.5,10.7,normal
1697517750.695,46.738,1800.0,25.4,10.4,normal
1697517751.202,46.738,1800.0,29.4,10.7,normal
1697517751.705,47.225,1800.0,2.5,10.7,normal
1697517752.207,46.251,1800.0,4.5,10.7,normal
1697517752.71,46.251,1800.0,3.5,10.7,normal
1697517753.213,45.764,1800.0,3.0,10.7,normal
1697517753.715,46.251,1800.0,3.5,10.7,normal
1697517754.218,47.225,1800.0,4.0,10.7,normal
1697517754.72,46.251,1800.0,4.0,10.7,normal
1697517755.223,46.251,1800.0,3.5,10.7,normal
1697517755.727,46.738,900.0,4.5,10.7,normal
1697517756.231,45.277,900.0,5.0,10.7,normal
1697517756.734,47.712,1800.0,19.8,10.3,normal
1697517757.236,46.738,1800.0,36.3,10.7,normal
1697517757.739,47.712,1800.0,3.0,10.7,normal
1697517758.242,47.225,1800.0,4.0,10.7,normal
1697517758.744,46.738,1800.0,3.5,10.7,normal
1697517759.247,46.738,1800.0,3.9,10.6,normal
1697517759.749,46.738,1800.0,5.0,10.6,normal
1697517760.252,45.764,1800.0,3.0,10.6,normal
1697517760.754,46.251,1800.0,4.5,10.6,normal
1697517761.257,46.738,1800.0,3.5,10.6,normal
1697517761.762,46.738,600.0,3.0,10.6,normal
1697517762.267,46.738,800.0,4.4,10.6,normal
1697517762.77,47.225,1800.0,23.4,10.3,normal
1697517763.273,47.712,1800.0,32.7,10.7,normal
1697517763.776,46.251,1800.0,3.5,10.7,normal
1697517764.278,46.738,1800.0,4.0,10.6,normal
1697517764.781,46.738,1800.0,4.5,10.6,normal
1697517765.283,46.251,1800.0,2.5,10.6,normal
1697517765.786,46.251,1800.0,5.4,10.6,normal
1697517766.288,46.251,1800.0,1.5,10.6,normal
1697517766.791,47.712,1800.0,3.5,10.7,normal
1697517767.294,46.251,1800.0,1.5,10.7,normal
1697517767.8,46.251,600.0,2.5,10.7,normal
1697517768.306,45.764,600.0,3.5,10.7,normal
1697517768.809,47.225,1800.0,25.4,10.4,normal
1697517769.312,47.225,1800.0,33.8,10.7,normal
1697517769.814,47.225,1800.0,4.5,10.7,normal
1697517770.317,47.225,1800.0,3.0,10.7,normal
1697517770.819,46.738,1800.0,4.4,10.7,normal
1697517771.322,47.225,1800.0,4.0,10.7,normal
1697517771.824,46.738,1800.0,3.5,10.7,normal
1697517772.327,46.738,1800.0,3.0,10.7,normal
1697517772.829,45.764,1800.0,2.5,10.7,normal
1697517773.332,46.251,1800.0,3.5,10.7,normal
1697517773.837,47.225,600.0,4.0,10.7,normal
1697517774.343,45.764,600.0,4.0,10.7,normal
1697517774.847,46.738,1800.0,27.7,10.4,normal
1697517775.35,47.225,1800.0,27.0,10.6,normal
1697517775.853,46.251,1800.0,3.9,10.6,normal
1697517776.355,45.764,1800.0,3.5,10.6,normal
1697517776.858,48.199,1800.0,3.0,10.7,normal
1697517777.36,47.225,1800.0,3.5,10.7,normal
1697517777.863,46.738,1800.0,3.0,10.7,normal
1697517778.365,47.225,1800.0,3.5,10.7,normal
1697517778.868,46.738,1800.0,4.4,10.7,normal
1697517779.371,46.738,1800.0,4.5,10.7,normal
1697517779.876,46.738,600.0,6.4,10.7,normal
1697517780.38,46.251,1100.0,9.0,9.6,normal
1697517780.883,47.225,1800.0,28.7,10.5,normal
1697517781.386,48.686,1800.0,24.4,10.6,normal
1697517781.888,46.738,1800.0,3.5,10.6,normal
1697517782.391,47.225,1800.0,3.0,10.6,normal
1697517782.893,46.251,1800.0,2.5,10.6,normal
1697517783.396,47.225,1800.0,4.5,10.7,normal
1697517783.899,46.738,1800.0,3.5,10.7,normal
1697517784.401,47.225,1800.0,3.5,10.7,normal
1697517784.904,46.738,1800.0,4.0,10.6,normal
1697517785.406,47.225,1800.0,3.5,10.6,normal
1697517785.912,45.277,600.0,4.4,10.6,normal
1697517786.416,45.764,900.0,4.5,10.6,normal
1697517786.919,47.225,1800.0,24.5,10.3,normal
1697517787.422,46.738,1800.0,31.3,10.6,normal
1697517787.924,47.225,1800.0,3.5,10.6,normal
1697517788.427,46.738,1800.0,4.0,10.6,normal
1697517788.929,47.712,1800.0,4.0,10.6,normal
1697517789.432,46.251,1800.0,4.5,10.6,normal
1697517789.934,46.738,1800.0,4.5,10.6,normal
1697517790.437,46.251,1800.0,2.5,10.6,normal
1697517790.939,47.225,1800.0,3.0,10.6,normal
1697517791.442,47.225,1800.0,4.4,10.6,normal
1697517791.946,46.738,800.0,3.9,10.6,normal
1697517792.451,46.251,800.0,4.5,10.6,normal
1697517792.954,46.738,1800.0,27.9,10.4,normal
1697517793.457,46.251,1800.0,28.2,10.6,normal
1697517793.96,46.738,1800.0,4.0,10.6,normal
1697517794.462,46.251,1800.0,3.0,10.6,normal
1697517794.965,46.738,1800.0,4.5,10.6,normal
1697517795.467,46.251,1800.0,3.5,10.6,normal
1697517795.97,46.251,1800.0,3.5,10.6,normal
1697517796.472,46.738,1800.0,3.0,10.6,normal
1697517796.975,46.738,1800.0,3.5,10.6,normal
1697517797.478,46.738,1800.0,4.0,10.6,normal
1697517797.982,46.251,900.0,4.4,10.6,normal
1697517798.485,45.764,1800.0,7.5,10.1,normal
1697517798.988,47.225,1800.0,28.4,10.5,normal
1697517799.491,47.225,1800.0,22.4,10.7,normal
1697517799.994,47.225,1800.0,4.0,10.6,normal
1697517800.496,47.225,1800.0,3.0,10.6,normal
1697517800.999,47.712,1800.0,3.0,10.6,normal
1697517801.501,46.738,1800.0,4.5,10.5,normal
1697517802.004,46.251,1800.0,3.5,10.6,normal
1697517802.507,46.251,1800.0,3.0,10.6,normal
1697517803.009,47.225,1800.0,2.5,10.6,normal
1697517803.514,47.225,700.0,1.0,10.6,normal
1697517804.02,46.738,600.0,2.0,10.6,normal
1697517804.523,46.738,1800.0,7.9,10.6,normal
1697517805.026,46.738,1800.0,26.1,10.4,normal
1697517805.528,46.738,1800.0,26.9,10.7,normal
1697517806.031,48.199,1800.0,4.0,10.6,normal
1697517806.534,46.251,1800.0,3.0,10.6,normal
1697517807.036,46.251,1800.0,3.5,10.6,normal
1697517807.539,47.225,1800.0,3.4,10.7,normal
1697517808.041,48.199,1800.0,4.5,10.7,normal
1697517808.544,47.712,1800.0,3.5,10.7,normal
1697517809.046,47.225,1800.0,4.0,10.7,normal
1697517809.552,46.738,600.0,5.0,10.7,normal
1697517810.057,46.738,800.0,5.4,10.7,normal
1697517810.562,45.277,700.0,8.4,10.5,normal
1697517811.065,47.712,1800.0,28.8,10.5,normal
1697517811.567,47.225,1800.0,23.6,10.7,normal
1697517812.07,47.225,1800.0,4.5,10.7,normal
1697517812.573,46.738,1800.0,3.0,10.7,normal
1697517813.075,46.738,1800.0,2.5,10.7,normal
1697517813.578,47.712,1800.0,3.5,10.7,normal
1697517814.08,46.738,1800.0,1.5,10.7,normal
1697517814.583,47.712,1800.0,4.5,10.7,normal
1697517815.085,46.251,1800.0,2.5,10.7,normal
1697517815.588,47.712,1800.0,3.0,10.7,normal
1697517816.093,45.764,700.0,3.5,10.7,normal
1697517816.597,46.738,1000.0,5.0,10.7,normal
1697517817.1,47.712,1800.0,27.5,10.4,normal
1697517817.603,47.225,1800.0,36.7,10.7,normal
1697517818.105,48.199,1800.0,3.5,10.7,normal
1697517818.608,47.225,1800.0,4.4,10.7,normal
1697517819.111,46.251,1800.0,2.5,10.7,normal
1697517819.613,47.712,1800.0,4.0,10.7,normal
1697517820.116,45.764,1800.0,4.0,10.7,normal
1697517820.619,47.712,1800.0,3.0,10.7,normal
1697517821.121,46.251,1800.0,3.0,10.7,normal
1697517821.624,47.225,1800.0,3.5,10.7,normal
1697517822.128,46.738,800.0,4.0,10.7,normal
1697517822.634,47.225,600.0,5.4,10.7,normal
1697517823.137,46.738,1800.0,14.1,10.1,normal
1697517823.639,48.199,1800.0,37.8,10.6,normal
1697517824.142,46.251,1800.0,7.5,10.6,normal
1697517824.644,47.712,1800.0,5.0,10.6,normal
1697517825.147,47.225,1800.0,3.0,10.6,normal
1697517825.65,46.251,1800.0,2.5,10.6,normal
1697517826.152,47.225,1800.0,4.5,10.7,normal
1697517826.655,46.251,1800.0,2.0,10.7,normal
1697517827.157,45.764,1800.0,3.5,10.7,normal
1697517827.66,46.251,1800.0,2.5,10.7,normal
1697517828.165,46.251,700.0,1.5,10.7,normal
1697517828.669,46.738,900.0,4.5,10.7,normal
1697517829.173,46.251,1200.0,10.4,10.3,normal
1697517829.676,47.712,1800.0,29.7,10.5,normal
1697517830.179,46.738,1800.0,24.9,10.7,normal
1697517830.681,46.251,1800.0,3.0,10.7,normal
1697517831.184,47.225,1800.0,4.5,10.7,normal
1697517831.686,46.251,1800.0,3.5,10.7,normal
1697517832.189,46.251,1800.0,2.5,10.7,normal
1697517832.691,46.251,1800.0,3.0,10.7,normal
1697517833.194,46.251,1800.0,4.5,10.7,normal
1697517833.697,46.251,1800.0,3.0,10.7,normal
1697517834.199,47.225,1800.0,3.0,10.7,normal
1697517834.705,47.225,600.0,5.9,10.7,normal
1697517835.209,46.251,900.0,4.5,10.7,normal
1697517835.711,46.738,1800.0,23.4,10.3,normal
1697517836.214,47.225,1800.0,32.0,10.6,normal
1697517836.717,47.225,1800.0,3.5,10.6,normal
1697517837.219,47.712,1800.0,4.5,10.6,normal
1697517837.722,47.225,1800.0,3.0,10.6,normal
1697517838.224,46.738,1800.0,3.0,10.6,normal
1697517838.727,46.251,1800.0,3.0,10.7,normal
1697517839.229,46.738,1800.0,3.5,10.7,normal
1697517839.732,46.738,1800.0,5.0,10.7,normal
1697517840.234,45.764,1800.0,3.5,10.7,normal
1697517840.738,45.764,900.0,3.5,10.7,normal
1697517841.242,46.251,900.0,6.9,10.7,normal
1697517841.745,46.738,1800.0,16.6,10.2,normal
1697517842.248,47.712,1800.0,37.3,10.6,normal
1697517842.75,47.225,1800.0,4.5,10.7,normal
1697517843.253,46.251,1800.0,3.0,10.7,normal
1697517843.755,46.738,1800.0,4.5,10.7,normal
1697517844.258,46.251,1800.0,4.5,10.7,normal
1697517844.761,45.764,1800.0,4.0,10.7,normal
1697517845.263,46.738,1800.0,3.5,10.7,normal
1697517845.766,45.764,1800.0,4.0,10.7,normal
1697517846.268,47.225,1800.0,4.0,10.7,normal
1697517846.773,46.251,700.0,3.9,10.7,normal
1697517847.279,47.225,600.0,4.5,10.7,normal
1697517847.782,46.738,1800.0,9.5,9.7,normal
1697517848.285,47.225,1800.0,29.7,10.6,normal
1697517848.788,46.251,1800.0,21.2,10.7,normal
1697517849.291,47.712,1800.0,3.0,10.7,normal
1697517849.793,47.225,1800.0,4.0,10.7,normal
1697517850.296,46.738,1800.0,4.0,10.7,normal
1697517850.798,46.738,1800.0,3.5,10.7,normal
1697517851.301,46.738,1800.0,3.0,10.7,normal
1697517851.803,46.738,1800.0,3.5,10.7,normal
1697517852.306,45.764,1800.0,4.5,10.7,normal
1697517852.811,46.738,700.0,3.9,10.7,normal
1697517853.32,46.738,600.0,3.9,10.7,normal
1697517853.826,46.738,600.0,5.4,10.7,normal
1697517854.329,47.225,1800.0,27.0,10.4,normal
1697517854.831,47.225,1800.0,28.5,10.6,normal
1697517855.334,46.251,1800.0,3.0,10.6,normal
1697517855.836,46.738,1800.0,3.0,10.7,normal
1697517856.339,47.712,1800.0,2.5,10.7,normal
1697517856.841,47.225,1800.0,3.0,10.7,normal
1697517857.344,47.225,1800.0,3.5,10.7,normal
1697517857.847,46.251,1800.0,3.0,10.7,normal
1697517858.349,45.277,1800.0,2.5,10.7,normal
1697517858.851,45.764,1800.0,4.0,10.7,normal
1697517859.357,46.251,600.0,4.4,10.7,normal
1697517859.863,46.738,600.0,7.5,10.6,normal
1697517860.367,46.738,1800.0,29.1,10.5,normal
1697517860.869,46.251,1800.0,24.5,10.7,normal
1697517861.372,46.738,1800.0,2.5,10.7,normal
1697517861.874,47.225,1800.0,3.9,10.7,normal
1697517862.377,46.251,1800.0,2.5,10.7,normal
1697517862.879,48.199,1800.0,4.0,10.7,normal
1697517863.382,46.738,1800.0,3.9,10.7,normal
1697517863.885,46.251,1800.0,3.0,10.7,normal
1697517864.387,46.738,1800.0,3.0,10.7,normal
1697517864.89,46.738,1800.0,4.5,10.7,normal
1697517865.395,47.225,600.0,4.5,10.7,normal
1697517865.901,45.764,750.0,5.4,10.7,normal
1697517866.404,46.251,1800.0,24.0,10.2,normal
1697517866.906,46.738,1800.0,33.0,10.6,normal
1697517867.409,46.738,1800.0,4.0,10.6,normal
1697517867.911,46.251,1800.0,3.5,10.6,normal
1697517868.414,46.738,1800.0,4.0,10.6,normal
1697517868.917,47.225,1800.0,3.5,10.6,normal
1697517869.419,45.764,1800.0,3.0,10.6,normal
1697517869.922,46.738,1800.0,3.5,10.6,normal
1697517870.424,46.738,1800.0,5.4,10.6,normal
1697517870.927,46.738,1800.0,3.5,10.6,normal
1697517871.432,46.738,700.0,4.5,10.6,normal
1697517871.937,47.225,800.0,4.0,10.6,normal
1697517872.44,46.738,1800.0,16.4,10.2,normal
1697517872.942,47.712,1800.0,37.1,10.6,normal
1697517873.445,47.225,1800.0,5.6,10.6,normal
1697517873.947,47.225,1800.0,4.4,10.6,normal
1697517874.45,46.251,1800.0,3.5,10.6,normal
1697517874.952,45.764,1800.0,4.0,10.6,normal
1697517875.455,46.251,1800.0,4.9,10.7,normal
1697517875.958,46.251,1800.0,3.0,10.7,normal
1697517876.46,46.251,1800.0,3.4,10.7,normal
1697517876.963,46.738,1800.0,3.5,10.7,normal
1697517877.467,47.225,700.0,4.4,10.7,normal
1697517877.972,46.251,800.0,4.0,10.7,normal
1697517878.476,45.277,1800.0,8.0,9.6,normal
1697517878.979,46.251,1800.0,28.7,10.5,normal
1697517879.481,46.738,1800.0,22.0,10.7,normal
1697517879.984,47.712,1800.0,4.0,10.7,normal
1697517880.487,47.225,1800.0,3.0,10.7,normal
1697517880.989,46.251,1800.0,3.5,10.7,normal
1697517881.492,47.225,1800.0,3.5,10.7,normal
1697517881.994,46.738,1800.0,3.5,10.7,normal
1697517882.497,46.738,1800.0,3.9,10.7,normal
1697517882.999,46.251,1800.0,2.5,10.7,normal
1697517883.504,46.738,700.0,3.0,10.7,normal
1697517884.008,46.251,900.0,5.4,10.7,normal
1697517884.511,46.251,1800.0,13.6,10.0,normal
1697517885.018,47.712,1800.0,36.6,10.6,normal
1697517885.52,46.738,1800.0,10.0,10.7,normal
1697517886.023,46.738,1800.0,4.5,10.7,normal
1697517886.525,47.225,1800.0,3.0,10.7,normal
1697517887.028,47.225,1800.0,3.5,10.7,normal
1697517887.531,46.738,1800.0,2.0,10.7,normal
1697517888.033,46.251,1800.0,2.0,10.7,normal
1697517888.536,46.251,1800.0,1.5,10.7,normal
1697517889.038,46.738,1800.0,6.4,10.7,normal
1697517889.543,47.225,800.0,5.4,10.7,normal
1697517890.047,46.738,800.0,6.9,10.7,normal
1697517890.554,46.251,600.0,5.5,10.6,normal
1697517891.057,46.738,1800.0,29.2,10.5,normal
1697517891.559,47.712,1800.0,23.9,10.7,normal
1697517892.062,45.764,1800.0,4.5,10.7,normal
1697517892.564,46.251,1800.0,4.5,10.7,normal
1697517893.067,46.251,1800.0,4.0,10.7,normal
1697517893.569,46.738,1800.0,2.0,10.7,normal
1697517894.072,46.251,1800.0,4.5,10.7,normal
1697517894.575,47.225,1800.0,4.5,10.7,normal
1697517895.077,46.738,1800.0,3.5,10.7,normal
1697517895.582,46.738,700.0,3.5,10.7,normal
1697517896.086,46.251,1100.0,5.0,10.7,normal
1697517896.59,46.251,1800.0,9.5,9.7,normal
1697517897.093,47.225,1800.0,28.9,10.6,normal
1697517897.595,46.738,1800.0,20.7,10.7,normal
1697517898.098,46.738,1800.0,2.0,10.7,normal
1697517898.6,46.738,1800.0,1.5,10.7,normal
1697517899.103,46.738,1800.0,2.5,10.7,normal
1697517899.606,46.738,1800.0,5.0,10.7,normal
1697517900.108,47.712,1800.0,3.0,10.7,normal
1697517900.611,46.738,1800.0,4.0,10.7,normal
1697517901.113,46.738,1800.0,4.5,10.7,normal
1697517901.619,45.764,700.0,3.9,10.7,normal
1697517902.123,46.738,600.0,5.5,10.7,normal
1697517902.625,46.738,1800.0,4.0,10.7,normal
1697517903.128,47.225,1800.0,27.5,10.4,normal
1697517903.631,47.225,1800.0,25.0,10.6,normal
1697517904.133,47.225,1800.0,2.5,10.6,normal
1697517904.636,47.712,1800.0,4.0,10.6,normal
1697517905.139,46.251,1800.0,3.0,10.6,normal
1697517905.641,46.738,1800.0,4.0,10.7,normal
1697517906.144,47.712,1800.0,2.5,10.6,normal
1697517906.646,46.738,1800.0,4.0,10.7,normal
1697517907.152,47.225,700.0,3.0,10.7,normal
1697517907.657,47.225,700.0,5.0,10.7,normal
1697517908.161,45.764,800.0,4.4,10.7,normal
1697517908.666,46.251,1100.0,12.4,9.7,normal
1697517909.169,47.712,1800.0,29.4,10.5,normal
1697517909.672,46.251,1800.0,22.2,10.7,normal
1697517910.174,46.738,1800.0,3.5,10.7,normal
1697517910.677,46.738,1800.0,3.0,10.7,normal
1697517911.179,47.712,1800.0,3.5,10.7,normal
1697517911.682,46.251,1800.0,3.0,10.7,normal
1697517912.184,46.738,1800.0,4.5,10.7,normal
1697517912.687,47.225,1800.0,3.0,10.7,normal
1697517913.189,46.251,1800.0,3.0,10.7,normal
1697517913.694,47.225,700.0,3.4,10.7,normal
1697517914.199,46.738,900.0,5.5,10.7,normal
1697517914.703,47.712,900.0,5.5,10.7,normal
1697517915.207,47.225,1800.0,27.1,10.5,normal
1697517915.71,47.712,1800.0,27.4,10.7,normal
1697517916.212,46.738,1800.0,4.9,10.7,normal
1697517916.715,46.738,1800.0,3.0,10.7,normal
1697517917.217,46.738,1800.0,3.0,10.7,normal
1697517917.72,46.738,1800.0,3.5,10.7,normal
1697517918.223,46.251,1800.0,4.0,10.7,normal
1697517918.725,46.251,1800.0,3.5,10.7,normal
1697517919.228,46.251,1800.0,3.5,10.7,normal
1697517919.73,46.251,1800.0,4.5,10.7,normal
1697517920.234,46.251,900.0,4.0,10.7,normal
1697517920.739,46.251,700.0,5.4,10.7,normal
1697517921.242,48.199,1800.0,20.8,10.3,normal
1697517921.744,47.225,1800.0,34.7,10.7,normal
1697517922.247,46.251,1800.0,3.0,10.7,normal
1697517922.75,47.712,1800.0,4.5,10.7,normal
1697517923.252,46.738,1800.0,3.5,10.7,normal
1697517923.755,47.712,1800.0,4.0,10.7,normal
1697517924.257,47.225,1800.0,3.0,10.7,normal
1697517924.76,47.225,1800.0,5.0,10.7,normal
1697517925.262,47.712,1800.0,3.5,10.7,normal
1697517925.765,46.251,1800.0,3.5,10.7,normal
1697517926.27,46.251,600.0,3.5,10.7,normal
1697517926.775,46.738,800.0,5.4,10.7,normal
1697517927.278,47.712,1800.0,13.9,10.1,normal
1697517927.781,48.686,1800.0,38.3,10.7,normal
1697517928.284,46.251,1800.0,7.5,10.7,normal
1697517928.787,46.251,1800.0,3.5,10.7,normal
1697517929.289,46.738,1800.0,5.0,10.7,normal
1697517929.792,46.738,1800.0,4.0,10.7,normal
1697517930.294,45.764,1800.0,3.5,10.7,normal
1697517930.797,46.738,1800.0,3.5,10.7,normal
1697517931.299,45.764,1800.0,4.4,10.7,normal
1697517931.802,46.738,1800.0,3.5,10.7,normal
1697517932.306,46.738,800.0,3.5,10.7,normal
1697517932.812,46.251,600.0,4.0,10.7,normal
1697517933.317,45.764,700.0,5.0,10.6,normal
1697517933.82,46.738,1800.0,28.7,10.4,normal
1697517934.323,46.738,1800.0,25.6,10.6,normal
1697517934.826,47.225,1800.0,4.0,10.6,normal
1697517935.328,47.225,1800.0,4.5,10.7,normal
1697517935.831,46.738,1800.0,3.0,10.7,normal
1697517936.333,46.251,1800.0,3.5,10.7,normal
1697517936.836,46.738,1800.0,3.5,10.7,normal
1697517937.338,46.738,1800.0,3.0,10.7,normal
1697517937.841,46.738,1800.0,4.9,10.7,normal
1697517938.343,46.251,1800.0,3.0,10.7,normal
1697517938.849,47.225,600.0,4.0,10.7,normal
1697517939.353,45.764,800.0,9.5,9.6,normal
1697517939.857,47.712,1800.0,28.9,10.6,normal
1697517940.359,47.225,1800.0,18.7,10.7,normal
1697517940.862,47.225,1800.0,3.0,10.7,normal
1697517941.364,46.251,1800.0,2.5,10.7,normal
1697517941.867,46.251,1800.0,3.5,10.7,normal
1697517942.37,46.738,1800.0,3.0,10.7,normal
1697517942.872,45.764,1800.0,3.0,10.7,normal
1697517943.375,46.738,1800.0,3.0,10.7,normal
1697517943.877,46.738,1800.0,4.5,10.7,normal
1697517944.382,47.225,700.0,4.0,10.7,normal
1697517944.888,46.251,600.0,5.9,10.7,normal
1697517945.393,45.764,800.0,6.4,10.7,normal
1697517945.896,46.738,1800.0,26.0,10.4,normal
1697517946.399,47.225,1800.0,27.0,10.7,normal
1697517946.902,46.738,1800.0,1.0,10.7,normal
1697517947.404,45.764,1800.0,4.9,10.7,normal
1697517947.907,46.738,1800.0,2.5,10.7,normal
1697517948.41,45.764,1800.0,2.5,10.7,normal
1697517948.912,46.251,1800.0,4.5,10.7,normal
1697517949.415,47.225,1800.0,2.0,10.7,normal
1697517949.917,46.738,1800.0,2.0,10.7,normal
1697517950.42,46.738,1800.0,4.0,10.7,normal
1697517950.925,47.225,600.0,4.9,10.7,normal
1697517951.431,46.738,600.0,5.0,10.7,normal
1697517951.934,48.199,1800.0,18.9,10.3,normal
1697517952.436,48.199,1800.0,34.2,10.6,normal
1697517952.939,46.738,1800.0,5.0,10.6,normal
1697517953.442,46.251,1800.0,3.0,10.6,normal
1697517953.944,47.225,1800.0,3.5,10.7,normal
1697517954.446,46.738,1800.0,3.0,10.7,normal
1697517954.949,46.738,1800.0,4.5,10.7,normal
1697517955.451,47.712,1800.0,3.0,10.7,normal
1697517955.954,47.225,1800.0,3.0,10.7,normal
1697517956.456,46.251,1800.0,3.0,10.7,normal
1697517956.962,45.764,600.0,4.9,10.7,normal
1697517957.468,46.251,600.0,4.5,10.7,normal
1697517957.971,47.225,1800.0,12.4,10.0,normal
1697517958.474,47.225,1800.0,36.2,10.6,normal
1697517958.977,46.251,1800.0,10.4,10.6,normal
1697517959.479,46.738,1800.0,4.0,10.6,normal
1697517959.982,46.738,1800.0,4.5,10.6,normal
1697517960.485,46.738,1800.0,3.0,10.6,normal
1697517960.987,46.738,1800.0,4.0,10.6,normal
1697517961.49,47.225,1800.0,3.5,10.6,normal
1697517961.992,46.738,1800.0,3.0,10.6,normal
1697517962.495,46.738,1800.0,4.0,10.6,normal
1697517963.0,46.738,600.0,3.5,10.6,normal
1697517963.505,46.738,800.0,5.4,10.6,normal
1697517964.009,46.738,800.0,6.0,10.5,normal
1697517964.512,47.712,1800.0,28.7,10.5,normal
1697517965.015,47.712,1800.0,25.3,10.7,normal
1697517965.517,46.738,1800.0,4.0,10.7,normal
1697517966.019,47.225,1800.0,3.5,10.7,normal
1697517966.522,46.738,1800.0,3.5,10.7,normal
1697517967.024,46.738,1800.0,3.0,10.7,normal
1697517967.527,45.277,1800.0,5.0,10.7,normal
1697517968.03,47.225,1800.0,3.0,10.7,normal
1697517968.532,46.251,1800.0,4.0,10.7,normal
1697517969.035,46.738,1800.0,3.5,10.7,normal
1697517969.54,46.738,700.0,4.5,10.7,normal
1697517970.045,46.738,700.0,4.5,10.7,normal
1697517970.549,47.225,1800.0,23.5,10.4,normal
1697517971.052,47.712,1800.0,31.2,10.7,normal
1697517971.554,45.764,1800.0,2.5,10.7,normal
1697517972.057,47.225,1800.0,3.5,10.7,normal
1697517972.56,47.225,1800.0,4.0,10.7,normal
1697517973.062,47.225,1800.0,4.0,10.7,normal
1697517973.565,47.712,1800.0,2.5,10.7,normal
1697517974.067,46.251,1800.0,5.0,10.7,normal
1697517974.57,46.738,1800.0,4.5,10.7,normal
1697517975.072,47.225,1800.0,3.5,10.7,normal
1697517975.577,46.738,800.0,3.0,10.7,normal
1697517976.082,47.712,700.0,6.5,10.7,normal
1697517976.585,47.712,1800.0,15.5,10.2,normal
1697517977.087,48.199,1800.0,38.4,10.6,normal
1697517977.59,47.712,1800.0,5.0,10.6,normal
1697517978.093,46.738,1800.0,3.0,10.6,normal
1697517978.595,47.225,1800.0,3.5,10.6,normal
1697517979.098,47.712,1800.0,4.0,10.6,normal
1697517979.6,47.712,1800.0,4.0,10.6,normal
1697517980.103,48.199,1800.0,4.5,10.6,normal
1697517980.605,47.225,1800.0,2.5,10.6,normal
1697517981.108,47.712,1800.0,3.0,10.6,normal
1697517981.612,46.738,700.0,3.5,10.6,normal
1697517982.118,45.764,600.0,3.4,10.6,normal
1697517982.621,47.712,1800.0,21.0,10.2,normal
1697517983.124,47.712,1800.0,33.5,10.6,normal
1697517983.626,47.225,1800.0,3.9,10.6,normal
1697517984.129,46.738,1800.0,3.5,10.6,normal
1697517984.631,47.712,1800.0,3.0,10.6,normal
1697517985.134,47.225,1800.0,3.5,10.6,normal
1697517985.636,47.225,1800.0,4.0,10.6,normal
1697517986.139,46.251,1800.0,4.0,10.6,normal
1697517986.642,46.738,1800.0,3.0,10.6,normal
1697517987.144,46.738,1800.0,3.5,10.6,normal
1697517987.648,46.251,1100.0,5.0,10.7,normal
1697517988.152,46.251,900.0,3.5,10.7,normal
1697517988.655,46.738,1800.0,13.4,10.1,normal
1697517989.158,47.712,1800.0,32.2,10.7,normal
1697517989.661,46.251,1800.0,15.8,10.7,normal
1697517990.163,47.712,1800.0,3.5,10.7,normal
1697517990.666,46.738,1800.0,3.9,10.7,normal
1697517991.168,46.738,1800.0,3.0,10.7,normal
1697517991.671,47.712,1800.0,3.5,10.7,normal
1697517992.174,47.225,1800.0,3.0,10.7,normal
1697517992.676,46.738,1800.0,3.5,10.7,normal
1697517993.179,45.764,1800.0,3.0,10.7,normal
1697517993.684,45.764,700.0,4.9,10.7,normal
1697517994.188,45.764,900.0,4.5,10.7,normal
1697517994.691,46.251,1800.0,15.9,10.2,normal
1697517995.194,47.712,1800.0,37.5,10.6,normal
1697517995.696,47.712,1800.0,5.9,10.7,normal
1697517996.199,46.738,1800.0,4.0,10.7,normal
1697517996.701,47.225,1800.0,3.5,10.7,normal
1697517997.204,47.712,1800.0,3.0,10.7,normal
1697517997.707,47.712,1800.0,4.5,10.7,normal
1697517998.209,47.225,1800.0,3.0,10.7,normal
1697517998.712,47.225,1800.0,3.0,10.7,normal
1697517999.214,46.251,1800.0,2.5,10.7,normal
1697517999.717,46.738,1200.0,5.5,10.7,normal
1697518000.222,46.738,800.0,4.9,10.7,normal
1697518000.725,45.764,1800.0,9.5,9.7,normal
1697518001.228,47.225,1800.0,28.7,10.6,normal
1697518001.73,47.225,1800.0,20.9,10.7,normal
1697518002.233,47.225,1800.0,3.9,10.7,normal
1697518002.735,46.738,1800.0,3.5,10.7,normal
1697518003.238,46.738,1800.0,3.9,10.7,normal
1697518003.74,46.738,1800.0,3.0,10.7,normal
1697518004.243,46.251,1800.0,4.0,10.7,normal
1697518004.746,45.764,1800.0,4.5,10.7,normal
1697518005.248,46.738,1800.0,4.0,10.7,normal
1697518005.753,46.251,700.0,3.0,10.7,normal
1697518006.259,46.738,600.0,4.0,10.7,normal
1697518006.764,47.225,700.0,3.9,10.7,normal
1697518007.267,47.225,1800.0,26.5,10.5,normal
1697518007.77,47.712,1800.0,25.4,10.7,normal
1697518008.272,46.738,1800.0,2.5,10.7,normal
1697518008.775,47.712,1800.0,5.0,10.7,normal
1697518009.277,46.251,1800.0,2.5,10.7,normal
1697518009.78,48.199,1800.0,2.5,10.7,normal
1697518010.283,46.738,1800.0,2.5,10.7,normal
1697518010.785,46.738,1800.0,4.0,10.7,normal
1697518011.288,47.225,1800.0,3.5,10.7,normal
1697518011.79,47.712,1800.0,3.0,10.7,normal
1697518012.296,47.225,600.0,5.0,10.7,normal
1697518012.801,46.251,600.0,4.0,10.7,normal
1697518013.305,47.712,1800.0,21.4,10.4,normal
1697518013.807,47.712,1800.0,34.0,10.7,normal
1697518014.31,46.251,1800.0,4.5,10.7,normal
1697518014.812,47.225,1800.0,3.0,10.7,normal
1697518015.315,47.225,1800.0,3.5,10.7,normal
1697518015.817,47.225,1800.0,2.5,10.7,normal
1697518016.32,46.738,1800.0,3.5,10.7,normal
1697518016.823,46.738,1800.0,3.5,10.7,normal
1697518017.325,47.225,1800.0,3.0,10.7,normal
1697518017.828,46.738,1800.0,3.0,10.7,normal
1697518018.333,45.764,600.0,4.0,10.7,normal
1697518018.839,46.738,600.0,5.9,10.7,normal
1697518019.342,48.199,1800.0,26.0,10.4,normal
1697518019.845,47.712,1800.0,29.1,10.6,normal
1697518020.347,47.225,1800.0,3.5,10.6,normal
1697518020.85,46.738,1800.0,3.0,10.7,normal
1697518021.353,48.199,1800.0,4.0,10.7,normal
1697518021.855,46.251,1800.0,3.5,10.7,normal
1697518022.358,46.251,1800.0,3.5,10.7,normal
1697518022.86,47.225,1800.0,4.0,10.7,normal
1697518023.363,46.738,1800.0,3.0,10.7,normal
1697518023.865,46.738,1800.0,2.0,10.7,normal
1697518024.371,46.251,600.0,3.5,10.7,normal
1697518024.877,46.738,600.0,5.0,10.7,normal
1697518025.38,46.738,1800.0,18.0,10.2,normal
1697518025.882,47.225,1800.0,35.7,10.7,normal
1697518026.385,47.225,1800.0,2.0,10.7,normal
1697518026.887,46.738,1800.0,2.5,10.7,normal
1697518027.39,47.225,1800.0,3.5,10.7,normal
1697518027.892,46.738,1800.0,3.0,10.7,normal
1697518028.395,46.738,1800.0,4.0,10.7,normal
1697518028.898,47.225,1800.0,2.5,10.7,normal
1697518029.4,46.738,1800.0,4.9,10.7,normal
1697518029.903,47.225,1800.0,3.5,10.7,normal
1697518030.408,46.738,600.0,3.9,10.7,normal
1697518030.914,46.738,600.0,5.0,10.7,normal
1697518031.417,47.225,1800.0,14.0,10.0,normal
1697518031.921,47.225,1800.0,38.1,10.6,normal
1697518032.424,47.225,1800.0,8.4,10.6,normal
1697518032.927,47.712,1800.0,3.5,10.7,normal
1697518033.429,45.764,1800.0,3.5,10.7,normal
1697518033.932,46.738,1800.0,3.5,10.7,normal
1697518034.434,47.225,1800.0,4.5,10.7,normal
1697518034.937,46.738,1800.0,3.5,10.7,normal
1697518035.439,46.738,1800.0,3.5,10.7,normal
1697518035.942,46.738,1800.0,3.5,10.7,normal
1697518036.446,46.738,800.0,3.5,10.7,normal
1697518036.952,46.251,600.0,4.4,10.7,normal
1697518037.455,46.738,1800.0,19.2,10.2,normal
1697518037.957,47.712,1800.0,36.5,10.7,normal
1697518038.46,47.225,1800.0,3.0,10.7,normal
1697518038.963,46.738,1800.0,3.9,10.7,normal
1697518039.465,47.712,1800.0,2.0,10.7,normal
1697518039.968,46.251,1800.0,4.9,10.7,normal
1697518040.47,48.199,1800.0,4.0,10.7,normal
1697518040.973,47.225,1800.0,4.0,10.7,normal
1697518041.475,46.738,1800.0,3.5,10.7,normal
1697518041.978,46.738,1800.0,5.0,10.7,normal
1697518042.482,46.251,800.0,4.5,10.7,normal
1697518042.988,47.225,600.0,5.4,10.7,normal
1697518043.492,47.712,1800.0,23.8,10.4,normal
1697518043.994,47.225,1800.0,30.7,10.7,normal
1697518044.497,47.225,1800.0,4.0,10.7,normal
1697518044.999,47.225,1800.0,4.5,10.7,normal
1697518045.502,47.712,1800.0,3.0,10.7,normal
1697518046.005,46.738,1800.0,3.5,10.7,normal
1697518046.507,47.225,1800.0,4.0,10.7,normal
1697518047.01,46.738,1800.0,3.0,10.7,normal
1697518047.512,46.738,1800.0,3.5,10.7,normal
1697518048.015,47.225,1800.0,4.0,10.7,normal
1697518048.52,45.764,600.0,4.4,10.7,normal
1697518049.025,46.738,700.0,5.9,10.7,normal
1697518049.528,47.225,1800.0,31.0,10.3,normal
1697518050.032,48.199,1800.0,61.0,10.7,normal
1697518050.535,46.738,1800.0,30.0,10.7,normal
1697518051.037,47.225,1800.0,3.5,10.7,normal
1697518051.54,47.225,1800.0,4.0,10.7,normal
1697518052.043,47.712,1800.0,3.5,10.7,normal
1697518052.546,47.225,1800.0,3.0,10.7,normal
1697518053.048,46.738,1800.0,4.5,10.7,normal
1697518053.551,47.225,1800.0,3.0,10.7,normal
1697518054.054,47.225,1800.0,4.0,10.7,normal
1697518054.558,46.738,900.0,4.0,10.7,normal
1697518055.063,46.251,800.0,5.9,10.7,normal
1697518055.568,47.712,800.0,6.4,10.6,normal
1697518056.071,47.712,1800.0,27.9,10.5,normal
1697518056.574,47.225,1800.0,24.6,10.7,normal
1697518057.077,46.738,1800.0,4.0,10.7,normal
1697518057.579,47.225,1800.0,5.9,10.7,normal
1697518058.082,46.251,1800.0,3.5,10.7,normal
1697518058.584,46.251,1800.0,3.5,10.7,normal
1697518059.087,46.738,1800.0,4.4,10.7,normal
1697518059.59,47.225,1800.0,3.0,10.7,normal
1697518060.092,47.712,1800.0,4.0,10.7,normal
1697518060.595,46.738,1800.0,3.0,10.7,normal
1697518061.1,47.225,700.0,5.9,10.7,normal
1697518061.604,46.251,1000.0,4.0,10.7,normal
1697518062.107,47.712,1800.0,23.5,10.3,normal
1697518062.61,47.225,1800.0,30.2,10.6,normal
1697518063.112,46.738,1800.0,4.5,10.6,normal
1697518063.615,46.738,1800.0,3.0,10.6,normal
1697518064.117,47.225,1800.0,4.0,10.6,normal
1697518064.62,46.738,1800.0,2.5,10.6,normal
1697518065.122,46.738,1800.0,3.0,10.6,normal
1697518065.625,47.712,1800.0,1.0,10.6,normal
1697518066.128,46.251,1800.0,2.0,10.6,normal
1697518066.63,46.251,1800.0,2.5,10.6,normal
1697518067.135,46.738,800.0,4.0,10.6,normal
1697518067.641,47.225,600.0,3.5,10.6,normal
1697518068.144,46.251,1800.0,16.4,10.2,normal
1697518068.647,47.225,1800.0,37.0,10.6,normal
1697518069.149,47.712,1800.0,7.0,10.6,normal
1697518069.652,47.225,1800.0,4.5,10.6,normal
1697518070.154,47.712,1800.0,3.5,10.6,normal
1697518070.657,47.225,1800.0,3.5,10.6,normal
1697518071.159,47.712,1800.0,3.0,10.6,normal
1697518071.662,47.712,1800.0,5.0,10.6,normal
1697518072.164,46.251,1800.0,3.0,10.6,normal
1697518072.667,46.251,1800.0,2.0,10.6,normal
1697518073.171,47.225,900.0,5.4,10.6,normal
1697518073.675,47.225,1000.0,5.0,10.6,normal
1697518074.178,47.225,1800.0,10.4,9.6,normal
1697518074.681,49.173,1800.0,29.9,10.5,normal
1697518075.184,47.712,1800.0,20.2,10.7,normal
1697518075.686,48.199,1800.0,3.5,10.7,normal
1697518076.189,46.738,1800.0,3.0,10.7,normal
1697518076.691,46.738,1800.0,3.5,10.7,normal
1697518077.194,46.251,1800.0,3.5,10.7,normal
1697518077.696,46.251,1800.0,4.0,10.7,normal
1697518078.199,46.251,1800.0,3.5,10.7,normal
1697518078.702,47.225,1800.0,3.0,10.7,normal
1697518079.206,46.738,800.0,3.4,10.7,normal
1697518079.711,45.764,900.0,6.0,10.7,normal
1697518080.214,47.225,1800.0,12.5,10.1,normal
1697518080.717,47.225,1800.0,33.3,10.6,normal
1697518081.219,47.225,1800.0,11.4,10.7,normal
1697518081.722,46.251,1800.0,5.4,10.7,normal
1697518082.224,46.738,1800.0,3.5,10.7,normal
1697518082.727,46.738,1800.0,4.0,10.7,normal
1697518083.23,47.225,1800.0,3.0,10.7,normal
1697518083.732,46.738,1800.0,4.5,10.7,normal
1697518084.235,47.712,1800.0,3.0,10.7,normal
1697518084.737,46.738,1800.0,3.0,10.7,normal
1697518085.242,47.225,700.0,3.5,10.7,normal
1697518085.747,47.225,700.0,5.4,10.7,normal
1697518086.25,47.712,1800.0,17.0,10.2,normal
1697518086.753,46.738,1800.0,37.0,10.6,normal
1697518087.256,47.225,1800.0,4.5,10.7,normal
1697518087.758,47.225,1800.0,4.9,10.7,normal
1697518088.261,46.738,1800.0,2.5,10.7,normal
1697518088.763,47.225,1800.0,3.9,10.7,normal
1697518089.266,47.225,1800.0,3.5,10.7,normal
1697518089.768,47.225,1800.0,4.5,10.7,normal
1697518090.271,46.738,1800.0,3.5,10.7,normal
1697518090.773,46.251,1800.0,3.5,10.7,normal
1697518091.279,46.738,600.0,3.5,10.7,normal
1697518091.784,46.738,600.0,5.0,10.7,normal
1697518092.287,46.251,1800.0,9.0,9.5,normal
1697518092.792,47.712,1800.0,28.2,10.5,normal
1697518093.294,47.225,1800.0,19.6,10.6,normal
1697518093.797,47.712,1800.0,3.5,10.6,normal
1697518094.299,46.738,1800.0,4.4,10.6,normal
1697518094.802,47.712,1800.0,3.5,10.6,normal
1697518095.304,47.225,1800.0,3.0,10.7,normal
1697518095.807,46.738,1800.0,4.0,10.7,normal
1697518096.31,47.225,1800.0,2.5,10.7,normal
1697518096.812,46.738,1800.0,4.0,10.7,normal
1697518097.317,46.251,700.0,3.5,10.7,normal
1697518097.823,47.225,600.0,4.5,10.7,normal
1697518098.326,46.251,1800.0,16.7,10.2,normal
1697518098.828,47.225,1800.0,37.7,10.6,normal
1697518099.331,46.251,1800.0,5.4,10.7,normal
1697518099.833,46.738,1800.0,5.0,10.7,normal
1697518100.336,47.225,1800.0,3.0,10.7,normal
1697518100.839,47.225,1800.0,4.0,10.7,normal
1697518101.341,47.712,1800.0,2.5,10.7,normal
1697518101.844,45.764,1800.0,4.5,10.7,normal
1697518102.346,46.738,1800.0,3.5,10.7,normal
1697518102.849,45.764,1800.0,4.0,10.7,normal
1697518103.354,47.712,600.0,3.0,10.7,normal
1697518103.86,47.225,600.0,5.4,10.7,normal
1697518104.363,46.738,1800.0,8.5,9.6,normal
1697518104.866,47.225,1800.0,28.4,10.6,normal
1697518105.369,47.225,1800.0,21.0,10.7,normal
1697518105.871,47.225,1800.0,4.5,10.7,normal
1697518106.374,46.251,1800.0,3.0,10.7,normal
1697518106.876,46.738,1800.0,2.5,10.7,normal
1697518107.379,47.225,1800.0,2.0,10.7,normal
1697518107.881,46.738,1800.0,3.0,10.7,normal
1697518108.384,47.712,1800.0,3.5,10.7,normal
1697518108.887,47.225,1800.0,3.0,10.7,normal
1697518109.391,46.738,700.0,4.0,10.7,normal
1697518109.897,46.738,600.0,4.5,10.7,normal
1697518110.403,47.712,600.0,4.9,10.7,normal
1697518110.907,47.712,1800.0,26.4,10.5,normal
1697518111.41,47.712,1800.0,28.4,10.7,normal
1697518111.912,46.251,1800.0,3.5,10.7,normal
1697518112.415,47.225,1800.0,4.0,10.7,normal
1697518112.917,46.738,1800.0,3.0,10.7,normal
1697518113.42,46.738,1800.0,3.0,10.7,normal
1697518113.922,46.738,1800.0,3.0,10.7,normal
1697518114.425,46.738,1800.0,3.5,10.7,normal
1697518114.927,46.738,1800.0,3.0,10.7,normal
1697518115.43,46.738,1800.0,3.5,10.7,normal
1697518115.935,47.712,600.0,4.0,10.7,normal
1697518116.441,46.738,600.0,5.0,10.7,normal
1697518116.944,46.738,1800.0,17.3,10.3,normal
1697518117.447,47.712,1800.0,37.5,10.7,normal
1697518117.95,47.225,1800.0,3.5,10.7,normal
1697518118.452,47.225,1800.0,3.5,10.7,normal
1697518118.955,46.251,1800.0,4.0,10.7,normal
1697518119.457,46.738,1800.0,2.5,10.7,normal
1697518119.96,45.764,1800.0,4.0,10.7,normal
1697518120.462,46.251,1800.0,3.0,10.7,normal
1697518120.965,46.738,1800.0,4.0,10.7,normal
1697518121.467,46.738,1800.0,2.0,10.7,normal
1697518121.973,46.251,600.0,3.0,10.7,normal
1697518122.479,47.225,600.0,4.4,10.7,normal
1697518122.982,46.738,1800.0,22.9,10.3,normal
1697518123.485,47.225,1800.0,31.0,10.7,normal
1697518123.987,47.225,1800.0,3.5,10.7,normal
1697518124.49,47.712,1800.0,4.0,10.7,normal
1697518124.992,47.225,1800.0,3.5,10.7,normal
1697518125.495,47.225,1800.0,4.5,10.7,normal
1697518125.997,47.225,1800.0,3.0,10.7,normal
1697518126.5,46.738,1800.0,3.4,10.7,normal
1697518127.002,47.225,1800.0,1.5,10.7,normal
1697518127.505,46.738,1800.0,2.0,10.7,normal
1697518128.01,45.764,800.0,3.4,10.7,normal
1697518128.515,46.251,700.0,5.0,10.7,normal
1697518129.018,45.764,1800.0,17.4,10.2,normal
1697518129.521,47.225,1800.0,37.0,10.7,normal
1697518130.024,47.712,1800.0,3.5,10.7,normal
1697518130.526,46.251,1800.0,2.0,10.7,normal
1697518131.029,46.738,1800.0,1.5,10.7,normal
1697518131.531,46.251,1800.0,6.4,10.7,normal
1697518132.034,46.738,1800.0,3.5,10.7,normal
1697518132.536,46.738,1800.0,3.0,10.7,normal
1697518133.039,46.251,1800.0,3.5,10.7,normal
1697518133.541,47.225,1800.0,3.0,10.7,normal
1697518134.047,45.764,600.0,5.4,10.7,normal
1697518134.554,46.251,600.0,4.9,10.7,normal
1697518135.062,47.225,900.0,10.4,9.6,normal
1697518135.565,46.738,1800.0,28.7,10.5,normal
1697518136.069,47.225,1800.0,23.2,10.7,normal
1697518136.571,47.225,1800.0,3.5,10.7,normal
1697518137.074,46.738,1800.0,3.5,10.7,normal
1697518137.577,47.225,1800.0,3.5,10.7,normal
1697518138.079,46.738,1800.0,4.9,10.7,normal
1697518138.582,47.225,1800.0,3.0,10.7,normal
1697518139.084,47.712,1800.0,4.0,10.7,normal
1697518139.587,46.738,1800.0,4.0,10.7,normal
1697518140.092,47.712,700.0,3.0,10.7,normal
1697518140.597,47.225,800.0,4.5,10.7,normal
1697518141.101,46.251,900.0,5.0,10.7,normal
1697518141.603,46.738,1800.0,27.0,10.5,normal
1697518142.106,47.225,1800.0,27.6,10.7,normal
1697518142.609,46.738,1800.0,3.5,10.7,normal
1697518143.111,47.712,1800.0,3.5,10.7,normal
1697518143.614,46.738,1800.0,3.5,10.7,normal
1697518144.116,47.225,1800.0,3.5,10.7,normal
1697518144.619,46.738,1800.0,5.0,10.7,normal
1697518145.121,46.738,1800.0,4.0,10.7,normal
1697518145.624,46.738,1800.0,3.0,10.7,normal
1697518146.127,46.738,1800.0,2.5,10.7,normal
1697518146.63,46.738,1100.0,5.4,10.7,normal
1697518147.135,46.251,900.0,6.4,10.5,normal
1697518147.638,46.738,1800.0,28.9,10.5,normal
1697518148.141,47.225,1800.0,22.2,10.7,normal
1697518148.643,47.225,1800.0,2.0,10.7,normal
1697518149.146,47.225,1800.0,2.5,10.7,normal
1697518149.648,46.738,1800.0,3.5,10.7,normal
1697518150.151,46.738,1800.0,2.5,10.7,normal
1697518150.654,46.738,1800.0,4.0,10.7,normal
1697518151.156,46.738,1800.0,3.0,10.7,normal
1697518151.659,46.738,1800.0,3.0,10.7,normal
1697518152.161,47.225,1800.0,2.5,10.7,normal
1697518152.665,46.251,900.0,4.9,10.7,normal
1697518153.169,46.251,1800.0,11.9,10.0,normal
1697518153.673,47.712,1800.0,32.8,10.6,normal
1697518154.175,47.712,1800.0,15.0,10.6,normal
1697518154.678,47.225,1800.0,4.9,10.6,normal
1697518155.18,48.199,1800.0,4.5,10.6,normal
1697518155.683,47.225,1800.0,3.5,10.6,normal
1697518156.186,46.738,1800.0,3.0,10.6,normal
1697518156.688,46.738,1800.0,4.0,10.6,normal
1697518157.191,46.738,1800.0,2.0,10.6,normal
1697518157.693,46.738,1800.0,4.0,10.6,normal
1697518158.198,47.712,700.0,4.0,10.6,normal
1697518158.703,46.738,800.0,4.0,10.6,normal
1697518159.205,48.199,1800.0,16.5,10.1,normal
1697518159.708,47.712,1800.0,37.5,10.6,normal
1697518160.211,47.225,1800.0,6.0,10.6,normal
1697518160.713,47.225,1800.0,3.0,10.6,normal
1697518161.216,47.225,1800.0,4.4,10.6,normal
1697518161.719,47.712,1800.0,4.0,10.6,normal
1697518162.221,47.225,1800.0,3.0,10.6,normal
1697518162.724,45.764,1800.0,3.0,10.6,normal
1697518163.226,46.251,1800.0,4.0,10.6,normal
1697518163.729,46.251,1800.0,4.0,10.6,normal
1697518164.235,46.738,600.0,3.5,10.6,normal
1697518164.74,46.251,600.0,5.9,10.6,normal
1697518165.245,47.712,1450.0,9.5,9.6,normal
1697518165.748,46.738,1800.0,28.0,10.5,normal
1697518166.25,46.738,1800.0,20.6,10.7,normal
1697518166.753,47.712,1800.0,3.5,10.7,normal
1697518167.255,47.712,1800.0,3.0,10.7,normal
1697518167.758,46.738,1800.0,3.0,10.7,normal
1697518168.26,47.712,1800.0,3.0,10.7,normal
1697518168.763,47.225,1800.0,3.0,10.7,normal
1697518169.266,47.225,1800.0,2.5,10.7,normal
1697518169.768,47.712,1800.0,5.0,10.7,normal
1697518170.273,46.738,700.0,3.0,10.7,normal
1697518170.778,47.225,600.0,4.5,10.7,normal
1697518171.282,47.225,1800.0,13.9,10.1,normal
1697518171.785,47.225,1800.0,37.9,10.6,normal
1697518172.287,46.738,1800.0,8.0,10.7,normal
1697518172.79,47.712,1800.0,4.0,10.7,normal
1697518173.292,46.738,1800.0,3.0,10.7,normal
1697518173.795,47.225,1800.0,4.0,10.7,normal
1697518174.297,47.225,1800.0,2.5,10.7,normal
1697518174.8,47.712,1800.0,4.5,10.7,normal
1697518175.302,47.225,1800.0,3.0,10.7,normal
1697518175.805,46.251,1800.0,3.5,10.7,normal
1697518176.31,46.738,600.0,3.9,10.7,normal
1697518176.816,47.225,600.0,3.5,10.7,normal
1697518177.322,46.251,600.0,7.9,10.5,normal
1697518177.825,47.712,1800.0,28.0,10.4,normal
1697518178.328,47.225,1800.0,24.8,10.6,normal
1697518178.83,47.712,1800.0,3.0,10.6,normal
1697518179.333,46.251,1800.0,3.5,10.7,normal
1697518179.835,46.738,1800.0,4.0,10.7,normal
1697518180.338,47.225,1800.0,4.5,10.7,normal
1697518180.84,46.738,1800.0,2.5,10.7,normal
1697518181.343,47.225,1800.0,3.0,10.7,normal
1697518181.846,46.738,1800.0,3.5,10.7,normal
1697518182.348,47.225,1800.0,3.0,10.7,normal
1697518182.854,46.738,600.0,3.5,10.7,normal
1697518183.358,46.251,1800.0,12.3,9.8,normal
1697518183.865,47.712,1800.0,32.8,10.5,normal
1697518184.367,47.712,1800.0,15.0,10.6,normal
1697518184.87,46.251,1800.0,4.5,10.7,normal
1697518185.372,47.225,1800.0,3.5,10.7,normal
1697518185.875,46.738,1800.0,2.0,10.7,normal
1697518186.378,46.738,1800.0,3.5,10.7,normal
1697518186.88,47.712,1800.0,1.0,10.7,normal
1697518187.383,46.738,1800.0,2.0,10.7,normal
1697518187.885,46.738,1800.0,5.0,10.7,normal
1697518188.39,47.225,700.0,2.0,10.7,normal
1697518188.895,46.251,800.0,7.9,10.7,normal
1697518189.401,46.738,600.0,5.4,10.6,normal
1697518189.903,46.738,1800.0,28.4,10.5,normal
1697518190.406,47.712,1800.0,25.0,10.7,normal
1697518190.909,47.225,1800.0,3.5,10.7,normal
1697518191.411,46.251,1800.0,3.0,10.7,normal
1697518191.914,47.225,1800.0,2.0,10.7,normal
1697518192.416,45.764,1800.0,2.5,10.7,normal
1697518192.919,47.712,1800.0,3.4,10.7,normal
1697518193.421,47.225,1800.0,3.0,10.7,normal
1697518193.924,47.225,1800.0,3.5,10.7,normal
1697518194.426,46.738,1800.0,3.9,10.7,normal
1697518194.932,46.251,600.0,5.4,10.7,normal
1697518195.437,46.251,1100.0,8.0,9.8,normal
1697518195.939,46.251,1800.0,28.7,10.5,normal
1697518196.442,46.738,1800.0,22.4,10.7,normal
1697518196.944,47.225,1800.0,4.5,10.7,normal
1697518197.447,46.738,1800.0,3.0,10.7,normal
1697518197.95,45.764,1800.0,4.0,10.7,normal
1697518198.452,47.225,1800.0,3.5,10.7,normal
1697518198.955,46.738,1800.0,4.5,10.7,normal
1697518199.457,46.738,1800.0,4.0,10.7,normal
1697518199.96,46.738,1800.0,4.5,10.7,normal
1697518200.462,47.712,1800.0,3.5,10.7,normal
1697518200.968,45.764,600.0,4.5,10.7,normal
1697518201.471,47.225,1800.0,14.4,10.1,normal
1697518201.974,47.712,1800.0,37.0,10.6,normal
1697518202.477,47.225,1800.0,7.5,10.7,normal
1697518202.98,47.712,1800.0,4.0,10.7,normal
1697518203.482,47.712,1800.0,4.0,10.7,normal
1697518203.985,47.225,1800.0,4.0,10.7,normal
1697518204.487,47.225,1800.0,2.5,10.7,normal
1697518204.99,46.738,1800.0,4.5,10.7,normal
1697518205.492,47.712,1800.0,3.5,10.7,normal
1697518205.995,46.738,1800.0,3.0,10.7,normal
1697518206.499,46.251,800.0,3.5,10.7,normal
1697518207.005,46.738,600.0,5.4,10.7,normal
1697518207.511,47.712,600.0,7.9,10.6,normal
1697518208.014,47.225,1800.0,28.9,10.5,normal
1697518208.517,47.712,1800.0,23.6,10.6,normal
1697518209.02,48.199,1800.0,4.0,10.6,normal
1697518209.522,47.712,1800.0,3.5,10.6,normal
1697518210.025,47.712,1800.0,4.0,10.7,normal
1697518210.527,47.225,1800.0,3.0,10.7,normal
1697518211.03,46.251,1800.0,4.0,10.7,normal
1697518211.532,47.225,1800.0,3.5,10.7,normal
1697518212.035,47.225,1800.0,3.5,10.7,normal
1697518212.537,47.225,1800.0,3.5,10.7,normal
1697518213.043,46.738,600.0,5.4,10.7,normal
1697518213.548,45.764,800.0,4.5,10.7,normal
1697518214.051,47.225,1800.0,24.6,10.4,normal
1697518214.554,47.712,1800.0,31.0,10.7,normal
1697518215.057,47.225,1800.0,4.5,10.7,normal
1697518215.559,47.225,1800.0,3.0,10.7,normal
1697518216.062,47.225,1800.0,3.4,10.7,normal
1697518216.565,47.712,1800.0,3.0,10.7,normal
1697518217.067,46.738,1800.0,5.0,10.7,normal
1697518217.57,46.738,1800.0,3.5,10.7,normal
1697518218.072,46.251,1800.0,2.5,10.7,normal
1697518218.575,47.225,1800.0,4.5,10.7,normal
1697518219.08,45.764,800.0,5.9,10.6,normal
1697518219.585,46.738,600.0,4.5,10.6,normal
1697518220.088,47.712,1800.0,16.0,10.2,normal
1697518220.591,48.199,1800.0,38.6,10.6,normal
1697518221.094,47.225,1800.0,4.0,10.6,normal
1697518221.596,47.225,1800.0,3.5,10.6,normal
1697518222.099,47.225,1800.0,3.5,10.6,normal
1697518222.602,46.251,1800.0,3.5,10.7,normal
1697518223.104,47.225,1800.0,2.0,10.7,normal
1697518223.607,47.225,1800.0,1.5,10.7,normal
1697518224.109,47.712,1800.0,3.5,10.7,normal
1697518224.612,47.712,1800.0,4.4,10.7,normal
1697518225.116,47.712,900.0,5.4,10.7,normal
1697518225.62,47.712,1000.0,4.9,10.7,normal
1697518226.123,46.738,1800.0,20.5,10.3,normal
1697518226.625,47.225,1800.0,33.0,10.6,normal
1697518227.128,47.225,1800.0,4.0,10.6,normal
1697518227.63,47.225,1800.0,3.5,10.6,normal
1697518228.133,47.225,1800.0,3.5,10.7,normal
1697518228.635,46.738,1800.0,3.5,10.7,normal
1697518229.138,46.738,1800.0,4.0,10.7,normal
1697518229.641,47.712,1800.0,4.0,10.7,normal
1697518230.143,48.199,1800.0,3.0,10.7,normal
1697518230.646,46.251,1800.0,3.5,10.7,normal
1697518231.15,45.764,1000.0,4.4,10.7,normal
1697518231.653,47.225,1000.0,5.4,10.7,normal
1697518232.157,46.251,1800.0,11.9,10.1,normal
1697518232.66,47.225,1800.0,32.2,10.6,normal
1697518233.163,47.225,1800.0,13.1,10.7,normal
1697518233.665,47.225,1800.0,3.5,10.7,normal
1697518234.168,47.712,1800.0,3.5,10.7,normal
1697518234.67,47.225,1800.0,4.0,10.7,normal
1697518235.173,47.712,1800.0,3.0,10.7,normal
1697518235.676,46.251,1800.0,4.0,10.7,normal
1697518236.178,47.225,1800.0,3.9,10.7,normal
1697518236.681,46.251,1800.0,3.0,10.7,normal
1697518237.186,46.738,700.0,3.5,10.7,normal
1697518237.69,47.225,900.0,4.5,10.7,normal
1697518238.193,46.251,1800.0,15.0,10.3,normal
1697518238.695,47.712,1800.0,37.0,10.6,normal
1697518239.198,47.712,1800.0,5.0,10.7,normal
1697518239.7,47.225,1800.0,4.4,10.7,normal
1697518240.203,46.738,1800.0,4.0,10.7,normal
1697518240.706,46.738,1800.0,4.0,10.7,normal
1697518241.208,46.738,1800.0,2.5,10.7,normal
1697518241.711,46.738,1800.0,3.0,10.7,normal
1697518242.213,46.738,1800.0,3.5,10.7,normal
1697518242.716,47.712,1800.0,4.4,10.7,normal
1697518243.22,47.225,900.0,3.5,10.7,normal
1697518243.725,47.225,600.0,5.0,10.7,normal
1697518244.228,47.712,1800.0,21.3,10.3,normal
1697518244.731,46.738,1800.0,35.0,10.6,normal
1697518245.234,47.712,1800.0,2.0,10.6,normal
1697518245.736,47.225,1800.0,2.0,10.7,normal
1697518246.239,46.738,1800.0,4.5,10.7,normal
1697518246.741,46.738,1800.0,2.0,10.7,normal
1697518247.244,46.738,1800.0,2.5,10.7,normal
1697518247.746,47.225,1800.0,3.0,10.7,normal
1697518248.249,46.738,1800.0,2.0,10.7,normal
1697518248.751,46.738,1800.0,3.5,10.7,normal
1697518249.256,47.225,800.0,5.4,10.7,normal
1697518249.761,46.738,600.0,5.4,10.7,normal
1697518250.265,48.199,1800.0,25.4,10.4,normal
1697518250.768,46.738,1800.0,29.6,10.7,normal
1697518251.27,47.712,1800.0,4.0,10.7,normal
1697518251.773,47.712,1800.0,2.5,10.7,normal
1697518252.275,47.225,1800.0,3.0,10.7,normal
1697518252.778,47.712,1800.0,4.0,10.7,normal
1697518253.281,47.225,1800.0,4.0,10.7,normal
1697518253.783,48.199,1800.0,4.0,10.7,normal
1697518254.286,47.225,1800.0,3.0,10.7,normal
1697518254.788,46.738,1800.0,4.0,10.7,normal
1697518255.294,45.764,600.0,4.9,10.7,normal
1697518255.8,46.738,600.0,5.0,10.7,normal
1697518256.303,47.712,1800.0,17.4,10.3,normal
1697518256.805,48.199,1800.0,37.6,10.6,normal
1697518257.308,47.225,1800.0,4.5,10.7,normal
1697518257.811,46.738,1800.0,3.5,10.7,normal
1697518258.313,47.225,1800.0,3.4,10.7,normal
1697518258.816,47.225,1800.0,3.0,10.7,normal
1697518259.318,46.738,1800.0,4.0,10.7,normal
1697518259.821,45.764,1800.0,5.0,10.7,normal
1697518260.323,47.225,1800.0,3.0,10.7,normal
1697518260.826,46.251,1800.0,3.0,10.7,normal
1697518261.332,47.225,600.0,5.9,10.7,normal
1697518261.837,46.738,600.0,5.4,10.7,normal
1697518262.344,46.738,600.0,7.4,10.6,normal
1697518262.847,47.225,1800.0,29.2,10.5,normal
1697518263.35,48.199,1800.0,23.6,10.7,normal
1697518263.853,48.686,1800.0,3.5,10.7,normal
1697518264.355,47.712,1800.0,3.5,10.7,normal
1697518264.858,47.225,1800.0,4.0,10.7,normal
1697518265.36,47.225,1800.0,3.5,10.7,normal
1697518265.863,46.251,1800.0,4.0,10.7,normal
1697518266.365,47.225,1800.0,2.5,10.7,normal
1697518266.868,46.251,1800.0,4.5,10.7,normal
1697518267.373,47.225,700.0,3.5,10.7,normal
1697518267.879,46.251,600.0,5.0,10.7,normal
1697518268.384,45.764,600.0,5.9,10.7,normal
1697518268.888,47.712,1800.0,24.1,10.4,normal
1697518269.39,46.738,1800.0,30.7,10.7,normal
1697518269.893,47.712,1800.0,4.5,10.7,normal
1697518270.395,47.225,1800.0,3.5,10.7,normal
1697518270.898,47.225,1800.0,3.5,10.7,normal
1697518271.4,47.712,1800.0,3.0,10.7,normal
1697518271.903,46.738,1800.0,4.0,10.7,normal
1697518272.406,48.199,1800.0,2.5,10.7,normal
1697518272.908,45.764,1800.0,3.9,10.7,normal
1697518273.411,46.251,1800.0,2.5,10.7,normal
1697518273.916,47.225,600.0,3.0,10.7,normal
1697518274.422,45.764,600.0,4.0,10.6,normal
1697518274.925,47.225,1800.0,28.6,10.5,normal
1697518275.428,47.225,1800.0,26.2,10.7,normal
1697518275.931,46.738,1800.0,3.0,10.7,normal
1697518276.433,47.225,1800.0,3.0,10.7,normal
1697518276.936,47.225,1800.0,3.5,10.7,normal
1697518277.438,47.712,1800.0,4.0,10.7,normal
1697518277.941,47.225,1800.0,3.5,10.7,normal
1697518278.443,48.199,1800.0,4.0,10.7,normal
1697518278.946,47.712,1800.0,3.0,10.7,normal
1697518279.448,46.738,1800.0,4.0,10.7,normal
1697518279.954,46.738,600.0,5.4,10.7,normal
1697518280.459,47.225,1100.0,8.5,10.0,normal
1697518280.962,47.712,1800.0,28.2,10.5,normal
1697518281.465,47.712,1800.0,22.5,10.7,normal
1697518281.967,46.738,1800.0,4.4,10.7,normal
1697518282.47,48.199,1800.0,3.0,10.7,normal
1697518282.972,47.712,1800.0,2.5,10.7,normal
1697518283.475,47.712,1800.0,2.0,10.7,normal
1697518283.977,47.225,1800.0,1.5,10.7,normal
1697518284.48,47.712,1800.0,4.5,10.7,normal
1697518284.982,47.225,1800.0,4.0,10.7,normal
1697518285.485,46.738,1800.0,3.5,10.7,normal
1697518285.99,46.251,600.0,4.0,10.7,normal
1697518286.496,46.738,600.0,4.5,10.7,normal
1697518287.0,46.738,1800.0,25.0,10.3,normal
1697518287.502,48.199,1800.0,30.5,10.6,normal
1697518288.005,47.225,1800.0,3.5,10.6,normal
1697518288.507,47.712,1800.0,3.0,10.6,normal
1697518289.01,47.225,1800.0,4.5,10.6,normal
1697518289.512,47.712,1800.0,4.5,10.6,normal
1697518290.015,47.225,1800.0,4.0,10.6,normal
1697518290.518,46.738,1800.0,3.0,10.6,normal
1697518291.02,47.225,1800.0,4.5,10.6,normal
1697518291.523,46.251,1800.0,3.9,10.6,normal
1697518292.028,46.251,600.0,3.5,10.6,normal
1697518292.534,46.738,600.0,5.0,10.6,normal
1697518293.037,46.738,1800.0,30.7,10.4,normal
1697518293.54,47.225,1800.0,26.0,10.6,normal
1697518294.043,46.738,1800.0,3.5,10.6,normal
1697518294.545,47.712,1800.0,3.0,10.6,normal
1697518295.048,47.225,1800.0,5.0,10.7,normal
1697518295.551,46.738,1800.0,3.9,10.7,normal
1697518296.054,47.225,1800.0,3.5,10.7,normal
1697518296.556,47.712,1800.0,3.0,10.7,normal
1697518297.059,46.738,1800.0,5.0,10.7,normal
1697518297.561,46.738,1800.0,3.5,10.7,normal
1697518298.066,47.712,700.0,4.0,10.7,normal
1697518298.571,46.738,1800.0,9.9,9.8,normal
1697518299.076,48.199,1800.0,31.3,10.6,normal
1697518299.578,47.712,1800.0,19.3,10.7,normal
1697518300.081,47.712,1800.0,3.5,10.7,normal
1697518300.583,47.225,1800.0,2.0,10.7,normal
1697518301.086,47.712,1800.0,5.9,10.7,normal
1697518301.589,47.225,1800.0,3.0,10.7,normal
1697518302.091,46.738,1800.0,3.5,10.7,normal
1697518302.594,47.712,1800.0,3.0,10.7,normal
1697518303.096,45.764,1800.0,4.0,10.7,normal
1697518303.601,47.225,700.0,4.5,10.7,normal
1697518304.106,46.251,900.0,5.4,10.7,normal
1697518304.61,47.712,800.0,6.4,10.7,normal
1697518305.113,47.225,1800.0,26.5,10.5,normal
1697518305.615,47.712,1800.0,22.0,10.7,normal
1697518306.118,46.738,1800.0,4.5,10.7,normal
1697518306.621,46.738,1800.0,2.0,10.7,normal
1697518307.123,46.738,1800.0,1.0,10.7,normal
1697518307.626,46.738,1800.0,3.5,10.7,normal
1697518308.128,46.251,1800.0,3.5,10.7,normal
1697518308.631,47.225,1800.0,2.5,10.7,normal
1697518309.134,47.225,1800.0,7.4,10.7,normal
1697518309.638,47.712,700.0,5.0,10.7,normal
1697518310.143,45.764,1000.0,4.5,10.7,normal
1697518310.646,47.225,1400.0,9.5,9.6,normal
1697518311.148,47.225,1800.0,28.4,10.5,normal
1697518311.651,47.225,1800.0,21.0,10.6,normal
1697518312.154,47.712,1800.0,3.0,10.6,normal
1697518312.656,46.251,1800.0,3.5,10.6,normal
1697518313.159,47.225,1800.0,4.0,10.6,normal
1697518313.661,47.225,1800.0,3.0,10.7,normal
1697518314.164,46.738,1800.0,3.0,10.7,normal
1697518314.666,47.225,1800.0,4.0,10.7,normal
1697518315.169,46.251,1800.0,3.0,10.7,normal
1697518315.674,48.199,700.0,2.0,10.7,normal
1697518316.178,47.225,900.0,3.5,10.7,normal
1697518316.682,46.251,900.0,3.0,10.7,normal
1697518317.185,47.712,1800.0,27.4,10.4,normal
1697518317.688,46.738,1800.0,27.1,10.6,normal
1697518318.19,47.225,1800.0,3.5,10.6,normal
1697518318.693,46.738,1800.0,3.5,10.6,normal
1697518319.195,47.225,1800.0,4.0,10.7,normal
1697518319.698,47.225,1800.0,4.5,10.6,normal
1697518320.2,48.199,1800.0,3.0,10.6,normal
1697518320.703,47.225,1800.0,3.9,10.7,normal
1697518321.205,45.764,1800.0,4.5,10.6,normal
1697518321.708,46.738,1800.0,4.0,10.6,normal
1697518322.212,47.225,900.0,4.0,10.7,normal
1697518322.716,47.225,900.0,4.9,10.6,normal
1697518323.219,47.712,1800.0,20.1,10.3,normal
1697518323.722,47.225,1800.0,34.7,10.7,normal
1697518324.225,47.712,1800.0,4.5,10.7,normal
1697518324.727,47.712,1800.0,4.0,10.7,normal
1697518325.23,46.738,1800.0,5.4,10.7,normal
1697518325.732,47.225,1800.0,3.0,10.7,normal
1697518326.235,46.738,1800.0,1.5,10.7,normal
1697518326.737,46.251,1800.0,5.9,10.7,normal
1697518327.24,46.738,1800.0,4.5,10.7,normal
1697518327.743,47.712,1800.0,3.0,10.7,normal
1697518328.247,48.199,900.0,4.0,10.7,normal
1697518328.751,46.738,900.0,5.4,10.7,normal
1697518329.254,46.251,1800.0,23.4,10.4,normal
1697518329.757,47.712,1800.0,31.8,10.7,normal
1697518330.259,46.738,1800.0,3.5,10.7,normal
1697518330.762,47.225,1800.0,3.5,10.7,normal
1697518331.264,47.225,1800.0,3.9,10.7,normal
1697518331.767,46.738,1800.0,4.0,10.7,normal
1697518332.269,47.225,1800.0,3.0,10.7,normal
1697518332.772,47.225,1800.0,3.5,10.7,normal
1697518333.274,46.738,1800.0,2.5,10.7,normal
1697518333.777,46.738,1800.0,4.0,10.7,normal
1697518334.282,46.738,600.0,4.0,10.7,normal
1697518334.788,45.764,600.0,5.9,10.7,normal
1697518335.292,48.199,1800.0,27.5,10.4,normal
1697518335.795,47.225,1800.0,26.9,10.7,normal
1697518336.298,46.738,1800.0,12.9,10.7,normal
1697518336.8,47.225,1800.0,3.5,10.7,normal
1697518337.303,47.712,1800.0,3.5,10.7,normal
1697518337.805,47.225,1800.0,2.5,10.7,normal
1697518338.308,47.225,1800.0,4.5,10.7,normal
1697518338.81,46.738,1800.0,4.0,10.7,normal
1697518339.313,46.251,1800.0,3.5,10.7,normal
1697518339.816,46.251,1800.0,3.5,10.7,normal
1697518340.321,46.251,600.0,5.4,10.7,normal
1697518340.827,47.225,600.0,4.9,10.7,normal
1697518341.33,47.225,1800.0,22.3,10.3,normal
1697518341.832,47.712,1800.0,33.2,10.6,normal
1697518342.335,47.712,1800.0,3.0,10.6,normal
1697518342.838,46.738,1800.0,3.0,10.6,normal
1697518343.34,46.738,1800.0,1.0,10.6,normal
1697518343.843,46.251,1800.0,1.5,10.6,normal
1697518344.345,46.251,1800.0,4.9,10.6,normal
1697518344.848,47.225,1800.0,3.5,10.7,normal
1697518345.35,47.225,1800.0,4.5,10.7,normal
1697518345.853,46.738,1800.0,3.5,10.7,normal
1697518346.358,47.712,600.0,3.5,10.7,normal
1697518346.864,46.251,600.0,5.9,10.7,normal
1697518347.367,47.225,1800.0,14.9,10.2,normal
1697518347.87,48.199,1800.0,37.5,10.6,normal
1697518348.373,47.225,1800.0,5.0,10.7,normal
1697518348.875,45.764,1800.0,4.9,10.7,normal
1697518349.378,47.225,1800.0,3.0,10.7,normal
1697518349.88,46.738,1800.0,5.0,10.7,normal
1697518350.383,47.225,1800.0,3.0,10.7,normal
1697518350.885,46.738,1800.0,4.0,10.7,normal
1697518351.388,46.738,1800.0,4.0,10.7,normal
1697518351.89,46.738,1800.0,3.5,10.7,normal
1697518352.396,46.738,600.0,3.0,10.7,normal
1697518352.902,46.251,600.0,4.9,10.7,normal
1697518353.405,47.712,1800.0,17.9,10.2,normal
1697518353.907,47.712,1800.0,34.2,10.6,normal
1697518354.41,47.225,1800.0,3.0,10.6,normal
1697518354.912,47.225,1800.0,4.0,10.6,normal
1697518355.415,47.225,1800.0,4.0,10.6,normal
1697518355.917,46.251,1800.0,3.5,10.6,normal
1697518356.42,46.738,1800.0,3.0,10.7,normal
1697518356.923,45.764,1800.0,3.0,10.7,normal
1697518357.425,47.712,1800.0,2.5,10.6,normal
1697518357.928,46.738,1800.0,3.0,10.7,normal
1697518358.433,46.251,600.0,3.0,10.7,normal
1697518358.939,47.225,600.0,4.0,10.7,normal
1697518359.442,47.225,1800.0,13.4,10.2,normal
1697518359.945,48.199,1800.0,36.7,10.6,normal
1697518360.448,47.225,1800.0,8.4,10.7,normal
1697518360.95,46.738,1800.0,3.0,10.7,normal
1697518361.453,47.225,1800.0,4.0,10.6,normal
1697518361.955,46.738,1800.0,3.0,10.6,normal
1697518362.458,46.738,1800.0,2.5,10.7,normal
1697518362.96,46.738,1800.0,3.5,10.6,normal
1697518363.463,46.251,1800.0,2.5,10.6,normal
1697518363.966,47.712,1800.0,4.5,10.7,normal
1697518364.47,46.251,700.0,3.5,10.6,normal
1697518364.976,47.225,600.0,6.9,10.6,normal
1697518365.483,47.225,600.0,8.3,10.5,normal
1697518365.987,48.199,1800.0,30.0,10.4,normal
1697518366.489,47.712,1800.0,22.9,10.6,normal
1697518366.992,48.199,1800.0,3.0,10.6,normal
1697518367.494,47.712,1800.0,4.0,10.6,normal
1697518367.997,45.764,1800.0,1.5,10.6,normal
1697518368.499,46.251,1800.0,2.5,10.6,normal
1697518369.002,47.225,1800.0,4.0,10.7,normal
1697518369.504,47.712,1800.0,3.5,10.7,normal
1697518370.007,47.712,1800.0,5.0,10.7,normal
1697518370.51,47.225,1800.0,3.0,10.7,normal
1697518371.015,46.738,600.0,4.4,10.7,normal
1697518371.521,45.764,600.0,4.4,10.7,normal
1697518372.023,47.225,1800.0,24.1,10.4,normal
1697518372.526,47.712,1800.0,30.5,10.7,normal
1697518373.029,47.225,1800.0,2.5,10.7,normal
1697518373.531,46.738,1800.0,4.4,10.7,normal
1697518374.034,47.225,1800.0,3.5,10.7,normal
1697518374.537,46.738,1800.0,4.0,10.7,normal
1697518375.04,47.225,1800.0,4.0,10.7,normal
1697518375.543,46.738,1800.0,4.0,10.7,normal
1697518376.046,46.738,1800.0,3.0,10.7,normal
1697518376.548,47.712,1800.0,5.4,10.7,normal
1697518377.054,46.738,600.0,4.4,10.7,normal
1697518377.563,47.225,600.0,6.4,10.7,normal
1697518378.066,47.225,1800.0,18.9,10.2,normal
1697518378.569,48.199,1800.0,37.5,10.7,normal
1697518379.071,47.712,1800.0,3.0,10.7,normal
1697518379.574,47.712,1800.0,4.0,10.7,normal
1697518380.076,46.738,1800.0,5.0,10.7,normal
1697518380.579,48.199,1800.0,4.5,10.7,normal
1697518381.082,46.738,1800.0,3.5,10.7,normal
1697518381.584,46.738,1800.0,4.0,10.7,normal
1697518382.087,47.712,1800.0,4.0,10.7,normal
1697518382.589,47.225,1800.0,4.0,10.7,normal
1697518383.094,46.738,800.0,4.0,10.7,normal
1697518383.599,46.251,600.0,4.5,10.7,normal
1697518384.103,47.225,1800.0,11.4,9.9,normal
1697518384.607,48.199,1800.0,32.7,10.5,normal
1697518385.11,47.712,1800.0,15.9,10.6,normal
1697518385.612,47.712,1800.0,3.0,10.6,normal
1697518386.115,45.764,1800.0,2.0,10.6,normal
1697518386.618,47.225,1800.0,5.9,10.6,normal
1697518387.12,47.225,1800.0,3.0,10.7,normal
1697518387.623,47.712,1800.0,3.5,10.7,normal
1697518388.125,47.712,1800.0,3.0,10.7,normal
1697518388.628,47.225,1800.0,5.4,10.7,normal
1697518389.133,46.738,700.0,3.4,10.7,normal
1697518389.637,46.738,800.0,5.0,10.7,normal
1697518390.14,47.225,1800.0,16.0,10.2,normal
1697518390.643,48.199,1800.0,37.0,10.6,normal
1697518391.146,48.199,1800.0,5.0,10.6,normal
1697518391.648,47.225,1800.0,3.5,10.7,normal
1697518392.151,47.225,1800.0,3.0,10.7,normal
1697518392.653,46.738,1800.0,4.5,10.7,normal
1697518393.156,47.225,1800.0,3.5,10.7,normal
1697518393.658,46.251,1800.0,3.5,10.7,normal
1697518394.161,48.199,1800.0,3.5,10.7,normal
1697518394.663,46.738,1800.0,5.0,10.7,normal
1697518395.167,47.712,1100.0,4.5,10.7,normal
1697518395.671,45.764,900.0,4.0,10.7,normal
1697518396.175,47.225,1000.0,8.5,9.6,normal
1697518396.679,47.712,1800.0,29.7,10.5,normal
1697518397.181,46.738,1800.0,21.1,10.6,normal
1697518397.684,47.225,1800.0,2.0,10.6,normal
1697518398.187,47.712,1800.0,3.0,10.6,normal
1697518398.689,48.199,1800.0,2.0,10.6,normal
1697518399.192,47.225,1800.0,4.0,10.7,normal
1697518399.694,47.225,1800.0,3.0,10.7,normal
1697518400.197,48.199,1800.0,3.0,10.7,normal
1697518400.699,45.764,1800.0,3.5,10.7,normal
1697518401.202,48.199,1800.0,3.0,10.7,normal
1697518401.706,46.738,1000.0,4.0,10.7,normal
1697518402.21,46.738,1200.0,12.3,10.0,normal
1697518402.715,48.199,1800.0,30.2,10.5,normal
1697518403.217,47.225,1800.0,17.0,10.6,normal
1697518403.72,46.738,1800.0,3.5,10.6,normal
1697518404.222,47.712,1800.0,4.4,10.6,normal
1697518404.725,48.199,1800.0,4.5,10.6,normal
1697518405.227,46.738,1800.0,2.5,10.6,normal
1697518405.73,47.225,1800.0,3.5,10.6,normal
1697518406.233,47.225,1800.0,3.9,10.6,normal
1697518406.735,47.225,1800.0,3.5,10.6,normal
1697518407.238,47.225,1800.0,3.5,10.7,normal
1697518407.742,47.225,900.0,4.5,10.7,normal
1697518408.245,46.738,1800.0,15.0,10.1,normal
1697518408.747,49.173,1800.0,36.8,10.6,normal
1697518409.25,47.712,1800.0,6.5,10.6,normal
1697518409.753,47.712,1800.0,4.0,10.6,normal
1697518410.255,47.225,1800.0,5.0,10.6,normal
1697518410.758,47.712,1800.0,4.5,10.6,normal
1697518411.26,46.738,1800.0,3.0,10.7,normal
1697518411.763,47.225,1800.0,3.0,10.7,normal
1697518412.265,46.738,1800.0,3.0,10.7,normal
1697518412.768,47.225,1800.0,4.0,10.7,normal
1697518413.272,46.251,800.0,3.9,10.7,normal
1697518413.777,46.251,700.0,4.0,10.7,normal
1697518414.283,46.738,800.0,8.9,10.5,normal
1697518414.787,46.738,1800.0,30.7,10.5,normal
1697518415.29,47.225,1800.0,20.6,10.7,normal
1697518415.792,47.712,1800.0,4.0,10.7,normal
1697518416.295,47.712,1800.0,3.5,10.7,normal
1697518416.797,46.738,1800.0,4.4,10.7,normal
1697518417.3,47.712,1800.0,3.0,10.7,normal
1697518417.803,46.738,1800.0,3.5,10.7,normal
1697518418.305,47.712,1800.0,3.5,10.7,normal
1697518418.808,47.712,1800.0,3.0,10.7,normal
1697518419.312,47.225,700.0,3.9,10.7,normal
1697518419.818,46.738,600.0,5.4,10.7,normal
1697518420.321,46.251,1800.0,12.9,10.1,normal
1697518420.824,47.712,1800.0,36.5,10.6,normal
1697518421.327,48.199,1800.0,8.5,10.7,normal
1697518421.829,47.225,1800.0,3.0,10.7,normal
1697518422.332,47.225,1800.0,2.5,10.7,normal
1697518422.834,47.225,1800.0,4.0,10.7,normal
1697518423.337,47.225,1800.0,3.5,10.7,normal
1697518423.839,46.738,1800.0,4.0,10.6,normal
1697518424.342,46.738,1800.0,3.0,10.6,normal
1697518424.845,48.199,1800.0,4.0,10.6,normal
1697518425.35,47.712,600.0,4.9,10.6,normal
1697518425.856,47.225,600.0,3.5,10.6,normal
1697518426.359,46.251,1800.0,18.2,10.3,normal
1697518426.861,47.712,1800.0,36.3,10.7,normal
1697518427.364,47.712,1800.0,2.5,10.7,normal
1697518427.866,48.199,1800.0,1.5,10.7,normal
1697518428.369,47.712,1800.0,3.5,10.7,normal
1697518428.872,48.199,1800.0,4.0,10.7,normal
1697518429.374,47.712,1800.0,4.4,10.7,normal
1697518429.877,46.738,1800.0,5.0,10.7,normal
1697518430.379,46.738,1800.0,3.0,10.7,normal
1697518430.882,46.738,1800.0,3.5,10.7,normal
1697518431.387,47.225,600.0,3.4,10.7,normal
1697518431.893,47.225,600.0,5.4,10.7,normal
1697518432.396,47.225,1800.0,23.4,10.3,normal
1697518432.899,48.686,1800.0,32.2,10.6,normal
1697518433.402,47.225,1800.0,3.5,10.6,normal
1697518433.904,47.712,1800.0,4.5,10.6,normal
1697518434.407,48.199,1800.0,2.5,10.6,normal
1697518434.909,47.225,1800.0,4.5,10.6,normal
1697518435.412,46.738,1800.0,3.0,10.6,normal
1697518435.914,46.738,1800.0,3.5,10.6,normal
1697518436.417,47.225,1800.0,4.0,10.6,normal
1697518436.919,46.738,1800.0,3.0,10.6,normal
1697518437.425,45.764,600.0,3.0,10.6,normal
1697518437.931,47.712,600.0,4.0,10.6,normal
1697518438.434,47.225,1800.0,16.4,10.2,normal
1697518438.936,47.712,1800.0,37.0,10.6,normal
1697518439.439,47.225,1800.0,3.5,10.7,normal
1697518439.942,47.712,1800.0,4.0,10.7,normal
1697518440.444,47.225,1800.0,3.0,10.7,normal
1697518440.947,47.712,1800.0,3.5,10.7,normal
1697518441.449,47.225,1800.0,3.5,10.7,normal
1697518441.952,47.712,1800.0,3.0,10.7,normal
1697518442.455,46.251,1800.0,2.5,10.7,normal
1697518442.957,45.764,1800.0,3.0,10.7,normal
1697518443.463,46.738,600.0,3.5,10.7,normal
1697518443.968,46.738,600.0,5.0,10.7,normal
1697518444.473,46.738,900.0,9.0,9.7,normal
1697518444.976,47.712,1800.0,29.2,10.4,normal
1697518445.479,48.199,1800.0,21.9,10.6,normal
1697518445.982,47.712,1800.0,3.9,10.6,normal
1697518446.484,47.225,1800.0,3.0,10.6,normal
1697518446.987,47.712,1800.0,5.0,10.6,normal
1697518447.489,46.251,1800.0,3.5,10.6,normal
1697518447.992,46.251,1800.0,3.0,10.6,normal
1697518448.494,47.225,1800.0,3.0,10.6,normal
1697518448.997,46.738,1800.0,4.0,10.6,normal
1697518449.499,46.738,1800.0,4.4,10.6,normal
1697518450.005,46.738,600.0,4.0,10.6,normal
1697518450.51,46.738,600.0,5.4,10.6,normal
1697518451.014,46.738,1800.0,26.1,10.4,normal
1697518451.517,48.199,1800.0,28.5,10.6,normal
1697518452.019,47.225,1800.0,3.0,10.6,normal
1697518452.522,47.712,1800.0,3.5,10.6,normal
1697518453.024,47.225,1800.0,3.5,10.6,normal
1697518453.527,46.251,1800.0,4.0,10.6,normal
1697518454.029,47.225,1800.0,2.5,10.6,normal
1697518454.532,47.712,1800.0,4.0,10.6,normal
1697518455.035,47.225,1800.0,3.5,10.7,normal
1697518455.537,46.738,1800.0,5.0,10.7,normal
1697518456.043,46.738,600.0,5.9,10.7,normal
1697518456.55,48.199,600.0,5.4,10.7,normal
1697518457.053,46.738,1800.0,19.0,10.2,normal
1697518457.555,47.225,1800.0,36.3,10.6,normal
1697518458.058,48.199,1800.0,5.5,10.6,normal
1697518458.561,47.712,1800.0,3.0,10.6,normal
1697518459.063,48.199,1800.0,3.0,10.6,normal
1697518459.566,49.173,1800.0,5.0,10.7,normal
1697518460.068,47.225,1800.0,4.9,10.7,normal
1697518460.571,49.173,1800.0,3.5,10.7,normal
1697518461.073,47.225,1800.0,3.0,10.7,normal
1697518461.576,47.225,1800.0,3.5,10.7,normal
1697518462.081,47.225,600.0,2.0,10.7,normal
1697518462.587,47.225,700.0,8.3,10.7,normal
1697518463.09,46.251,1800.0,12.4,9.9,normal
1697518463.593,47.712,1800.0,31.8,10.5,normal
1697518464.096,48.686,1800.0,17.0,10.6,normal
1697518464.599,47.712,1800.0,4.4,10.6,normal
1697518465.101,47.712,1800.0,4.0,10.6,normal
1697518465.604,47.712,1800.0,3.5,10.6,normal
1697518466.106,46.738,1800.0,3.5,10.6,normal
1697518466.609,47.712,1800.0,3.5,10.6,normal
1697518467.111,46.738,1800.0,3.5,10.7,normal
1697518467.614,47.712,1800.0,4.5,10.7,normal
1697518468.119,48.199,700.0,4.0,10.7,normal
1697518468.623,45.764,900.0,4.5,10.7,normal
1697518469.128,46.738,800.0,4.5,10.6,normal
1697518469.632,48.686,1800.0,29.7,10.4,normal
1697518470.134,47.712,1800.0,27.6,10.6,normal
1697518470.637,47.225,1800.0,3.5,10.6,normal
1697518471.139,47.225,1800.0,3.5,10.6,normal
1697518471.642,48.686,1800.0,3.0,10.6,normal
1697518472.144,47.225,1800.0,4.5,10.7,normal
1697518472.647,47.225,1800.0,3.0,10.7,normal
1697518473.15,48.199,1800.0,3.0,10.7,normal
1697518473.652,47.712,1800.0,3.0,10.7,normal
1697518474.155,47.225,1800.0,4.0,10.7,normal
1697518474.659,46.251,800.0,5.9,10.7,normal
1697518475.163,46.738,1000.0,5.4,10.6,normal
1697518475.666,47.712,1800.0,19.8,10.3,normal
1697518476.169,46.251,1800.0,35.3,10.6,normal
1697518476.671,47.712,1800.0,3.9,10.6,normal
1697518477.174,47.225,1800.0,3.5,10.7,normal
1697518477.676,47.225,1800.0,3.5,10.7,normal
1697518478.179,46.251,1800.0,3.0,10.7,normal
1697518478.681,46.738,1800.0,4.0,10.7,normal
1697518479.184,46.738,1800.0,3.5,10.7,normal
1697518479.686,47.712,1800.0,4.5,10.7,normal
1697518480.189,46.251,1800.0,2.5,10.7,normal
1697518480.693,46.251,1000.0,5.5,10.7,normal
1697518481.196,46.251,1100.0,4.5,10.7,normal
1697518481.7,45.764,1000.0,7.5,9.5,normal
1697518482.204,47.712,1800.0,28.7,10.4,normal
1697518482.706,47.712,1800.0,22.4,10.6,normal
1697518483.209,47.712,1800.0,2.5,10.6,normal
1697518483.711,46.738,1800.0,2.5,10.6,normal
1697518484.214,48.199,1800.0,4.9,10.6,normal
1697518484.717,47.225,1800.0,3.5,10.6,normal
1697518485.219,47.712,1800.0,3.5,10.6,normal
1697518485.722,46.251,1800.0,1.5,10.6,normal
1697518486.224,46.738,1800.0,2.5,10.6,normal
1697518486.727,47.225,1800.0,3.5,10.6,normal
1697518487.232,47.225,700.0,3.5,10.6,normal
1697518487.736,46.251,1800.0,10.4,9.9,normal
1697518488.239,47.225,1800.0,32.3,10.5,normal
1697518488.742,47.712,1800.0,15.6,10.7,normal
1697518489.244,47.712,1800.0,1.0,10.7,normal
1697518489.747,47.225,1800.0,6.9,10.7,normal
1697518490.25,47.712,1800.0,3.0,10.7,normal
1697518490.752,46.738,1800.0,3.0,10.7,normal
1697518491.255,46.738,1800.0,3.5,10.7,normal
1697518491.757,46.738,1800.0,4.0,10.7,normal
1697518492.26,46.738,1800.0,3.5,10.7,normal
1697518492.764,47.225,800.0,3.5,10.7,normal
1697518493.269,47.225,800.0,5.4,10.7,normal
1697518493.772,45.764,1800.0,16.4,10.2,normal
1697518494.274,47.712,1800.0,36.7,10.6,normal
1697518494.777,47.225,1800.0,6.0,10.7,normal
1697518495.279,47.225,1800.0,3.5,10.7,normal
1697518495.782,47.225,1800.0,4.0,10.7,normal
1697518496.284,47.225,1800.0,3.0,10.7,normal
1697518496.787,46.738,1800.0,4.0,10.7,normal
1697518497.289,46.251,1800.0,2.5,10.7,normal
1697518497.792,47.712,1800.0,4.0,10.7,normal
1697518498.295,47.712,1800.0,3.5,10.7,normal
1697518498.799,46.251,800.0,3.0,10.7,normal
1697518499.305,47.712,600.0,5.0,10.7,normal
1697518499.807,47.712,1800.0,21.9,10.4,normal
1697518500.31,47.712,1800.0,34.5,10.7,normal
1697518500.813,47.712,1800.0,3.5,10.7,normal
1697518501.315,47.225,1800.0,4.4,10.7,normal
1697518501.818,47.712,1800.0,4.0,10.7,normal
1697518502.32,47.712,1800.0,3.5,10.7,normal
1697518502.823,48.199,1800.0,4.0,10.7,normal
1697518503.325,47.225,1800.0,2.5,10.7,normal
1697518503.828,47.225,1800.0,4.4,10.7,normal
1697518504.33,48.199,1800.0,3.0,10.7,normal
1697518504.836,46.738,600.0,5.5,10.7,normal
1697518505.342,47.712,600.0,4.5,10.7,normal
1697518505.845,46.738,1800.0,15.5,10.2,normal
1697518506.347,48.199,1800.0,36.3,10.6,normal
1697518506.85,47.712,1800.0,7.4,10.7,normal
1697518507.352,47.712,1800.0,2.5,10.7,normal
1697518507.855,46.738,1800.0,3.9,10.7,normal
1697518508.358,46.738,1800.0,3.0,10.7,normal
1697518508.86,47.225,1800.0,3.5,10.7,normal
1697518509.363,47.712,1800.0,3.5,10.7,normal
1697518509.865,46.738,1800.0,5.9,10.7,normal
1697518510.368,47.225,1800.0,3.5,10.7,normal
1697518510.873,47.225,600.0,4.4,10.7,normal
1697518511.379,46.251,600.0,4.4,10.7,normal
1697518511.882,46.738,1800.0,19.5,10.3,normal
1697518512.385,47.712,1800.0,36.3,10.7,normal
1697518512.887,48.199,1800.0,3.0,10.7,normal
1697518513.39,46.738,1800.0,3.5,10.7,normal
1697518513.892,47.225,1800.0,4.5,10.7,normal
1697518514.395,46.738,1800.0,2.5,10.7,normal
1697518514.897,46.738,1800.0,4.0,10.7,normal
1697518515.4,46.251,1800.0,4.0,10.7,normal
1697518515.902,47.712,1800.0,4.5,10.7,normal
1697518516.405,47.712,1800.0,4.5,10.7,normal
1697518516.91,47.225,600.0,2.5,10.7,normal
1697518517.416,47.225,600.0,3.9,10.7,normal
1697518517.919,47.712,1800.0,24.5,10.5,normal
1697518518.422,47.225,1800.0,30.7,10.8,normal
1697518518.924,47.225,1800.0,3.0,10.8,normal
1697518519.427,46.738,1800.0,3.0,10.8,normal
1697518519.929,47.712,1800.0,3.5,10.7,normal
1697518520.432,47.225,1800.0,3.5,10.8,normal
1697518520.934,46.738,1800.0,3.5,10.7,normal
1697518521.437,47.225,1800.0,2.5,10.7,normal
1697518521.939,46.251,1800.0,4.0,10.7,normal
1697518522.442,46.738,1800.0,2.0,10.7,normal
1697518522.947,47.225,600.0,2.5,10.7,normal
1697518523.453,47.225,600.0,1.5,10.7,normal
1697518523.956,47.712,1800.0,15.0,10.2,normal
1697518524.459,47.225,1800.0,39.2,10.7,normal
1697518524.961,47.225,1800.0,4.5,10.7,normal
1697518525.464,46.738,1800.0,3.9,10.7,normal
1697518525.966,47.225,1800.0,3.0,10.7,normal
1697518526.469,46.738,1800.0,3.0,10.7,normal
1697518526.971,47.712,1800.0,3.5,10.7,normal
1697518527.474,48.199,1800.0,3.0,10.7,normal
1697518527.976,46.738,1800.0,3.9,10.7,normal
1697518528.479,47.225,1800.0,4.5,10.7,normal
1697518528.984,47.225,700.0,3.5,10.7,normal
1697518529.489,47.712,600.0,4.9,10.7,normal
1697518529.994,46.251,900.0,11.8,9.6,normal
1697518530.497,48.199,1800.0,29.4,10.5,normal
1697518531.0,47.225,1800.0,20.6,10.6,normal
1697518531.502,47.712,1800.0,3.5,10.6,normal
1697518532.005,46.251,1800.0,3.5,10.6,normal
1697518532.507,48.199,1800.0,4.5,10.7,normal
1697518533.01,46.738,1800.0,3.5,10.7,normal
1697518533.512,47.225,1800.0,3.5,10.7,normal
1697518534.015,46.738,1800.0,3.0,10.7,normal
1697518534.518,47.225,1800.0,3.5,10.7,normal
1697518535.021,47.225,1800.0,4.5,10.7,normal
1697518535.526,46.251,600.0,4.0,10.7,normal
1697518536.033,46.738,600.0,5.4,10.7,normal
1697518536.536,47.712,1800.0,27.5,10.5,normal
1697518537.04,46.738,1800.0,27.8,10.7,normal
1697518537.542,47.712,1800.0,4.4,10.7,normal
1697518538.045,47.712,1800.0,2.5,10.7,normal
1697518538.547,48.199,1800.0,4.5,10.7,normal
1697518539.05,48.199,1800.0,3.0,10.7,normal
1697518539.552,47.712,1800.0,3.5,10.7,normal
1697518540.055,47.225,1800.0,4.0,10.7,normal
1697518540.558,49.173,1800.0,5.0,10.7,normal
1697518541.06,48.199,1800.0,2.5,10.7,normal
1697518541.565,46.251,800.0,3.5,10.7,normal
1697518542.071,47.225,600.0,6.4,10.6,normal
1697518542.574,47.712,1800.0,27.7,10.5,normal
1697518543.077,48.199,1800.0,24.1,10.7,normal
1697518543.579,46.251,1800.0,3.5,10.7,normal
1697518544.082,46.738,1800.0,3.5,10.7,normal
1697518544.584,47.225,1800.0,5.4,10.7,normal
1697518545.087,47.225,1800.0,4.5,10.7,normal
1697518545.59,47.712,1800.0,1.0,10.7,normal
1697518546.092,47.712,1800.0,3.5,10.7,normal
1697518546.595,46.738,1800.0,2.5,10.7,normal
1697518547.097,47.225,1800.0,2.5,10.7,normal
1697518547.601,46.251,900.0,3.5,10.7,normal
1697518548.107,46.251,600.0,4.5,10.7,normal
1697518548.611,46.738,1800.0,23.3,10.3,normal
1697518549.114,47.225,1800.0,33.7,10.6,normal
1697518549.616,46.251,1800.0,3.5,10.6,normal
1697518550.119,47.225,1800.0,2.0,10.6,normal
1697518550.622,46.738,1800.0,4.0,10.7,normal
1697518551.124,47.225,1800.0,3.5,10.7,normal
1697518551.627,48.686,1800.0,3.5,10.7,normal
1697518552.129,46.251,1800.0,3.0,10.7,normal
1697518552.632,47.712,1800.0,4.0,10.7,normal
1697518553.134,47.712,1800.0,3.5,10.7,normal
1697518553.639,47.712,800.0,5.4,10.7,normal
1697518554.143,46.738,900.0,4.5,10.7,normal
1697518554.646,47.712,1800.0,14.4,10.2,normal
1697518555.15,49.173,1800.0,36.7,10.7,normal
1697518555.652,47.712,1800.0,8.5,10.7,normal
1697518556.155,48.199,1800.0,3.5,10.7,normal
1697518556.658,47.712,1800.0,4.0,10.7,normal
1697518557.16,47.225,1800.0,4.0,10.7,normal
1697518557.663,46.738,1800.0,3.5,10.7,normal
1697518558.165,46.738,1800.0,3.0,10.7,normal
1697518558.668,47.225,1800.0,2.5,10.7,normal
1697518559.17,47.712,1800.0,3.9,10.7,normal
1697518559.674,46.738,1100.0,5.0,10.7,normal
1697518560.178,46.251,1000.0,5.4,10.7,normal
1697518560.682,46.251,1000.0,7.4,10.5,normal
1697518561.185,48.199,1800.0,29.5,10.5,normal
1697518561.687,47.712,1800.0,25.6,10.6,normal
1697518562.19,47.225,1800.0,3.9,10.6,normal
1697518562.692,46.251,1800.0,2.5,10.6,normal
1697518563.195,47.225,1800.0,3.5,10.6,normal
1697518563.698,47.225,1800.0,4.0,10.7,normal
1697518564.2,48.686,1800.0,3.5,10.7,normal
1697518564.703,46.738,1800.0,4.5,10.7,normal
1697518565.205,46.738,1800.0,2.0,10.7,normal
1697518565.708,47.712,1800.0,3.0,10.7,normal
1697518566.211,47.712,1000.0,4.4,10.7,normal
1697518566.717,47.225,600.0,4.0,10.7,normal
1697518567.22,46.738,1800.0,21.9,10.4,normal
1697518567.723,47.712,1800.0,31.5,10.7,normal
1697518568.226,47.225,1800.0,3.5,10.7,normal
1697518568.728,47.712,1800.0,4.0,10.7,normal
1697518569.231,46.738,1800.0,3.5,10.7,normal
1697518569.733,48.199,1800.0,3.0,10.7,normal
1697518570.236,47.225,1800.0,4.5,10.7,normal
1697518570.738,47.712,1800.0,3.5,10.7,normal
1697518571.241,46.251,1800.0,3.5,10.7,normal
1697518571.743,47.225,1800.0,3.5,10.7,normal
1697518572.247,46.738,1000.0,5.0,10.7,normal
1697518572.752,46.738,800.0,4.5,10.7,normal
1697518573.255,46.251,1800.0,16.4,10.2,normal
1697518573.758,47.712,1800.0,37.5,10.7,normal
1697518574.26,48.199,1800.0,6.0,10.7,normal
1697518574.763,47.225,1800.0,4.9,10.7,normal
1697518575.265,47.712,1800.0,3.5,10.7,normal
1697518575.768,46.251,1800.0,3.0,10.7,normal
1697518576.271,47.712,1800.0,4.4,10.7,normal
1697518576.773,47.225,1800.0,4.5,10.7,normal
1697518577.276,46.738,1800.0,2.0,10.7,normal
1697518577.778,47.712,1800.0,3.5,10.7,normal
1697518578.283,46.738,800.0,3.5,10.7,normal
1697518578.788,47.225,700.0,5.5,10.7,normal
1697518579.292,46.251,900.0,9.5,9.7,normal
1697518579.795,47.712,1800.0,29.2,10.6,normal
1697518580.298,47.712,1800.0,23.4,10.7,normal
1697518580.8,48.686,1800.0,4.0,10.7,normal
1697518581.303,46.738,1800.0,3.5,10.7,normal
1697518581.806,47.712,1800.0,3.9,10.7,normal
1697518582.308,46.251,1800.0,1.5,10.7,normal
1697518582.811,47.225,1800.0,5.0,10.7,normal
1697518583.313,46.738,1800.0,4.0,10.7,normal
1697518583.816,47.712,1800.0,3.5,10.7,normal
1697518584.318,47.712,1800.0,3.0,10.7,normal
1697518584.823,46.251,700.0,5.4,10.7,normal
1697518585.329,46.738,600.0,5.9,10.7,normal
1697518585.833,47.712,1800.0,23.9,10.5,normal
1697518586.336,47.225,1800.0,30.2,10.7,normal
1697518586.839,46.738,1800.0,3.0,10.7,normal
1697518587.341,47.225,1800.0,4.5,10.7,normal
1697518587.844,48.199,1800.0,3.0,10.7,normal
1697518588.346,47.225,1800.0,3.5,10.7,normal
1697518588.849,46.738,1800.0,3.0,10.7,normal
1697518589.351,47.712,1800.0,3.5,10.7,normal
1697518589.854,46.738,1800.0,4.0,10.7,normal
1697518590.356,47.712,1800.0,4.0,10.7,normal
1697518590.861,46.738,700.0,3.9,10.7,normal
1697518591.365,46.738,800.0,5.5,10.7,normal
1697518591.867,46.251,1800.0,16.5,10.2,normal
1697518592.371,48.199,1800.0,35.7,10.7,normal
1697518592.874,48.199,1800.0,3.0,10.7,normal
1697518593.376,47.225,1800.0,4.0,10.7,normal
1697518593.879,47.712,1800.0,4.0,10.7,normal
1697518594.382,48.199,1800.0,2.5,10.7,normal
1697518594.884,46.738,1800.0,3.5,10.7,normal
1697518595.387,46.738,1800.0,4.5,10.7,normal
1697518595.89,46.251,1800.0,3.9,10.7,normal
1697518596.392,47.225,1800.0,3.0,10.7,normal
1697518596.898,47.712,600.0,3.5,10.7,normal
1697518597.403,47.225,600.0,6.4,10.7,normal
1697518597.906,48.199,1800.0,23.9,10.3,normal
1697518598.409,47.225,1800.0,35.0,10.7,normal
1697518598.912,47.712,1800.0,2.5,10.7,normal
1697518599.414,47.225,1800.0,4.9,10.7,normal
1697518599.916,47.225,1800.0,4.0,10.7,normal
1697518600.419,47.225,1800.0,3.5,10.7,normal
1697518600.921,47.225,1800.0,3.0,10.7,normal
1697518601.424,47.712,1800.0,3.0,10.7,normal
1697518601.927,46.738,1800.0,3.0,10.7,normal
1697518602.429,47.225,1800.0,3.5,10.7,normal
1697518602.934,46.738,700.0,3.0,10.7,normal
1697518603.44,45.764,600.0,5.4,10.7,normal
1697518603.943,47.712,1800.0,23.9,10.5,normal
1697518604.446,48.199,1800.0,31.0,10.6,normal
1697518604.949,46.251,1800.0,4.5,10.6,normal
1697518605.451,47.712,1800.0,5.0,10.6,normal
1697518605.954,47.225,1800.0,4.5,10.6,normal
1697518606.456,46.738,1800.0,1.5,10.6,normal
1697518606.959,47.225,1800.0,1.5,10.6,normal
1697518607.461,46.738,1800.0,3.5,10.6,normal
1697518607.964,47.225,1800.0,2.0,10.6,normal
1697518608.466,47.225,1800.0,2.5,10.6,normal
1697518608.972,46.251,600.0,4.0,10.6,normal
1697518609.478,46.251,600.0,0.0,10.6,normal
1697518609.981,47.225,1800.0,15.5,10.3,normal
1697518610.483,47.712,1800.0,36.8,10.7,normal
1697518610.986,47.225,1800.0,4.5,10.7,normal
1697518611.488,47.225,1800.0,3.5,10.7,normal
1697518611.991,47.225,1800.0,3.5,10.7,normal
1697518612.493,47.225,1800.0,4.5,10.7,normal
1697518612.996,47.712,1800.0,3.0,10.7,normal
1697518613.498,46.251,1800.0,3.5,10.7,normal
1697518614.001,46.251,1800.0,3.0,10.7,normal
1697518614.503,46.251,1800.0,4.5,10.7,normal
1697518615.009,45.764,600.0,4.5,10.7,normal
1697518615.514,46.251,600.0,5.0,10.7,normal
1697518616.018,46.738,1800.0,22.5,10.4,normal
1697518616.521,47.225,1800.0,32.2,10.7,normal
1697518617.023,46.738,1800.0,3.0,10.7,normal
1697518617.526,46.738,1800.0,3.5,10.7,normal
1697518618.029,47.225,1800.0,3.0,10.7,normal
1697518618.531,47.712,1800.0,4.5,10.7,normal
1697518619.034,47.225,1800.0,3.0,10.7,normal
1697518619.537,46.738,1800.0,4.0,10.7,normal
1697518620.039,46.738,1800.0,4.0,10.7,normal
1697518620.542,46.251,1800.0,4.0,10.7,normal
1697518621.048,46.251,600.0,5.9,10.7,normal
1697518621.554,47.225,600.0,5.9,10.7,normal
1697518622.059,47.225,1800.0,26.6,10.5,normal
1697518622.561,49.173,1800.0,27.1,10.7,normal
1697518623.064,47.712,1800.0,5.4,10.7,normal
1697518623.567,47.225,1800.0,4.0,10.7,normal
1697518624.069,46.738,1800.0,3.5,10.7,normal
1697518624.572,47.712,1800.0,3.5,10.7,normal
1697518625.074,47.712,1800.0,3.5,10.7,normal
1697518625.577,47.712,1800.0,3.0,10.7,normal
1697518626.08,47.225,1800.0,3.5,10.7,normal
1697518626.582,47.712,1800.0,4.0,10.7,normal
1697518627.087,48.199,900.0,4.0,10.7,normal
1697518627.591,45.764,900.0,4.9,10.7,normal
1697518628.094,47.712,1800.0,20.1,10.3,normal
1697518628.596,46.738,1800.0,34.0,10.7,normal
1697518629.099,47.225,1800.0,3.5,10.7,normal
1697518629.601,48.199,1800.0,4.0,10.7,normal
1697518630.104,47.225,1800.0,4.5,10.7,normal
1697518630.607,46.738,1800.0,3.5,10.7,normal
1697518631.109,46.251,1800.0,3.5,10.7,normal
1697518631.612,47.225,1800.0,3.5,10.7,normal
1697518632.114,47.712,1800.0,4.5,10.7,normal
1697518632.617,47.225,1800.0,3.0,10.7,normal
1697518633.122,45.764,600.0,4.4,10.7,normal
1697518633.627,46.738,700.0,4.5,10.7,normal
1697518634.129,47.712,1800.0,13.1,10.1,normal
1697518634.633,48.686,1800.0,36.3,10.6,normal
1697518635.136,48.199,1800.0,10.4,10.7,normal
1697518635.638,46.738,1800.0,3.0,10.7,normal
1697518636.141,47.225,1800.0,4.0,10.7,normal
1697518636.643,47.712,1800.0,4.0,10.7,normal
1697518637.146,46.738,1800.0,3.5,10.7,normal
1697518637.648,46.738,1800.0,3.5,10.7,normal
1697518638.151,47.225,1800.0,4.9,10.7,normal
1697518638.654,47.712,1800.0,3.5,10.7,normal
1697518639.159,47.712,700.0,4.0,10.7,normal
1697518639.662,46.738,1100.0,5.5,10.7,normal
1697518640.167,46.251,800.0,5.0,10.6,normal
1697518640.671,47.225,1800.0,28.4,10.5,normal
1697518641.173,48.686,1800.0,26.5,10.6,normal
1697518641.676,47.712,1800.0,3.0,10.6,normal
1697518642.178,47.712,1800.0,3.9,10.6,normal
1697518642.681,46.738,1800.0,4.0,10.6,normal
1697518643.183,46.738,1800.0,3.9,10.7,normal
1697518643.686,47.712,1800.0,3.5,10.6,normal
1697518644.189,46.738,1800.0,2.5,10.6,normal
1697518644.691,46.738,1800.0,6.0,10.7,normal
1697518645.194,47.712,1800.0,3.0,10.6,normal
1697518645.697,47.225,1000.0,5.4,10.7,normal
1697518646.202,46.251,800.0,4.0,10.7,normal
1697518646.705,46.738,1800.0,23.6,10.3,normal
1697518647.208,47.225,1800.0,31.3,10.6,normal
1697518647.711,47.225,1800.0,3.5,10.6,normal
1697518648.213,47.712,1800.0,3.5,10.6,normal
1697518648.716,47.225,1800.0,2.5,10.6,normal
1697518649.218,46.738,1800.0,3.0,10.6,normal
1697518649.721,46.738,1800.0,3.5,10.6,normal
1697518650.223,47.225,1800.0,2.0,10.6,normal
1697518650.726,47.225,1800.0,3.9,10.7,normal
1697518651.228,48.199,1800.0,3.5,10.7,normal
1697518651.732,46.738,1000.0,4.5,10.7,normal
1697518652.236,46.251,800.0,4.5,10.7,normal
1697518652.74,46.738,1800.0,26.4,10.5,normal
1697518653.242,47.225,1800.0,29.4,10.7,normal
1697518653.745,48.199,1800.0,2.5,10.7,normal
1697518654.247,46.738,1800.0,3.5,10.7,normal
1697518654.75,47.225,1800.0,4.4,10.7,normal
1697518655.253,47.712,1800.0,4.0,10.7,normal
1697518655.755,46.738,1800.0,3.5,10.7,normal
1697518656.258,47.225,1800.0,1.0,10.7,normal
1697518656.76,46.251,1800.0,1.5,10.7,normal
1697518657.263,46.738,1800.0,1.5,10.7,normal
1697518657.767,47.712,800.0,3.0,10.7,normal
1697518658.27,46.738,1800.0,6.0,10.7,normal
1697518658.773,47.225,1800.0,20.0,10.4,normal
1697518659.275,48.199,1800.0,32.0,10.7,normal
1697518659.778,47.225,1800.0,5.0,10.7,normal
1697518660.281,47.712,1800.0,3.5,10.7,normal
1697518660.783,46.251,1800.0,4.0,10.7,normal
1697518661.286,45.764,1800.0,3.5,10.7,normal
1697518661.788,47.225,1800.0,3.5,10.7,normal
1697518662.291,47.225,1800.0,3.5,10.7,normal
1697518662.793,48.199,1800.0,3.0,10.7,normal
1697518663.298,47.225,800.0,4.5,10.7,normal
1697518663.803,46.251,700.0,6.4,10.7,normal
1697518664.307,46.251,800.0,4.0,10.7,normal
1697518664.812,48.199,1800.0,28.4,10.4,normal
1697518665.314,47.225,1800.0,27.0,10.6,normal
1697518665.817,46.738,1800.0,3.5,10.6,normal
1697518666.319,47.712,1800.0,1.5,10.6,normal
1697518666.822,47.712,1800.0,1.5,10.7,normal
1697518667.325,46.738,1800.0,3.5,10.7,normal
1697518667.827,47.225,1800.0,2.0,10.7,normal
1697518668.33,47.225,1800.0,2.5,10.7,normal
1697518668.832,46.738,1800.0,4.0,10.7,normal
1697518669.335,46.738,1800.0,3.5,10.7,normal
1697518669.84,47.225,600.0,4.0,10.7,normal
1697518670.346,47.225,600.0,3.5,10.7,normal
1697518670.849,47.225,1800.0,20.3,10.3,normal
1697518671.352,47.712,1800.0,36.5,10.7,normal
1697518671.854,47.712,1800.0,3.5,10.7,normal
1697518672.357,47.712,1800.0,4.0,10.7,normal
1697518672.86,48.199,1800.0,3.5,10.7,normal
1697518673.362,47.225,1800.0,3.9,10.7,normal
1697518673.865,48.199,1800.0,3.5,10.7,normal
1697518674.367,46.738,1800.0,3.5,10.7,normal
1697518674.87,46.738,1800.0,5.4,10.7,normal
1697518675.372,47.712,1800.0,3.5,10.7,normal
1697518675.878,47.712,600.0,4.0,10.7,normal
1697518676.384,46.738,600.0,4.9,10.7,normal
1697518676.887,47.712,1800.0,15.0,10.2,normal
1697518677.39,48.199,1800.0,37.0,10.7,normal
1697518677.892,47.225,1800.0,6.0,10.7,normal
1697518678.395,47.712,1800.0,3.0,10.7,normal
1697518678.897,47.225,1800.0,4.0,10.7,normal
1697518679.4,47.225,1800.0,3.0,10.7,normal
1697518679.903,47.712,1800.0,4.5,10.7,normal
1697518680.405,46.738,1800.0,2.5,10.7,normal
1697518680.908,47.712,1800.0,3.5,10.7,normal
1697518681.41,48.199,1800.0,4.4,10.7,normal
1697518681.916,46.251,700.0,4.0,10.7,normal
1697518682.422,46.738,600.0,4.5,10.7,normal
1697518682.925,48.686,1800.0,20.3,10.3,normal
1697518683.428,47.712,1800.0,35.4,10.7,normal
1697518683.93,47.225,1800.0,4.0,10.7,normal
1697518684.433,46.738,1800.0,3.0,10.7,normal
1697518684.935,47.225,1800.0,3.5,10.7,normal
1697518685.438,47.712,1800.0,4.9,10.7,normal
1697518685.94,46.738,1800.0,3.0,10.7,normal
1697518686.443,47.712,1800.0,3.0,10.7,normal
1697518686.946,47.225,1800.0,3.5,10.7,normal
1697518687.448,46.738,1800.0,3.5,10.7,normal
1697518687.954,46.251,600.0,3.4,10.7,normal
1697518688.459,46.738,600.0,4.9,10.7,normal
1697518688.962,45.764,1800.0,13.4,10.1,normal
1697518689.466,48.199,1800.0,36.7,10.6,normal
1697518689.968,47.712,1800.0,10.3,10.7,normal
1697518690.471,46.738,1800.0,3.0,10.6,normal
1697518690.973,47.225,1800.0,2.5,10.7,normal
1697518691.476,47.225,1800.0,2.5,10.7,normal
1697518691.979,47.225,1800.0,3.0,10.7,normal
1697518692.481,47.225,1800.0,2.5,10.7,normal
1697518692.984,47.225,1800.0,2.5,10.7,normal
1697518693.486,47.712,1800.0,3.0,10.7,normal
1697518693.992,47.225,600.0,3.4,10.7,normal
1697518694.498,46.251,600.0,3.5,10.7,normal
1697518695.001,47.225,1800.0,19.5,10.3,normal
1697518695.503,48.199,1800.0,34.5,10.7,normal
1697518696.006,47.225,1800.0,4.5,10.7,normal
1697518696.508,47.225,1800.0,3.0,10.7,normal
1697518697.011,47.712,1800.0,3.5,10.7,normal
1697518697.513,47.225,1800.0,2.5,10.7,normal
1697518698.016,47.712,1800.0,4.0,10.7,normal
1697518698.519,47.225,1800.0,3.5,10.7,normal
1697518699.021,47.712,1800.0,3.0,10.7,normal
1697518699.524,46.738,1800.0,3.0,10.7,normal
1697518700.029,46.251,600.0,4.5,10.7,normal
1697518700.536,46.251,600.0,4.9,10.7,normal
1697518701.039,48.199,1800.0,15.4,10.0,normal
1697518701.542,48.686,1800.0,35.0,10.6,normal
1697518702.045,47.712,1800.0,10.5,10.6,normal
1697518702.547,47.712,1800.0,4.5,10.6,normal
1697518703.05,47.712,1800.0,4.0,10.6,normal
1697518703.553,48.199,1800.0,2.5,10.6,normal
1697518704.055,46.738,1800.0,5.4,10.6,normal
1697518704.558,47.225,1800.0,3.0,10.6,normal
1697518705.061,46.738,1800.0,4.5,10.6,normal
1697518705.563,47.225,1800.0,3.5,10.6,normal
1697518706.068,46.738,700.0,4.0,10.6,normal
1697518706.574,46.251,600.0,5.4,10.6,normal
1697518707.077,48.199,1800.0,15.8,10.1,normal
1697518707.579,49.173,1800.0,38.0,10.6,normal
1697518708.082,47.225,1800.0,5.5,10.6,normal
1697518708.585,47.712,1800.0,3.0,10.6,normal
1697518709.087,47.225,1800.0,3.5,10.7,normal
1697518709.59,47.712,1800.0,4.5,10.7,normal
1697518710.093,47.712,1800.0,4.0,10.6,normal
1697518710.595,46.738,1800.0,3.5,10.7,normal
1697518711.098,47.225,1800.0,3.4,10.7,normal
1697518711.6,47.225,1800.0,4.5,10.7,normal
1697518712.105,46.738,750.0,4.5,10.7,normal
1697518712.609,46.251,900.0,4.5,10.7,normal
1697518713.112,47.225,1800.0,19.1,10.3,normal
1697518713.614,48.686,1800.0,36.7,10.6,normal
1697518714.117,47.712,1800.0,4.0,10.6,normal
1697518714.62,47.225,1800.0,3.5,10.6,normal
1697518715.123,47.225,1800.0,4.0,10.6,normal
1697518715.625,47.225,1800.0,4.0,10.7,normal
1697518716.128,47.225,1800.0,2.5,10.7,normal
1697518716.63,47.712,1800.0,3.5,10.7,normal
1697518717.133,47.225,1800.0,3.5,10.7,normal
1697518717.635,47.225,1800.0,4.0,10.7,normal
1697518718.139,45.764,900.0,5.4,10.7,normal
1697518718.644,46.738,800.0,5.4,10.6,normal
1697518719.147,48.199,1800.0,24.4,10.4,normal
1697518719.65,47.712,1800.0,32.7,10.7,normal
1697518720.155,46.738,1800.0,2.5,10.7,normal
1697518720.658,47.225,1800.0,3.0,10.7,normal
1697518721.16,48.199,1800.0,3.0,10.7,normal
1697518721.663,47.225,1800.0,4.0,10.7,normal
1697518722.165,46.251,1800.0,3.9,10.7,normal
1697518722.668,47.712,1800.0,3.5,10.7,normal
1697518723.171,47.225,1800.0,3.0,10.7,normal
1697518723.673,47.712,1800.0,4.5,10.7,normal
1697518724.177,46.738,900.0,4.0,10.7,normal
1697518724.68,47.225,1100.0,5.5,10.7,normal
1697518725.183,47.225,1800.0,27.1,10.5,normal
1697518725.686,47.712,1800.0,25.5,10.6,normal
1697518726.188,47.712,1800.0,4.5,10.6,normal
1697518726.691,47.712,1800.0,2.5,10.6,normal
1697518727.194,46.738,1800.0,1.5,10.6,normal
1697518727.696,48.686,1800.0,5.0,10.7,normal
1697518728.199,48.199,1800.0,1.0,10.7,normal
1697518728.701,47.712,1800.0,4.5,10.7,normal
1697518729.204,46.738,1800.0,4.0,10.7,normal
1697518729.706,47.712,1800.0,4.5,10.7,normal
1697518730.213,46.738,1800.0,5.4,10.7,normal
1697518730.716,46.738,1800.0,3.9,10.7,normal
1697518731.219,48.199,1800.0,21.4,10.4,normal
1697518731.722,46.738,1800.0,29.4,10.7,normal
1697518732.224,47.225,1800.0,4.5,10.7,normal
1697518732.727,47.712,1800.0,3.0,10.7,normal
1697518733.23,48.199,1800.0,2.5,10.7,normal
1697518733.732,47.225,1800.0,2.0,10.7,normal
1697518734.235,47.225,1800.0,3.0,10.7,normal
1697518734.737,47.712,1800.0,3.5,10.7,normal
1697518735.242,47.712,700.0,3.0,10.7,normal
1697518735.746,47.225,900.0,4.0,10.7,normal
1697518736.251,46.738,900.0,4.0,10.7,normal
1697518736.755,46.738,800.0,4.5,10.7,normal
1697518737.258,45.764,1800.0,17.4,10.3,normal
1697518737.761,46.738,1800.0,37.2,10.6,normal
1697518738.263,48.686,1800.0,3.0,10.7,normal
1697518738.766,47.712,1800.0,3.0,10.7,normal
1697518739.268,47.225,1800.0,3.0,10.7,normal
1697518739.771,48.199,1800.0,4.5,10.7,normal
1697518740.274,46.251,1800.0,3.0,10.7,normal
1697518740.776,46.251,1800.0,4.4,10.7,normal
1697518741.279,47.712,1800.0,3.5,10.7,normal
1697518741.781,47.225,1800.0,3.9,10.7,normal
1697518742.286,47.712,900.0,4.5,10.7,normal
1697518742.79,45.764,800.0,5.4,10.7,normal
1697518743.294,47.225,1800.0,9.9,9.7,normal
1697518743.798,47.712,1800.0,30.3,10.6,normal
1697518744.3,47.712,1800.0,16.7,10.7,normal
1697518744.803,46.738,1800.0,4.5,10.7,normal
1697518745.306,47.712,1800.0,3.5,10.7,normal
1697518745.808,47.225,1800.0,3.9,10.7,normal
1697518746.311,47.225,1800.0,3.5,10.7,normal
1697518746.813,47.712,1800.0,3.0,10.7,normal
1697518747.316,47.225,1800.0,4.0,10.7,normal
1697518747.818,46.738,1800.0,3.5,10.6,normal
1697518748.323,46.738,700.0,3.5,10.7,normal
1697518748.828,46.738,700.0,4.9,10.7,normal
1697518749.331,48.199,1800.0,15.0,10.2,normal
1697518749.834,48.199,1800.0,38.6,10.6,normal
1697518750.337,46.738,1800.0,6.0,10.7,normal
1697518750.839,47.225,1800.0,3.5,10.7,normal
1697518751.342,47.712,1800.0,3.5,10.7,normal
1697518751.845,46.251,1800.0,3.5,10.7,normal
1697518752.347,47.712,1800.0,3.5,10.7,normal
1697518752.85,46.738,1800.0,3.5,10.7,normal
1697518753.352,47.225,1800.0,4.0,10.7,normal
1697518753.855,47.225,1800.0,3.0,10.7,normal
1697518754.36,47.712,700.0,3.9,10.7,normal
1697518754.865,47.225,700.0,5.9,10.7,normal
1697518755.368,47.712,1800.0,19.5,10.2,normal
1697518755.87,47.225,1800.0,36.4,10.6,normal
1697518756.373,48.199,1800.0,4.0,10.6,normal
1697518756.875,47.225,1800.0,4.0,10.6,normal
1697518757.378,47.712,1800.0,3.5,10.6,normal
1697518757.88,47.225,1800.0,3.5,10.6,normal
1697518758.383,47.712,1800.0,3.0,10.6,normal
1697518758.886,47.225,1800.0,2.5,10.6,normal
1697518759.388,47.225,1800.0,3.5,10.6,normal
1697518759.891,46.251,1800.0,5.4,10.7,normal
1697518760.396,46.738,600.0,3.9,10.7,normal
1697518760.902,46.251,600.0,5.0,10.6,normal
1697518761.406,46.738,1800.0,11.4,9.6,normal
1697518761.911,48.199,1800.0,30.2,10.6,normal
1697518762.414,47.225,1800.0,18.4,10.7,normal
1697518762.916,47.712,1800.0,3.5,10.7,normal
1697518763.419,47.225,1800.0,3.0,10.7,normal
1697518763.921,47.712,1800.0,2.5,10.7,normal
1697518764.424,47.225,1800.0,4.9,10.7,normal
1697518764.926,47.225,1800.0,4.5,10.7,normal
1697518765.429,46.738,1800.0,3.0,10.7,normal
1697518765.931,47.225,1800.0,4.4,10.7,normal
1697518766.437,47.225,700.0,4.0,10.7,normal
1697518766.943,47.712,600.0,4.9,10.7,normal
1697518767.446,47.712,1800.0,15.4,10.1,normal
1697518767.949,48.199,1800.0,36.7,10.6,normal
1697518768.452,47.712,1800.0,7.0,10.6,normal
1697518768.955,47.712,1800.0,3.5,10.6,normal
1697518769.458,46.738,1800.0,3.9,10.7,normal
1697518769.96,46.738,1800.0,3.5,10.7,normal
1697518770.463,47.225,1800.0,3.0,10.7,normal
1697518770.965,48.199,1800.0,3.5,10.7,normal
1697518771.468,46.738,1800.0,4.0,10.7,normal
1697518771.97,47.712,1800.0,4.0,10.7,normal
1697518772.476,47.225,600.0,4.4,10.7,normal
1697518772.982,46.251,600.0,5.0,10.7,normal
1697518773.489,46.251,600.0,8.9,10.5,normal
1697518773.993,48.199,1800.0,28.6,10.5,normal
1697518774.495,47.712,1800.0,20.7,10.6,normal
1697518774.998,46.738,1800.0,5.4,10.6,normal
1697518775.5,47.712,1800.0,2.0,10.6,normal
1697518776.003,47.225,1800.0,3.0,10.6,normal
1697518776.506,46.738,1800.0,4.0,10.6,normal
1697518777.008,47.225,1800.0,3.0,10.6,normal
1697518777.511,47.225,1800.0,3.0,10.6,normal
1697518778.013,47.712,1800.0,3.5,10.6,normal
1697518778.516,46.738,1800.0,2.5,10.6,normal
1697518779.022,45.764,600.0,5.0,10.6,normal
1697518779.532,46.738,600.0,4.9,10.6,normal
1697518780.037,48.199,1800.0,24.9,10.4,normal
1697518780.54,47.225,1800.0,30.2,10.7,normal
1697518781.042,47.712,1800.0,3.0,10.7,normal
1697518781.545,47.225,1800.0,4.5,10.7,normal
1697518782.047,47.712,1800.0,4.5,10.7,normal
1697518782.55,47.225,1800.0,3.5,10.7,normal
1697518783.053,46.738,1800.0,3.0,10.7,normal
1697518783.556,48.199,1800.0,5.4,10.7,normal
1697518784.059,47.712,1800.0,3.5,10.7,normal
1697518784.561,45.764,1800.0,3.5,10.7,normal
1697518785.066,46.251,700.0,4.9,10.7,normal
1697518785.571,46.738,800.0,3.5,10.7,normal
1697518786.074,47.712,1800.0,18.7,10.2,normal
1697518786.577,47.712,1800.0,36.4,10.6,normal
1697518787.079,47.225,1800.0,1.0,10.6,normal
1697518787.582,46.738,1800.0,2.0,10.6,normal
1697518788.085,47.712,1800.0,1.5,10.6,normal
1697518788.587,47.225,1800.0,5.0,10.7,normal
1697518789.09,47.712,1800.0,2.5,10.7,normal
1697518789.592,46.738,1800.0,5.4,10.7,normal
1697518790.095,46.738,1800.0,2.5,10.7,normal
1697518790.598,46.738,1800.0,1.5,10.7,normal
1697518791.103,46.251,600.0,6.9,10.7,normal
1697518791.609,46.738,600.0,5.4,10.7,normal
1697518792.112,46.738,1800.0,12.0,9.9,normal
1697518792.615,48.199,1800.0,33.0,10.5,normal
1697518793.118,47.225,1800.0,13.6,10.6,normal
1697518793.62,47.712,1800.0,4.9,10.6,normal
1697518794.123,46.738,1800.0,3.0,10.6,normal
1697518794.626,47.225,1800.0,4.5,10.6,normal
1697518795.128,47.225,1800.0,3.5,10.6,normal
1697518795.631,47.225,1800.0,4.0,10.6,normal
1697518796.133,47.712,1800.0,3.0,10.7,normal
1697518796.636,47.225,1800.0,3.5,10.7,normal
1697518797.14,46.738,900.0,3.5,10.7,normal
1697518797.644,46.251,1000.0,5.5,10.7,normal
1697518798.146,47.712,1800.0,16.7,10.3,normal
1697518798.649,46.738,1800.0,37.4,10.6,normal
1697518799.152,48.199,1800.0,5.0,10.7,normal
1697518799.654,47.712,1800.0,5.0,10.7,normal
1697518800.157,46.251,1800.0,3.5,10.7,normal
1697518800.659,48.199,1800.0,3.0,10.7,normal
1697518801.162,47.225,1800.0,4.0,10.7,normal
1697518801.665,47.225,1800.0,4.0,10.7,normal
1697518802.167,46.738,1800.0,3.0,10.7,normal
1697518802.67,47.225,1800.0,4.5,10.7,normal
1697518803.174,46.738,800.0,4.5,10.7,normal
1697518803.678,47.225,900.0,5.5,10.7,normal
1697518804.183,46.251,900.0,8.9,9.6,normal
1697518804.685,47.225,1800.0,29.4,10.4,normal
1697518805.188,47.225,1800.0,21.0,10.6,normal
1697518805.691,47.712,1800.0,4.9,10.6,normal
1697518806.193,46.738,1800.0,2.5,10.6,normal
1697518806.696,47.712,1800.0,4.5,10.6,normal
1697518807.198,46.738,1800.0,4.0,10.6,normal
1697518807.701,47.712,1800.0,4.0,10.6,normal
1697518808.203,47.225,1800.0,3.0,10.6,normal
1697518808.706,47.712,1800.0,4.0,10.6,normal
1697518809.209,46.738,1800.0,2.5,10.7,normal
1697518809.713,46.738,1200.0,6.9,10.7,normal
1697518810.215,47.712,1800.0,13.0,10.1,normal
1697518810.718,48.199,1800.0,37.5,10.6,normal
1697518811.221,47.225,1800.0,7.5,10.6,normal
1697518811.723,48.199,1800.0,4.0,10.6,normal
1697518812.226,47.712,1800.0,3.0,10.6,normal
1697518812.729,48.199,1800.0,3.0,10.6,normal
1697518813.231,48.199,1800.0,2.5,10.7,normal
1697518813.734,47.225,1800.0,4.0,10.7,normal
1697518814.236,47.225,1800.0,3.0,10.7,normal
1697518814.739,47.712,1800.0,4.5,10.7,normal
1697518815.244,47.225,600.0,3.5,10.7,normal
1697518815.75,46.251,600.0,4.4,10.7,normal
1697518816.256,46.738,700.0,7.4,10.5,normal
1697518816.759,48.199,1800.0,27.5,10.5,normal
1697518817.261,48.199,1800.0,22.2,10.7,normal
1697518817.764,46.738,1800.0,4.0,10.7,normal
1697518818.266,47.712,1800.0,3.0,10.7,normal
1697518818.769,47.712,1800.0,2.5,10.7,normal
1697518819.272,47.712,1800.0,3.0,10.7,normal
1697518819.774,47.225,1800.0,4.0,10.7,normal
1697518820.277,46.738,1800.0,3.0,10.6,normal
1697518820.779,46.251,1800.0,3.0,10.7,normal
1697518821.284,47.225,1250.0,3.0,10.7,normal
1697518821.789,46.738,900.0,5.9,10.6,normal
1697518822.292,46.251,1800.0,11.1,10.1,normal
1697518822.795,47.712,1800.0,36.8,10.6,normal
1697518823.297,47.225,1800.0,9.0,10.6,normal
1697518823.8,47.712,1800.0,4.5,10.6,normal
1697518824.302,47.712,1800.0,3.0,10.6,normal
1697518824.805,47.225,1800.0,4.5,10.6,normal
1697518825.307,47.712,1800.0,3.5,10.6,normal
1697518825.81,46.738,1800.0,4.0,10.6,normal
1697518826.312,46.251,1800.0,2.5,10.7,normal
1697518826.815,47.225,1800.0,3.5,10.7,normal
1697518827.32,47.225,700.0,3.5,10.6,normal
1697518827.825,46.738,700.0,4.0,10.7,normal
1697518828.328,47.712,1800.0,19.4,10.2,normal
1697518828.831,47.712,1800.0,37.2,10.6,normal
1697518829.333,47.712,1800.0,3.5,10.7,normal
1697518829.836,46.738,1800.0,4.5,10.7,normal
1697518830.339,47.225,1800.0,4.0,10.7,normal
1697518830.841,47.225,1800.0,3.0,10.7,normal
1697518831.343,48.199,1800.0,3.0,10.7,normal
1697518831.846,48.199,1800.0,4.0,10.7,normal
1697518832.348,46.738,1800.0,4.5,10.7,normal
1697518832.851,47.712,1800.0,4.0,10.7,normal
1697518833.356,47.225,700.0,3.5,10.7,normal
1697518833.861,46.738,800.0,5.0,10.7,normal
1697518834.364,46.251,1800.0,22.8,10.4,normal
1697518834.866,47.712,1800.0,34.8,10.6,normal
1697518835.369,47.712,1800.0,3.5,10.6,normal
1697518835.871,47.712,1800.0,3.0,10.6,normal
1697518836.374,48.686,1800.0,3.5,10.6,normal
1697518836.876,47.225,1800.0,1.5,10.6,normal
1697518837.379,47.712,1800.0,3.5,10.6,normal
1697518837.882,47.712,1800.0,3.0,10.7,normal
1697518838.385,47.225,1800.0,3.5,10.7,normal
1697518838.887,48.199,1800.0,4.0,10.7,normal
1697518839.393,47.225,600.0,4.4,10.7,normal
1697518839.899,46.251,700.0,5.9,10.7,normal
1697518840.402,48.199,1800.0,26.1,10.4,normal
1697518840.905,47.225,1800.0,28.8,10.6,normal
1697518841.407,47.712,1800.0,3.0,10.6,normal
1697518841.91,47.225,1800.0,3.5,10.7,normal
1697518842.412,47.712,1800.0,2.0,10.7,normal
1697518842.915,47.225,1800.0,4.5,10.7,normal
1697518843.418,46.738,1800.0,3.5,10.7,normal
1697518843.92,46.251,1800.0,3.0,10.7,normal
1697518844.423,46.738,1800.0,3.0,10.7,normal
1697518844.925,46.738,1800.0,4.0,10.7,normal
1697518845.431,46.251,600.0,6.9,10.7,normal
1697518845.936,47.225,900.0,5.0,10.7,normal
1697518846.438,47.225,1800.0,17.8,10.4,normal
1697518846.941,48.199,1800.0,37.3,10.7,normal
1697518847.443,47.225,1800.0,1.5,10.7,normal
1697518847.946,47.225,1800.0,3.0,10.7,normal
1697518848.449,46.738,1800.0,1.5,10.7,normal
1697518848.951,47.225,1800.0,4.0,10.7,normal
1697518849.454,47.225,1800.0,3.0,10.7,normal
1697518849.956,47.225,1800.0,3.0,10.7,normal
1697518850.459,47.712,1800.0,2.5,10.7,normal
1697518850.961,46.251,1800.0,4.5,10.7,normal
1697518851.467,47.712,600.0,4.4,10.7,normal
1697518851.973,46.738,600.0,5.4,10.7,normal
1697518852.477,46.738,1800.0,10.9,9.8,normal
1697518852.98,48.199,1800.0,30.5,10.6,normal
1697518853.483,47.225,1800.0,16.9,10.7,normal
1697518853.985,47.712,1800.0,4.0,10.7,normal
1697518854.487,46.738,1800.0,12.9,10.7,normal
1697518854.99,47.712,1800.0,4.5,10.7,normal
1697518855.492,46.738,1800.0,2.0,10.7,normal
1697518855.995,46.738,1800.0,4.0,10.7,normal
1697518856.498,47.225,1800.0,3.5,10.7,normal
1697518857.0,46.738,1800.0,2.0,10.7,normal
1697518857.506,47.225,700.0,3.4,10.7,normal
1697518858.013,46.738,600.0,5.0,10.7,normal
1697518858.523,46.738,600.0,4.9,10.7,normal
1697518859.028,48.199,1800.0,27.7,10.5,normal
1697518859.532,48.199,1800.0,27.6,10.7,normal
1697518860.035,46.738,1800.0,5.0,10.7,normal
1697518860.537,47.225,1800.0,3.0,10.7,normal
1697518861.04,47.225,1800.0,3.5,10.7,normal
1697518861.542,46.251,1800.0,2.5,10.7,normal
1697518862.045,47.712,1800.0,3.0,10.7,normal
1697518862.547,46.738,1800.0,4.5,10.7,normal
1697518863.05,47.712,1800.0,3.5,10.7,normal
1697518863.552,47.712,1800.0,4.0,10.7,normal
1697518864.059,47.712,600.0,4.0,10.7,normal
1697518864.565,46.251,600.0,5.9,10.7,normal
1697518865.068,47.225,1800.0,19.9,10.4,normal
1697518865.571,48.199,1800.0,34.0,10.7,normal
1697518866.074,47.225,1800.0,2.0,10.7,normal
1697518866.576,46.251,1800.0,5.5,10.7,normal
1697518867.079,48.199,1800.0,3.5,10.7,normal
1697518867.582,46.738,1800.0,3.5,10.7,normal
1697518868.084,46.738,1800.0,4.5,10.7,normal
1697518868.587,47.225,1800.0,3.0,10.7,normal
1697518869.089,46.738,1800.0,3.0,10.7,normal
1697518869.592,47.225,1800.0,3.5,10.7,normal
1697518870.096,46.738,800.0,7.4,10.7,normal
1697518870.6,46.738,900.0,5.4,10.7,normal
1697518871.103,47.712,1800.0,13.5,10.1,normal
1697518871.607,48.199,1800.0,36.8,10.6,normal
1697518872.109,48.199,1800.0,7.0,10.6,normal
1697518872.612,47.225,1800.0,4.5,10.6,normal
1697518873.114,47.225,1800.0,3.0,10.6,normal
1697518873.617,47.225,1800.0,3.0,10.6,normal
1697518874.119,47.712,1800.0,3.5,10.6,normal
1697518874.622,47.225,1800.0,5.4,10.6,normal
1697518875.125,47.225,1800.0,3.0,10.6,normal
1697518875.627,46.251,1800.0,4.0,10.6,normal
1697518876.132,46.738,800.0,4.0,10.6,normal
1697518876.637,47.225,700.0,5.9,10.6,normal
1697518877.139,46.738,1800.0,17.4,10.3,normal
1697518877.642,48.199,1800.0,36.8,10.7,normal
1697518878.145,47.225,1800.0,3.0,10.7,normal
1697518878.647,47.225,1800.0,4.0,10.7,normal
1697518879.15,47.712,1800.0,4.5,10.6,normal
1697518879.652,46.738,1800.0,4.5,10.7,normal
1697518880.155,46.251,1800.0,3.5,10.7,normal
1697518880.657,46.738,1800.0,2.5,10.7,normal
1697518881.16,47.712,1800.0,3.5,10.7,normal
1697518881.663,47.225,1800.0,3.5,10.7,normal
1697518882.167,48.199,900.0,4.0,10.6,normal
1697518882.672,45.764,700.0,4.5,10.7,normal
1697518883.175,46.251,1800.0,8.0,9.6,normal
1697518883.678,48.199,1800.0,29.4,10.5,normal
1697518884.18,47.712,1800.0,19.5,10.7,normal
1697518884.683,47.225,1800.0,4.5,10.7,normal
1697518885.185,46.738,1800.0,3.5,10.7,normal
1697518885.688,47.225,1800.0,4.0,10.7,normal
1697518886.191,47.225,1800.0,3.5,10.7,normal
1697518886.693,46.738,1800.0,3.0,10.7,normal
1697518887.196,46.738,1800.0,3.0,10.7,normal
1697518887.698,46.738,1800.0,4.5,10.7,normal
1697518888.203,46.251,700.0,3.0,10.7,normal
1697518888.708,46.738,800.0,4.5,10.7,normal
1697518889.212,46.738,800.0,4.0,10.7,normal
1697518889.715,48.199,1800.0,28.9,10.4,normal
1697518890.218,47.225,1800.0,27.0,10.6,normal
1697518890.72,46.251,1800.0,3.0,10.6,normal
1697518891.223,47.712,1800.0,2.5,10.6,normal
1697518891.726,47.712,1800.0,4.0,10.6,normal
1697518892.228,46.251,1800.0,3.0,10.6,normal
1697518892.731,46.251,1800.0,3.5,10.7,normal
1697518893.233,47.225,1800.0,3.5,10.7,normal
1697518893.736,47.225,1800.0,4.0,10.7,normal
1697518894.238,47.712,1800.0,4.4,10.6,normal
1697518894.743,46.738,700.0,6.4,10.6,normal
1697518895.249,46.738,600.0,4.5,10.6,normal
1697518895.751,47.225,1800.0,19.4,10.2,normal
1697518896.254,47.712,1800.0,36.9,10.6,normal
1697518896.757,47.712,1800.0,3.0,10.6,normal
1697518897.259,47.225,1800.0,3.0,10.6,normal
1697518897.762,46.738,1800.0,3.5,10.7,normal
1697518898.264,46.738,1800.0,3.5,10.7,normal
1697518898.767,46.738,1800.0,3.0,10.7,normal
1697518899.269,47.225,1800.0,3.0,10.7,normal
1697518899.772,48.199,1800.0,4.0,10.7,normal
1697518900.275,46.251,1800.0,3.5,10.7,normal
1697518900.78,46.251,600.0,3.0,10.7,normal
1697518901.285,46.738,700.0,4.4,10.7,normal
1697518901.788,46.738,1800.0,11.0,10.0,normal
1697518902.292,47.225,1800.0,33.2,10.6,normal
1697518902.795,47.225,1800.0,13.5,10.7,normal
1697518903.297,47.225,1800.0,4.0,10.7,normal
1697518903.8,46.738,1800.0,3.5,10.7,normal
1697518904.302,46.738,1800.0,4.0,10.7,normal
1697518904.805,48.199,1800.0,3.5,10.7,normal
1697518905.308,47.225,1800.0,2.5,10.7,normal
1697518905.81,47.225,1800.0,4.0,10.7,normal
1697518906.313,47.712,1800.0,4.0,10.7,normal
1697518906.817,47.712,800.0,4.0,10.7,normal
1697518907.323,46.738,600.0,2.0,10.7,normal
1697518907.826,46.738,1200.0,14.9,10.1,normal
1697518908.33,49.173,1800.0,34.3,10.6,normal
1697518908.833,47.712,1800.0,10.9,10.7,normal
1697518909.335,47.712,1800.0,2.0,10.7,normal
1697518909.838,47.225,1800.0,6.0,10.7,normal
1697518910.34,47.712,1800.0,4.0,10.7,normal
1697518910.843,47.225,1800.0,4.9,10.7,normal
1697518911.346,46.738,1800.0,3.5,10.7,normal
1697518911.848,45.764,1800.0,1.5,10.7,normal
1697518912.351,47.225,1800.0,4.4,10.7,normal
1697518912.853,46.251,1800.0,4.4,10.7,normal
1697518913.357,46.738,800.0,4.0,10.7,normal
1697518913.86,48.199,1800.0,18.3,10.2,normal
1697518914.363,47.712,1800.0,37.3,10.7,normal
1697518914.865,47.712,1800.0,5.0,10.7,normal
1697518915.368,48.199,1800.0,3.5,10.7,normal
1697518915.871,47.225,1800.0,2.5,10.7,normal
1697518916.373,47.712,1800.0,3.0,10.7,normal
1697518916.876,47.225,1800.0,4.0,10.7,normal
1697518917.378,47.225,1800.0,2.5,10.7,normal
1697518917.881,47.225,1800.0,2.5,10.7,normal
1697518918.383,47.225,1800.0,4.0,10.7,normal
1697518918.888,47.225,800.0,4.0,10.7,normal
1697518919.392,46.251,800.0,4.5,10.6,normal
1697518919.897,46.738,900.0,11.9,9.7,normal
1697518920.4,46.738,1800.0,28.4,10.6,normal
1697518920.903,47.712,1800.0,21.1,10.7,normal
1697518921.406,47.225,1800.0,3.5,10.7,normal
1697518921.908,47.712,1800.0,3.5,10.7,normal
1697518922.411,46.251,1800.0,4.0,10.7,normal
1697518922.913,47.225,1800.0,3.0,10.7,normal
1697518923.416,45.764,1800.0,3.5,10.7,normal
1697518923.918,46.251,1800.0,3.0,10.7,normal
1697518924.421,47.225,1800.0,3.0,10.7,normal
1697518924.923,47.225,1800.0,5.4,10.7,normal
1697518925.428,47.225,750.0,5.4,10.7,normal
1697518925.931,47.712,1800.0,13.1,10.2,normal
1697518926.435,48.199,1800.0,37.1,10.7,normal
1697518926.938,46.738,1800.0,9.0,10.7,normal
1697518927.44,47.712,1800.0,3.0,10.7,normal
1697518927.943,48.199,1800.0,4.0,10.7,normal
1697518928.446,47.225,1800.0,2.5,10.7,normal
1697518928.948,47.225,1800.0,4.5,10.7,normal
1697518929.451,47.225,1800.0,3.5,10.7,normal
1697518929.953,46.738,1800.0,4.9,10.7,normal
1697518930.456,47.712,1800.0,4.0,10.7,normal
1697518930.961,46.738,700.0,4.0,10.7,normal
1697518931.465,45.764,800.0,4.9,10.7,normal
1697518931.97,46.738,800.0,6.5,10.6,normal
1697518932.474,47.712,1800.0,29.2,10.5,normal
1697518932.976,47.225,1800.0,24.5,10.7,normal
1697518933.479,47.712,1800.0,3.5,10.7,normal
1697518933.981,46.738,1800.0,3.0,10.7,normal
1697518934.484,47.225,1800.0,3.0,10.7,normal
1697518934.986,47.225,1800.0,5.0,10.7,normal
1697518935.489,46.251,1800.0,3.5,10.7,normal
1697518935.992,47.225,1800.0,3.5,10.7,normal
1697518936.494,47.225,1800.0,3.0,10.7,normal
1697518936.997,46.738,1800.0,4.5,10.7,normal
1697518937.502,45.764,600.0,4.0,10.7,normal
1697518938.006,47.225,1800.0,10.5,9.6,normal
1697518938.509,48.686,1800.0,29.4,10.6,normal
1697518939.011,47.712,1800.0,20.4,10.7,normal
1697518939.514,48.199,1800.0,3.5,10.7,normal
1697518940.016,47.712,1800.0,3.5,10.7,normal
1697518940.519,47.712,1800.0,4.0,10.7,normal
1697518941.023,48.199,1800.0,4.9,10.7,normal
1697518941.526,46.738,1800.0,3.5,10.7,normal
1697518942.028,46.738,1800.0,1.5,10.7,normal
1697518942.531,46.251,1800.0,2.5,10.7,normal
1697518943.037,47.712,700.0,2.0,10.7,normal
1697518943.545,46.738,600.0,2.5,10.7,normal
1697518944.048,48.199,1800.0,7.9,10.7,normal
1697518944.552,48.199,1800.0,26.4,10.5,normal
1697518945.055,48.199,1800.0,26.5,10.7,normal
1697518945.558,47.712,1800.0,4.0,10.7,normal
1697518946.061,46.738,1800.0,2.5,10.7,normal
1697518946.563,48.199,1800.0,3.5,10.7,normal
1697518947.066,46.251,1800.0,4.0,10.7,normal
1697518947.569,47.712,1800.0,2.5,10.7,normal
1697518948.071,48.686,1800.0,4.5,10.7,normal
1697518948.574,47.712,1800.0,4.0,10.7,normal
1697518949.08,47.712,600.0,4.9,10.7,normal
1697518949.585,47.225,600.0,5.9,10.7,normal
1697518950.091,46.738,700.0,10.4,10.1,normal
1697518950.595,47.712,1800.0,28.7,10.5,normal
1697518951.097,47.225,1800.0,22.6,10.7,normal
1697518951.6,48.199,1800.0,4.9,10.7,normal
1697518952.102,47.712,1800.0,4.0,10.7,normal
1697518952.605,47.225,1800.0,2.5,10.7,normal
1697518953.107,47.225,1800.0,3.0,10.7,normal
1697518953.61,47.225,1800.0,4.5,10.7,normal
1697518954.113,47.712,1800.0,4.0,10.7,normal
1697518954.615,47.225,1800.0,4.5,10.7,normal
1697518955.118,48.199,1800.0,2.5,10.7,normal
1697518955.623,46.738,600.0,5.9,10.7,normal
1697518956.129,46.738,700.0,3.0,10.7,normal
1697518956.632,48.686,1800.0,26.5,10.4,normal
1697518957.135,47.712,1800.0,28.9,10.7,normal
1697518957.637,47.225,1800.0,4.0,10.7,normal
1697518958.14,48.199,1800.0,3.5,10.7,normal
1697518958.643,47.225,1800.0,3.0,10.7,normal
1697518959.145,47.225,1800.0,3.5,10.7,normal
1697518959.648,47.225,1800.0,4.0,10.7,normal
1697518960.15,46.738,1800.0,4.5,10.7,normal
1697518960.653,46.738,1800.0,4.5,10.7,normal
1697518961.155,46.251,1800.0,3.5,10.7,normal
1697518961.66,47.225,800.0,5.0,10.8,normal
1697518962.164,47.712,1000.0,5.5,10.7,normal
1697518962.666,47.712,1800.0,19.0,10.3,normal
1697518963.169,49.173,1800.0,35.2,10.7,normal
1697518963.672,47.712,1800.0,3.5,10.7,normal
1697518964.174,47.712,1800.0,4.5,10.7,normal
1697518964.677,46.251,1800.0,4.0,10.7,normal
1697518965.179,46.738,1800.0,3.5,10.7,normal
1697518965.682,47.225,1800.0,4.5,10.7,normal
1697518966.184,47.712,1800.0,4.0,10.7,normal
1697518966.687,47.712,1800.0,1.0,10.7,normal
1697518967.19,47.225,1800.0,3.0,10.7,normal
1697518967.694,46.738,700.0,4.5,10.7,normal
1697518968.201,46.738,600.0,3.4,10.7,normal
1697518968.706,47.225,1800.0,23.0,10.5,normal
1697518969.208,47.225,1800.0,32.8,10.7,normal
1697518969.711,47.225,1800.0,3.5,10.7,normal
1697518970.214,47.225,1800.0,1.5,10.7,normal
1697518970.716,47.225,1800.0,4.9,10.7,normal
1697518971.219,47.712,1800.0,4.0,10.7,normal
1697518971.721,47.712,1800.0,3.0,10.7,normal
1697518972.224,47.225,1800.0,3.5,10.7,normal
1697518972.726,46.738,1800.0,4.5,10.7,normal
1697518973.229,46.738,1800.0,3.5,10.7,normal
1697518973.734,47.225,600.0,4.0,10.7,normal
1697518974.239,46.251,800.0,4.0,10.7,normal
1697518974.742,46.738,1800.0,18.4,10.2,normal
1697518975.244,48.199,1800.0,37.0,10.6,normal
1697518975.747,47.225,1800.0,4.5,10.7,normal
1697518976.25,47.225,1800.0,3.5,10.7,normal
1697518976.752,46.738,1800.0,3.5,10.7,normal
1697518977.255,46.738,1800.0,4.9,10.7,normal
1697518977.757,46.738,1800.0,3.5,10.7,normal
1697518978.26,47.225,1800.0,3.0,10.6,normal
1697518978.762,46.738,1800.0,3.5,10.7,normal
1697518979.265,46.251,1800.0,4.5,10.7,normal
1697518979.77,47.225,700.0,4.5,10.6,normal
1697518980.275,46.738,600.0,4.0,10.6,normal
1697518980.779,47.712,1800.0,10.4,9.9,normal
1697518981.283,47.225,1800.0,31.3,10.6,normal
1697518981.786,47.712,1800.0,16.6,10.7,normal
1697518982.288,45.764,1800.0,3.9,10.7,normal
1697518982.791,48.199,1800.0,3.0,10.7,normal
1697518983.293,47.712,1800.0,4.0,10.7,normal
1697518983.796,47.225,1800.0,3.0,10.7,normal
1697518984.298,47.225,1800.0,2.5,10.7,normal
1697518984.801,48.199,1800.0,2.5,10.7,normal
1697518985.303,46.251,1800.0,3.0,10.7,normal
1697518985.808,47.225,700.0,3.5,10.7,normal
1697518986.314,47.712,600.0,2.5,10.7,normal
1697518986.817,47.225,1800.0,19.7,10.3,normal
1697518987.32,47.225,1800.0,37.5,10.6,normal
1697518987.822,46.738,1800.0,5.0,10.7,normal
1697518988.325,46.738,1800.0,4.0,10.7,normal
1697518988.827,47.225,1800.0,3.0,10.7,normal
1697518989.33,48.199,1800.0,4.0,10.7,normal
1697518989.832,46.738,1800.0,4.5,10.7,normal
1697518990.335,47.225,1800.0,3.0,10.7,normal
1697518990.838,47.225,1800.0,3.5,10.7,normal
1697518991.34,46.738,1800.0,3.5,10.7,normal
1697518991.845,46.738,600.0,3.9,10.7,normal
1697518992.351,46.251,600.0,4.5,10.7,normal
1697518992.854,46.738,1800.0,9.5,9.6,normal
1697518993.357,46.738,1800.0,28.5,10.5,normal
1697518993.86,47.712,1800.0,19.5,10.7,normal
1697518994.362,47.712,1800.0,4.0,10.7,normal
1697518994.865,46.738,1800.0,4.0,10.7,normal
1697518995.367,47.225,1800.0,3.0,10.7,normal
1697518995.87,46.738,1800.0,3.0,10.7,normal
1697518996.372,47.225,1800.0,4.0,10.7,normal
1697518996.875,46.251,1800.0,3.5,10.7,normal
1697518997.377,46.738,1800.0,2.5,10.7,normal
1697518997.882,47.225,700.0,3.0,10.7,normal
1697518998.387,46.251,800.0,5.0,10.7,normal
1697518998.891,46.738,1200.0,16.3,10.2,normal
1697518999.395,47.712,1800.0,37.0,10.6,normal
1697518999.897,47.712,1800.0,8.0,10.6,normal
1697519000.4,47.225,1800.0,4.0,10.6,normal
1697519000.903,47.712,1800.0,4.0,10.6,normal
1697519001.405,47.225,1800.0,3.0,10.6,normal
1697519001.908,47.712,1800.0,3.5,10.6,normal
1697519002.41,47.225,1800.0,3.0,10.6,normal
1697519002.913,47.225,1800.0,2.5,10.6,normal
1697519003.415,46.251,1800.0,1.5,10.6,normal
1697519003.92,47.225,700.0,4.0,10.6,normal
1697519004.424,46.251,800.0,5.4,10.6,normal
1697519004.928,45.277,1000.0,8.9,10.5,normal
1697519005.431,47.712,1800.0,28.4,10.5,normal
1697519005.934,47.225,1800.0,24.1,10.7,normal
1697519006.436,46.738,1800.0,3.0,10.7,normal
1697519006.939,47.712,1800.0,4.0,10.7,normal
1697519007.442,46.251,1800.0,3.5,10.7,normal
1697519007.944,46.251,1800.0,3.5,10.7,normal
1697519008.447,47.712,1800.0,3.5,10.7,normal
1697519008.949,47.225,1800.0,3.5,10.7,normal
1697519009.452,47.225,1800.0,2.5,10.7,normal
1697519009.954,46.251,1800.0,4.4,10.7,normal
1697519010.459,46.738,800.0,4.5,10.7,normal
1697519010.963,46.251,775.0,5.4,10.7,normal
1697519011.467,47.225,1800.0,23.4,10.3,normal
1697519011.969,47.712,1800.0,31.5,10.7,normal
1697519012.472,46.738,1800.0,3.9,10.7,normal
1697519012.974,47.225,1800.0,4.0,10.7,normal
1697519013.477,46.251,1800.0,3.5,10.7,normal
1697519013.979,47.225,1800.0,2.5,10.7,normal
1697519014.482,46.738,1800.0,4.0,10.7,normal
1697519014.985,46.251,1800.0,4.5,10.7,normal
1697519015.487,47.225,1800.0,3.5,10.7,normal
1697519015.99,47.225,1800.0,4.5,10.7,normal
1697519016.495,46.738,600.0,3.5,10.7,normal
1697519017.001,46.251,600.0,5.4,10.7,normal
1697519017.505,48.199,1800.0,25.9,10.4,normal
1697519018.007,47.225,1800.0,27.8,10.7,normal
1697519018.51,48.199,1800.0,4.0,10.7,normal
1697519019.013,47.712,1800.0,4.9,10.7,normal
1697519019.515,47.712,1800.0,3.5,10.7,normal
1697519020.018,47.225,1800.0,5.0,10.7,normal
1697519020.52,47.712,1800.0,3.0,10.7,normal
1697519021.023,47.225,1800.0,4.5,10.7,normal
1697519021.526,46.251,1800.0,4.0,10.7,normal
1697519022.029,47.225,1800.0,3.0,10.7,normal
1697519022.533,47.225,900.0,4.0,10.7,normal
1697519023.039,46.251,600.0,6.5,10.7,normal
1697519023.542,47.225,1800.0,28.9,10.5,normal
1697519024.045,48.199,1800.0,22.8,10.7,normal
1697519024.548,48.199,1800.0,2.5,10.7,normal
1697519025.05,48.199,1800.0,5.4,10.7,normal
1697519025.553,47.225,1800.0,2.5,10.7,normal
1697519026.055,48.686,1800.0,2.5,10.7,normal
1697519026.558,47.225,1800.0,1.5,10.7,normal
1697519027.06,47.225,1800.0,2.5,10.7,normal
1697519027.563,46.738,1800.0,3.0,10.7,normal
1697519028.068,47.225,700.0,1.5,10.7,normal
1697519028.572,47.225,900.0,4.5,10.7,normal
1697519029.076,47.225,1800.0,14.5,9.7,normal
1697519029.58,47.225,1800.0,30.3,10.5,normal
1697519030.083,48.199,1800.0,16.6,10.6,normal
1697519030.586,47.712,1800.0,2.0,10.6,normal
1697519031.088,47.712,1800.0,4.9,10.6,normal
1697519031.591,47.712,1800.0,4.0,10.6,normal
1697519032.093,46.738,1800.0,2.5,10.6,normal
1697519032.596,47.712,1800.0,2.5,10.6,normal
1697519033.099,47.225,1800.0,4.0,10.6,normal
1697519033.601,46.251,1800.0,3.0,10.6,normal
1697519034.106,45.764,700.0,4.0,10.7,normal
1697519034.612,46.738,600.0,5.4,10.7,normal
1697519035.118,46.738,600.0,5.4,10.6,normal
1697519035.621,48.199,1800.0,27.0,10.4,normal
1697519036.123,47.225,1800.0,26.0,10.6,normal
1697519036.626,48.686,1800.0,3.0,10.6,normal
1697519037.129,47.225,1800.0,4.5,10.6,normal
1697519037.631,47.712,1800.0,3.5,10.6,normal
1697519038.134,47.225,1800.0,3.5,10.6,normal
1697519038.636,46.251,1800.0,3.5,10.6,normal
1697519039.139,48.199,1800.0,4.5,10.6,normal
1697519039.641,46.738,1800.0,5.4,10.6,normal
1697519040.144,47.225,1800.0,3.5,10.6,normal
1697519040.648,46.251,900.0,4.5,10.6,normal
1697519041.151,47.225,1200.0,11.9,9.6,normal
1697519041.655,47.225,1800.0,29.2,10.5,normal
1697519042.158,46.738,1800.0,22.3,10.6,normal
1697519042.66,47.225,1800.0,2.5,10.6,normal
1697519043.163,47.712,1800.0,4.5,10.6,normal
1697519043.665,46.738,1800.0,3.5,10.6,normal
1697519044.168,47.225,1800.0,2.5,10.6,normal
1697519044.671,47.712,1800.0,4.5,10.6,normal
1697519045.173,46.251,1800.0,3.5,10.6,normal
1697519045.676,48.199,1800.0,4.5,10.6,normal
1697519046.178,47.225,1800.0,2.5,10.6,normal
1697519046.682,47.225,900.0,7.4,10.6,normal
1697519047.185,45.277,1800.0,14.9,10.1,normal
1697519047.688,47.712,1800.0,33.2,10.6,normal
1697519048.191,46.738,1800.0,11.9,10.7,normal
1697519048.694,47.712,1800.0,4.5,10.7,normal
1697519049.196,46.738,1800.0,3.5,10.7,normal
1697519049.699,47.225,1800.0,4.0,10.7,normal
1697519050.201,47.712,1800.0,3.0,10.7,normal
1697519050.704,47.712,1800.0,3.0,10.7,normal
1697519051.207,47.225,1800.0,3.5,10.7,normal
1697519051.709,46.251,1800.0,4.0,10.7,normal
1697519052.212,46.738,1800.0,2.5,10.7,normal
1697519052.716,46.251,900.0,4.5,10.7,normal
1697519053.221,46.251,700.0,5.4,10.6,normal
1697519053.724,46.738,1800.0,29.4,10.4,normal
1697519054.227,47.712,1800.0,26.4,10.6,normal
1697519054.73,47.712,1800.0,4.0,10.6,normal
1697519055.232,45.764,1800.0,3.0,10.6,normal
1697519055.735,47.225,1800.0,4.5,10.6,normal
1697519056.238,47.712,1800.0,3.5,10.6,normal
1697519056.74,46.738,1800.0,3.5,10.6,normal
1697519057.243,47.712,1800.0,3.5,10.6,normal
1697519057.745,46.738,1800.0,2.5,10.6,normal
1697519058.248,46.738,1800.0,4.5,10.7,normal
1697519058.753,45.764,600.0,3.5,10.7,normal
1697519059.259,46.738,600.0,5.4,10.7,normal
1697519059.762,46.738,1800.0,22.8,10.4,normal
1697519060.265,47.225,1800.0,34.7,10.7,normal
1697519060.767,46.738,1800.0,3.5,10.7,normal
1697519061.27,48.199,1800.0,4.5,10.7,normal
1697519061.772,47.712,1800.0,3.5,10.7,normal
1697519062.275,48.199,1800.0,3.0,10.7,normal
1697519062.777,47.225,1800.0,3.5,10.7,normal
1697519063.28,45.764,1800.0,3.5,10.7,normal
1697519063.782,47.225,1800.0,3.5,10.6,normal
1697519064.285,47.225,1800.0,4.0,10.6,normal
1697519064.789,46.738,900.0,5.0,10.6,normal
1697519065.295,46.738,600.0,4.5,10.6,normal
1697519065.798,47.225,1100.0,13.9,10.0,normal
1697519066.302,48.199,1800.0,33.8,10.6,normal
1697519066.805,46.738,1800.0,12.9,10.7,normal
1697519067.307,47.225,1800.0,3.0,10.7,normal
1697519067.81,47.712,1800.0,3.0,10.7,normal
1697519068.313,46.738,1800.0,2.0,10.7,normal
1697519068.815,47.225,1800.0,4.0,10.7,normal
1697519069.318,47.225,1800.0,2.5,10.7,normal
1697519069.82,45.764,1800.0,4.4,10.6,normal
1697519070.323,47.225,1800.0,2.5,10.7,normal
1697519070.825,46.738,1800.0,3.5,10.7,normal
1697519071.331,47.225,600.0,4.0,10.6,normal
1697519071.834,46.738,1800.0,17.7,10.4,normal
1697519072.336,48.199,1800.0,38.0,10.7,normal
1697519072.839,47.225,1800.0,5.0,10.7,normal
1697519073.342,47.225,1800.0,3.0,10.7,normal
1697519073.844,47.712,1800.0,3.0,10.7,normal
1697519074.347,47.712,1800.0,4.9,10.7,normal
1697519074.849,46.738,1800.0,3.5,10.7,normal
1697519075.352,46.738,1800.0,3.5,10.7,normal
1697519075.854,46.251,1800.0,4.0,10.7,normal
1697519076.357,46.738,1800.0,4.0,10.7,normal
1697519076.862,46.738,600.0,3.5,10.7,normal
1697519077.368,46.738,600.0,5.4,10.7,normal
1697519077.872,47.712,1800.0,9.5,9.9,normal
1697519078.376,46.738,1800.0,30.2,10.6,normal
1697519078.878,47.712,1800.0,17.9,10.7,normal
1697519079.381,46.738,1800.0,3.5,10.7,normal
1697519079.883,47.712,1800.0,4.0,10.7,normal
1697519080.386,46.251,1800.0,3.5,10.7,normal
1697519080.888,46.738,1800.0,3.0,10.7,normal
1697519081.391,47.712,1800.0,4.0,10.7,normal
1697519081.893,46.738,1800.0,3.5,10.7,normal
1697519082.396,46.251,1800.0,3.5,10.7,normal
1697519082.901,46.738,700.0,3.0,10.6,normal
1697519083.406,46.251,700.0,5.0,10.6,normal
1697519083.911,46.738,700.0,5.9,10.6,normal
1697519084.414,47.225,1800.0,27.4,10.4,normal
1697519084.917,47.712,1800.0,28.1,10.7,normal
1697519085.42,46.738,1800.0,3.5,10.7,normal
1697519085.922,47.225,1800.0,3.0,10.7,normal
1697519086.425,45.764,1800.0,2.5,10.7,normal
1697519086.927,47.225,1800.0,2.5,10.7,normal
1697519087.43,47.225,1800.0,2.5,10.7,normal
1697519087.932,47.712,1800.0,2.5,10.7,normal
1697519088.435,47.225,1800.0,1.5,10.7,normal
1697519088.937,47.712,1800.0,4.5,10.7,normal
1697519089.442,46.738,800.0,5.4,10.7,normal
1697519089.947,45.764,800.0,10.4,10.5,normal
1697519090.45,47.712,1800.0,28.4,10.6,normal
1697519090.952,48.199,1800.0,22.5,10.7,normal
1697519091.455,47.225,1800.0,3.5,10.7,normal
1697519091.958,46.738,1800.0,1.0,10.7,normal
1697519092.46,46.738,1800.0,3.5,10.7,normal
1697519092.963,47.225,1800.0,4.0,10.7,normal
1697519093.465,47.712,1800.0,3.0,10.7,normal
1697519093.968,46.738,1800.0,2.5,10.7,normal
1697519094.47,47.225,1800.0,4.5,10.7,normal
1697519094.973,46.738,1800.0,4.5,10.7,normal
1697519095.477,47.225,800.0,4.5,10.8,normal
1697519095.98,46.738,1800.0,10.0,9.7,normal
1697519096.483,47.225,1800.0,29.9,10.6,normal
1697519096.985,48.199,1800.0,19.7,10.7,normal
1697519097.488,47.712,1800.0,3.0,10.7,normal
1697519097.99,46.738,1800.0,3.5,10.7,normal
1697519098.493,46.738,1800.0,4.0,10.7,normal
1697519098.995,46.738,1800.0,4.0,10.7,normal
1697519099.498,46.738,1800.0,3.5,10.7,normal
1697519100.0,46.738,1800.0,4.5,10.7,normal
1697519100.503,46.738,1800.0,3.5,10.7,normal
1697519101.008,47.225,700.0,4.9,10.7,normal
1697519101.513,47.225,700.0,5.9,10.7,normal
1697519102.017,47.225,1800.0,14.0,10.1,normal
1697519102.522,48.199,1800.0,37.9,10.6,normal
1697519103.025,47.225,1800.0,8.0,10.7,normal
1697519103.528,47.712,1800.0,3.0,10.7,normal
1697519104.031,47.712,1800.0,4.0,10.7,normal
1697519104.533,46.251,1800.0,2.0,10.7,normal
1697519105.036,47.712,1800.0,5.4,10.7,normal
1697519105.539,47.712,1800.0,4.0,10.7,normal
1697519106.041,47.225,1800.0,1.5,10.7,normal
1697519106.545,47.225,1800.0,5.9,10.7,normal
1697519107.049,45.764,700.0,5.0,10.7,normal
1697519107.554,47.225,800.0,4.5,10.7,normal
1697519108.058,46.738,900.0,5.9,10.7,normal
1697519108.562,47.225,1800.0,29.1,10.5,normal
1697519109.064,48.686,1800.0,23.2,10.7,normal
1697519109.567,48.686,1800.0,3.0,10.7,normal
1697519110.07,48.199,1800.0,4.0,10.7,normal
1697519110.572,47.712,1800.0,3.0,10.7,normal
1697519111.075,47.225,1800.0,3.5,10.7,normal
1697519111.577,46.738,1800.0,3.0,10.7,normal
1697519112.08,47.225,1800.0,3.5,10.7,normal
1697519112.583,47.225,1800.0,3.5,10.7,normal
1697519113.085,47.712,1800.0,3.5,10.7,normal
1697519113.589,46.738,900.0,3.0,10.7,normal
1697519114.093,47.225,900.0,4.9,10.7,normal
1697519114.596,47.225,1800.0,22.0,10.4,normal
1697519115.099,47.712,1800.0,31.7,10.6,normal
1697519115.602,47.712,1800.0,4.0,10.7,normal
1697519116.104,46.738,1800.0,3.9,10.7,normal
1697519116.607,47.712,1800.0,2.5,10.7,normal
1697519117.109,47.225,1800.0,3.0,10.7,normal
1697519117.612,48.199,1800.0,4.0,10.7,normal
1697519118.115,47.225,1800.0,4.9,10.7,normal
1697519118.618,48.199,1800.0,3.0,10.7,normal
1697519119.12,47.225,1800.0,3.5,10.7,normal
1697519119.625,47.225,600.0,5.0,10.7,normal
1697519120.129,45.764,900.0,3.5,10.7,normal
1697519120.636,47.225,1800.0,16.3,10.1,normal
1697519121.139,47.712,1800.0,38.3,10.6,normal
1697519121.642,47.712,1800.0,5.0,10.6,normal
1697519122.144,46.251,1800.0,4.0,10.6,normal
1697519122.647,47.712,1800.0,4.0,10.6,normal
1697519123.15,47.225,1800.0,3.5,10.6,normal
1697519123.652,47.225,1800.0,4.5,10.6,normal
1697519124.155,47.712,1800.0,3.0,10.6,normal
1697519124.657,46.738,1800.0,4.5,10.6,normal
1697519125.16,47.712,1800.0,3.9,10.7,normal
1697519125.669,46.251,900.0,4.0,10.7,normal
1697519126.173,47.712,900.0,5.0,10.7,normal
1697519126.677,46.738,1800.0,10.0,9.7,normal
1697519127.184,47.225,1800.0,29.6,10.6,normal
1697519127.687,47.712,1800.0,17.6,10.7,normal
1697519128.189,47.225,1800.0,4.0,10.7,normal
1697519128.692,48.199,1800.0,3.0,10.7,normal
1697519129.194,46.738,1800.0,3.5,10.7,normal
1697519129.697,48.686,1800.0,4.5,10.7,normal
1697519130.199,45.764,1800.0,3.0,10.7,normal
1697519130.702,47.225,1800.0,3.5,10.7,normal
1697519131.204,47.225,1800.0,3.0,10.7,normal
1697519131.709,47.225,700.0,3.4,10.7,normal
1697519132.213,46.251,1000.0,5.0,10.7,normal
1697519132.716,47.225,1800.0,15.4,10.2,normal
1697519133.219,47.712,1800.0,37.0,10.6,normal
1697519133.722,47.225,1800.0,7.4,10.7,normal
1697519134.224,46.251,1800.0,4.0,10.7,normal
1697519134.727,47.225,1800.0,3.5,10.7,normal
1697519135.229,47.225,1800.0,3.5,10.7,normal
1697519135.732,47.712,1800.0,3.5,10.7,normal
1697519136.234,48.199,1800.0,3.5,10.7,normal
1697519136.737,46.251,1800.0,4.5,10.7,normal
1697519137.239,47.225,1800.0,3.5,10.7,normal
1697519137.745,46.738,600.0,3.0,10.7,normal
1697519138.25,47.225,700.0,5.0,10.7,normal
1697519138.756,46.738,600.0,6.9,10.5,normal
1697519139.259,46.738,1800.0,28.7,10.5,normal
1697519139.762,48.199,1800.0,23.5,10.7,normal
1697519140.265,47.225,1800.0,3.5,10.7,normal
1697519140.767,47.225,1800.0,3.5,10.7,normal
1697519141.27,46.251,1800.0,3.0,10.7,normal
1697519141.772,46.738,1800.0,3.5,10.7,normal
1697519142.275,47.225,1800.0,3.5,10.7,normal
1697519142.777,47.225,1800.0,3.5,10.7,normal
1697519143.28,46.738,1800.0,3.5,10.7,normal
1697519143.783,47.712,1800.0,3.5,10.7,normal
1697519144.288,46.738,600.0,4.9,10.7,normal
1697519144.793,46.738,800.0,5.4,10.7,normal
1697519145.295,47.225,1800.0,25.0,10.4,normal
1697519145.798,47.225,1800.0,31.7,10.7,normal
1697519146.301,46.738,1800.0,1.5,10.7,normal
1697519146.803,47.225,1800.0,2.5,10.7,normal
1697519147.306,45.764,1800.0,2.5,10.7,normal
1697519147.808,46.251,1800.0,2.5,10.7,normal
1697519148.311,47.225,1800.0,3.5,10.7,normal
1697519148.813,47.225,1800.0,2.5,10.7,normal
1697519149.316,47.225,1800.0,5.0,10.7,normal
1697519149.819,46.738,1800.0,4.5,10.7,normal
1697519150.324,46.738,600.0,4.0,10.7,normal
1697519150.83,47.225,600.0,5.0,10.7,normal
1697519151.333,48.199,1800.0,15.5,10.3,normal
1697519151.835,48.199,1800.0,36.0,10.6,normal
1697519152.338,47.712,1800.0,5.4,10.7,normal
1697519152.841,47.225,1800.0,3.5,10.7,normal
1697519153.343,46.251,1800.0,3.0,10.7,normal
1697519153.846,46.738,1800.0,3.0,10.7,normal
1697519154.348,47.225,1800.0,3.0,10.7,normal
1697519154.851,47.225,1800.0,4.0,10.7,normal
1697519155.353,48.199,1800.0,3.0,10.7,normal
1697519155.856,46.738,1800.0,3.0,10.7,normal
1697519156.361,46.738,700.0,2.5,10.7,normal
1697519156.866,46.738,600.0,4.0,10.7,normal
1697519157.371,46.251,900.0,10.4,9.7,normal
1697519157.874,47.712,1800.0,28.7,10.5,normal
1697519158.377,46.738,1800.0,21.6,10.7,normal
1697519158.879,47.225,1800.0,4.5,10.7,normal
1697519159.382,47.712,1800.0,3.0,10.7,normal
1697519159.884,46.251,1800.0,5.0,10.7,normal
1697519160.387,47.225,1800.0,3.0,10.7,normal
1697519160.889,46.738,1800.0,4.0,10.7,normal
1697519161.392,47.712,1800.0,3.5,10.7,normal
1697519161.895,47.225,1800.0,3.5,10.7,normal
1697519162.397,46.738,1800.0,3.0,10.7,normal
1697519162.903,46.251,600.0,4.5,10.7,normal
1697519163.407,45.277,800.0,3.5,10.7,normal
1697519163.91,47.225,1800.0,26.0,10.4,normal
1697519164.413,47.712,1800.0,30.8,10.7,normal
1697519164.916,47.712,1800.0,4.5,10.7,normal
1697519165.418,47.225,1800.0,3.5,10.7,normal
1697519165.921,47.225,1800.0,3.0,10.7,normal
1697519166.423,47.225,1800.0,3.0,10.7,normal
1697519166.926,47.225,1800.0,5.0,10.7,normal
1697519167.428,46.251,1800.0,3.0,10.7,normal
1697519167.931,46.738,1800.0,3.5,10.7,normal
1697519168.433,47.225,1800.0,3.0,10.7,normal
1697519168.939,46.738,600.0,4.9,10.7,normal
1697519169.445,46.738,600.0,4.5,10.7,normal
1697519169.948,47.225,1800.0,28.9,10.5,normal
1697519170.451,47.225,1800.0,27.0,10.7,normal
1697519170.953,47.225,1800.0,4.5,10.7,normal
1697519171.456,46.738,1800.0,3.0,10.7,normal
1697519171.958,47.225,1800.0,3.0,10.7,normal
1697519172.461,46.738,1800.0,4.0,10.7,normal
1697519172.963,47.225,1800.0,3.5,10.7,normal
1697519173.466,47.225,1800.0,4.0,10.7,normal
1697519173.969,46.251,1800.0,3.0,10.7,normal
1697519174.471,47.225,1800.0,2.5,10.7,normal
1697519174.976,47.712,800.0,5.4,10.7,normal
1697519175.48,46.251,800.0,5.5,10.7,normal
1697519175.983,46.738,1800.0,21.9,10.3,normal
1697519176.486,47.225,1800.0,33.2,10.6,normal
1697519176.988,47.225,1800.0,2.5,10.6,normal
1697519177.491,47.225,1800.0,3.5,10.6,normal
1697519177.994,46.738,1800.0,2.5,10.6,normal
1697519178.496,47.225,1800.0,3.5,10.6,normal
1697519178.999,47.225,1800.0,4.0,10.6,normal
1697519179.501,46.738,1800.0,4.0,10.6,normal
1697519180.004,46.251,1800.0,4.0,10.6,normal
1697519180.506,47.225,1800.0,3.5,10.6,normal
1697519181.011,47.225,800.0,3.5,10.6,normal
1697519181.517,46.738,600.0,3.5,10.7,normal
1697519182.02,45.764,1800.0,12.9,10.1,normal
1697519182.525,47.225,1800.0,36.8,10.6,normal
1697519183.028,46.738,1800.0,9.9,10.6,normal
1697519183.53,46.738,1800.0,3.0,10.6,normal
1697519184.033,47.225,1800.0,4.0,10.7,normal
1697519184.535,46.251,1800.0,4.0,10.7,normal
1697519185.038,47.225,1800.0,4.0,10.7,normal
1697519185.541,47.712,1800.0,2.0,10.7,normal
1697519186.043,47.712,1800.0,5.0,10.7,normal
1697519186.546,47.712,1800.0,3.5,10.7,normal
1697519187.05,47.712,1000.0,3.5,10.7,normal
1697519187.554,46.738,900.0,5.4,10.7,normal
1697519188.058,46.738,1200.0,6.9,10.6,normal
1697519188.561,48.199,1800.0,27.1,10.4,normal
1697519189.064,48.199,1800.0,26.0,10.7,normal
1697519189.567,48.199,1800.0,3.5,10.7,normal
1697519190.069,47.712,1800.0,4.5,10.7,normal
1697519190.572,47.225,1800.0,3.5,10.7,normal
1697519191.074,46.738,1800.0,3.5,10.7,normal
1697519191.577,48.199,1800.0,3.0,10.7,normal
1697519192.079,48.199,1800.0,3.5,10.7,normal
1697519192.582,47.225,1800.0,2.5,10.7,normal
1697519193.085,46.738,1800.0,1.5,10.7,normal
1697519193.59,46.251,600.0,4.9,10.7,normal
1697519194.095,47.225,700.0,4.5,10.7,normal
1697519194.598,48.199,1800.0,21.9,10.4,normal
1697519195.101,47.712,1800.0,33.0,10.7,normal
1697519195.603,47.225,1800.0,3.0,10.7,normal
1697519196.106,48.199,1800.0,3.4,10.7,normal
1697519196.609,47.225,1800.0,2.5,10.7,normal
1697519197.111,47.712,1800.0,5.0,10.7,normal
1697519197.614,46.738,1800.0,3.5,10.7,normal
1697519198.116,48.199,1800.0,3.0,10.7,normal
1697519198.619,47.225,1800.0,4.0,10.7,normal
1697519199.121,47.712,1800.0,3.5,10.7,normal
1697519199.625,47.225,900.0,4.5,10.7,normal
1697519200.129,46.251,1000.0,5.0,10.7,normal
1697519200.632,47.225,1800.0,14.9,10.2,normal
1697519201.135,48.199,1800.0,36.3,10.6,normal
1697519201.638,46.738,1800.0,6.9,10.7,normal
1697519202.14,47.225,1800.0,2.5,10.7,normal
1697519202.643,48.199,1800.0,3.5,10.7,normal
1697519203.146,46.251,1800.0,3.5,10.7,normal
1697519203.648,47.225,1800.0,3.0,10.7,normal
1697519204.151,47.712,1800.0,3.0,10.7,normal
1697519204.653,47.225,1800.0,5.0,10.7,normal
1697519205.156,47.712,1800.0,3.5,10.7,normal
1697519205.659,47.225,1100.0,5.0,10.7,normal
1697519206.164,46.251,900.0,4.0,10.7,normal
1697519206.666,47.712,1800.0,16.5,10.4,normal
1697519207.169,47.225,1800.0,34.5,10.7,normal
1697519207.672,47.225,1800.0,3.0,10.7,normal
1697519208.174,47.225,1800.0,4.0,10.7,normal
1697519208.677,47.712,1800.0,3.0,10.7,normal
1697519209.179,46.738,1800.0,5.0,10.7,normal
1697519209.682,48.199,1800.0,4.5,10.7,normal
1697519210.185,46.251,1800.0,2.5,10.7,normal
1697519210.687,46.738,1800.0,3.5,10.7,normal
1697519211.19,46.251,1800.0,4.0,10.7,normal
1697519211.694,46.738,900.0,4.5,10.7,normal
1697519212.198,47.225,1000.0,3.9,10.7,normal
1697519212.701,47.712,1800.0,10.1,10.1,normal
1697519213.219,48.686,1800.0,35.9,10.6,normal
1697519213.722,47.712,1800.0,10.9,10.6,normal
1697519214.224,47.712,1800.0,3.5,10.6,normal
1697519214.727,46.738,1800.0,4.5,10.6,normal
1697519215.23,47.225,1800.0,3.0,10.6,normal
1697519215.732,47.225,1800.0,4.5,10.7,normal
1697519216.235,47.225,1800.0,3.5,10.7,normal
1697519216.737,46.738,1800.0,3.0,10.7,normal
1697519217.24,47.225,1800.0,3.0,10.7,normal
1697519217.745,46.738,600.0,4.4,10.7,normal
1697519218.25,46.251,900.0,5.4,10.7,normal
1697519218.757,46.738,600.0,6.9,10.6,normal
1697519219.26,47.225,1800.0,29.4,10.4,normal
1697519219.762,47.225,1800.0,26.0,10.6,normal
1697519220.265,48.686,1800.0,3.0,10.6,normal
1697519220.767,47.225,1800.0,3.5,10.6,normal
1697519221.27,47.712,1800.0,4.0,10.6,normal
1697519221.773,46.738,1800.0,4.5,10.7,normal
1697519222.275,47.712,1800.0,4.0,10.7,normal
1697519222.778,47.225,1800.0,3.0,10.7,normal
1697519223.28,47.225,1800.0,3.0,10.7,normal
1697519223.783,47.225,1800.0,3.5,10.7,normal
1697519224.288,46.251,600.0,5.9,10.7,normal
1697519224.793,46.738,700.0,5.9,10.7,normal
1697519225.297,48.686,1800.0,23.0,10.3,normal
1697519225.799,47.712,1800.0,31.7,10.6,normal
1697519226.302,47.225,1800.0,4.0,10.6,normal
1697519226.804,46.738,1800.0,3.0,10.6,normal
1697519227.307,47.225,1800.0,4.4,10.6,normal
1697519227.809,47.225,1800.0,4.0,10.6,normal
1697519228.312,47.712,1800.0,4.0,10.6,normal
1697519228.814,47.225,1800.0,3.5,10.6,normal
1697519229.317,47.712,1800.0,3.0,10.6,normal
1697519229.82,46.738,1800.0,4.5,10.6,normal
1697519230.325,45.764,600.0,4.5,10.6,normal
1697519230.831,46.251,600.0,4.0,10.6,normal
1697519231.334,46.251,1800.0,27.0,10.5,normal
1697519231.836,46.738,1800.0,28.6,10.7,normal
1697519232.339,46.738,1800.0,4.5,10.7,normal
1697519232.841,47.225,1800.0,3.5,10.7,normal
1697519233.344,47.225,1800.0,3.0,10.7,normal
1697519233.847,47.712,1800.0,3.5,10.7,normal
1697519234.349,47.225,1800.0,3.5,10.7,normal
1697519234.852,47.712,1800.0,3.5,10.7,normal
1697519235.354,47.225,1800.0,2.5,10.6,normal
1697519235.857,46.251,1800.0,2.5,10.6,normal
1697519236.362,46.738,600.0,5.0,10.7,normal
1697519236.868,46.251,600.0,5.9,10.6,normal
1697519237.372,46.738,1800.0,27.9,10.5,normal
1697519237.874,46.738,1800.0,24.6,10.6,normal
1697519238.377,48.199,1800.0,3.0,10.6,normal
1697519238.88,47.225,1800.0,3.5,10.6,normal
1697519239.382,47.225,1800.0,3.5,10.6,normal
1697519239.885,46.251,1800.0,3.5,10.6,normal
1697519240.387,46.251,1800.0,4.0,10.6,normal
1697519240.89,46.738,1800.0,3.0,10.6,normal
1697519241.392,47.225,1800.0,3.5,10.6,normal
1697519241.895,47.712,1800.0,4.5,10.6,normal
1697519242.4,46.251,600.0,4.9,10.5,normal
1697519242.903,46.738,1800.0,10.4,9.5,normal
1697519243.406,48.199,1800.0,28.4,10.4,normal
1697519243.909,47.225,1800.0,19.2,10.6,normal
1697519244.411,46.251,1800.0,4.0,10.6,normal
1697519244.914,47.225,1800.0,4.9,10.6,normal
1697519245.416,47.225,1800.0,3.0,10.6,normal
1697519245.919,47.225,1800.0,4.0,10.6,normal
1697519246.421,47.712,1800.0,4.5,10.6,normal
1697519246.924,46.738,1800.0,3.0,10.6,normal
1697519247.427,46.738,1800.0,3.5,10.7,normal
1697519247.931,47.712,800.0,3.5,10.7,normal
1697519248.438,46.251,600.0,5.9,10.6,normal
1697519248.944,45.764,600.0,4.0,10.7,normal
1697519249.447,47.712,1800.0,27.7,10.4,normal
1697519249.95,47.712,1800.0,29.0,10.7,normal
1697519250.453,46.738,1800.0,4.0,10.7,normal
1697519250.955,46.738,1800.0,3.0,10.7,normal
1697519251.458,46.738,1800.0,3.5,10.7,normal
1697519251.96,47.225,1800.0,3.5,10.7,normal
1697519252.463,46.738,1800.0,4.9,10.7,normal
1697519252.965,47.712,1800.0,3.0,10.7,normal
1697519253.468,45.764,1800.0,3.5,10.7,normal
1697519253.97,47.225,1800.0,3.0,10.7,normal
1697519254.476,47.225,600.0,5.9,10.7,normal
1697519254.982,46.738,600.0,8.3,10.6,normal
1697519255.485,47.225,1800.0,28.5,10.5,normal
1697519255.988,47.712,1800.0,23.2,10.7,normal
1697519256.49,47.225,1800.0,4.0,10.7,normal
1697519256.993,47.712,1800.0,4.0,10.7,normal
1697519257.495,47.225,1800.0,3.5,10.7,normal
1697519257.998,47.712,1800.0,4.0,10.7,normal
1697519258.501,47.225,1800.0,4.0,10.7,normal
1697519259.003,48.199,1800.0,4.0,10.7,normal
1697519259.506,47.712,1800.0,2.5,10.7,normal
1697519260.008,45.277,1800.0,5.0,10.7,normal
1697519260.518,46.251,600.0,6.3,10.7,normal
1697519261.024,46.738,700.0,4.5,10.7,normal
1697519261.529,47.712,1800.0,25.4,10.4,normal
1697519262.031,48.199,1800.0,30.8,10.7,normal
1697519262.534,46.738,1800.0,3.9,10.7,normal
1697519263.036,46.251,1800.0,5.0,10.7,normal
1697519263.539,46.251,1800.0,3.5,10.7,normal
1697519264.042,47.225,1800.0,3.0,10.7,normal
1697519264.544,47.225,1800.0,3.5,10.7,normal
1697519265.047,45.764,1800.0,5.9,10.7,normal
1697519265.55,46.738,1800.0,4.0,10.7,normal
1697519266.052,47.225,1800.0,2.5,10.7,normal
1697519266.558,46.738,600.0,3.4,10.7,normal
1697519267.063,46.251,800.0,5.4,10.7,normal
1697519267.566,47.712,1800.0,27.0,10.5,normal
1697519268.069,47.712,1800.0,22.6,10.6,normal
1697519268.571,47.712,1800.0,2.0,10.6,normal
1697519269.074,47.225,1800.0,8.9,10.7,normal
1697519269.577,47.225,1800.0,4.0,10.7,normal
1697519270.08,46.738,1800.0,4.9,10.7,normal
1697519270.583,46.738,1800.0,3.0,10.7,normal
1697519271.085,46.738,1800.0,3.0,10.7,normal
1697519271.587,47.225,1800.0,3.5,10.7,normal
1697519272.09,46.738,1800.0,4.5,10.7,normal
1697519272.594,46.738,1000.0,4.0,10.7,normal
1697519273.098,45.764,800.0,5.9,10.7,normal
1697519273.601,48.686,1800.0,21.0,10.2,normal
1697519274.103,46.738,1800.0,32.3,10.6,normal
1697519274.606,47.225,1800.0,4.4,10.6,normal
1697519275.108,46.738,1800.0,3.5,10.6,normal
1697519275.611,48.199,1800.0,3.9,10.6,normal
1697519276.113,47.225,1800.0,2.0,10.6,normal
1697519276.616,46.251,1800.0,3.0,10.7,normal
1697519277.119,46.738,1800.0,3.9,10.7,normal
1697519277.621,47.712,1800.0,1.5,10.7,normal
1697519278.124,46.251,1800.0,2.5,10.7,normal
1697519278.627,47.225,1100.0,4.9,10.7,normal
1697519279.132,46.738,900.0,4.0,10.7,normal
1697519279.634,47.225,1800.0,16.4,10.1,normal
1697519280.137,47.712,1800.0,36.0,10.6,normal
1697519280.64,47.225,1800.0,7.0,10.7,normal
1697519281.142,47.225,1800.0,4.0,10.7,normal
1697519281.645,48.199,1800.0,4.0,10.7,normal
1697519282.148,46.738,1800.0,3.5,10.7,normal
1697519282.65,47.712,1800.0,2.5,10.7,normal
1697519283.153,47.225,1800.0,4.5,10.7,normal
1697519283.655,47.225,1800.0,3.5,10.7,normal
1697519284.158,48.199,1800.0,3.5,10.7,normal
1697519284.662,46.738,800.0,4.0,10.7,normal
1697519285.166,46.251,900.0,4.9,10.7,normal
1697519285.669,47.712,1800.0,19.0,10.3,normal
1697519286.171,47.712,1800.0,37.0,10.7,normal
1697519286.674,47.712,1800.0,2.0,10.7,normal
1697519287.177,47.712,1800.0,4.9,10.7,normal
1697519287.679,47.712,1800.0,3.5,10.7,normal
1697519288.182,48.199,1800.0,4.0,10.7,normal
1697519288.684,48.686,1800.0,3.5,10.7,normal
1697519289.187,47.712,1800.0,3.0,10.7,normal
1697519289.689,46.738,1800.0,5.0,10.8,normal
1697519290.192,47.225,1800.0,3.5,10.8,normal
1697519290.696,46.738,800.0,3.9,10.8,normal
1697519291.2,46.251,900.0,4.0,10.8,normal
1697519291.704,46.251,1800.0,22.0,10.4,normal
1697519292.206,47.225,1800.0,32.5,10.7,normal
1697519292.709,46.738,1800.0,3.5,10.7,normal
1697519293.212,47.225,1800.0,2.0,10.7,normal
1697519293.714,47.712,1800.0,3.0,10.7,normal
1697519294.217,46.738,1800.0,4.0,10.7,normal
1697519294.719,46.738,1800.0,4.0,10.7,normal
1697519295.222,46.251,1800.0,3.5,10.7,normal
1697519295.724,46.738,1800.0,3.0,10.7,normal
1697519296.227,47.712,1800.0,3.0,10.7,normal
1697519296.731,46.738,900.0,6.4,10.7,normal
1697519297.237,46.251,600.0,4.4,10.7,normal
1697519297.745,48.199,1800.0,16.4,10.2,normal
1697519298.247,47.225,1800.0,37.5,10.6,normal
1697519298.75,46.738,1800.0,5.5,10.6,normal
1697519299.253,47.712,1800.0,3.0,10.6,normal
1697519299.755,47.225,1800.0,4.0,10.6,normal
1697519300.258,46.738,1800.0,3.5,10.6,normal
1697519300.76,47.225,1800.0,4.0,10.6,normal
1697519301.263,47.225,1800.0,4.5,10.6,normal
1697519301.766,46.738,1800.0,2.5,10.6,normal
1697519302.268,45.764,1800.0,4.4,10.6,normal
1697519302.774,46.738,600.0,4.0,10.6,normal
1697519303.279,45.764,800.0,4.5,10.6,normal
1697519303.783,47.225,900.0,9.4,9.6,normal
1697519304.286,48.199,1800.0,28.4,10.4,normal
1697519304.789,47.712,1800.0,22.8,10.6,normal
1697519305.292,48.199,1800.0,4.4,10.6,normal
1697519305.794,47.225,1800.0,3.5,10.6,normal
1697519306.297,46.738,1800.0,2.0,10.6,normal
1697519306.799,47.712,1800.0,3.5,10.6,normal
1697519307.302,47.225,1800.0,4.0,10.6,normal
1697519307.804,46.251,1800.0,3.0,10.7,normal
1697519308.307,46.251,1800.0,3.5,10.6,normal
1697519308.809,47.712,1800.0,3.0,10.6,normal
1697519309.315,46.738,600.0,4.5,10.7,normal
1697519309.821,46.738,600.0,5.0,10.7,normal
1697519310.323,47.225,1800.0,25.2,10.4,normal
1697519310.826,47.225,1800.0,29.1,10.7,normal
1697519311.329,46.738,1800.0,4.5,10.7,normal
1697519311.831,47.225,1800.0,3.5,10.7,normal
1697519312.334,46.251,1800.0,3.5,10.7,normal
1697519312.836,47.225,1800.0,3.5,10.7,normal
1697519313.339,46.738,1800.0,3.5,10.7,normal
1697519313.841,47.225,1800.0,3.5,10.7,normal
1697519314.344,47.225,1800.0,3.5,10.7,normal
1697519314.847,46.738,1800.0,4.5,10.7,normal
1697519315.352,46.738,600.0,5.0,10.7,normal
1697519315.858,47.225,600.0,5.0,10.7,normal
1697519316.361,47.225,1800.0,18.4,10.3,normal
1697519316.863,48.199,1800.0,36.5,10.7,normal
1697519317.366,47.225,1800.0,3.5,10.7,normal
1697519317.868,47.225,1800.0,3.0,10.7,normal
1697519318.371,46.738,1800.0,2.5,10.7,normal
1697519318.873,46.738,1800.0,2.0,10.7,normal
1697519319.376,45.764,1800.0,3.5,10.7,normal
1697519319.879,47.225,1800.0,4.5,10.7,normal
1697519320.381,47.225,1800.0,2.5,10.7,normal
1697519320.884,46.738,1800.0,3.0,10.7,normal
1697519321.389,46.738,600.0,3.9,10.7,normal
1697519321.895,47.225,600.0,4.0,10.7,normal
1697519322.398,46.738,1800.0,10.5,9.8,normal
1697519322.901,47.225,1800.0,31.8,10.6,normal
1697519323.404,47.712,1800.0,15.5,10.6,normal
1697519323.907,47.225,1800.0,4.0,10.6,normal
1697519324.409,46.738,1800.0,3.5,10.6,normal
1697519324.912,47.225,1800.0,3.0,10.7,normal
1697519325.414,47.225,1800.0,5.9,10.7,normal
1697519325.917,47.225,1800.0,3.5,10.7,normal
1697519326.42,46.251,1800.0,3.0,10.7,normal
1697519326.922,46.251,1800.0,3.4,10.7,normal
1697519327.427,46.251,700.0,3.0,10.7,normal
1697519327.933,46.251,600.0,3.5,10.7,normal
1697519328.438,46.738,700.0,4.0,10.6,normal
1697519328.941,46.738,1800.0,28.0,10.4,normal
1697519329.444,48.199,1800.0,27.0,10.7,normal
1697519329.947,47.712,1800.0,4.5,10.7,normal
1697519330.449,46.251,1800.0,3.5,10.7,normal
1697519330.952,46.738,1800.0,4.0,10.7,normal
1697519331.454,46.738,1800.0,3.5,10.7,normal
1697519331.957,47.712,1800.0,4.5,10.7,normal
1697519332.459,47.225,1800.0,3.5,10.7,normal
1697519332.962,47.225,1800.0,3.0,10.7,normal
1697519333.464,47.712,1800.0,4.0,10.7,normal
1697519333.97,46.738,600.0,4.9,10.7,normal
1697519334.474,47.225,900.0,8.9,9.6,normal
1697519334.977,48.199,1800.0,29.5,10.5,normal
1697519335.48,47.225,1800.0,21.6,10.7,normal
1697519335.982,47.712,1800.0,4.9,10.7,normal
1697519336.485,47.712,1800.0,3.5,10.7,normal
1697519336.987,48.199,1800.0,3.5,10.7,normal
1697519337.49,47.225,1800.0,3.5,10.7,normal
1697519337.992,47.712,1800.0,4.0,10.7,normal
1697519338.495,46.738,1800.0,3.5,10.7,normal
1697519338.997,47.225,1800.0,3.0,10.7,normal
1697519339.5,48.199,1800.0,4.4,10.7,normal
1697519340.006,47.712,600.0,5.9,10.7,normal
1697519340.509,46.251,1800.0,12.0,10.1,normal
1697519341.016,48.686,1800.0,36.6,10.6,normal
1697519341.519,47.712,1800.0,10.4,10.7,normal
1697519342.022,47.225,1800.0,4.5,10.7,normal
1697519342.525,46.738,1800.0,3.9,10.7,normal
1697519343.027,46.738,1800.0,4.5,10.7,normal
1697519343.53,47.225,1800.0,2.0,10.7,normal
1697519344.032,47.225,1800.0,4.5,10.7,normal
1697519344.535,46.738,1800.0,4.5,10.7,normal
1697519345.038,45.277,1800.0,3.9,10.7,normal
1697519345.543,48.199,800.0,5.0,10.7,normal
1697519346.048,47.225,800.0,4.0,10.7,normal
1697519346.554,47.225,600.0,10.3,10.6,normal
1697519347.057,48.199,1800.0,29.4,10.4,normal
1697519347.56,48.686,1800.0,25.3,10.7,normal
1697519348.063,48.199,1800.0,4.0,10.7,normal
1697519348.565,47.225,1800.0,3.0,10.7,normal
1697519349.068,46.251,1800.0,3.5,10.7,normal
1697519349.57,47.712,1800.0,4.0,10.7,normal
1697519350.073,47.225,1800.0,5.0,10.7,normal
1697519350.575,46.738,1800.0,3.5,10.7,normal
1697519351.078,47.712,1800.0,4.0,10.7,normal
1697519351.58,46.738,1800.0,3.0,10.7,normal
1697519352.085,47.225,800.0,5.4,10.7,normal
1697519352.588,46.738,1000.0,4.5,10.7,normal
1697519353.091,47.225,1800.0,21.4,10.4,normal
1697519353.594,48.199,1800.0,35.0,10.7,normal
1697519354.096,49.173,1800.0,3.5,10.7,normal
1697519354.599,48.686,1800.0,2.5,10.7,normal
1697519355.102,48.199,1800.0,4.5,10.7,normal
1697519355.604,47.225,1800.0,3.5,10.7,normal
1697519356.107,46.738,1800.0,4.4,10.7,normal
1697519356.609,46.738,1800.0,2.5,10.7,normal
1697519357.112,47.225,1800.0,3.5,10.7,normal
1697519357.614,46.738,1800.0,3.0,10.8,normal
1697519358.117,46.251,1800.0,5.0,10.8,normal
1697519358.619,47.712,1800.0,2.0,10.8,normal
1697519359.122,48.686,1800.0,23.6,10.5,normal
1697519359.625,48.199,1800.0,28.4,10.6,normal
1697519360.128,47.225,1800.0,2.0,10.6,normal
1697519360.63,47.225,1800.0,4.0,10.6,normal
1697519361.133,47.712,1800.0,4.0,10.6,normal
1697519361.635,47.225,1800.0,3.0,10.7,normal
1697519362.138,47.712,1800.0,1.5,10.7,normal
1697519362.64,46.738,1800.0,5.5,10.7,normal
1697519363.145,47.712,700.0,3.9,10.7,normal
1697519363.649,47.712,900.0,4.0,10.7,normal
1697519364.153,46.738,1000.0,4.5,10.7,normal
1697519364.657,47.225,1000.0,7.8,10.7,normal
1697519365.16,47.225,1800.0,20.0,10.4,normal
1697519365.662,46.738,1800.0,33.7,10.7,normal
1697519366.165,47.225,1800.0,3.5,10.7,normal
1697519366.667,47.712,1800.0,13.5,10.7,normal
1697519367.17,47.712,1800.0,3.0,10.7,normal
1697519367.673,46.738,1800.0,3.0,10.7,normal
1697519368.175,47.225,1800.0,4.0,10.7,normal
1697519368.678,47.225,1800.0,3.5,10.7,normal
1697519369.18,46.738,1800.0,3.5,10.7,normal
1697519369.683,47.712,1800.0,5.0,10.7,normal
1697519370.187,46.738,900.0,4.5,10.7,normal
1697519370.692,46.738,700.0,3.5,10.7,normal
1697519371.195,46.738,1800.0,15.4,10.1,normal
1697519371.698,48.686,1800.0,38.1,10.6,normal
1697519372.201,47.225,1800.0,8.0,10.6,normal
1697519372.703,46.738,1800.0,3.0,10.7,normal
1697519373.206,48.199,1800.0,3.5,10.7,normal
1697519373.708,47.712,1800.0,3.5,10.7,normal
1697519374.211,47.225,1800.0,4.0,10.7,normal
1697519374.713,46.738,1800.0,4.0,10.7,normal
1697519375.216,47.225,1800.0,4.0,10.7,normal
1697519375.718,47.225,1800.0,3.0,10.7,normal
1697519376.224,46.251,650.0,2.5,10.7,normal
1697519376.729,46.738,700.0,5.9,10.7,normal
1697519377.231,46.738,1800.0,17.1,10.3,normal
1697519377.734,47.225,1800.0,37.2,10.7,normal
1697519378.237,47.712,1800.0,4.0,10.7,normal
1697519378.739,48.199,1800.0,2.5,10.7,normal
1697519379.242,47.225,1800.0,3.5,10.7,normal
1697519379.745,47.712,1800.0,5.0,10.7,normal
1697519380.247,46.738,1800.0,3.5,10.7,normal
1697519380.75,47.712,1800.0,3.5,10.7,normal
1697519381.252,46.738,1800.0,3.0,10.7,normal
1697519381.755,46.738,1800.0,4.0,10.7,normal
1697519382.26,46.738,600.0,4.5,10.7,normal
1697519382.763,47.225,1800.0,8.4,10.7,normal
1697519383.266,47.225,1800.0,10.9,10.2,normal
1697519383.77,49.66,1800.0,37.2,10.6,normal
1697519384.273,46.738,1800.0,8.5,10.7,normal
1697519384.775,47.225,1800.0,5.4,10.7,normal
1697519385.278,48.199,1800.0,3.5,10.7,normal
1697519385.78,47.225,1800.0,2.0,10.7,normal
1697519386.283,48.199,1800.0,4.0,10.7,normal
1697519386.786,47.712,1800.0,1.0,10.7,normal
1697519387.288,47.712,1800.0,2.0,10.7,normal
1697519387.794,47.225,600.0,5.9,10.7,normal
1697519388.297,46.251,1800.0,5.9,10.7,normal
1697519388.799,48.199,1800.0,3.0,10.7,normal
1697519389.302,47.712,1800.0,5.5,10.3,normal
1697519389.805,48.199,1800.0,29.4,10.5,normal
1697519390.308,47.225,1800.0,21.6,10.6,normal
1697519390.81,47.712,1800.0,4.0,10.6,normal
1697519391.313,47.225,1800.0,2.5,10.6,normal
1697519391.816,46.738,1800.0,4.0,10.6,normal
1697519392.318,47.712,1800.0,4.0,10.6,normal
1697519392.822,47.225,800.0,4.0,10.6,normal
1697519393.328,48.199,600.0,4.5,10.7,normal
1697519393.834,46.738,600.0,4.9,10.7,normal
1697519394.339,47.712,600.0,4.4,10.7,normal
1697519394.845,46.251,700.0,6.0,10.7,normal
1697519395.348,47.225,1800.0,14.4,10.2,normal
1697519395.851,48.199,1800.0,37.2,10.6,normal
1697519396.354,47.225,1800.0,7.5,10.7,normal
1697519396.856,46.738,1800.0,4.0,10.7,normal
1697519397.359,47.225,1800.0,4.0,10.7,normal
1697519397.861,47.712,1800.0,3.5,10.7,normal
1697519398.364,47.225,1800.0,3.5,10.7,normal
1697519398.867,47.225,1800.0,4.0,10.7,normal
1697519399.369,47.225,1800.0,3.5,10.7,normal
1697519399.871,46.738,1800.0,4.0,10.7,normal
1697519400.376,47.712,700.0,3.5,10.7,normal
1697519400.882,45.764,600.0,4.5,10.7,normal
1697519401.388,46.738,600.0,7.9,10.5,normal
1697519401.891,47.712,1800.0,27.9,10.5,normal
1697519402.394,46.738,1800.0,22.4,10.6,normal
1697519402.896,47.225,1800.0,2.5,10.6,normal
1697519403.399,46.251,1800.0,3.5,10.6,normal
1697519403.901,46.738,1800.0,2.5,10.6,normal
1697519404.404,46.738,1800.0,3.0,10.6,normal
1697519404.906,46.251,1800.0,4.0,10.7,normal
1697519405.409,46.251,1800.0,4.0,10.7,normal
1697519405.911,46.738,1800.0,3.5,10.7,normal
1697519406.414,46.738,1800.0,3.0,10.7,normal
1697519406.92,46.738,600.0,4.5,10.7,normal
1697519407.426,46.251,600.0,5.4,10.7,normal
1697519407.929,46.738,1800.0,25.0,10.4,normal
1697519408.431,48.199,1800.0,30.5,10.7,normal
1697519408.934,47.225,1800.0,3.0,10.7,normal
1697519409.436,47.225,1800.0,3.5,10.7,normal
1697519409.939,46.738,1800.0,4.0,10.7,normal
1697519410.441,48.199,1800.0,3.0,10.7,normal
1697519410.944,47.712,1800.0,3.5,10.7,normal
1697519411.447,48.199,1800.0,3.5,10.7,normal
1697519411.949,47.225,1800.0,4.0,10.7,normal
1697519412.452,47.225,1800.0,3.5,10.7,normal
1697519412.957,47.225,600.0,3.5,10.7,normal
1697519413.463,46.251,600.0,5.4,10.7,normal
1697519413.966,46.251,1800.0,18.8,10.2,normal
1697519414.468,48.199,1800.0,37.8,10.5,normal
1697519414.971,46.738,1800.0,5.4,10.6,normal
1697519415.474,47.225,1800.0,3.5,10.6,normal
1697519415.976,46.738,1800.0,4.0,10.6,normal
1697519416.479,47.712,1800.0,3.0,10.6,normal
1697519416.981,46.738,1800.0,3.5,10.6,normal
1697519417.484,47.712,1800.0,3.5,10.7,normal
1697519417.986,46.251,1800.0,4.5,10.7,normal
1697519418.489,45.764,1800.0,3.5,10.7,normal
1697519418.994,47.225,600.0,3.0,10.7,normal
1697519419.5,47.225,600.0,4.9,10.7,normal
1697519420.004,48.199,1800.0,12.3,9.8,normal
1697519420.507,47.712,1800.0,32.0,10.6,normal
1697519421.011,47.225,1800.0,16.0,10.6,normal
1697519421.513,47.225,1800.0,3.0,10.6,normal
1697519422.016,47.712,1800.0,3.5,10.6,normal
1697519422.518,46.738,1800.0,4.5,10.7,normal
1697519423.021,46.251,1800.0,2.5,10.7,normal
1697519423.523,47.225,1800.0,1.5,10.7,normal
1697519424.026,46.738,1800.0,1.5,10.7,normal
1697519424.528,46.251,1800.0,4.5,10.7,normal
1697519425.034,47.225,700.0,6.4,10.7,normal
1697519425.539,46.251,600.0,5.4,10.7,normal
1697519426.046,46.738,700.0,5.4,10.6,normal
1697519426.549,47.712,1800.0,29.4,10.5,normal
1697519427.051,47.225,1800.0,26.6,10.7,normal
1697519427.554,46.738,1800.0,3.5,10.7,normal
1697519428.056,48.686,1800.0,3.5,10.7,normal
1697519428.559,47.225,1800.0,4.0,10.7,normal
1697519429.062,48.199,1800.0,3.0,10.7,normal
1697519429.564,47.225,1800.0,4.0,10.7,normal
1697519430.067,47.225,1800.0,4.0,10.7,normal
1697519430.569,47.225,1800.0,3.5,10.7,normal
1697519431.072,47.225,1800.0,3.0,10.7,normal
1697519431.576,47.712,700.0,4.5,10.7,normal
1697519432.081,46.738,800.0,4.0,10.7,normal
1697519432.584,48.199,1800.0,22.5,10.3,normal
1697519433.087,47.712,1800.0,32.0,10.7,normal
1697519433.589,47.225,1800.0,3.9,10.7,normal
1697519434.092,47.225,1800.0,2.5,10.7,normal
1697519434.594,48.199,1800.0,4.0,10.7,normal
1697519435.097,47.225,1800.0,4.0,10.7,normal
1697519435.599,47.225,1800.0,3.5,10.7,normal
1697519436.102,46.738,1800.0,3.5,10.7,normal
1697519436.605,46.738,1800.0,3.5,10.7,normal
1697519437.107,47.225,1800.0,4.9,10.7,normal
1697519437.61,47.225,1100.0,5.9,10.7,normal
1697519438.114,47.225,1000.0,4.0,10.7,normal
1697519438.617,47.712,1800.0,15.5,10.2,normal
1697519439.119,48.199,1800.0,37.7,10.6,normal
1697519439.622,47.712,1800.0,7.9,10.6,normal
1697519440.125,47.225,1800.0,3.0,10.6,normal
1697519440.627,47.712,1800.0,3.5,10.7,normal
1697519441.13,47.225,1800.0,4.9,10.7,normal
1697519441.632,46.251,1800.0,2.5,10.7,normal
1697519442.135,47.712,1800.0,2.0,10.7,normal
1697519442.637,47.225,1800.0,2.5,10.7,normal
1697519443.14,46.738,1800.0,4.0,10.7,normal
1697519443.643,46.738,1000.0,4.0,10.7,normal
1697519444.147,46.251,900.0,3.0,10.7,normal
1697519444.652,47.712,1100.0,5.9,10.6,normal
1697519445.155,47.712,1800.0,28.4,10.5,normal
1697519445.657,48.686,1800.0,24.5,10.6,normal
1697519446.16,46.738,1800.0,1.0,10.6,normal
1697519446.662,45.764,1800.0,3.0,10.6,normal
1697519447.165,47.712,1800.0,3.5,10.6,normal
1697519447.667,47.712,1800.0,3.5,10.7,normal
1697519448.17,46.738,1800.0,2.0,10.7,normal
1697519448.672,47.712,1800.0,2.0,10.7,normal
1697519449.175,47.225,1800.0,5.0,10.7,normal
1697519449.677,46.738,1800.0,3.0,10.7,normal
1697519450.182,47.712,700.0,1.5,10.7,normal
1697519450.688,46.251,600.0,6.0,10.7,normal
1697519451.191,47.225,1800.0,23.9,10.4,normal
1697519451.694,47.225,1800.0,29.1,10.7,normal
1697519452.197,46.738,1800.0,3.0,10.7,normal
1697519452.699,47.225,1800.0,3.5,10.7,normal
1697519453.202,46.251,1800.0,4.0,10.7,normal
1697519453.705,46.251,1800.0,3.5,10.7,normal
1697519454.207,46.738,1800.0,3.5,10.7,normal
1697519454.71,46.738,1800.0,4.5,10.7,normal
1697519455.212,47.712,1800.0,3.0,10.7,normal
1697519455.717,46.738,1800.0,4.0,10.7,normal
1697519456.224,46.738,900.0,4.9,10.7,normal
1697519456.729,46.251,900.0,4.5,10.7,normal
1697519457.231,47.225,1800.0,17.9,10.3,normal
1697519457.734,47.225,1800.0,37.7,10.6,normal
1697519458.237,46.738,1800.0,3.5,10.7,normal
1697519458.739,47.225,1800.0,3.0,10.7,normal
1697519459.242,46.738,1800.0,3.5,10.7,normal
1697519459.744,45.277,1800.0,4.5,10.7,normal
1697519460.247,47.225,1800.0,3.0,10.7,normal
1697519460.749,47.225,1800.0,3.4,10.7,normal
1697519461.252,46.251,1800.0,3.5,10.7,normal
1697519461.755,46.738,1800.0,3.5,10.7,normal
1697519462.26,47.225,600.0,3.4,10.7,normal
1697519462.766,47.225,600.0,5.4,10.7,normal
1697519463.269,47.712,1800.0,10.6,9.6,normal
1697519463.771,48.199,1800.0,29.7,10.5,normal
1697519464.274,47.712,1800.0,20.4,10.7,normal
1697519464.777,47.225,1800.0,3.5,10.7,normal
1697519465.28,47.225,1800.0,2.5,10.7,normal
1697519465.782,46.738,1800.0,4.5,10.7,normal
1697519466.285,47.225,1800.0,4.0,10.7,normal
1697519466.787,47.225,1800.0,3.5,10.7,normal
1697519467.29,46.738,1800.0,3.5,10.7,normal
1697519467.792,47.225,1800.0,4.0,10.7,normal
1697519468.295,45.764,1800.0,4.9,10.7,normal
1697519468.801,47.225,600.0,4.0,10.7,normal
1697519469.307,47.225,800.0,4.0,10.7,normal
1697519469.81,46.251,1800.0,27.9,10.4,normal
1697519470.313,47.225,1800.0,29.5,10.7,normal
1697519470.815,46.738,1800.0,2.5,10.7,normal
1697519471.318,47.225,1800.0,3.5,10.7,normal
1697519471.82,48.199,1800.0,3.5,10.7,normal
1697519472.323,47.225,1800.0,3.5,10.6,normal
1697519472.826,47.712,1800.0,3.0,10.6,normal
1697519473.328,47.712,1800.0,3.5,10.6,normal
1697519473.831,46.738,1800.0,3.5,10.6,normal
1697519474.333,46.738,1800.0,3.5,10.6,normal
1697519474.839,46.738,600.0,5.4,10.6,normal
1697519475.344,47.225,600.0,4.0,10.6,normal
1697519475.847,48.199,1800.0,18.9,10.2,normal
1697519476.35,48.199,1800.0,35.4,10.6,normal
1697519476.852,47.225,1800.0,3.0,10.6,normal
1697519477.355,47.712,1800.0,3.5,10.6,normal
1697519477.858,47.225,1800.0,3.5,10.6,normal
1697519478.36,47.712,1800.0,3.4,10.6,normal
1697519478.863,47.712,1800.0,3.0,10.6,normal
1697519479.365,46.738,1800.0,3.5,10.6,normal
1697519479.868,47.225,1800.0,5.0,10.6,normal
1697519480.37,46.738,1800.0,3.9,10.6,normal
1697519480.876,46.738,600.0,3.5,10.6,normal
1697519481.381,46.738,600.0,4.0,10.6,normal
1697519481.884,46.738,1800.0,13.4,10.1,normal
1697519482.387,48.686,1800.0,37.3,10.6,normal
1697519482.89,46.251,1800.0,7.4,10.7,normal
1697519483.393,47.712,1800.0,2.0,10.7,normal
1697519483.895,47.225,1800.0,4.5,10.7,normal
1697519484.398,46.738,1800.0,2.0,10.7,normal
1697519484.9,47.225,1800.0,4.5,10.7,normal
1697519485.403,46.738,1800.0,3.0,10.7,normal
1697519485.905,46.738,1800.0,3.5,10.7,normal
1697519486.408,46.738,1800.0,3.5,10.7,normal
1697519486.913,47.225,700.0,3.5,10.7,normal
1697519487.418,46.251,600.0,4.4,10.7,normal
1697519487.921,45.764,1800.0,18.5,10.2,normal
1697519488.424,47.225,1800.0,37.5,10.6,normal
1697519488.927,48.199,1800.0,2.5,10.6,normal
1697519489.429,47.225,1800.0,4.0,10.6,normal
1697519489.932,46.738,1800.0,4.5,10.6,normal
1697519490.434,47.225,1800.0,3.5,10.6,normal
1697519490.937,46.738,1800.0,3.0,10.7,normal
1697519491.439,47.712,1800.0,4.0,10.7,normal
1697519491.942,46.738,1800.0,3.5,10.7,normal
1697519492.444,46.251,1800.0,3.0,10.7,normal
1697519492.95,45.764,600.0,3.4,10.7,normal
1697519493.455,47.225,600.0,4.0,10.7,normal
1697519493.96,46.738,1100.0,13.9,9.8,normal
1697519494.464,46.738,1800.0,29.4,10.5,normal
1697519494.967,47.712,1800.0,20.4,10.6,normal
1697519495.469,47.225,1800.0,2.5,10.6,normal
1697519495.972,47.225,1800.0,4.9,10.6,normal
1697519496.474,47.225,1800.0,3.0,10.6,normal
1697519496.977,46.738,1800.0,3.0,10.6,normal
1697519497.479,47.225,1800.0,3.5,10.6,normal
1697519497.982,47.225,1800.0,4.9,10.7,normal
1697519498.484,47.225,1800.0,3.5,10.6,normal
1697519498.987,46.738,1800.0,3.5,10.7,normal
1697519499.492,45.764,600.0,3.5,10.7,normal
1697519499.998,46.251,600.0,6.4,10.6,normal
1697519500.501,47.712,1800.0,27.9,10.4,normal
1697519501.004,47.712,1800.0,27.4,10.7,normal
1697519501.507,47.225,1800.0,3.5,10.7,normal
1697519502.01,47.225,1800.0,4.4,10.7,normal
1697519502.512,47.225,1800.0,4.0,10.7,normal
1697519503.015,47.225,1800.0,4.5,10.7,normal
1697519503.518,46.738,1800.0,3.0,10.7,normal
1697519504.02,47.225,1800.0,5.4,10.7,normal
1697519504.523,46.738,1800.0,3.0,10.7,normal
1697519505.025,45.277,1800.0,4.5,10.7,normal
1697519505.531,47.712,600.0,4.0,10.7,normal
1697519506.037,47.712,600.0,5.9,10.7,normal
1697519506.54,46.251,1800.0,19.9,10.3,normal
1697519507.043,48.199,1800.0,32.8,10.7,normal
1697519507.545,47.712,1800.0,2.5,10.7,normal
1697519508.048,47.225,1800.0,3.0,10.7,normal
1697519508.551,47.712,1800.0,2.5,10.7,normal
1697519509.053,48.199,1800.0,5.0,10.7,normal
1697519509.556,47.225,1800.0,2.0,10.7,normal
1697519510.058,46.738,1800.0,3.5,10.7,normal
1697519510.561,47.712,1800.0,2.5,10.7,normal
1697519511.063,47.712,1800.0,4.0,10.7,normal
1697519511.569,46.738,600.0,4.0,10.7,normal
1697519512.074,45.764,800.0,7.8,10.7,normal
1697519512.577,47.712,1800.0,12.6,10.1,normal
1697519513.08,48.686,1800.0,36.3,10.6,normal
1697519513.583,47.712,1800.0,8.0,10.7,normal
1697519514.085,48.199,1800.0,4.0,10.6,normal
1697519514.588,47.712,1800.0,3.5,10.6,normal
1697519515.09,47.225,1800.0,3.5,10.7,normal
1697519515.593,47.712,1800.0,3.5,10.6,normal
1697519516.095,47.225,1800.0,4.0,10.7,normal
1697519516.598,46.251,1800.0,3.5,10.7,normal
1697519517.1,46.738,1800.0,3.0,10.6,normal
1697519517.604,46.738,900.0,3.5,10.7,normal
1697519518.109,47.225,800.0,5.0,10.7,normal
1697519518.611,47.712,1800.0,17.6,10.2,normal
1697519519.114,47.712,1800.0,37.6,10.6,normal
1697519519.617,47.225,1800.0,4.0,10.6,normal
1697519520.119,47.712,1800.0,4.9,10.7,normal
1697519520.622,46.738,1800.0,3.0,10.7,normal
1697519521.124,46.738,1800.0,4.5,10.7,normal
1697519521.627,47.712,1800.0,3.5,10.7,normal
1697519522.13,46.738,1800.0,4.5,10.7,normal
1697519522.632,46.738,1800.0,3.0,10.7,normal
1697519523.135,46.738,1800.0,3.5,10.7,normal
1697519523.638,46.251,1000.0,4.0,10.7,normal
1697519524.142,46.738,1000.0,5.0,10.7,normal
1697519524.645,46.738,1800.0,11.4,9.6,normal
1697519525.148,47.712,1800.0,28.4,10.5,normal
1697519525.65,48.199,1800.0,19.2,10.6,normal
1697519526.153,46.251,1800.0,3.0,10.6,normal
1697519526.655,48.686,1800.0,4.4,10.7,normal
1697519527.158,47.712,1800.0,2.5,10.7,normal
1697519527.661,47.225,1800.0,3.5,10.7,normal
1697519528.163,47.712,1800.0,4.4,10.7,normal
1697519528.666,47.712,1800.0,3.0,10.7,normal
1697519529.168,46.738,1800.0,3.5,10.7,normal
1697519529.673,46.738,700.0,4.4,10.7,normal
1697519530.177,46.738,1100.0,5.0,10.7,normal
1697519530.68,47.225,1000.0,5.9,10.7,normal
1697519531.183,47.225,1800.0,27.0,10.4,normal
1697519531.686,47.225,1800.0,26.9,10.6,normal
1697519532.189,47.225,1800.0,4.5,10.6,normal
1697519532.691,47.712,1800.0,3.0,10.6,normal
1697519533.194,46.738,1800.0,2.5,10.6,normal
1697519533.696,47.225,1800.0,3.5,10.7,normal
1697519534.199,47.712,1800.0,4.5,10.7,normal
1697519534.701,47.712,1800.0,3.0,10.7,normal
1697519535.204,47.712,1800.0,3.5,10.7,normal
1697519535.706,47.712,1800.0,3.5,10.7,normal
1697519536.21,46.738,1100.0,5.5,10.7,normal
1697519536.715,46.738,800.0,9.4,9.5,normal
1697519537.218,47.225,1800.0,28.5,10.5,normal
1697519537.721,47.712,1800.0,21.6,10.6,normal
1697519538.223,47.225,1800.0,4.5,10.6,normal
1697519538.726,47.225,1800.0,3.0,10.7,normal
1697519539.229,47.712,1800.0,2.5,10.7,normal
1697519539.731,47.712,1800.0,4.5,10.7,normal
1697519540.234,47.225,1800.0,4.5,10.7,normal
1697519540.736,47.225,1800.0,2.5,10.7,normal
1697519541.239,46.738,1800.0,4.0,10.7,normal
1697519541.741,47.225,1800.0,3.5,10.7,normal
1697519542.246,47.712,800.0,4.0,10.7,normal
1697519542.751,47.225,600.0,2.5,10.7,normal
1697519543.255,47.712,1800.0,25.7,10.4,normal
1697519543.758,47.712,1800.0,28.5,10.6,normal
1697519544.26,47.225,1800.0,3.5,10.6,normal
1697519544.763,48.199,1800.0,4.0,10.6,normal
1697519545.265,46.738,1800.0,2.0,10.6,normal
1697519545.768,46.738,1800.0,3.5,10.6,normal
1697519546.27,46.738,1800.0,2.5,10.6,normal
1697519546.773,47.225,1800.0,4.5,10.6,normal
1697519547.275,47.712,1800.0,4.0,10.6,normal
1697519547.778,46.738,1800.0,3.5,10.6,normal
1697519548.283,45.764,600.0,4.5,10.6,normal
1697519548.789,46.738,600.0,5.9,10.7,normal
1697519549.292,47.225,1800.0,20.0,10.3,normal
1697519549.795,47.712,1800.0,36.3,10.7,normal
1697519550.297,47.225,1800.0,4.0,10.7,normal
1697519550.8,47.225,1800.0,3.5,10.7,normal
1697519551.302,46.738,1800.0,4.0,10.7,normal
1697519551.805,47.225,1800.0,3.0,10.7,normal
1697519552.307,46.251,1800.0,4.0,10.7,normal
1697519552.81,47.225,1800.0,3.5,10.7,normal
1697519553.312,47.225,1800.0,3.0,10.7,normal
1697519553.815,46.738,1800.0,3.0,10.7,normal
1697519554.32,47.712,600.0,4.9,10.7,normal
1697519554.826,47.225,600.0,5.9,10.7,normal
1697519555.329,46.738,1800.0,12.4,10.2,normal
1697519555.832,47.225,1800.0,37.3,10.6,normal
1697519556.335,47.712,1800.0,8.0,10.7,normal
1697519556.838,46.738,1800.0,3.5,10.7,normal
1697519557.34,47.712,1800.0,3.5,10.7,normal
1697519557.843,47.712,1800.0,2.5,10.7,normal
1697519558.345,46.251,1800.0,4.5,10.7,normal
1697519558.848,46.251,1800.0,4.0,10.7,normal
1697519559.351,47.225,1800.0,3.9,10.7,normal
1697519559.853,46.738,1800.0,4.5,10.7,normal
1697519560.359,46.738,600.0,3.0,10.7,normal
1697519560.864,46.251,600.0,5.4,10.7,normal
1697519561.371,46.251,600.0,6.9,10.6,normal
1697519561.874,46.738,1800.0,28.4,10.5,normal
1697519562.377,47.225,1800.0,23.0,10.7,normal
1697519562.879,47.225,1800.0,4.0,10.7,normal
1697519563.382,47.712,1800.0,4.0,10.7,normal
1697519563.884,47.712,1800.0,3.5,10.7,normal
1697519564.387,47.712,1800.0,4.4,10.7,normal
1697519564.89,46.738,1800.0,3.5,10.7,normal
1697519565.392,45.764,1800.0,4.0,10.7,normal
1697519565.895,46.738,1800.0,3.0,10.7,normal
1697519566.397,47.712,1800.0,3.0,10.7,normal
1697519566.903,45.764,600.0,4.5,10.7,normal
1697519567.409,46.738,600.0,2.0,10.7,normal
1697519567.911,46.738,1800.0,24.0,10.4,normal
1697519568.414,47.225,1800.0,29.9,10.7,normal
1697519568.917,45.764,1800.0,0.5,10.7,normal
1697519569.419,46.738,1800.0,0.0,10.7,normal
1697519569.921,47.225,1800.0,1.5,10.7,normal
1697519570.424,46.738,1800.0,6.4,10.7,normal
1697519570.926,46.738,1800.0,4.0,10.7,normal
1697519571.429,47.712,1800.0,3.0,10.7,normal
1697519571.931,47.225,1800.0,3.5,10.7,normal
1697519572.434,46.738,1800.0,3.5,10.7,normal
1697519572.939,46.738,600.0,5.4,10.7,normal
1697519573.445,47.225,600.0,3.5,10.7,normal
1697519573.949,46.738,1800.0,29.0,10.4,normal
1697519574.451,46.738,1800.0,27.0,10.7,normal
1697519574.954,47.712,1800.0,5.9,10.7,normal
1697519575.456,47.225,1800.0,3.5,10.7,normal
1697519575.959,46.738,1800.0,4.5,10.7,normal
1697519576.461,48.199,1800.0,3.0,10.7,normal
1697519576.964,47.712,1800.0,3.0,10.7,normal
1697519577.467,46.738,1800.0,3.0,10.7,normal
1697519577.969,46.251,1800.0,4.5,10.7,normal
1697519578.472,46.738,1800.0,2.5,10.7,normal
1697519578.977,46.738,600.0,3.5,10.7,normal
1697519579.483,47.225,600.0,4.4,10.6,normal
1697519579.986,47.225,1800.0,30.5,10.4,normal
1697519580.488,47.712,1800.0,26.6,10.6,normal
1697519580.991,47.712,1800.0,3.5,10.6,normal
1697519581.494,46.738,1800.0,3.5,10.6,normal
1697519581.996,47.712,1800.0,4.4,10.6,normal
1697519582.499,47.225,1800.0,4.0,10.6,normal
1697519583.001,45.764,1800.0,3.0,10.6,normal
1697519583.504,46.738,1800.0,3.5,10.6,normal
1697519584.007,46.738,1800.0,3.0,10.7,normal
1697519584.51,47.225,1800.0,4.0,10.7,normal
1697519585.016,47.712,600.0,4.5,10.7,normal
1697519585.52,46.251,1200.0,8.0,10.5,normal
1697519586.023,46.738,1800.0,28.4,10.6,normal
1697519586.526,48.199,1800.0,24.9,10.7,normal
1697519587.028,46.738,1800.0,4.5,10.7,normal
1697519587.531,47.712,1800.0,3.5,10.7,normal
1697519588.034,46.738,1800.0,2.5,10.7,normal
1697519588.536,47.225,1800.0,3.0,10.7,normal
1697519589.039,47.225,1800.0,3.0,10.7,normal
1697519589.542,46.738,1800.0,4.0,10.7,normal
1697519590.044,45.764,1800.0,4.9,10.7,normal
1697519590.547,46.738,1800.0,4.0,10.7,normal
1697519591.053,46.738,600.0,3.5,10.7,normal
1697519591.559,46.251,600.0,6.9,10.7,normal
1697519592.062,48.199,1800.0,24.5,10.5,normal
1697519592.565,47.712,1800.0,28.3,10.7,normal
1697519593.068,48.199,1800.0,3.5,10.7,normal
1697519593.57,48.199,1800.0,3.5,10.7,normal
1697519594.073,47.712,1800.0,3.5,10.7,normal
1697519594.575,48.199,1800.0,4.4,10.7,normal
1697519595.078,47.712,1800.0,4.5,10.7,normal
1697519595.58,47.712,1800.0,3.5,10.7,normal
1697519596.083,47.225,1800.0,3.5,10.7,normal
1697519596.585,46.251,1800.0,4.0,10.7,normal
1697519597.089,47.225,900.0,5.0,10.7,normal
1697519597.594,46.738,900.0,4.0,10.7,normal
1697519598.096,47.712,1800.0,18.3,10.3,normal
1697519598.599,47.712,1800.0,37.2,10.6,normal
1697519599.102,48.199,1800.0,4.5,10.6,normal
1697519599.604,47.712,1800.0,3.0,10.7,normal
1697519600.107,47.225,1800.0,3.5,10.7,normal
1697519600.61,47.225,1800.0,2.5,10.6,normal
1697519601.112,47.225,1800.0,4.0,10.7,normal
1697519601.615,46.251,1800.0,3.5,10.7,normal
1697519602.117,47.712,1800.0,3.0,10.7,normal
1697519602.619,47.712,1800.0,3.5,10.7,normal
1697519603.123,46.738,1000.0,5.4,10.6,normal
1697519603.627,45.764,900.0,4.0,10.7,normal
1697519604.13,46.251,1800.0,8.5,9.6,normal
1697519604.633,47.712,1800.0,29.6,10.5,normal
1697519605.135,48.686,1800.0,20.2,10.6,normal
1697519605.638,47.225,1800.0,3.0,10.6,normal
1697519606.14,46.251,1800.0,3.5,10.6,normal
1697519606.643,46.251,1800.0,3.0,10.6,normal
1697519607.146,45.764,1800.0,2.5,10.6,normal
1697519607.648,47.225,1800.0,4.0,10.7,normal
1697519608.151,47.225,1800.0,3.5,10.7,normal
1697519608.653,48.199,1800.0,3.5,10.7,normal
1697519609.158,46.251,700.0,2.5,10.7,normal
1697519609.662,46.738,900.0,4.5,10.7,normal
1697519610.166,46.251,1000.0,4.4,10.7,normal
1697519610.67,47.712,1800.0,26.2,10.4,normal
1697519611.173,47.225,1800.0,25.9,10.7,normal
1697519611.675,46.251,1800.0,3.0,10.7,normal
1697519612.178,47.712,1800.0,3.5,10.7,normal
1697519612.68,47.225,1800.0,4.0,10.7,normal
1697519613.183,47.712,1800.0,3.0,10.7,normal
1697519613.686,47.225,1800.0,3.5,10.7,normal
1697519614.188,47.712,1800.0,3.0,10.7,normal
1697519614.691,47.225,1800.0,4.0,10.7,normal
1697519615.193,47.225,1800.0,3.9,10.7,normal
1697519615.698,46.738,800.0,4.5,10.7,normal
1697519616.202,46.738,900.0,5.4,10.7,normal
1697519616.705,47.712,1800.0,19.6,10.3,normal
1697519617.207,47.225,1800.0,35.5,10.6,normal
1697519617.71,47.225,1800.0,3.5,10.6,normal
1697519618.212,47.225,1800.0,4.0,10.6,normal
1697519618.715,47.712,1800.0,3.0,10.6,normal
1697519619.217,47.712,1800.0,3.5,10.6,normal
1697519619.72,46.251,1800.0,3.5,10.6,normal
1697519620.223,47.225,1800.0,4.4,10.6,normal
1697519620.725,46.738,1800.0,3.0,10.7,normal
1697519621.228,47.712,1800.0,3.5,10.7,normal
1697519621.732,46.738,900.0,4.9,10.7,normal
1697519622.237,45.764,800.0,5.4,10.7,normal
1697519622.739,47.225,1800.0,11.9,9.9,normal
1697519623.243,47.712,1800.0,32.8,10.6,normal
1697519623.745,47.712,1800.0,12.7,10.6,normal
1697519624.248,46.738,1800.0,4.5,10.6,normal
1697519624.75,47.712,1800.0,4.0,10.6,normal
1697519625.253,47.225,1800.0,3.0,10.7,normal
1697519625.755,46.251,1800.0,2.0,10.7,normal
1697519626.258,47.225,1800.0,4.0,10.7,normal
1697519626.76,46.738,1800.0,3.0,10.7,normal
1697519627.263,46.251,1800.0,2.0,10.7,normal
1697519627.767,47.225,800.0,3.0,10.7,normal
1697519628.273,45.764,600.0,2.5,10.7,normal
1697519628.776,47.712,1800.0,17.3,10.2,normal
1697519629.279,48.199,1800.0,34.0,10.6,normal
1697519629.781,48.686,1800.0,2.0,10.7,normal
1697519630.284,48.199,1800.0,6.9,10.7,normal
1697519630.787,47.225,1800.0,3.5,10.7,normal
1697519631.289,45.277,1800.0,2.0,10.7,normal
1697519631.792,46.738,1800.0,5.5,10.7,normal
1697519632.294,47.225,1800.0,4.0,10.7,normal
1697519632.797,46.251,1800.0,4.0,10.7,normal
1697519633.299,47.225,1800.0,4.0,10.7,normal
1697519633.805,47.712,600.0,2.5,10.7,normal
1697519634.309,46.738,800.0,5.5,10.7,normal
1697519634.812,46.251,1800.0,11.9,9.6,normal
1697519635.315,48.199,1800.0,28.0,10.6,normal
1697519635.817,47.712,1800.0,20.5,10.7,normal
1697519636.32,47.712,1800.0,3.5,10.7,normal
1697519636.822,46.738,1800.0,4.0,10.7,normal
1697519637.325,46.738,1800.0,3.0,10.7,normal
1697519637.828,47.225,1800.0,3.0,10.7,normal
1697519638.33,46.738,1800.0,4.4,10.7,normal
1697519638.833,47.225,1800.0,3.0,10.7,normal
1697519639.335,47.712,1800.0,3.0,10.7,normal
1697519639.84,47.225,700.0,4.0,10.7,normal
1697519640.346,47.712,600.0,4.4,10.7,normal
1697519640.852,47.225,600.0,5.4,10.7,normal
1697519641.355,47.712,1800.0,26.5,10.4,normal
1697519641.858,47.712,1800.0,29.6,10.6,normal
1697519642.36,46.738,1800.0,3.0,10.6,normal
1697519642.863,46.738,1800.0,4.0,10.6,normal
1697519643.365,47.712,1800.0,3.5,10.6,normal
1697519643.868,47.225,1800.0,3.5,10.6,normal
1697519644.371,47.225,1800.0,3.0,10.6,normal
1697519644.873,46.738,1800.0,4.5,10.6,normal
1697519645.376,46.251,1800.0,3.5,10.6,normal
1697519645.878,47.225,1800.0,3.5,10.6,normal
1697519646.384,46.251,600.0,4.5,10.6,normal
1697519646.89,47.225,600.0,5.4,10.6,normal
1697519647.393,47.225,1800.0,29.4,10.5,normal
1697519647.896,47.712,1800.0,25.9,10.7,normal
1697519648.398,46.738,1800.0,3.5,10.7,normal
1697519648.901,47.225,1800.0,4.0,10.7,normal
1697519649.403,47.712,1800.0,3.5,10.7,normal
1697519649.906,46.738,1800.0,4.0,10.7,normal
1697519650.408,46.738,1800.0,3.0,10.7,normal
1697519650.911,47.712,1800.0,3.5,10.7,normal
1697519651.413,47.225,1800.0,3.5,10.7,normal
1697519651.916,46.738,1800.0,3.0,10.7,normal
1697519652.421,46.251,600.0,4.9,10.7,normal
1697519652.927,46.251,600.0,4.5,10.7,normal
1697519653.43,47.712,1800.0,21.7,10.3,normal
1697519653.933,48.686,1800.0,31.3,10.7,normal
1697519654.436,47.225,1800.0,3.5,10.7,normal
1697519654.938,48.199,1800.0,5.4,10.7,normal
1697519655.441,46.738,1800.0,2.5,10.7,normal
1697519655.943,46.738,1800.0,3.5,10.7,normal
1697519656.446,46.738,1800.0,4.0,10.7,normal
1697519656.949,47.225,1800.0,4.9,10.7,normal
1697519657.451,46.738,1800.0,3.0,10.7,normal
1697519657.954,47.225,1800.0,4.0,10.7,normal
1697519658.459,46.738,600.0,3.4,10.7,normal
1697519658.965,46.738,600.0,5.0,10.7,normal
1697519659.468,47.712,1800.0,26.4,10.5,normal
1697519659.971,46.738,1800.0,28.1,10.7,normal
1697519660.473,47.225,1800.0,3.5,10.7,normal
1697519660.976,47.225,1800.0,4.0,10.7,normal
1697519661.478,47.712,1800.0,3.0,10.7,normal
1697519661.981,46.738,1800.0,3.5,10.7,normal
1697519662.483,46.738,1800.0,4.9,10.7,normal
1697519662.986,47.712,1800.0,3.5,10.7,normal
1697519663.488,46.251,1800.0,5.9,10.7,normal
1697519663.991,47.712,1800.0,3.0,10.7,normal
1697519664.497,46.738,600.0,4.0,10.7,normal
1697519665.003,47.225,600.0,7.5,10.5,normal
1697519665.506,47.225,1800.0,30.4,10.5,normal
1697519666.012,46.738,1800.0,23.9,10.6,normal
1697519666.514,47.712,1800.0,4.5,10.6,normal
1697519667.017,46.738,1800.0,4.0,10.6,normal
1697519667.519,47.225,1800.0,4.0,10.7,normal
1697519668.022,47.225,1800.0,3.5,10.7,normal
1697519668.524,47.712,1800.0,3.0,10.7,normal
1697519669.028,46.738,1800.0,3.4,10.7,normal
1697519669.53,47.225,1800.0,4.5,10.7,normal
1697519670.035,46.251,700.0,4.9,10.7,normal
1697519670.541,46.738,600.0,4.5,10.7,normal
1697519671.046,46.738,800.0,4.4,10.7,normal
1697519671.549,47.712,1800.0,25.5,10.5,normal
1697519672.051,46.738,1800.0,30.5,10.7,normal
1697519672.554,47.225,1800.0,4.5,10.7,normal
1697519673.057,47.712,1800.0,3.5,10.7,normal
1697519673.559,46.251,1800.0,4.0,10.7,normal
1697519674.062,47.225,1800.0,3.5,10.7,normal
1697519674.564,45.764,1800.0,2.5,10.7,normal
1697519675.067,46.738,1800.0,4.5,10.7,normal
1697519675.57,46.251,1800.0,4.0,10.7,normal
1697519676.072,46.738,1800.0,3.5,10.7,normal
1697519676.577,47.225,600.0,5.0,10.7,normal
1697519677.083,46.738,600.0,5.9,10.7,normal
1697519677.586,47.225,1800.0,18.9,10.2,normal
1697519678.089,47.712,1800.0,37.2,10.6,normal
1697519678.591,47.225,1800.0,3.5,10.7,normal
1697519679.094,47.225,1800.0,3.5,10.7,normal
1697519679.597,46.738,1800.0,2.0,10.7,normal
1697519680.099,47.225,1800.0,5.4,10.7,normal
1697519680.602,47.225,1800.0,4.0,10.7,normal
1697519681.104,47.712,1800.0,3.0,10.7,normal
1697519681.607,47.712,1800.0,3.9,10.7,normal
1697519682.11,47.712,1800.0,4.0,10.7,normal
1697519682.614,45.764,800.0,4.0,10.7,normal
1697519683.119,47.712,800.0,5.9,10.7,normal
1697519683.623,46.251,1000.0,7.9,9.7,normal
1697519684.126,46.251,1800.0,29.4,10.6,normal
1697519684.629,46.251,1800.0,24.9,10.7,normal
1697519685.131,47.225,1800.0,3.5,10.7,normal
1697519685.634,46.738,1800.0,4.0,10.7,normal
1697519686.137,47.225,1800.0,3.5,10.7,normal
1697519686.64,47.225,1800.0,3.9,10.7,normal
1697519687.143,45.764,1800.0,1.5,10.7,normal
1697519687.645,47.225,1800.0,2.5,10.7,normal
1697519688.148,46.738,1800.0,3.5,10.7,normal
1697519688.65,46.738,1800.0,2.0,10.7,normal
1697519689.156,47.225,600.0,4.0,10.7,normal
1697519689.661,46.251,700.0,3.0,10.7,normal
1697519690.164,48.686,1800.0,25.2,10.4,normal
1697519690.667,46.738,1800.0,32.7,10.7,normal
1697519691.169,47.712,1800.0,2.5,10.7,normal
1697519691.672,46.738,1800.0,3.5,10.7,normal
1697519692.175,46.738,1800.0,3.5,10.7,normal
1697519692.677,47.225,1800.0,4.5,10.7,normal
1697519693.18,47.225,1800.0,1.5,10.7,normal
1697519693.682,47.225,1800.0,3.5,10.7,normal
1697519694.185,46.251,1800.0,2.0,10.7,normal
1697519694.687,47.712,1800.0,4.0,10.7,normal
1697519695.191,45.764,1100.0,4.0,10.7,normal
1697519695.695,46.738,900.0,4.0,10.7,normal
1697519696.198,47.712,1800.0,14.5,10.3,normal
1697519696.7,47.712,1800.0,37.3,10.6,normal
1697519697.203,47.712,1800.0,5.0,10.7,normal
1697519697.706,47.712,1800.0,2.5,10.7,normal
1697519698.208,48.199,1800.0,3.0,10.7,normal
1697519698.711,46.738,1800.0,3.5,10.7,normal
1697519699.213,46.738,1800.0,3.5,10.7,normal
1697519699.716,47.225,1800.0,4.0,10.7,normal
1697519700.218,46.251,1800.0,3.0,10.7,normal
1697519700.721,47.712,1800.0,4.0,10.7,normal
1697519701.225,46.738,1100.0,5.9,10.7,normal
1697519701.73,46.251,800.0,4.5,10.7,normal
1697519702.233,47.225,1800.0,8.5,9.6,normal
1697519702.736,47.225,1800.0,28.2,10.5,normal
1697519703.239,47.712,1800.0,21.5,10.6,normal
1697519703.741,46.738,1800.0,3.0,10.6,normal
1697519704.244,46.251,1800.0,3.0,10.7,normal
1697519704.747,48.199,1800.0,4.5,10.7,normal
1697519705.249,47.712,1800.0,3.0,10.7,normal
1697519705.752,47.712,1800.0,4.0,10.7,normal
1697519706.254,46.738,1800.0,3.0,10.7,normal
1697519706.757,46.251,1800.0,4.0,10.7,normal
1697519707.262,46.251,700.0,3.9,10.7,normal
1697519707.766,46.738,800.0,5.0,10.7,normal
1697519708.269,48.199,1800.0,14.5,10.1,normal
1697519708.772,48.199,1800.0,38.3,10.6,normal
1697519709.275,46.251,1800.0,7.0,10.7,normal
1697519709.777,47.712,1800.0,5.9,10.7,normal
1697519710.28,47.225,1800.0,3.5,10.7,normal
1697519710.783,46.738,1800.0,3.5,10.7,normal
1697519711.285,45.764,1800.0,3.0,10.7,normal
1697519711.788,47.225,1800.0,4.5,10.7,normal
1697519712.29,47.712,1800.0,3.0,10.7,normal
1697519712.793,46.738,1800.0,3.0,10.7,normal
1697519713.298,46.738,700.0,3.5,10.7,normal
1697519713.803,47.225,600.0,4.9,10.7,normal
1697519714.306,47.712,1800.0,20.3,10.3,normal
1697519714.809,48.199,1800.0,38.4,10.6,normal
1697519715.311,48.199,1800.0,4.0,10.7,normal
1697519715.814,47.225,1800.0,2.5,10.7,normal
1697519716.316,45.764,1800.0,3.5,10.7,normal
1697519716.819,46.738,1800.0,3.0,10.7,normal
1697519717.322,48.199,1800.0,3.5,10.7,normal
1697519717.824,46.738,1800.0,3.0,10.7,normal
1697519718.327,45.764,1800.0,4.5,10.7,normal
1697519718.829,46.738,1800.0,3.0,10.7,normal
1697519719.334,46.251,700.0,3.9,10.7,normal
1697519719.84,46.251,600.0,5.9,10.7,normal
1697519720.343,47.712,1800.0,20.5,10.3,normal
1697519720.845,46.738,1800.0,34.7,10.7,normal
1697519721.348,47.225,1800.0,3.4,10.7,normal
1697519721.851,46.251,1800.0,2.5,10.7,normal
1697519722.353,47.225,1800.0,0.0,10.7,normal
1697519722.856,47.225,1800.0,4.0,10.7,normal
1697519723.358,47.712,1800.0,2.5,10.7,normal
1697519723.861,46.738,1800.0,0.5,10.7,normal
1697519724.365,45.764,1800.0,1.5,10.7,normal
1697519724.867,46.738,1800.0,2.5,10.7,normal
1697519725.37,47.225,1800.0,9.0,10.7,normal
1697519725.872,46.738,1800.0,3.5,10.7,normal
1697519726.375,46.738,1800.0,10.9,10.2,normal
1697519726.878,48.686,1800.0,37.6,10.7,normal
1697519727.381,47.225,1800.0,7.1,10.7,normal
1697519727.883,47.225,1800.0,3.9,10.7,normal
1697519728.386,46.738,1800.0,3.0,10.7,normal
1697519728.888,47.712,1800.0,3.5,10.7,normal
1697519729.391,47.225,1800.0,4.5,10.7,normal
1697519729.893,46.738,1800.0,3.5,10.7,normal
1697519730.399,47.712,600.0,3.0,10.7,normal
1697519730.905,46.738,600.0,4.9,10.7,normal
1697519731.41,45.764,600.0,5.0,10.7,normal
1697519731.916,46.738,600.0,4.0,10.7,normal
1697519732.421,46.251,800.0,5.4,10.5,normal
1697519732.924,47.225,1800.0,29.5,10.4,normal
1697519733.427,47.225,1800.0,24.6,10.7,normal
1697519733.929,46.251,1800.0,2.5,10.7,normal
1697519734.432,47.712,1800.0,3.9,10.7,normal
1697519734.934,46.738,1800.0,4.0,10.7,normal
1697519735.437,48.199,1800.0,3.5,10.7,normal
1697519735.94,47.225,1800.0,1.5,10.7,normal
1697519736.442,46.251,1800.0,3.5,10.7,normal
1697519736.945,47.225,1800.0,2.5,10.7,normal
1697519737.447,46.738,1800.0,4.0,10.7,normal
1697519737.953,47.225,600.0,4.9,10.7,normal
1697519738.456,47.712,1000.0,9.0,9.7,normal
1697519738.959,47.225,1800.0,28.9,10.6,normal
1697519739.462,47.225,1800.0,23.4,10.7,normal
1697519739.965,47.225,1800.0,4.5,10.7,normal
1697519740.467,46.251,1800.0,2.5,10.7,normal
1697519740.97,47.225,1800.0,2.5,10.7,normal
1697519741.472,46.251,1800.0,4.0,10.7,normal
1697519741.975,47.225,1800.0,3.5,10.7,normal
1697519742.477,47.225,1800.0,3.9,10.7,normal
1697519742.98,47.225,1800.0,3.5,10.7,normal
1697519743.483,46.738,1800.0,4.0,10.7,normal
1697519743.988,47.225,600.0,3.5,10.7,normal
1697519744.492,47.225,1800.0,11.4,10.0,normal
1697519744.996,48.199,1800.0,34.5,10.6,normal
1697519745.498,47.225,1800.0,13.9,10.7,normal
1697519746.001,47.712,1800.0,3.5,10.7,normal
1697519746.503,47.712,1800.0,3.0,10.7,normal
1697519747.006,45.764,1800.0,3.0,10.7,normal
1697519747.508,47.225,1800.0,3.0,10.7,normal
1697519748.011,46.738,1800.0,2.0,10.7,normal
1697519748.514,46.738,1800.0,2.5,10.7,normal
1697519749.016,46.251,1800.0,2.0,10.7,normal
1697519749.521,47.225,700.0,1.0,10.7,normal
1697519750.024,47.225,1800.0,8.4,10.7,normal
1697519750.528,47.712,1800.0,5.5,10.6,normal
1697519751.031,47.225,1800.0,29.4,10.5,normal
1697519751.534,48.199,1800.0,20.7,10.6,normal
1697519752.036,47.225,1800.0,1.5,10.6,normal
1697519752.539,46.738,1800.0,1.5,10.6,normal
1697519753.042,47.225,1800.0,6.0,10.6,normal
1697519753.544,47.712,1800.0,4.0,10.6,normal
1697519754.047,47.712,1800.0,3.0,10.6,normal
1697519754.549,47.712,1800.0,3.5,10.6,normal
1697519755.055,47.712,600.0,6.8,10.7,normal
1697519755.559,47.712,900.0,5.0,10.7,normal
1697519756.065,46.738,600.0,5.0,10.7,normal
1697519756.568,47.712,1800.0,13.0,10.0,normal
1697519757.071,47.712,1800.0,33.2,10.6,normal
1697519757.574,46.738,1800.0,13.4,10.7,normal
1697519758.077,48.199,1800.0,3.0,10.7,normal
1697519758.579,47.712,1800.0,4.0,10.7,normal
1697519759.082,46.738,1800.0,3.5,10.7,normal
1697519759.584,47.225,1800.0,3.5,10.7,normal
1697519760.087,48.199,1800.0,4.5,10.7,normal
1697519760.589,47.712,1800.0,3.5,10.7,normal
1697519761.092,47.225,1800.0,2.5,10.7,normal
1697519761.597,46.738,700.0,5.9,10.7,normal
1697519762.102,46.251,900.0,5.4,10.7,normal
1697519762.607,46.251,700.0,5.9,10.6,normal
1697519763.11,46.738,1800.0,29.7,10.4,normal
1697519763.613,47.225,1800.0,24.5,10.6,normal
1697519764.116,47.225,1800.0,3.5,10.6,normal
1697519764.618,47.712,1800.0,3.0,10.6,normal
1697519765.121,46.738,1800.0,5.4,10.6,normal
1697519765.623,47.712,1800.0,3.9,10.6,normal
1697519766.126,47.712,1800.0,4.0,10.6,normal
1697519766.628,47.712,1800.0,2.0,10.6,normal
1697519767.131,46.738,1800.0,2.0,10.6,normal
1697519767.634,46.738,1800.0,3.0,10.6,normal
1697519768.138,47.225,900.0,5.9,10.6,normal
1697519768.642,46.251,900.0,4.9,10.7,normal
1697519769.145,47.225,1800.0,23.0,10.3,normal
1697519769.648,46.738,1800.0,32.5,10.7,normal
1697519770.15,48.199,1800.0,4.5,10.7,normal
1697519770.653,46.738,1800.0,4.0,10.7,normal
1697519771.155,47.225,1800.0,3.5,10.7,normal
1697519771.658,47.712,1800.0,4.9,10.7,normal
1697519772.16,46.738,1800.0,3.0,10.7,normal
1697519772.663,46.251,1800.0,3.5,10.7,normal
1697519773.165,47.225,1800.0,3.0,10.7,normal
1697519773.668,47.712,1800.0,4.5,10.7,normal
1697519774.172,46.738,900.0,4.0,10.7,normal
1697519774.677,46.738,800.0,5.0,10.7,normal
1697519775.18,47.712,1800.0,27.0,10.4,normal
1697519775.683,47.225,1800.0,29.4,10.7,normal
1697519776.185,47.712,1800.0,3.0,10.7,normal
1697519776.688,47.225,1800.0,2.5,10.7,normal
1697519777.191,46.738,1800.0,2.5,10.7,normal
1697519777.693,46.738,1800.0,2.5,10.7,normal
1697519778.196,46.738,1800.0,3.5,10.7,normal
1697519778.698,46.738,1800.0,3.0,10.7,normal
1697519779.201,47.225,1800.0,2.5,10.6,normal
1697519779.703,47.712,1800.0,4.5,10.7,normal
1697519780.209,46.738,600.0,3.5,10.6,normal
1697519780.713,46.738,800.0,4.0,10.6,normal
1697519781.216,47.225,1800.0,18.8,10.3,normal
1697519781.719,47.225,1800.0,35.4,10.7,normal
1697519782.221,47.225,1800.0,1.5,10.7,normal
1697519782.724,47.225,1800.0,5.5,10.7,normal
1697519783.226,46.738,1800.0,4.5,10.7,normal
1697519783.729,46.738,1800.0,4.0,10.7,normal
1697519784.231,46.251,1800.0,3.0,10.7,normal
1697519784.734,48.199,1800.0,5.9,10.7,normal
1697519785.237,46.738,1800.0,3.0,10.7,normal
1697519785.739,47.225,1800.0,3.5,10.7,normal
1697519786.244,46.738,700.0,3.5,10.7,normal
1697519786.749,47.225,800.0,5.9,10.7,normal
1697519787.251,47.225,1800.0,10.9,9.8,normal
1697519787.754,47.712,1800.0,31.0,10.5,normal
1697519788.257,47.225,1800.0,15.1,10.6,normal
1697519788.76,46.738,1800.0,4.5,10.6,normal
1697519789.262,46.738,1800.0,3.5,10.6,normal
1697519789.765,47.225,1800.0,3.5,10.6,normal
1697519790.267,46.251,1800.0,4.0,10.6,normal
1697519790.77,46.738,1800.0,4.0,10.6,normal
1697519791.272,46.738,1800.0,3.5,10.6,normal
1697519791.775,46.738,1800.0,3.0,10.6,normal
1697519792.28,46.251,700.0,3.4,10.6,normal
1697519792.786,46.738,600.0,5.0,10.6,normal
1697519793.288,46.251,1800.0,15.9,10.2,normal
1697519793.791,48.686,1800.0,37.3,10.6,normal
1697519794.294,47.225,1800.0,4.5,10.7,normal
1697519794.797,47.712,1800.0,4.0,10.7,normal
1697519795.299,46.738,1800.0,4.5,10.7,normal
1697519795.802,47.225,1800.0,3.5,10.7,normal
1697519796.304,46.251,1800.0,3.5,10.7,normal
1697519796.807,47.225,1800.0,3.5,10.7,normal
1697519797.309,47.225,1800.0,3.5,10.7,normal
1697519797.812,48.199,1800.0,3.5,10.7,normal
1697519798.317,46.251,800.0,3.5,10.7,normal
1697519798.822,46.738,600.0,5.0,10.7,normal
1697519799.325,47.712,1800.0,23.0,10.4,normal
1697519799.827,48.199,1800.0,33.5,10.7,normal
1697519800.33,46.738,1800.0,3.0,10.7,normal
1697519800.833,47.225,1800.0,3.0,10.7,normal
1697519801.335,48.199,1800.0,5.0,10.7,normal
1697519801.838,47.712,1800.0,3.5,10.7,normal
1697519802.34,47.225,1800.0,2.5,10.7,normal
1697519802.843,48.199,1800.0,4.0,10.7,normal
1697519803.345,47.225,1800.0,3.0,10.7,normal
1697519803.848,48.199,1800.0,4.0,10.7,normal
1697519804.353,47.225,600.0,3.5,10.7,normal
1697519804.859,46.738,700.0,5.4,10.7,normal
1697519805.363,46.738,1800.0,25.4,10.5,normal
1697519805.866,46.738,1800.0,28.0,10.6,normal
1697519806.368,46.738,1800.0,3.5,10.6,normal
1697519806.871,47.225,1800.0,0.5,10.6,normal
1697519807.374,47.712,1800.0,3.5,10.6,normal
1697519807.876,48.199,1800.0,1.5,10.6,normal
1697519808.379,46.251,1800.0,1.0,10.6,normal
1697519808.882,46.738,1800.0,4.5,10.6,normal
1697519809.385,47.225,1800.0,3.5,10.6,normal
1697519809.888,46.251,1800.0,4.5,10.6,normal
1697519810.393,47.225,700.0,4.9,10.6,normal
1697519810.899,46.738,600.0,7.0,10.5,normal
1697519811.403,47.225,1800.0,28.9,10.5,normal
1697519811.906,47.225,1800.0,22.9,10.6,normal
1697519812.408,47.712,1800.0,4.0,10.6,normal
1697519812.911,46.251,1800.0,4.0,10.6,normal
1697519813.413,47.225,1800.0,3.5,10.6,normal
1697519813.916,46.738,1800.0,3.5,10.7,normal
1697519814.418,46.251,1800.0,3.5,10.7,normal
1697519814.921,46.738,1800.0,4.9,10.6,normal
1697519815.423,47.225,1800.0,3.0,10.7,normal
1697519815.926,46.251,1800.0,3.0,10.7,normal
1697519816.431,46.251,600.0,5.4,10.6,normal
1697519816.937,47.225,600.0,4.0,10.7,normal
1697519817.442,46.738,1800.0,24.3,10.4,normal
1697519817.945,46.738,1800.0,29.1,10.6,normal
1697519818.447,46.738,1800.0,4.0,10.6,normal
1697519818.95,46.738,1800.0,3.0,10.6,normal
1697519819.453,47.225,1800.0,2.0,10.7,normal
1697519819.955,46.738,1800.0,3.5,10.7,normal
1697519820.458,48.199,1800.0,2.0,10.7,normal
1697519820.96,48.199,1800.0,4.0,10.7,normal
1697519821.463,47.225,1800.0,4.0,10.7,normal
1697519821.965,46.251,1800.0,4.5,10.7,normal
1697519822.471,47.225,600.0,4.4,10.7,normal
1697519822.977,46.251,600.0,4.5,10.7,normal
1697519823.48,48.199,1800.0,19.4,10.4,normal
1697519823.982,47.225,1800.0,34.3,10.7,normal
1697519824.485,47.225,1800.0,2.5,10.7,normal
1697519824.987,47.225,1800.0,5.4,10.7,normal
1697519825.49,46.738,1800.0,3.5,10.7,normal
1697519825.993,47.225,1800.0,3.0,10.7,normal
1697519826.495,46.738,1800.0,4.5,10.7,normal
1697519826.999,47.712,1800.0,3.9,10.7,normal
1697519827.502,47.225,1800.0,4.0,10.7,normal
1697519828.004,47.712,1800.0,3.0,10.7,normal
1697519828.51,46.738,600.0,4.9,10.7,normal
1697519829.016,45.764,600.0,4.5,10.7,normal
1697519829.519,47.712,1800.0,15.3,10.0,normal
1697519830.023,47.225,1800.0,37.0,10.6,normal
1697519830.525,48.199,1800.0,10.4,10.7,normal
1697519831.028,45.764,1800.0,2.5,10.7,normal
1697519831.531,47.712,1800.0,5.0,10.7,normal
1697519832.034,47.225,1800.0,3.5,10.7,normal
1697519832.536,46.738,1800.0,3.0,10.7,normal
1697519833.039,47.225,1800.0,3.5,10.7,normal
1697519833.541,47.225,1800.0,4.5,10.7,normal
1697519834.044,47.225,1800.0,4.0,10.7,normal
1697519834.549,46.738,700.0,4.4,10.7,normal
1697519835.054,46.738,600.0,6.9,10.7,normal
1697519835.557,48.199,1800.0,18.3,10.3,normal
1697519836.06,48.686,1800.0,37.6,10.7,normal
1697519836.562,46.738,1800.0,3.0,10.7,normal
1697519837.065,47.712,1800.0,4.4,10.7,normal
1697519837.568,47.712,1800.0,3.5,10.7,normal
1697519838.07,47.225,1800.0,3.0,10.7,normal
1697519838.573,47.712,1800.0,3.0,10.7,normal
1697519839.075,48.199,1800.0,4.0,10.7,normal
1697519839.578,47.225,1800.0,3.0,10.7,normal
1697519840.08,46.738,1800.0,5.0,10.7,normal
1697519840.585,46.251,800.0,3.5,10.7,normal
1697519841.09,46.738,600.0,6.4,10.7,normal
1697519841.593,47.225,1800.0,22.4,10.3,normal
1697519842.096,46.738,1800.0,33.0,10.6,normal
1697519842.599,47.225,1800.0,3.5,10.6,normal
1697519843.101,47.225,1800.0,4.5,10.6,normal
1697519843.604,46.738,1800.0,3.9,10.7,normal
1697519844.106,47.225,1800.0,3.5,10.6,normal
1697519844.609,48.199,1800.0,3.0,10.6,normal
1697519845.111,47.225,1800.0,4.5,10.7,normal
1697519845.614,47.225,1800.0,3.5,10.6,normal
1697519846.117,47.712,1800.0,3.0,10.6,normal
1697519846.622,47.225,600.0,5.9,10.7,normal
1697519847.127,46.738,800.0,6.4,10.7,normal
1697519847.63,46.738,1800.0,14.6,10.2,normal
1697519848.134,47.712,1800.0,36.5,10.7,normal
1697519848.636,47.712,1800.0,8.0,10.7,normal
1697519849.139,47.712,1800.0,4.0,10.7,normal
1697519849.641,47.712,1800.0,5.0,10.7,normal
1697519850.144,47.225,1800.0,4.5,10.7,normal
1697519850.646,47.225,1800.0,3.0,10.7,normal
1697519851.149,47.712,1800.0,4.5,10.7,normal
1697519851.651,46.738,1800.0,3.5,10.7,normal
1697519852.154,46.738,1800.0,3.0,10.7,normal
1697519852.659,47.225,700.0,3.5,10.7,normal
1697519853.163,46.251,1000.0,7.3,10.7,normal
1697519853.667,47.712,800.0,6.9,10.6,normal
1697519854.17,47.225,1800.0,29.0,10.6,normal
1697519854.673,47.225,1800.0,24.0,10.7,normal
1697519855.176,46.251,1800.0,5.4,10.7,normal
1697519855.678,45.764,1800.0,3.0,10.7,normal
1697519856.181,46.738,1800.0,3.0,10.7,normal
1697519856.683,47.712,1800.0,3.5,10.7,normal
1697519857.186,46.251,1800.0,4.0,10.7,normal
1697519857.688,46.738,1800.0,3.0,10.7,normal
1697519858.191,47.225,1800.0,4.0,10.7,normal
1697519858.694,46.251,1800.0,3.5,10.7,normal
1697519859.198,46.738,1200.0,5.9,10.7,normal
1697519859.702,46.738,800.0,5.0,10.7,normal
1697519860.206,46.738,1800.0,23.3,10.4,normal
1697519860.708,46.738,1800.0,29.0,10.6,normal
1697519861.211,46.738,1800.0,3.0,10.6,normal
1697519861.714,47.712,1800.0,2.0,10.6,normal
1697519862.216,46.738,1800.0,3.0,10.7,normal
1697519862.719,46.251,1800.0,3.0,10.7,normal
1697519863.221,46.738,1800.0,3.5,10.7,normal
1697519863.724,47.225,1800.0,3.0,10.7,normal
1697519864.226,47.225,1800.0,3.5,10.7,normal
1697519864.729,48.199,1800.0,3.5,10.7,normal
1697519865.234,47.225,700.0,5.5,10.7,normal
1697519865.739,46.251,800.0,5.5,10.6,normal
1697519866.242,48.199,1800.0,28.4,10.4,normal
1697519866.744,46.738,1800.0,24.5,10.6,normal
1697519867.247,46.738,1800.0,4.0,10.6,normal
1697519867.749,47.712,1800.0,4.0,10.6,normal
1697519868.252,46.738,1800.0,2.5,10.6,normal
1697519868.754,47.712,1800.0,4.0,10.6,normal
1697519869.257,46.738,1800.0,4.0,10.6,normal
1697519869.759,47.712,1800.0,5.0,10.6,normal
1697519870.262,46.738,1800.0,3.0,10.6,normal
1697519870.765,48.199,1800.0,3.5,10.6,normal
1697519871.269,46.738,800.0,4.0,10.6,normal
1697519871.774,46.738,800.0,5.0,10.7,normal
1697519872.277,47.712,1800.0,24.4,10.4,normal
1697519872.78,47.712,1800.0,31.0,10.7,normal
1697519873.282,46.738,1800.0,3.5,10.7,normal
1697519873.785,46.738,1800.0,3.5,10.7,normal
1697519874.287,46.738,1800.0,4.5,10.7,normal
1697519874.79,47.712,1800.0,4.0,10.7,normal
1697519875.292,47.225,1800.0,4.0,10.7,normal
1697519875.795,47.225,1800.0,3.5,10.7,normal
1697519876.297,47.225,1800.0,12.9,10.7,normal
1697519876.8,47.712,1800.0,4.0,10.7,normal
1697519877.305,46.738,600.0,4.0,10.7,normal
1697519877.811,46.738,600.0,4.5,10.7,normal
1697519878.314,47.712,1800.0,17.3,10.2,normal
1697519878.817,47.225,1800.0,36.9,10.6,normal
1697519879.319,48.199,1800.0,5.5,10.6,normal
1697519879.822,47.712,1800.0,4.5,10.6,normal
1697519880.324,47.712,1800.0,4.0,10.7,normal
1697519880.827,47.225,1800.0,3.5,10.7,normal
1697519881.33,47.712,1800.0,3.5,10.7,normal
1697519881.832,48.199,1800.0,3.5,10.7,normal
1697519882.335,46.251,1800.0,4.5,10.7,normal
1697519882.837,46.738,1800.0,2.5,10.7,normal
1697519883.342,47.225,700.0,4.4,10.7,normal
1697519883.847,46.251,800.0,4.0,10.7,normal
1697519884.35,47.225,1800.0,18.4,10.4,normal
1697519884.852,47.225,1800.0,38.8,10.7,normal
1697519885.355,48.199,1800.0,3.5,10.7,normal
1697519885.857,46.738,1800.0,3.5,10.7,normal
1697519886.36,46.251,1800.0,3.5,10.7,normal
1697519886.862,46.738,1800.0,3.0,10.7,normal
1697519887.365,46.738,1800.0,4.0,10.7,normal
1697519887.867,47.225,1800.0,3.5,10.7,normal
1697519888.37,48.199,1800.0,3.5,10.8,normal
1697519888.872,47.225,1800.0,3.5,10.8,normal
1697519889.378,46.738,600.0,5.4,10.8,normal
1697519889.883,46.738,700.0,5.4,10.8,normal
1697519890.387,47.712,1800.0,22.9,10.5,normal
1697519890.889,47.712,1800.0,32.3,10.7,normal
1697519891.392,47.225,1800.0,4.0,10.7,normal
1697519891.894,46.738,1800.0,3.5,10.7,normal
1697519892.397,47.225,1800.0,3.0,10.7,normal
1697519892.899,47.712,1800.0,3.0,10.7,normal
1697519893.402,46.738,1800.0,5.4,10.7,normal
1697519893.904,47.225,1800.0,2.5,10.7,normal
1697519894.407,46.738,1800.0,3.0,10.7,normal
1697519894.91,46.738,1800.0,4.4,10.7,normal
1697519895.417,46.251,600.0,3.5,10.7,normal
1697519895.924,47.225,600.0,4.0,10.7,normal
1697519896.428,47.225,1800.0,16.5,10.3,normal
1697519896.932,48.686,1800.0,36.8,10.7,normal
1697519897.435,47.712,1800.0,4.0,10.7,normal
1697519897.938,47.712,1800.0,3.5,10.7,normal
1697519898.445,47.225,1800.0,3.4,10.7,normal
1697519898.948,46.738,1800.0,2.5,10.7,normal
1697519899.45,47.225,1800.0,4.5,10.7,normal
1697519899.953,46.251,1800.0,4.0,10.7,normal
1697519900.455,47.225,1800.0,3.0,10.7,normal
1697519900.958,46.738,1800.0,3.5,10.7,normal
1697519901.464,47.712,700.0,3.0,10.7,normal
1697519901.969,46.738,600.0,4.0,10.7,normal
1697519902.472,47.225,1800.0,22.8,10.4,normal
1697519902.975,47.225,1800.0,34.5,10.7,normal
1697519903.477,46.738,1800.0,2.0,10.7,normal
1697519903.98,47.225,1800.0,3.5,10.7,normal
1697519904.483,47.712,1800.0,3.0,10.7,normal
1697519904.985,47.225,1800.0,2.5,10.7,normal
1697519905.488,47.712,1800.0,3.0,10.7,normal
1697519905.99,46.738,1800.0,3.5,10.7,normal
1697519906.493,47.712,1800.0,2.5,10.7,normal
1697519906.995,46.251,1800.0,3.5,10.7,normal
1697519907.501,46.738,600.0,4.0,10.7,normal
1697519908.007,46.738,600.0,5.4,10.7,normal
1697519908.516,46.738,1800.0,13.2,10.0,normal
1697519909.02,48.199,1800.0,33.5,10.6,normal
1697519909.522,48.686,1800.0,13.4,10.6,normal
1697519910.025,48.199,1800.0,3.5,10.6,normal
1697519910.528,47.712,1800.0,4.5,10.5,normal
1697519911.031,48.199,1800.0,4.5,10.5,normal
1697519911.533,47.712,1800.0,3.0,10.5,normal
1697519912.036,47.712,1800.0,3.5,10.5,normal
1697519912.538,46.738,1800.0,4.0,10.6,normal
1697519913.041,47.712,1800.0,3.5,10.6,normal
1697519913.545,47.712,800.0,3.5,10.6,normal
1697519914.05,47.712,800.0,5.0,10.6,normal
1697519914.553,47.712,1100.0,4.5,10.6,normal
1697519915.057,46.251,1800.0,29.9,10.4,normal
1697519915.559,47.712,1800.0,24.4,10.6,normal
1697519916.062,45.764,1800.0,4.0,10.6,normal
1697519916.565,46.738,1800.0,4.0,10.6,normal
1697519917.067,47.712,1800.0,2.5,10.6,normal
1697519917.57,48.199,1800.0,4.5,10.7,normal
1697519918.072,45.764,1800.0,3.0,10.7,normal
1697519918.575,46.738,1800.0,4.5,10.7,normal
1697519919.078,48.199,1800.0,3.0,10.7,normal
1697519919.58,46.738,1800.0,4.0,10.7,normal
1697519920.085,46.738,600.0,5.0,10.7,normal
1697519920.589,46.251,1000.0,10.0,9.6,normal
1697519921.093,47.225,1800.0,28.2,10.5,normal
1697519921.595,47.712,1800.0,21.0,10.6,normal
1697519922.098,47.225,1800.0,3.5,10.6,normal
1697519922.6,47.712,1800.0,4.0,10.6,normal
1697519923.103,47.225,1800.0,3.0,10.6,normal
1697519923.606,47.225,1800.0,3.0,10.7,normal
1697519924.108,47.225,1800.0,3.0,10.7,normal
1697519924.611,48.199,1800.0,4.0,10.7,normal
1697519925.113,47.225,1800.0,4.9,10.7,normal
1697519925.616,46.738,1800.0,1.5,10.7,normal
1697519926.121,46.738,700.0,5.4,10.7,normal
1697519926.626,46.251,600.0,3.5,10.7,normal
1697519927.13,48.199,1800.0,24.3,10.4,normal
1697519927.633,46.738,1800.0,28.3,10.7,normal
1697519928.135,47.225,1800.0,3.0,10.7,normal
1697519928.638,46.738,1800.0,1.5,10.7,normal
1697519929.14,48.199,1800.0,6.5,10.7,normal
1697519929.643,46.738,1800.0,2.0,10.7,normal
1697519930.146,46.738,1800.0,3.0,10.7,normal
1697519930.648,47.225,1800.0,4.5,10.7,normal
1697519931.151,48.199,1800.0,4.0,10.7,normal
1697519931.653,48.199,1800.0,3.0,10.8,normal
1697519932.158,46.738,800.0,4.5,10.7,normal
1697519932.662,46.738,800.0,4.0,10.7,normal
1697519933.165,47.712,1800.0,19.8,10.3,normal
1697519933.668,47.712,1800.0,37.6,10.6,normal
1697519934.17,47.712,1800.0,4.0,10.7,normal
1697519934.673,47.225,1800.0,3.5,10.7,normal
1697519935.176,46.738,1800.0,5.9,10.7,normal
1697519935.679,47.225,1800.0,3.0,10.7,normal
1697519936.181,47.225,1800.0,3.5,10.7,normal
1697519936.684,46.251,1800.0,3.0,10.7,normal
1697519937.186,47.225,1800.0,4.0,10.7,normal
1697519937.689,46.738,1800.0,3.5,10.7,normal
1697519938.193,46.738,800.0,3.5,10.7,normal
1697519938.698,46.738,800.0,5.4,10.7,normal
1697519939.202,45.764,1000.0,10.5,9.6,normal
1697519939.705,47.225,1800.0,29.4,10.5,normal
1697519940.207,46.251,1800.0,19.6,10.7,normal
1697519940.71,47.225,1800.0,3.5,10.7,normal
1697519941.213,46.738,1800.0,4.5,10.7,normal
1697519941.715,47.225,1800.0,3.5,10.7,normal
1697519942.218,47.225,1800.0,3.5,10.7,normal
1697519942.72,47.225,1800.0,3.0,10.7,normal
1697519943.223,47.225,1800.0,3.5,10.7,normal
1697519943.725,47.225,1800.0,3.0,10.7,normal
1697519944.23,47.712,700.0,2.5,10.7,normal
1697519944.735,46.251,800.0,4.9,10.7,normal
1697519945.241,46.251,600.0,5.0,10.7,normal
1697519945.743,47.225,1800.0,26.7,10.5,normal
1697519946.246,47.225,1800.0,26.4,10.7,normal
1697519946.749,47.712,1800.0,2.5,10.7,normal
1697519947.251,48.199,1800.0,4.0,10.7,normal
1697519947.754,47.225,1800.0,3.5,10.7,normal
1697519948.256,46.738,1800.0,3.5,10.7,normal
1697519948.759,47.225,1800.0,3.5,10.7,normal
1697519949.261,47.712,1800.0,4.5,10.7,normal
1697519949.764,47.712,1800.0,5.0,10.7,normal
1697519950.266,47.225,1800.0,4.0,10.7,normal
1697519950.771,47.225,800.0,3.5,10.7,normal
1697519951.275,45.764,800.0,5.4,10.7,normal
1697519951.778,47.712,1800.0,21.1,10.3,normal
1697519952.281,47.225,1800.0,34.2,10.7,normal
1697519952.783,46.251,1800.0,3.5,10.7,normal
1697519953.286,46.738,1800.0,3.5,10.7,normal
1697519953.789,47.712,1800.0,3.5,10.7,normal
1697519954.291,47.225,1800.0,3.0,10.7,normal
1697519954.794,47.225,1800.0,4.0,10.7,normal
1697519955.296,46.738,1800.0,4.0,10.7,normal
1697519955.799,46.738,1800.0,3.5,10.7,normal
1697519956.301,47.225,1800.0,3.5,10.7,normal
1697519956.806,47.225,700.0,3.5,10.7,normal
1697519957.311,47.225,800.0,6.4,10.7,normal
1697519957.814,47.225,1800.0,24.5,10.5,normal
1697519958.316,47.225,1800.0,31.2,10.7,normal
1697519958.819,46.738,1800.0,3.5,10.7,normal
1697519959.322,47.225,1800.0,4.0,10.7,normal
1697519959.824,46.251,1800.0,3.5,10.7,normal
1697519960.327,46.738,1800.0,3.5,10.7,normal
1697519960.83,47.225,1800.0,3.0,10.7,normal
1697519961.332,46.738,1800.0,3.5,10.7,normal
1697519961.835,47.712,1800.0,3.5,10.7,normal
1697519962.337,46.738,1800.0,3.5,10.7,normal
1697519962.842,46.738,800.0,4.9,10.7,normal
1697519963.346,45.277,900.0,5.9,10.7,normal
1697519963.849,47.712,1800.0,27.4,10.6,normal
1697519964.351,47.712,1800.0,26.4,10.7,normal
1697519964.854,47.225,1800.0,4.0,10.7,normal
1697519965.357,47.712,1800.0,3.5,10.7,normal
1697519965.859,46.251,1800.0,4.5,10.7,normal
1697519966.362,47.225,1800.0,3.0,10.7,normal
1697519966.864,47.712,1800.0,3.0,10.7,normal
1697519967.367,46.251,1800.0,3.0,10.7,normal
1697519967.869,47.225,1800.0,4.0,10.7,normal
1697519968.372,47.225,1800.0,3.0,10.7,normal
1697519968.876,46.738,800.0,5.4,10.7,normal
1697519969.381,45.277,800.0,3.5,10.7,normal
1697519969.884,47.712,1800.0,22.8,10.4,normal
1697519970.386,47.712,1800.0,32.8,10.7,normal
1697519970.889,48.199,1800.0,4.0,10.7,normal
1697519971.391,47.712,1800.0,3.0,10.7,normal
1697519971.894,46.738,1800.0,4.5,10.7,normal
1697519972.396,47.225,1800.0,3.0,10.7,normal
1697519972.899,47.225,1800.0,3.9,10.7,normal
1697519973.402,47.225,1800.0,3.0,10.7,normal
1697519973.904,47.712,1800.0,3.5,10.7,normal
1697519974.407,46.251,1800.0,4.5,10.7,normal
1697519974.912,47.225,600.0,5.0,10.7,normal
1697519975.418,46.251,650.0,3.5,10.7,normal
1697519975.921,47.712,1800.0,16.3,10.1,normal
1697519976.424,48.686,1800.0,36.8,10.6,normal
1697519976.927,47.712,1800.0,8.9,10.7,normal
1697519977.429,47.712,1800.0,3.5,10.7,normal
1697519977.932,47.712,1800.0,3.5,10.7,normal
1697519978.435,48.686,1800.0,4.0,10.7,normal
1697519978.937,47.225,1800.0,4.0,10.7,normal
1697519979.44,47.712,1800.0,2.5,10.7,normal
1697519979.942,47.225,1800.0,5.0,10.7,normal
1697519980.445,47.225,1800.0,4.5,10.7,normal
1697519980.949,47.225,700.0,3.4,10.7,normal
1697519981.456,46.738,600.0,5.4,10.7,normal
1697519981.959,47.225,1800.0,18.4,10.1,normal
1697519982.461,48.199,1800.0,36.7,10.6,normal
1697519982.964,47.225,1800.0,4.4,10.6,normal
1697519983.467,48.199,1800.0,4.0,10.6,normal
1697519983.971,46.251,1800.0,3.0,10.6,normal
1697519984.474,47.225,1800.0,2.5,10.6,normal
1697519984.976,46.738,1800.0,4.5,10.6,normal
1697519985.479,47.712,1800.0,3.0,10.6,normal
1697519985.982,47.225,1800.0,2.0,10.7,normal
1697519986.484,47.712,1800.0,2.0,10.7,normal
1697519986.99,47.225,600.0,3.4,10.7,normal
1697519987.495,46.738,600.0,3.5,10.7,normal
1697519987.999,46.251,1800.0,9.5,9.9,normal
1697519988.503,46.738,1800.0,31.7,10.6,normal
1697519989.006,47.712,1800.0,15.9,10.6,normal
1697519989.508,47.712,1800.0,3.0,10.6,normal
1697519990.011,46.251,1800.0,4.5,10.6,normal
1697519990.513,47.712,1800.0,2.5,10.7,normal
1697519991.016,47.225,1800.0,3.0,10.7,normal
1697519991.519,47.712,1800.0,4.5,10.7,normal
1697519992.021,46.738,1800.0,2.5,10.7,normal
1697519992.523,45.764,1800.0,5.0,10.7,normal
1697519993.028,47.712,700.0,2.5,10.7,normal
1697519993.534,46.251,600.0,7.8,10.6,normal
1697519994.04,46.251,600.0,4.0,10.6,normal
1697519994.544,46.738,1800.0,27.9,10.4,normal
1697519995.047,47.712,1800.0,29.4,10.6,normal
1697519995.549,47.225,1800.0,3.5,10.6,normal
1697519996.052,47.225,1800.0,3.5,10.6,normal
1697519996.554,46.738,1800.0,2.5,10.6,normal
1697519997.057,46.738,1800.0,4.0,10.6,normal
1697519997.56,48.199,1800.0,2.5,10.7,normal
1697519998.062,46.738,1800.0,4.5,10.7,normal
1697519998.565,47.225,1800.0,3.5,10.7,normal
1697519999.067,46.738,1800.0,3.0,10.7,normal
1697519999.571,46.251,1100.0,5.5,10.7,normal
1697520000.077,46.738,600.0,7.9,10.5,normal
1697520000.579,48.686,1800.0,29.4,10.5,normal
1697520001.082,47.712,1800.0,24.1,10.6,normal
1697520001.585,47.712,1800.0,4.9,10.6,normal
1697520002.087,47.225,1800.0,2.5,10.6,normal
1697520002.59,46.738,1800.0,3.5,10.6,normal
1697520003.092,47.225,1800.0,3.0,10.6,normal
1697520003.595,47.712,1800.0,4.5,10.6,normal
1697520004.097,47.225,1800.0,2.5,10.6,normal
1697520004.6,47.225,1800.0,3.9,10.6,normal
1697520005.103,47.225,1800.0,4.0,10.6,normal
1697520005.607,46.738,800.0,5.9,10.6,normal
1697520006.112,46.738,800.0,4.5,10.6,normal
1697520006.615,47.225,1800.0,22.9,10.3,normal
1697520007.117,48.686,1800.0,31.5,10.6,normal
1697520007.62,46.738,1800.0,3.0,10.6,normal
1697520008.122,47.712,1800.0,3.5,10.6,normal
1697520008.625,46.738,1800.0,4.0,10.6,normal
1697520009.127,46.738,1800.0,3.0,10.6,normal
1697520009.63,47.712,1800.0,3.5,10.7,normal
1697520010.133,47.225,1800.0,5.4,10.7,normal
1697520010.635,48.199,1800.0,3.0,10.7,normal
1697520011.138,47.225,1800.0,3.0,10.7,normal
1697520011.642,47.225,800.0,4.9,10.7,normal
1697520012.146,46.738,900.0,6.0,10.7,normal
1697520012.649,47.225,1800.0,15.4,10.2,normal
1697520013.151,47.712,1800.0,37.3,10.6,normal
1697520013.654,47.225,1800.0,6.4,10.6,normal
1697520014.157,47.712,1800.0,3.5,10.6,normal
1697520014.659,47.225,1800.0,3.5,10.6,normal
1697520015.162,47.225,1800.0,4.5,10.6,normal
1697520015.664,47.712,1800.0,3.5,10.7,normal
1697520016.167,46.738,1800.0,2.0,10.7,normal
1697520016.669,46.251,1800.0,4.0,10.7,normal
1697520017.172,47.225,1800.0,3.0,10.7,normal
1697520017.677,46.251,600.0,3.9,10.7,normal
1697520018.182,46.251,900.0,4.0,10.7,normal
1697520018.684,47.225,1800.0,21.4,10.3,normal
1697520019.187,46.738,1800.0,34.7,10.7,normal
1697520019.69,46.738,1800.0,4.5,10.6,normal
1697520020.192,47.712,1800.0,3.0,10.6,normal
1697520020.695,47.225,1800.0,4.5,10.6,normal
1697520021.197,46.251,1800.0,3.0,10.6,normal
1697520021.7,47.225,1800.0,3.0,10.6,normal
1697520022.203,47.225,1800.0,3.0,10.6,normal
1697520022.705,48.199,1800.0,5.4,10.6,normal
1697520023.208,46.738,1800.0,3.0,10.7,normal
1697520023.713,47.712,600.0,4.4,10.7,normal
1697520024.219,46.738,600.0,4.9,10.7,normal
1697520024.722,46.251,1800.0,24.9,10.3,normal
1697520025.225,47.712,1800.0,30.8,10.7,normal
1697520025.728,48.199,1800.0,3.0,10.7,normal
1697520026.23,47.712,1800.0,3.0,10.7,normal
1697520026.733,47.712,1800.0,3.0,10.7,normal
1697520027.235,46.738,1800.0,3.5,10.7,normal
1697520027.738,47.225,1800.0,3.0,10.7,normal
1697520028.24,47.225,1800.0,2.0,10.7,normal
1697520028.743,46.738,1800.0,3.0,10.7,normal
1697520029.246,47.225,1800.0,3.5,10.7,normal
1697520029.75,46.251,700.0,5.9,10.7,normal
1697520030.256,46.251,600.0,5.0,10.7,normal
1697520030.759,47.225,1800.0,15.6,10.1,normal
1697520031.262,47.712,1800.0,38.9,10.6,normal
1697520031.765,47.712,1800.0,5.0,10.6,normal
1697520032.267,47.225,1800.0,3.5,10.6,normal
1697520032.77,47.225,1800.0,3.5,10.6,normal
1697520033.272,46.738,1800.0,4.0,10.6,normal
1697520033.775,46.738,1800.0,3.5,10.7,normal
1697520034.277,47.225,1800.0,3.0,10.7,normal
1697520034.78,46.251,1800.0,4.0,10.7,normal
1697520035.282,46.738,1800.0,4.5,10.7,normal
1697520035.788,47.225,700.0,3.0,10.7,normal
1697520036.292,46.738,800.0,4.5,10.7,normal
1697520036.797,46.251,800.0,9.0,9.6,normal
1697520037.301,47.712,1800.0,28.9,10.5,normal
1697520037.803,47.225,1800.0,21.0,10.6,normal
1697520038.306,48.199,1800.0,4.4,10.6,normal
1697520038.809,47.225,1800.0,3.0,10.7,normal
1697520039.311,46.738,1800.0,5.4,10.7,normal
1697520039.814,47.225,1800.0,5.0,10.7,normal
1697520040.316,47.225,1800.0,3.0,10.7,normal
1697520040.819,46.738,1800.0,3.0,10.7,normal
1697520041.321,46.738,1800.0,3.5,10.7,normal
1697520041.826,46.738,700.0,3.9,10.7,normal
1697520042.331,45.277,800.0,4.5,10.7,normal
1697520042.834,47.712,1800.0,12.1,10.0,normal
1697520043.34,48.199,1800.0,36.8,10.6,normal
1697520043.843,47.712,1800.0,9.5,10.6,normal
1697520044.346,47.712,1800.0,3.4,10.6,normal
1697520044.848,46.738,1800.0,4.5,10.6,normal
1697520045.351,48.199,1800.0,4.0,10.6,normal
1697520045.853,46.738,1800.0,4.0,10.6,normal
1697520046.356,46.251,1800.0,2.5,10.6,normal
1697520046.858,46.738,1800.0,1.5,10.6,normal
1697520047.361,47.225,1800.0,2.5,10.6,normal
1697520047.866,45.764,700.0,5.4,10.6,normal
1697520048.371,46.738,800.0,5.4,10.7,normal
1697520048.876,47.712,1000.0,8.5,10.5,normal
1697520049.379,47.225,1800.0,25.2,10.6,normal
1697520049.882,46.738,1800.0,21.1,10.7,normal
1697520050.384,46.738,1800.0,2.5,10.7,normal
1697520050.887,46.738,1800.0,5.0,10.7,normal
1697520051.389,48.199,1800.0,3.5,10.7,normal
1697520051.892,46.738,1800.0,4.0,10.7,normal
1697520052.394,47.712,1800.0,4.0,10.7,normal
1697520052.897,47.712,1800.0,1.0,10.7,normal
1697520053.4,47.225,1800.0,3.0,10.7,normal
1697520053.903,46.738,1800.0,4.5,10.7,normal
1697520054.409,46.251,600.0,5.9,10.7,normal
1697520054.911,47.225,1800.0,12.0,9.9,normal
1697520055.415,48.199,1800.0,31.8,10.6,normal
1697520055.918,47.225,1800.0,15.5,10.6,normal
1697520056.42,47.225,1800.0,4.5,10.7,normal
1697520056.923,48.199,1800.0,3.0,10.7,normal
1697520057.426,46.738,1800.0,3.0,10.7,normal
1697520057.928,47.712,1800.0,4.5,10.7,normal
1697520058.431,47.225,1800.0,3.5,10.7,normal
1697520058.933,47.712,1800.0,2.5,10.7,normal
1697520059.436,47.225,1800.0,3.9,10.7,normal
1697520059.941,46.738,700.0,5.9,10.7,normal
1697520060.446,46.738,700.0,4.0,10.7,normal
1697520060.951,46.251,600.0,4.0,10.6,normal
1697520061.455,46.738,1800.0,29.4,10.5,normal
1697520061.958,47.225,1800.0,27.6,10.7,normal
1697520062.461,47.712,1800.0,3.0,10.7,normal
1697520062.963,47.225,1800.0,4.0,10.7,normal
1697520063.466,47.225,1800.0,3.5,10.7,normal
1697520063.968,47.225,1800.0,4.5,10.7,normal
1697520064.471,47.225,1800.0,3.5,10.7,normal
1697520064.973,47.225,1800.0,4.0,10.7,normal
1697520065.476,47.225,1800.0,4.0,10.7,normal
1697520065.979,47.225,1800.0,4.0,10.7,normal
1697520066.484,47.225,600.0,3.0,10.7,normal
1697520066.99,47.225,600.0,3.5,10.7,normal
1697520067.496,47.225,1800.0,22.2,10.4,normal
1697520068.0,48.199,1800.0,34.3,10.7,normal
1697520068.503,47.712,1800.0,2.5,10.7,normal
1697520069.006,47.712,1800.0,3.0,10.7,normal
1697520069.509,46.251,1800.0,2.0,10.7,normal
1697520070.012,48.199,1800.0,6.4,10.7,normal
1697520070.515,47.225,1800.0,2.5,10.7,normal
1697520071.018,46.251,1800.0,3.4,10.7,normal
1697520071.52,46.738,1800.0,3.0,10.7,normal
1697520072.023,46.738,1800.0,2.5,10.7,normal
1697520072.529,47.225,600.0,4.5,10.7,normal
1697520073.034,46.738,600.0,5.0,10.7,normal
1697520073.537,47.225,1800.0,26.9,10.4,normal
1697520074.04,47.712,1800.0,27.6,10.6,normal
1697520074.543,48.686,1800.0,3.9,10.6,normal
1697520075.045,46.251,1800.0,4.0,10.7,normal
1697520075.548,47.225,1800.0,3.0,10.7,normal
1697520076.05,46.738,1800.0,4.0,10.7,normal
1697520076.553,47.225,1800.0,3.5,10.7,normal
1697520077.055,46.738,1800.0,3.0,10.7,normal
1697520077.558,47.225,1800.0,2.5,10.7,normal
1697520078.061,46.251,1800.0,4.5,10.7,normal
1697520078.565,45.764,700.0,3.5,10.7,normal
1697520079.072,47.225,800.0,7.9,10.6,normal
1697520079.575,47.712,1800.0,28.9,10.5,normal
1697520080.078,47.225,1800.0,24.0,10.7,normal
1697520080.58,47.225,1800.0,4.0,10.7,normal
1697520081.083,47.712,1800.0,3.5,10.7,normal
1697520081.586,47.225,1800.0,3.0,10.7,normal
1697520082.088,46.251,1800.0,1.5,10.7,normal
1697520082.591,47.225,1800.0,3.5,10.7,normal
1697520083.093,47.225,1800.0,1.5,10.7,normal
1697520083.596,46.738,1800.0,1.0,10.7,normal
1697520084.098,47.225,1800.0,1.5,10.7,normal
1697520084.601,46.251,1800.0,8.9,10.7,normal
1697520085.103,48.199,1800.0,4.9,10.7,normal
1697520085.607,48.199,1800.0,24.9,10.4,normal
1697520086.11,46.738,1800.0,27.5,10.7,normal
1697520086.612,47.712,1800.0,4.0,10.7,normal
1697520087.115,46.251,1800.0,3.5,10.7,normal
1697520087.617,47.712,1800.0,2.5,10.7,normal
1697520088.12,46.738,1800.0,3.0,10.7,normal
1697520088.622,47.225,1800.0,3.5,10.7,normal
1697520089.125,46.738,1800.0,4.5,10.7,normal
1697520089.629,48.199,800.0,4.5,10.7,normal
1697520090.134,46.738,800.0,4.5,10.7,normal
1697520090.638,46.738,900.0,5.0,10.7,normal
1697520091.142,47.225,900.0,5.0,10.6,normal
1697520091.645,47.712,1800.0,29.2,10.4,normal
1697520092.148,46.251,1800.0,25.5,10.6,normal
1697520092.651,47.712,1800.0,3.5,10.6,normal
1697520093.153,47.225,1800.0,3.5,10.6,normal
1697520093.656,47.225,1800.0,4.0,10.6,normal
1697520094.158,46.738,1800.0,3.0,10.6,normal
1697520094.661,47.225,1800.0,3.0,10.6,normal
1697520095.163,47.225,1800.0,5.0,10.6,normal
1697520095.666,46.738,1800.0,3.0,10.6,normal
1697520096.168,46.738,1800.0,3.0,10.6,normal
1697520096.672,46.251,900.0,4.9,10.6,normal
1697520097.178,46.738,800.0,2.5,10.6,normal
1697520097.681,47.225,1800.0,21.8,10.3,normal
1697520098.183,48.199,1800.0,33.2,10.6,normal
1697520098.686,46.738,1800.0,3.5,10.6,normal
1697520099.188,47.225,1800.0,3.0,10.6,normal
1697520099.691,47.225,1800.0,6.4,10.6,normal
1697520100.194,46.738,1800.0,3.5,10.6,normal
1697520100.696,46.738,1800.0,3.0,10.6,normal
1697520101.199,46.738,1800.0,3.5,10.6,normal
1697520101.701,45.764,1800.0,4.5,10.6,normal
1697520102.204,48.199,1800.0,3.0,10.6,normal
1697520102.708,46.738,900.0,5.4,10.6,normal
1697520103.212,47.225,800.0,4.0,10.6,normal
1697520103.715,47.225,1800.0,15.4,10.2,normal
1697520104.218,47.225,1800.0,37.6,10.6,normal
1697520104.721,47.712,1800.0,7.0,10.6,normal
1697520105.223,47.712,1800.0,3.5,10.6,normal
1697520105.726,47.225,1800.0,3.0,10.6,normal
1697520106.229,48.199,1800.0,3.0,10.6,normal
1697520106.731,48.199,1800.0,2.5,10.6,normal
1697520107.234,47.225,1800.0,3.0,10.6,normal
1697520107.736,46.251,1800.0,2.5,10.6,normal
1697520108.239,47.225,1800.0,2.0,10.6,normal
1697520108.744,47.225,600.0,3.0,10.6,normal
1697520109.25,47.712,600.0,5.0,10.6,normal
1697520109.756,46.251,1100.0,9.8,10.0,normal
1697520110.259,46.251,1800.0,28.4,10.5,normal
1697520110.762,46.738,1800.0,20.5,10.6,normal
1697520111.265,46.738,1800.0,2.5,10.6,normal
1697520111.767,47.225,1800.0,2.0,10.6,normal
1697520112.27,47.712,1800.0,3.5,10.6,normal
1697520112.772,47.712,1800.0,3.0,10.6,normal
1697520113.275,47.225,1800.0,2.0,10.6,normal
1697520113.777,48.199,1800.0,3.5,10.6,normal
1697520114.28,46.738,1800.0,3.0,10.6,normal
1697520114.783,47.712,1800.0,5.0,10.6,normal
1697520115.288,46.738,600.0,5.0,10.6,normal
1697520115.794,47.225,600.0,5.4,10.7,normal
1697520116.297,47.225,1800.0,25.5,10.4,normal
1697520116.8,47.712,1800.0,30.0,10.6,normal
1697520117.303,46.738,1800.0,3.0,10.6,normal
1697520117.805,47.225,1800.0,3.0,10.6,normal
1697520118.308,46.738,1800.0,3.5,10.6,normal
1697520118.81,46.738,1800.0,4.5,10.7,normal
1697520119.313,46.738,1800.0,3.0,10.7,normal
1697520119.815,47.225,1800.0,5.4,10.6,normal
1697520120.318,46.738,1800.0,3.0,10.6,normal
1697520120.82,46.738,1800.0,4.0,10.7,normal
1697520121.326,48.199,800.0,5.4,10.6,normal
1697520121.831,47.225,800.0,5.5,10.6,normal
1697520122.335,47.225,1800.0,28.4,10.5,normal
1697520122.837,48.199,1800.0,25.0,10.6,normal
1697520123.34,48.686,1800.0,4.0,10.6,normal
1697520123.843,48.199,1800.0,3.5,10.6,normal
1697520124.345,47.225,1800.0,3.0,10.6,normal
1697520124.848,47.712,1800.0,4.0,10.7,normal
1697520125.35,46.738,1800.0,5.4,10.7,normal
1697520125.853,47.225,1800.0,3.5,10.6,normal
1697520126.355,47.712,1800.0,3.0,10.7,normal
1697520126.858,46.738,1800.0,4.5,10.7,normal
1697520127.362,46.251,800.0,4.5,10.7,normal
1697520127.866,46.251,1100.0,9.9,9.6,normal
1697520128.369,47.712,1800.0,28.5,10.5,normal
1697520128.871,47.225,1800.0,23.2,10.7,normal
1697520129.374,46.738,1800.0,4.5,10.7,normal
1697520129.876,47.712,1800.0,4.5,10.7,normal
1697520130.379,47.225,1800.0,3.0,10.7,normal
1697520130.882,47.712,1800.0,3.0,10.7,normal
1697520131.384,47.225,1800.0,3.5,10.7,normal
1697520131.887,47.712,1800.0,4.0,10.7,normal
1697520132.389,46.738,1800.0,2.5,10.7,normal
1697520132.892,47.712,1800.0,3.0,10.7,normal
1697520133.396,47.225,800.0,3.5,10.7,normal
1697520133.9,47.225,1800.0,14.3,10.0,normal
1697520134.404,47.225,1800.0,33.3,10.6,normal
1697520134.907,47.225,1800.0,13.5,10.6,normal
1697520135.409,47.712,1800.0,3.5,10.6,normal
1697520135.912,47.225,1800.0,4.5,10.6,normal
1697520136.415,47.225,1800.0,3.0,10.6,normal
1697520136.917,47.225,1800.0,3.0,10.6,normal
1697520137.42,46.738,1800.0,3.0,10.6,normal
1697520137.922,46.251,1800.0,3.5,10.6,normal
1697520138.425,47.225,1800.0,3.5,10.6,normal
1697520138.93,47.225,700.0,3.9,10.6,normal
1697520139.435,46.738,600.0,4.9,10.6,normal
1697520139.941,45.764,600.0,7.0,10.6,normal
1697520140.444,47.712,1800.0,28.4,10.4,normal
1697520140.947,47.712,1800.0,25.4,10.6,normal
1697520141.45,47.712,1800.0,3.0,10.6,normal
1697520141.952,47.712,1800.0,4.0,10.6,normal
1697520142.455,48.199,1800.0,4.0,10.6,normal
1697520142.957,46.738,1800.0,2.5,10.6,normal
1697520143.46,46.251,1800.0,3.0,10.6,normal
1697520143.962,47.225,1800.0,4.5,10.6,normal
1697520144.465,48.199,1800.0,4.0,10.6,normal
1697520144.967,47.712,1800.0,3.5,10.7,normal
1697520145.473,47.225,600.0,3.5,10.6,normal
1697520145.979,47.225,600.0,5.9,10.6,normal
1697520146.482,47.225,1800.0,22.9,10.3,normal
1697520146.985,47.225,1800.0,32.5,10.6,normal
1697520147.488,47.712,1800.0,3.5,10.6,normal
1697520147.99,47.712,1800.0,4.0,10.6,normal
1697520148.493,47.225,1800.0,3.5,10.6,normal
1697520148.996,47.712,1800.0,3.9,10.6,normal
1697520149.499,46.251,1800.0,4.0,10.6,normal
1697520150.002,47.225,1800.0,5.4,10.6,normal
1697520150.504,47.225,1800.0,4.0,10.6,normal
1697520151.007,48.199,1800.0,3.5,10.6,normal
1697520151.513,46.738,600.0,2.0,10.6,normal
1697520152.019,46.251,600.0,6.4,10.6,normal
1697520152.522,46.738,1800.0,16.3,10.2,normal
1697520153.025,47.225,1800.0,37.5,10.6,normal
1697520153.527,46.738,1800.0,5.4,10.6,normal
1697520154.03,47.712,1800.0,4.5,10.6,normal
1697520154.532,47.225,1800.0,2.0,10.7,normal
1697520155.035,47.225,1800.0,4.5,10.7,normal
1697520155.538,46.251,1800.0,3.0,10.7,normal
1697520156.041,47.225,1800.0,3.0,10.7,normal
1697520156.543,46.738,1800.0,4.0,10.6,normal
1697520157.046,47.225,1800.0,3.0,10.6,normal
1697520157.551,45.764,700.0,4.9,10.6,normal
1697520158.056,46.738,600.0,4.5,10.6,normal
1697520158.559,47.225,1800.0,20.4,10.3,normal
1697520159.062,47.225,1800.0,34.5,10.7,normal
1697520159.564,46.251,1800.0,3.5,10.6,normal
1697520160.067,46.738,1800.0,5.0,10.6,normal
1697520160.57,47.712,1800.0,3.5,10.6,normal
1697520161.072,46.251,1800.0,3.0,10.6,normal
1697520161.575,46.738,1800.0,4.5,10.6,normal
1697520162.077,47.225,1800.0,4.9,10.6,normal
1697520162.58,46.738,1800.0,2.5,10.6,normal
1697520163.082,47.712,1800.0,3.5,10.6,normal
1697520163.588,46.251,600.0,5.4,10.6,normal
1697520164.093,47.225,675.0,4.9,10.6,normal
1697520164.595,46.738,1800.0,13.5,10.1,normal
1697520165.099,48.199,1800.0,35.5,10.6,normal
1697520165.602,46.738,1800.0,10.0,10.7,normal
1697520166.105,47.225,1800.0,5.0,10.7,normal
1697520166.607,47.712,1800.0,3.0,10.7,normal
1697520167.11,46.738,1800.0,2.0,10.7,normal
1697520167.612,46.738,1800.0,2.0,10.7,normal
1697520168.115,47.225,1800.0,2.5,10.7,normal
1697520168.617,47.225,1800.0,3.5,10.7,normal
1697520169.12,47.225,1800.0,5.0,10.7,normal
1697520169.625,46.251,700.0,3.5,10.7,normal
1697520170.129,45.764,1000.0,6.4,10.7,normal
1697520170.633,46.738,1000.0,5.5,10.7,normal
1697520171.135,47.712,1800.0,28.6,10.6,normal
1697520171.638,46.738,1800.0,24.4,10.7,normal
1697520172.14,46.738,1800.0,2.0,10.7,normal
1697520172.643,48.199,1800.0,2.5,10.7,normal
1697520173.146,47.225,1800.0,3.0,10.7,normal
1697520173.648,46.738,1800.0,4.0,10.7,normal
1697520174.151,46.738,1800.0,4.0,10.7,normal
1697520174.654,47.225,1800.0,3.5,10.7,normal
1697520175.156,46.738,1800.0,4.0,10.7,normal
1697520175.659,47.712,1800.0,3.5,10.7,normal
1697520176.162,45.764,1100.0,5.9,10.7,normal
1697520176.666,46.738,900.0,4.9,10.7,normal
1697520177.169,47.712,1800.0,22.4,10.4,normal
1697520177.672,46.251,1800.0,33.2,10.7,normal
1697520178.174,47.225,1800.0,3.9,10.7,normal
1697520178.677,47.225,1800.0,4.0,10.7,normal
1697520179.179,46.738,1800.0,3.0,10.7,normal
1697520179.682,47.712,1800.0,3.5,10.7,normal
1697520180.185,47.225,1800.0,4.0,10.7,normal
1697520180.687,46.738,1800.0,4.4,10.7,normal
1697520181.19,46.738,1800.0,2.5,10.6,normal
1697520181.692,47.712,1800.0,4.5,10.6,normal
1697520182.196,46.738,900.0,5.4,10.6,normal
1697520182.7,45.277,900.0,5.4,10.7,normal
1697520183.204,47.225,1800.0,26.0,10.3,normal
1697520183.706,47.225,1800.0,30.0,10.6,normal
1697520184.209,46.738,1800.0,3.5,10.6,normal
1697520184.711,47.712,1800.0,5.0,10.7,normal
1697520185.214,46.738,1800.0,3.5,10.7,normal
1697520185.716,47.225,1800.0,2.5,10.7,normal
1697520186.219,47.225,1800.0,3.0,10.7,normal
1697520186.722,47.225,1800.0,3.9,10.7,normal
1697520187.224,46.738,1800.0,3.5,10.7,normal
1697520187.727,47.225,1800.0,3.0,10.7,normal
1697520188.232,46.251,600.0,4.5,10.7,normal
1697520188.738,47.225,600.0,4.4,10.7,normal
1697520189.241,46.738,1800.0,19.4,10.3,normal
1697520189.743,48.199,1800.0,37.5,10.6,normal
1697520190.246,47.225,1800.0,3.5,10.7,normal
1697520190.749,47.712,1800.0,3.0,10.7,normal
1697520191.251,46.251,1800.0,4.0,10.7,normal
1697520191.754,46.738,1800.0,3.0,10.7,normal
1697520192.256,47.712,1800.0,3.0,10.7,normal
1697520192.759,47.225,1800.0,2.5,10.7,normal
1697520193.261,46.738,1800.0,4.5,10.7,normal
1697520193.764,47.225,1800.0,2.5,10.7,normal
1697520194.269,46.738,600.0,3.0,10.7,normal
1697520194.774,46.738,700.0,5.0,10.7,normal
1697520195.278,46.251,1200.0,9.5,9.8,normal
1697520195.782,47.712,1800.0,31.9,10.6,normal
1697520196.285,48.199,1800.0,15.7,10.7,normal
1697520196.787,46.738,1800.0,3.0,10.7,normal
1697520197.29,47.225,1800.0,3.5,10.7,normal
1697520197.792,47.712,1800.0,4.0,10.7,normal
1697520198.295,47.225,1800.0,3.0,10.7,normal
1697520198.797,48.199,1800.0,3.5,10.7,normal
1697520199.3,46.738,1800.0,3.0,10.7,normal
1697520199.802,47.225,1800.0,5.9,10.8,normal
1697520200.306,47.712,1800.0,3.4,10.8,normal
1697520200.811,46.738,600.0,5.0,10.7,normal
1697520201.317,46.251,600.0,4.5,10.7,normal
1697520201.82,46.738,1800.0,29.7,10.5,normal
1697520202.323,47.712,1800.0,24.0,10.7,normal
1697520202.825,47.225,1800.0,4.0,10.7,normal
1697520203.328,47.225,1800.0,3.5,10.7,normal
1697520203.831,48.199,1800.0,3.0,10.7,normal
1697520204.333,47.225,1800.0,5.0,10.7,normal
1697520204.836,46.738,1800.0,5.0,10.7,normal
1697520205.338,47.225,1800.0,3.5,10.7,normal
1697520205.841,46.738,1800.0,2.5,10.7,normal
1697520206.343,46.738,1800.0,4.5,10.7,normal
1697520206.849,46.251,600.0,4.0,10.7,normal
1697520207.352,47.712,1800.0,10.0,9.7,normal
1697520207.856,47.712,1800.0,28.9,10.5,normal
1697520208.359,48.199,1800.0,19.0,10.7,normal
1697520208.861,47.225,1800.0,3.5,10.7,normal
1697520209.364,46.738,1800.0,3.5,10.7,normal
1697520209.867,46.738,1800.0,3.5,10.7,normal
1697520210.369,46.738,1800.0,3.5,10.7,normal
1697520210.872,47.225,1800.0,4.0,10.7,normal
1697520211.374,48.199,1800.0,3.0,10.7,normal
1697520211.877,47.225,1800.0,3.0,10.7,normal
1697520212.381,47.225,800.0,3.0,10.7,normal
1697520212.886,46.251,800.0,5.4,10.7,normal
1697520213.389,46.251,1800.0,16.4,10.2,normal
1697520213.891,48.199,1800.0,37.5,10.6,normal
1697520214.394,47.712,1800.0,5.5,10.6,normal
1697520214.897,46.738,1800.0,5.0,10.6,normal
1697520215.399,46.251,1800.0,3.5,10.7,normal
1697520215.902,46.738,1800.0,3.5,10.7,normal
1697520216.404,46.251,1800.0,3.5,10.7,normal
1697520216.907,46.738,1800.0,4.0,10.7,normal
1697520217.409,46.738,1800.0,2.0,10.7,normal
1697520217.912,46.738,1800.0,1.5,10.7,normal
1697520218.416,48.199,800.0,3.5,10.7,normal
1697520218.921,46.738,800.0,5.4,10.7,normal
1697520219.423,46.738,1800.0,7.5,9.6,normal
1697520219.926,48.199,1800.0,29.7,10.5,normal
1697520220.429,47.225,1800.0,19.3,10.7,normal
1697520220.931,47.225,1800.0,3.0,10.7,normal
1697520221.434,46.738,1800.0,4.0,10.7,normal
1697520221.936,47.225,1800.0,3.5,10.7,normal
1697520222.439,47.712,1800.0,3.5,10.7,normal
1697520222.941,47.225,1800.0,3.0,10.7,normal
1697520223.444,46.251,1800.0,4.4,10.7,normal
1697520223.947,46.738,1800.0,3.0,10.7,normal
1697520224.451,46.251,700.0,3.5,10.7,normal
1697520224.956,46.738,800.0,7.8,10.7,normal
1697520225.459,46.251,1800.0,13.1,10.1,normal
1697520225.962,48.199,1800.0,34.3,10.6,normal
1697520226.465,46.738,1800.0,9.0,10.7,normal
1697520226.968,46.738,1800.0,3.5,10.7,normal
1697520227.47,47.225,1800.0,2.5,10.7,normal
1697520227.973,47.712,1800.0,3.5,10.7,normal
1697520228.475,46.738,1800.0,1.5,10.7,normal
1697520228.978,46.738,1800.0,4.5,10.7,normal
1697520229.481,46.251,1800.0,3.0,10.7,normal
1697520229.983,47.225,1800.0,5.4,10.7,normal
1697520230.488,47.225,700.0,3.5,10.7,normal
1697520230.994,46.738,600.0,4.9,10.7,normal
1697520231.501,47.225,600.0,5.4,10.6,normal
1697520232.004,47.225,1800.0,30.7,10.5,normal
1697520232.507,47.712,1800.0,25.5,10.6,normal
1697520233.009,47.225,1800.0,3.0,10.6,normal
1697520233.512,46.738,1800.0,4.0,10.7,normal
1697520234.015,46.738,1800.0,5.0,10.7,normal
1697520234.517,46.251,1800.0,2.5,10.7,normal
1697520235.02,47.225,1800.0,2.5,10.7,normal
1697520235.523,46.738,1800.0,4.9,10.7,normal
1697520236.025,46.251,1800.0,3.5,10.7,normal
1697520236.528,46.738,1800.0,2.5,10.7,normal
1697520237.032,46.738,800.0,3.5,10.7,normal
1697520237.535,45.764,1800.0,9.4,9.7,normal
1697520238.039,49.173,1800.0,28.4,10.6,normal
1697520238.541,48.199,1800.0,20.2,10.7,normal
1697520239.044,47.225,1800.0,3.0,10.7,normal
1697520239.547,47.712,1800.0,3.0,10.7,normal
1697520240.049,47.225,1800.0,4.5,10.7,normal
1697520240.552,48.199,1800.0,3.5,10.7,normal
1697520241.055,46.738,1800.0,3.0,10.7,normal
1697520241.557,47.712,1800.0,3.0,10.7,normal
1697520242.06,47.712,1800.0,3.5,10.7,normal
1697520242.565,46.738,700.0,3.0,10.7,normal
1697520243.07,46.738,600.0,4.4,10.7,normal
1697520243.573,46.738,1800.0,12.6,10.1,normal
1697520244.077,48.199,1800.0,35.3,10.6,normal
1697520244.579,46.738,1800.0,11.9,10.7,normal
1697520245.082,47.225,1800.0,3.5,10.7,normal
1697520245.584,47.225,1800.0,4.0,10.7,normal
1697520246.087,47.225,1800.0,3.0,10.7,normal
1697520246.59,47.225,1800.0,4.0,10.7,normal
1697520247.092,46.738,1800.0,4.0,10.7,normal
1697520247.595,47.225,1800.0,3.5,10.7,normal
1697520248.097,46.738,1800.0,3.0,10.7,normal
1697520248.602,47.225,800.0,5.4,10.7,normal
1697520249.106,47.225,900.0,4.0,10.7,normal
1697520249.61,45.764,900.0,5.9,10.6,normal
1697520250.113,48.686,1800.0,29.5,10.6,normal
1697520250.616,48.199,1800.0,24.3,10.7,normal
1697520251.118,47.225,1800.0,3.0,10.7,normal
1697520251.621,47.225,1800.0,4.0,10.7,normal
1697520252.123,47.225,1800.0,3.5,10.7,normal
1697520252.626,47.712,1800.0,5.4,10.7,normal
1697520253.128,47.225,1800.0,3.0,10.7,normal
1697520253.631,47.712,1800.0,3.5,10.7,normal
1697520254.134,47.225,1800.0,4.4,10.7,normal
1697520254.636,47.225,1800.0,3.5,10.7,normal
1697520255.14,47.225,1000.0,6.0,10.7,normal
1697520255.644,46.251,1800.0,12.0,9.8,normal
1697520256.148,47.225,1800.0,31.2,10.5,normal
1697520256.65,48.686,1800.0,15.1,10.6,normal
1697520257.153,46.738,1800.0,4.0,10.6,normal
1697520257.655,46.738,1800.0,3.5,10.6,normal
1697520258.158,47.225,1800.0,3.5,10.6,normal
1697520258.661,47.225,1800.0,4.0,10.6,normal
1697520259.163,47.225,1800.0,4.0,10.6,normal
1697520259.666,47.712,1800.0,3.0,10.6,normal
1697520260.168,46.738,1800.0,4.5,10.6,normal
1697520260.673,47.225,700.0,3.9,10.6,normal
1697520261.178,46.251,800.0,6.9,10.6,normal
1697520261.683,46.738,700.0,4.0,10.6,normal
1697520262.186,47.225,1800.0,27.9,10.4,normal
1697520262.689,47.712,1800.0,27.0,10.6,normal
1697520263.192,47.225,1800.0,3.5,10.6,normal
1697520263.694,47.712,1800.0,3.5,10.6,normal
1697520264.197,46.251,1800.0,3.0,10.7,normal
1697520264.699,47.225,1800.0,4.0,10.7,normal
1697520265.202,46.738,1800.0,4.4,10.7,normal
1697520265.704,46.738,1800.0,4.0,10.7,normal
1697520266.207,46.738,1800.0,2.5,10.7,normal
1697520266.71,46.251,1800.0,3.5,10.7,normal
1697520267.215,45.764,600.0,4.9,10.7,normal
1697520267.721,47.225,600.0,3.5,10.7,normal
1697520268.223,47.225,1800.0,22.5,10.4,normal
1697520268.726,47.712,1800.0,35.5,10.7,normal
1697520269.229,46.738,1800.0,3.5,10.7,normal
1697520269.731,47.225,1800.0,4.5,10.7,normal
1697520270.234,47.225,1800.0,4.0,10.7,normal
1697520270.736,47.225,1800.0,3.0,10.7,normal
1697520271.239,47.225,1800.0,3.0,10.7,normal
1697520271.741,46.738,1800.0,3.0,10.7,normal
1697520272.244,46.251,1800.0,4.0,10.7,normal
1697520272.746,46.738,1800.0,3.5,10.7,normal
1697520273.252,46.738,600.0,3.5,10.7,normal
1697520273.758,46.251,600.0,4.5,10.7,normal
1697520274.261,47.225,1800.0,25.7,10.3,normal
1697520274.763,47.225,1800.0,31.3,10.7,normal
1697520275.266,47.712,1800.0,3.5,10.7,normal
1697520275.768,46.738,1800.0,2.0,10.7,normal
1697520276.271,47.712,1800.0,2.5,10.7,normal
1697520276.773,46.251,1800.0,3.5,10.7,normal
1697520277.276,46.251,1800.0,3.0,10.7,normal
1697520277.778,46.251,1800.0,3.0,10.7,normal
1697520278.281,46.738,1800.0,3.0,10.7,normal
1697520278.784,47.225,1800.0,2.5,10.7,normal
1697520279.289,47.225,600.0,4.9,10.7,normal
1697520279.794,46.251,800.0,5.5,10.7,normal
1697520280.297,45.764,1800.0,16.5,10.1,normal
1697520280.8,47.712,1800.0,38.5,10.7,normal
1697520281.302,47.225,1800.0,6.5,10.7,normal
1697520281.805,46.738,1800.0,3.0,10.7,normal
1697520282.307,46.738,1800.0,3.5,10.7,normal
1697520282.81,46.738,1800.0,3.5,10.7,normal
1697520283.312,46.738,1800.0,3.0,10.7,normal
1697520283.815,47.225,1800.0,3.5,10.7,normal
1697520284.318,46.738,1800.0,2.5,10.7,normal
1697520284.82,46.251,1800.0,5.0,10.7,normal
1697520285.325,46.738,700.0,4.5,10.7,normal
1697520285.831,47.225,600.0,5.4,10.7,normal
1697520286.336,46.738,800.0,7.5,9.8,normal
1697520286.84,46.738,1800.0,28.6,10.4,normal
1697520287.342,47.712,1800.0,20.6,10.6,normal
1697520287.845,47.225,1800.0,3.0,10.6,normal
1697520288.348,47.712,1800.0,2.5,10.6,normal
1697520288.85,45.764,1800.0,3.0,10.6,normal
1697520289.353,47.712,1800.0,4.9,10.7,normal
1697520289.855,46.251,1800.0,5.4,10.7,normal
1697520290.358,46.738,1800.0,2.5,10.7,normal
1697520290.86,47.225,1800.0,3.5,10.7,normal
1697520291.363,47.225,1800.0,3.5,10.7,normal
1697520291.869,45.764,600.0,5.0,10.7,normal
1697520292.374,47.225,600.0,5.4,10.7,normal
1697520292.878,47.712,1800.0,26.4,10.4,normal
1697520293.381,47.225,1800.0,28.1,10.6,normal
1697520293.883,48.686,1800.0,3.5,10.6,normal
1697520294.386,47.225,1800.0,5.0,10.6,normal
1697520294.888,48.199,1800.0,4.5,10.7,normal
1697520295.391,47.225,1800.0,4.4,10.7,normal
1697520295.893,46.738,1800.0,3.5,10.7,normal
1697520296.396,46.738,1800.0,3.0,10.7,normal
1697520296.898,46.738,1800.0,3.5,10.7,normal
1697520297.401,47.225,1800.0,3.5,10.7,normal
1697520297.906,46.738,700.0,5.4,10.7,normal
1697520298.411,46.738,600.0,4.5,10.7,normal
1697520298.915,47.225,1800.0,18.6,10.3,normal
1697520299.417,48.199,1800.0,35.0,10.7,normal
1697520299.92,47.225,1800.0,5.4,10.7,normal
1697520300.422,46.738,1800.0,3.5,10.7,normal
1697520300.925,47.225,1800.0,2.5,10.7,normal
1697520301.427,46.738,1800.0,4.0,10.7,normal
1697520301.93,47.225,1800.0,3.0,10.7,normal
1697520302.432,47.712,1800.0,3.5,10.7,normal
1697520302.935,47.225,1800.0,4.4,10.7,normal
1697520303.437,46.738,1800.0,3.0,10.7,normal
1697520303.942,46.251,800.0,4.5,10.7,normal
1697520304.447,45.764,700.0,5.0,10.7,normal
1697520304.951,45.764,1100.0,13.9,9.9,normal
1697520305.455,46.738,1800.0,30.3,10.7,normal
1697520305.958,46.738,1800.0,17.4,10.8,normal
1697520306.461,46.738,1800.0,5.0,10.8,normal
1697520306.963,46.738,1800.0,3.0,10.8,normal
1697520307.466,47.225,1800.0,2.5,10.8,normal
1697520307.968,47.225,1800.0,1.0,10.8,normal
1697520308.471,46.738,1800.0,3.5,10.8,normal
1697520308.973,47.225,1800.0,4.5,10.8,normal
1697520309.476,47.712,1800.0,2.5,10.8,normal
1697520309.979,47.712,1800.0,4.5,10.8,normal
1697520310.484,45.764,600.0,4.9,10.7,normal
1697520310.989,46.738,800.0,4.5,10.7,normal
1697520311.493,47.712,1800.0,28.0,10.5,normal
1697520311.997,48.686,1800.0,29.6,10.7,normal
1697520312.499,47.712,1800.0,3.0,10.7,normal
1697520313.002,47.712,1800.0,3.5,10.7,normal
1697520313.504,47.225,1800.0,3.5,10.7,normal
1697520314.007,47.225,1800.0,3.0,10.7,normal
1697520314.509,47.712,1800.0,2.5,10.7,normal
1697520315.012,47.225,1800.0,5.5,10.7,normal
1697520315.515,47.225,1800.0,4.0,10.7,normal
1697520316.017,46.738,1800.0,3.0,10.7,normal
1697520316.522,45.764,700.0,3.0,10.7,normal
1697520317.026,46.738,1100.0,5.5,10.7,normal
1697520317.529,47.225,1800.0,19.5,10.3,normal
1697520318.032,47.225,1800.0,32.7,10.6,normal
1697520318.534,47.225,1800.0,2.0,10.6,normal
1697520319.037,48.199,1800.0,3.0,10.6,normal
1697520319.54,46.251,1800.0,2.5,10.7,normal
1697520320.042,46.738,1800.0,4.0,10.7,normal
1697520320.545,46.251,1800.0,2.5,10.7,normal
1697520321.047,46.738,1800.0,4.0,10.7,normal
1697520321.55,46.738,1800.0,2.5,10.7,normal
1697520322.052,46.738,1800.0,1.0,10.7,normal
1697520322.557,46.738,800.0,6.9,10.7,normal
1697520323.06,46.738,1000.0,5.5,10.7,normal
1697520323.563,48.199,1800.0,25.0,10.3,normal
1697520324.066,46.738,1800.0,29.6,10.6,normal
1697520324.569,47.712,1800.0,3.0,10.6,normal
1697520325.071,46.251,1800.0,5.9,10.6,normal
1697520325.574,47.225,1800.0,3.0,10.6,normal
1697520326.076,47.225,1800.0,3.5,10.6,normal
1697520326.579,47.712,1800.0,3.0,10.6,normal
1697520327.082,46.251,1800.0,3.0,10.6,normal
1697520327.584,47.712,1800.0,4.0,10.7,normal
1697520328.087,47.225,1800.0,3.0,10.7,normal
1697520328.592,46.251,600.0,3.0,10.7,normal
1697520329.096,46.738,900.0,4.9,10.7,normal
1697520329.599,48.199,1800.0,17.0,10.2,normal
1697520330.101,48.199,1800.0,38.0,10.6,normal
1697520330.604,47.712,1800.0,5.0,10.6,normal
1697520331.107,48.199,1800.0,3.5,10.6,normal
1697520331.609,46.251,1800.0,4.0,10.6,normal
1697520332.112,46.738,1800.0,3.5,10.6,normal
1697520332.614,48.199,1800.0,3.5,10.7,normal
1697520333.117,46.738,1800.0,3.5,10.7,normal
1697520333.619,47.712,1800.0,4.0,10.7,normal
1697520334.122,46.738,1800.0,3.0,10.7,normal
1697520334.626,45.764,900.0,4.9,10.7,normal
1697520335.13,47.225,900.0,5.9,10.7,normal
1697520335.633,47.712,1800.0,21.9,10.2,normal
1697520336.136,47.712,1800.0,34.8,10.6,normal
1697520336.638,47.712,1800.0,3.5,10.6,normal
1697520337.141,48.199,1800.0,3.9,10.6,normal
1697520337.643,47.225,1800.0,3.0,10.6,normal
1697520338.146,47.712,1800.0,4.0,10.7,normal
1697520338.648,47.225,1800.0,3.5,10.7,normal
1697520339.151,47.712,1800.0,3.5,10.7,normal
1697520339.654,47.225,1800.0,3.5,10.7,normal
1697520340.156,48.199,1800.0,5.0,10.7,normal
1697520340.66,46.738,800.0,2.5,10.7,normal
1697520341.165,46.251,900.0,3.5,10.7,normal
1697520341.668,47.225,1800.0,17.1,10.1,normal
1697520342.17,46.738,1800.0,38.8,10.6,normal
1697520342.673,47.712,1800.0,6.0,10.6,normal
1697520343.176,47.225,1800.0,3.0,10.6,normal
1697520343.678,46.251,1800.0,3.5,10.6,normal
1697520344.181,47.225,1800.0,3.0,10.6,normal
1697520344.683,46.251,1800.0,4.5,10.6,normal
1697520345.186,47.225,1800.0,4.5,10.7,normal
1697520345.688,47.712,1800.0,3.5,10.7,normal
1697520346.191,47.225,1800.0,4.0,10.7,normal
1697520346.696,47.225,700.0,3.5,10.7,normal
1697520347.201,45.764,600.0,4.5,10.7,normal
1697520347.704,47.225,1800.0,20.8,10.3,normal
1697520348.207,47.712,1800.0,34.0,10.6,normal
1697520348.71,46.738,1800.0,4.0,10.7,normal
1697520349.212,47.225,1800.0,4.0,10.7,normal
1697520349.715,46.738,1800.0,4.5,10.7,normal
1697520350.217,47.225,1800.0,3.5,10.7,normal
1697520350.72,46.251,1800.0,4.5,10.7,normal
1697520351.222,48.199,1800.0,3.0,10.7,normal
1697520351.725,46.738,1800.0,3.0,10.7,normal
1697520352.227,46.738,1800.0,3.9,10.7,normal
1697520352.733,46.251,600.0,4.0,10.7,normal
1697520353.238,45.764,700.0,5.4,10.7,normal
1697520353.742,46.738,1800.0,24.4,10.4,normal
1697520354.244,46.738,1800.0,28.8,10.7,normal
1697520354.747,47.712,1800.0,4.0,10.7,normal
1697520355.249,46.738,1800.0,4.0,10.7,normal
1697520355.752,47.225,1800.0,3.5,10.7,normal
1697520356.254,47.225,1800.0,3.5,10.7,normal
1697520356.757,47.225,1800.0,3.0,10.7,normal
1697520357.259,47.225,1800.0,4.0,10.7,normal
1697520357.762,47.225,1800.0,3.5,10.7,normal
1697520358.264,47.225,1800.0,2.5,10.7,normal
1697520358.77,47.225,600.0,5.0,10.7,normal
1697520359.276,46.251,600.0,5.0,10.6,normal
1697520359.779,48.199,1800.0,27.9,10.5,normal
1697520360.282,47.712,1800.0,24.6,10.7,normal
1697520360.784,47.712,1800.0,3.0,10.7,normal
1697520361.287,47.225,1800.0,3.5,10.7,normal
1697520361.789,46.738,1800.0,3.5,10.7,normal
1697520362.292,47.225,1800.0,3.0,10.7,normal
1697520362.794,47.225,1800.0,4.0,10.7,normal
1697520363.297,46.738,1800.0,3.5,10.7,normal
1697520363.799,46.251,1800.0,3.0,10.7,normal
1697520364.302,47.225,1800.0,3.0,10.7,normal
1697520364.804,47.225,1800.0,5.0,10.7,normal
1697520365.307,46.738,1800.0,4.5,10.7,normal
1697520365.81,47.225,1800.0,21.0,10.3,normal
1697520366.313,47.225,1800.0,31.0,10.7,normal
1697520366.815,47.225,1800.0,2.5,10.7,normal
1697520367.318,47.225,1800.0,4.0,10.7,normal
1697520367.82,47.225,1800.0,3.5,10.7,normal
1697520368.323,47.712,1800.0,3.0,10.7,normal
1697520368.826,47.225,1800.0,2.5,10.7,normal
1697520369.328,47.712,1800.0,4.0,10.7,normal
1697520369.833,45.764,700.0,5.0,10.7,normal
1697520370.339,46.251,600.0,4.0,10.7,normal
1697520370.844,46.251,600.0,4.0,10.7,normal
1697520371.35,45.764,600.0,4.0,10.6,normal
1697520371.854,47.225,1800.0,28.7,10.4,normal
1697520372.356,48.199,1800.0,26.5,10.6,normal
1697520372.859,47.225,1800.0,3.9,10.6,normal
1697520373.361,46.738,1800.0,4.0,10.6,normal
1697520373.864,47.225,1800.0,3.5,10.6,normal
1697520374.367,46.251,1800.0,3.5,10.6,normal
1697520374.869,46.738,1800.0,4.5,10.6,normal
1697520375.372,47.225,1800.0,3.5,10.6,normal
1697520375.874,47.225,1800.0,4.0,10.6,normal
1697520376.377,47.712,1800.0,3.0,10.6,normal
1697520376.881,47.225,700.0,4.5,10.6,normal
1697520377.387,45.764,600.0,5.4,10.6,normal
1697520377.89,46.251,1800.0,21.3,10.4,normal
1697520378.393,48.199,1800.0,35.0,10.7,normal
1697520378.895,46.251,1800.0,3.5,10.7,normal
1697520379.398,46.738,1800.0,4.5,10.7,normal
1697520379.9,47.712,1800.0,4.0,10.7,normal
1697520380.403,46.738,1800.0,3.5,10.7,normal
1697520380.906,47.225,1800.0,3.0,10.7,normal
1697520381.408,47.225,1800.0,4.0,10.7,normal
1697520381.911,47.225,1800.0,3.5,10.7,normal
1697520382.413,47.712,1800.0,2.5,10.7,normal
1697520382.918,46.251,700.0,3.9,10.7,normal
1697520383.423,46.251,800.0,5.0,10.7,normal
1697520383.927,46.738,1800.0,11.4,9.8,normal
1697520384.431,47.225,1800.0,30.0,10.6,normal
1697520384.933,47.225,1800.0,19.5,10.7,normal
1697520385.436,47.712,1800.0,4.0,10.7,normal
1697520385.938,47.225,1800.0,3.0,10.7,normal
1697520386.441,47.225,1800.0,2.5,10.7,normal
1697520386.943,46.251,1800.0,3.0,10.7,normal
1697520387.446,48.199,1800.0,4.0,10.7,normal
1697520387.949,46.738,1800.0,3.5,10.7,normal
1697520388.451,46.251,1800.0,4.0,10.7,normal
1697520388.956,46.738,700.0,3.0,10.7,normal
1697520389.461,46.738,800.0,6.0,10.7,normal
1697520389.964,46.251,1800.0,16.8,10.2,normal
1697520390.467,48.686,1800.0,37.1,10.6,normal
1697520390.969,47.225,1800.0,7.9,10.7,normal
1697520391.472,47.225,1800.0,4.0,10.7,normal
1697520391.974,47.712,1800.0,5.0,10.7,normal
1697520392.477,47.225,1800.0,3.0,10.7,normal
1697520392.979,46.738,1800.0,4.0,10.7,normal
1697520393.482,47.225,1800.0,3.5,10.7,normal
1697520393.985,46.251,1800.0,4.0,10.7,normal
1697520394.487,47.225,1800.0,2.5,10.7,normal
1697520394.993,47.225,700.0,16.9,10.7,normal
1697520395.496,46.738,1800.0,8.4,10.7,normal
1697520395.999,46.738,1800.0,19.4,10.4,normal
1697520396.501,48.686,1800.0,34.5,10.7,normal
1697520397.004,46.738,1800.0,3.0,10.7,normal
1697520397.507,46.251,1800.0,3.5,10.7,normal
1697520398.009,47.225,1800.0,5.0,10.7,normal
1697520398.512,46.251,1800.0,2.5,10.7,normal
1697520399.014,47.225,1800.0,3.5,10.7,normal
1697520399.517,47.225,1800.0,3.0,10.7,normal
1697520400.022,47.225,800.0,3.5,10.7,normal
1697520400.526,45.764,1000.0,5.9,10.7,normal
1697520401.031,46.738,700.0,3.0,10.7,normal
1697520401.536,46.251,700.0,4.0,10.7,normal
1697520402.039,46.251,1800.0,26.4,10.4,normal
1697520402.542,47.225,1800.0,28.3,10.6,normal
1697520403.044,47.712,1800.0,3.5,10.6,normal
1697520403.547,47.225,1800.0,2.5,10.7,normal
1697520404.05,48.199,1800.0,4.0,10.7,normal
1697520404.552,48.199,1800.0,3.0,10.7,normal
1697520405.055,47.225,1800.0,4.0,10.7,normal
1697520405.557,47.225,1800.0,3.0,10.7,normal
1697520406.06,46.738,1800.0,1.0,10.7,normal
1697520406.562,47.225,1800.0,2.0,10.7,normal
1697520407.067,46.251,800.0,4.4,10.7,normal
1697520407.573,46.251,600.0,6.0,10.6,normal
1697520408.077,46.738,1800.0,28.2,10.5,normal
1697520408.58,47.225,1800.0,24.0,10.7,normal
1697520409.082,47.225,1800.0,4.5,10.6,normal
1697520409.585,46.738,1800.0,3.0,10.7,normal
1697520410.087,47.712,1800.0,4.5,10.7,normal
1697520410.59,47.225,1800.0,3.5,10.7,normal
1697520411.092,46.251,1800.0,4.0,10.7,normal
1697520411.595,45.764,1800.0,4.0,10.7,normal
1697520412.097,45.764,1800.0,2.0,10.7,normal
1697520412.6,46.738,1800.0,5.5,10.7,normal
1697520413.104,46.738,900.0,3.5,10.7,normal
1697520413.608,46.251,900.0,5.0,10.7,normal
1697520414.112,46.251,1800.0,21.5,10.3,normal
1697520414.614,46.738,1800.0,33.2,10.6,normal
1697520415.117,47.225,1800.0,3.5,10.6,normal
1697520415.619,47.225,1800.0,2.5,10.6,normal
1697520416.122,46.738,1800.0,4.0,10.6,normal
1697520416.624,47.712,1800.0,3.5,10.6,normal
1697520417.127,46.251,1800.0,4.0,10.6,normal
1697520417.629,45.764,1800.0,3.0,10.6,normal
1697520418.132,47.712,1800.0,3.9,10.6,normal
1697520418.635,47.225,1800.0,3.0,10.7,normal
1697520419.138,46.251,1000.0,6.4,10.7,normal
1697520419.643,46.251,800.0,4.5,10.7,normal
1697520420.146,46.738,1800.0,16.9,10.2,normal
1697520420.648,47.712,1800.0,37.5,10.7,normal
1697520421.151,46.738,1800.0,7.9,10.7,normal
1697520421.653,47.712,1800.0,3.0,10.7,normal
1697520422.156,46.738,1800.0,4.0,10.7,normal
1697520422.659,47.712,1800.0,3.5,10.7,normal
1697520423.161,46.738,1800.0,3.5,10.7,normal
1697520423.664,47.225,1800.0,3.5,10.7,normal
1697520424.166,47.225,1800.0,3.0,10.7,normal
1697520424.669,46.738,1800.0,3.5,10.7,normal
1697520425.174,46.251,600.0,4.5,10.7,normal
1697520425.678,46.738,900.0,5.4,10.7,normal
1697520426.183,46.251,900.0,8.0,9.7,normal
1697520426.687,47.225,1800.0,28.4,10.5,normal
1697520427.189,46.251,1800.0,21.1,10.7,normal
1697520427.692,47.225,1800.0,3.5,10.7,normal
1697520428.194,47.712,1800.0,3.0,10.7,normal
1697520428.697,46.251,1800.0,3.5,10.7,normal
1697520429.199,46.738,1800.0,3.0,10.7,normal
1697520429.702,47.225,1800.0,4.5,10.7,normal
1697520430.204,46.738,1800.0,4.0,10.7,normal
1697520430.707,46.251,1800.0,4.4,10.7,normal
1697520431.212,46.738,700.0,2.5,10.7,normal
1697520431.716,45.764,1100.0,6.4,10.7,normal
1697520432.221,46.738,600.0,4.0,10.7,normal
1697520432.725,47.225,1800.0,26.0,10.4,normal
1697520433.227,47.712,1800.0,29.9,10.7,normal
1697520433.73,47.225,1800.0,3.5,10.7,normal
1697520434.232,47.225,1800.0,4.5,10.7,normal
1697520434.735,47.225,1800.0,4.0,10.7,normal
1697520435.237,47.712,1800.0,4.4,10.7,normal
1697520435.74,47.225,1800.0,2.5,10.7,normal
1697520436.243,46.738,1800.0,4.5,10.8,normal
1697520436.745,46.251,1800.0,3.0,10.8,normal
1697520437.247,46.738,1800.0,3.5,10.8,normal
1697520437.753,46.738,600.0,3.5,10.8,normal
1697520438.259,47.712,600.0,6.4,10.7,normal
1697520438.762,48.199,1800.0,27.5,10.5,normal
1697520439.265,48.199,1800.0,24.6,10.7,normal
1697520439.767,46.738,1800.0,4.0,10.7,normal
1697520440.27,47.225,1800.0,5.0,10.6,normal
1697520440.772,47.225,1800.0,3.5,10.6,normal
1697520441.275,46.738,1800.0,3.0,10.6,normal
1697520441.777,47.225,1800.0,3.0,10.6,normal
1697520442.28,46.738,1800.0,1.5,10.6,normal
1697520442.783,46.738,1800.0,4.5,10.6,normal
1697520443.285,47.225,1800.0,2.0,10.7,normal
1697520443.788,46.738,1800.0,4.5,10.7,normal
1697520444.29,47.712,1800.0,3.0,10.7,normal
1697520444.793,48.199,1800.0,23.5,10.4,normal
1697520445.296,47.712,1800.0,29.0,10.7,normal
1697520445.798,47.712,1800.0,3.0,10.7,normal
1697520446.301,46.738,1800.0,3.5,10.7,normal
1697520446.803,46.738,1800.0,4.0,10.7,normal
1697520447.306,47.225,1800.0,2.5,10.7,normal
1697520447.809,47.712,1800.0,4.0,10.7,normal
1697520448.311,47.225,1800.0,2.0,10.7,normal
1697520448.816,46.738,600.0,5.9,10.7,normal
1697520449.322,46.738,600.0,4.5,10.6,normal
1697520449.827,46.738,700.0,5.4,10.6,normal
1697520450.332,46.738,800.0,6.4,10.6,normal
1697520450.836,48.199,1800.0,28.5,10.4,normal
1697520451.338,46.738,1800.0,25.3,10.7,normal
1697520451.841,46.738,1800.0,3.5,10.7,normal
1697520452.343,47.712,1800.0,2.5,10.7,normal
1697520452.846,47.712,1800.0,4.0,10.7,normal
1697520453.348,46.738,1800.0,5.0,10.7,normal
1697520453.851,47.225,1800.0,3.0,10.7,normal
1697520454.354,46.251,1800.0,3.5,10.7,normal
1697520454.856,46.738,1800.0,4.5,10.7,normal
1697520455.359,46.738,1800.0,4.5,10.7,normal
1697520455.864,46.251,600.0,3.0,10.7,normal
1697520456.37,46.738,600.0,5.4,10.7,normal
1697520456.874,48.199,1800.0,22.5,10.3,normal
1697520457.376,46.738,1800.0,31.7,10.7,normal
1697520457.879,48.199,1800.0,4.0,10.7,normal
1697520458.381,47.712,1800.0,2.5,10.7,normal
1697520458.884,46.738,1800.0,3.0,10.7,normal
1697520459.387,46.251,1800.0,4.5,10.7,normal
1697520459.889,45.764,1800.0,3.5,10.7,normal
1697520460.392,47.712,1800.0,3.5,10.7,normal
1697520460.894,46.251,1800.0,3.5,10.7,normal
1697520461.397,47.225,1800.0,4.9,10.7,normal
1697520461.901,46.738,700.0,3.0,10.7,normal
1697520462.406,46.251,800.0,4.9,10.6,normal
1697520462.909,47.712,1800.0,27.1,10.4,normal
1697520463.412,47.712,1800.0,28.2,10.6,normal
1697520463.914,47.225,1800.0,4.0,10.6,normal
1697520464.417,47.712,1800.0,3.5,10.6,normal
1697520464.919,46.738,1800.0,4.0,10.6,normal
1697520465.422,47.712,1800.0,4.5,10.7,normal
1697520465.924,47.225,1800.0,3.0,10.7,normal
1697520466.427,47.712,1800.0,4.0,10.7,normal
1697520466.93,46.738,1800.0,2.0,10.7,normal
1697520467.432,46.251,1800.0,2.5,10.7,normal
1697520467.937,47.225,600.0,4.9,10.7,normal
1697520468.443,47.712,900.0,6.5,10.5,normal
1697520468.946,47.712,1800.0,29.2,10.5,normal
1697520469.449,47.225,1800.0,24.5,10.7,normal
1697520469.951,47.712,1800.0,6.0,10.7,normal
1697520470.454,46.738,1800.0,3.0,10.7,normal
1697520470.956,47.712,1800.0,4.0,10.7,normal
1697520471.459,47.225,1800.0,3.5,10.7,normal
1697520471.961,46.738,1800.0,3.0,10.7,normal
1697520472.464,47.225,1800.0,4.0,10.7,normal
1697520472.967,46.738,1800.0,3.5,10.7,normal
1697520473.469,46.738,1800.0,3.5,10.7,normal
1697520473.973,47.712,800.0,5.0,10.7,normal
1697520474.478,46.251,800.0,4.4,10.7,normal
1697520474.982,46.738,1800.0,26.7,10.4,normal
1697520475.485,47.225,1800.0,31.2,10.7,normal
1697520475.988,47.225,1800.0,3.5,10.7,normal
1697520476.49,47.225,1800.0,3.5,10.7,normal
1697520476.993,47.225,1800.0,3.0,10.7,normal
1697520477.496,47.225,1800.0,3.0,10.7,normal
1697520477.998,47.225,1800.0,4.5,10.7,normal
1697520478.501,46.251,1800.0,3.5,10.7,normal
1697520479.003,46.738,1800.0,3.5,10.7,normal
1697520479.506,45.764,1800.0,3.4,10.7,normal
1697520480.012,47.225,600.0,7.4,10.7,normal
1697520480.516,46.738,900.0,5.4,10.7,normal
1697520481.019,46.251,1800.0,18.4,10.2,normal
1697520481.522,48.686,1800.0,37.0,10.6,normal
1697520482.024,47.712,1800.0,3.5,10.6,normal
1697520482.527,47.225,1800.0,3.0,10.6,normal
1697520483.029,46.738,1800.0,3.0,10.6,normal
1697520483.532,47.225,1800.0,4.0,10.7,normal
1697520484.034,46.738,1800.0,3.0,10.7,normal
1697520484.537,46.738,1800.0,1.5,10.7,normal
1697520485.04,47.225,1800.0,3.5,10.7,normal
1697520485.542,46.738,1800.0,4.0,10.7,normal
1697520486.048,46.251,600.0,4.4,10.7,normal
1697520486.553,47.225,600.0,4.5,10.7,normal
1697520487.057,47.712,1800.0,22.5,10.4,normal
1697520487.559,48.199,1800.0,33.2,10.7,normal
1697520488.062,47.712,1800.0,3.9,10.7,normal
1697520488.564,47.712,1800.0,3.0,10.7,normal
1697520489.067,46.738,1800.0,3.0,10.7,normal
1697520489.569,46.738,1800.0,4.5,10.7,normal
1697520490.072,47.712,1800.0,4.0,10.7,normal
1697520490.575,46.251,1800.0,3.0,10.7,normal
1697520491.077,45.764,1800.0,3.0,10.7,normal
1697520491.58,46.738,1800.0,3.0,10.7,normal
1697520492.084,47.225,800.0,3.0,10.7,normal
1697520492.588,46.738,900.0,5.5,10.7,normal
1697520493.091,47.225,1800.0,25.4,10.4,normal
1697520493.594,47.225,1800.0,28.9,10.6,normal
1697520494.097,46.738,1800.0,2.5,10.6,normal
1697520494.599,47.712,1800.0,4.0,10.6,normal
1697520495.102,47.225,1800.0,4.0,10.6,normal
1697520495.607,47.225,1800.0,4.9,10.6,normal
1697520496.11,46.738,1800.0,3.5,10.6,normal
1697520496.612,48.199,1800.0,3.0,10.6,normal
1697520497.115,46.251,1800.0,4.0,10.6,normal
1697520497.617,46.738,1800.0,3.5,10.6,normal
1697520498.121,46.251,900.0,5.0,10.6,normal
1697520498.626,46.738,900.0,3.5,10.6,normal
1697520499.129,48.199,1800.0,20.4,10.3,normal
1697520499.631,47.225,1800.0,33.3,10.7,normal
1697520500.134,46.251,1800.0,5.4,10.7,normal
1697520500.636,47.225,1800.0,3.0,10.7,normal
1697520501.139,47.225,1800.0,4.4,10.7,normal
1697520501.641,47.225,1800.0,3.0,10.7,normal
1697520502.144,47.225,1800.0,4.0,10.7,normal
1697520502.647,45.764,1800.0,3.5,10.7,normal
1697520503.149,47.225,1800.0,3.5,10.7,normal
1697520503.652,46.738,1800.0,3.5,10.7,normal
1697520504.155,47.225,1100.0,5.5,10.7,normal
1697520504.66,46.738,800.0,5.0,10.7,normal
1697520505.163,47.225,1800.0,16.4,10.2,normal
1697520505.666,48.199,1800.0,37.8,10.6,normal
1697520506.168,47.712,1800.0,7.0,10.6,normal
1697520506.671,47.225,1800.0,5.0,10.6,normal
1697520507.174,46.738,1800.0,3.0,10.6,normal
1697520507.676,47.225,1800.0,3.0,10.6,normal
1697520508.179,46.738,1800.0,3.0,10.6,normal
1697520508.681,47.712,1800.0,3.5,10.6,normal
1697520509.184,47.225,1800.0,3.0,10.7,normal
1697520509.686,46.738,1800.0,4.0,10.7,normal
1697520510.192,47.225,600.0,4.4,10.7,normal
1697520510.697,46.738,900.0,5.4,10.7,normal
1697520511.199,46.738,1800.0,18.5,10.3,normal
1697520511.702,47.225,1800.0,37.0,10.7,normal
1697520512.204,47.225,1800.0,3.5,10.7,normal
1697520512.707,46.738,1800.0,4.5,10.7,normal
1697520513.21,45.764,1800.0,3.5,10.7,normal
1697520513.712,47.712,1800.0,3.5,10.7,normal
1697520514.215,46.738,1800.0,3.5,10.7,normal
1697520514.717,47.225,1800.0,4.0,10.7,normal
1697520515.22,46.251,1800.0,4.5,10.7,normal
1697520515.723,46.251,1800.0,3.5,10.7,normal
1697520516.228,47.712,600.0,3.9,10.7,normal
1697520516.734,45.764,600.0,5.4,10.7,normal
1697520517.237,47.225,1800.0,23.0,10.4,normal
1697520517.74,46.251,1800.0,31.2,10.7,normal
1697520518.243,46.738,1800.0,3.5,10.7,normal
1697520518.745,46.738,1800.0,3.0,10.7,normal
1697520519.248,47.225,1800.0,3.5,10.7,normal
1697520519.75,46.251,1800.0,4.5,10.7,normal
1697520520.253,46.251,1800.0,3.5,10.7,normal
1697520520.755,46.251,1800.0,3.0,10.7,normal
1697520521.258,47.225,1800.0,5.0,10.7,normal
1697520521.76,46.738,1800.0,3.0,10.7,normal
1697520522.266,46.251,700.0,3.5,10.7,normal
1697520522.771,46.738,600.0,4.5,10.7,normal
1697520523.277,46.738,1800.0,26.2,10.5,normal
1697520523.78,47.225,1800.0,27.8,10.7,normal
1697520524.283,46.251,1800.0,3.5,10.7,normal
1697520524.785,46.738,1800.0,4.0,10.7,normal
1697520525.288,46.738,1800.0,3.0,10.7,normal
1697520525.79,47.712,1800.0,2.5,10.7,normal
1697520526.293,46.738,1800.0,2.5,10.7,normal
1697520526.795,47.225,1800.0,2.0,10.7,normal
1697520527.298,46.738,1800.0,2.0,10.7,normal
1697520527.801,47.225,1800.0,2.5,10.7,normal
1697520528.305,46.251,700.0,2.5,10.7,normal
1697520528.81,47.225,800.0,7.4,10.7,normal
1697520529.313,46.251,1800.0,19.0,10.3,normal
1697520529.815,47.712,1800.0,36.4,10.7,normal
1697520530.318,47.225,1800.0,4.5,10.7,normal
1697520530.82,47.225,1800.0,3.0,10.7,normal
1697520531.323,46.251,1800.0,3.5,10.7,normal
1697520531.825,48.199,1800.0,3.0,10.7,normal
1697520532.328,46.738,1800.0,4.0,10.7,normal
1697520532.83,47.225,1800.0,3.9,10.6,normal
1697520533.333,46.738,1800.0,3.0,10.7,normal
1697520533.836,46.738,1800.0,3.5,10.6,normal
1697520534.341,45.764,600.0,4.0,10.6,normal
1697520534.846,47.225,800.0,5.9,10.7,normal
1697520535.349,46.738,1800.0,11.9,9.8,normal
1697520535.853,48.199,1800.0,32.5,10.5,normal
1697520536.356,47.712,1800.0,15.4,10.6,normal
1697520536.859,46.738,1800.0,3.0,10.6,normal
1697520537.361,47.712,1800.0,3.5,10.6,normal
1697520537.864,46.738,1800.0,3.0,10.6,normal
1697520538.366,47.712,1800.0,4.5,10.6,normal
1697520538.869,47.225,1800.0,4.0,10.6,normal
1697520539.371,47.225,1800.0,3.5,10.7,normal
1697520539.874,47.225,1800.0,4.0,10.7,normal
1697520540.379,46.738,700.0,3.4,10.7,normal
1697520540.884,45.764,600.0,6.4,10.7,normal
1697520541.39,46.251,600.0,6.0,10.6,normal
1697520541.893,46.738,1800.0,29.4,10.5,normal
1697520542.396,47.712,1800.0,26.4,10.7,normal
1697520542.899,47.712,1800.0,4.4,10.7,normal
1697520543.401,48.199,1800.0,2.5,10.7,normal
1697520543.904,47.712,1800.0,3.5,10.7,normal
1697520544.406,47.712,1800.0,3.5,10.7,normal
1697520544.909,46.738,1800.0,3.5,10.7,normal
1697520545.411,46.738,1800.0,3.0,10.8,normal
1697520545.914,47.712,1800.0,3.9,10.8,normal
1697520546.416,47.712,1800.0,3.0,10.8,normal
1697520546.921,46.251,800.0,5.9,10.8,normal
1697520547.425,46.738,800.0,4.5,10.8,normal
1697520547.928,46.738,1800.0,20.0,10.3,normal
1697520548.431,46.738,1800.0,35.0,10.7,normal
1697520548.933,46.738,1800.0,4.5,10.7,normal
1697520549.436,47.225,1800.0,3.0,10.7,normal
1697520549.938,47.225,1800.0,4.5,10.7,normal
1697520550.441,47.225,1800.0,3.5,10.7,normal
1697520550.943,47.712,1800.0,4.0,10.7,normal
1697520551.446,46.251,1800.0,4.4,10.7,normal
1697520551.948,46.738,1800.0,3.0,10.7,normal
1697520552.451,47.712,1800.0,3.5,10.7,normal
1697520552.955,46.738,900.0,4.5,10.7,normal
1697520553.459,47.225,900.0,4.5,10.7,normal
1697520553.962,48.199,1800.0,13.9,10.0,normal
1697520554.466,48.686,1800.0,37.1,10.6,normal
1697520554.969,47.225,1800.0,9.0,10.6,normal
1697520555.471,47.225,1800.0,3.0,10.6,normal
1697520555.974,47.225,1800.0,3.9,10.6,normal
1697520556.476,47.225,1800.0,2.5,10.6,normal
1697520556.979,46.251,1800.0,5.0,10.6,normal
1697520557.482,46.738,1800.0,2.0,10.6,normal
1697520557.984,46.251,1800.0,3.0,10.6,normal
1697520558.487,46.738,1800.0,3.5,10.6,normal
1697520558.991,47.225,900.0,5.0,10.7,normal
1697520559.496,47.225,900.0,4.9,10.7,normal
1697520560.004,47.225,900.0,7.9,10.5,normal
1697520560.508,46.251,1800.0,28.4,10.5,normal
1697520561.01,47.225,1800.0,25.0,10.7,normal
1697520561.513,47.225,1800.0,3.9,10.7,normal
1697520562.015,47.225,1800.0,2.0,10.7,normal
1697520562.519,45.764,1800.0,5.0,10.7,normal
1697520563.022,47.225,1800.0,4.0,10.7,normal
1697520563.524,46.738,1800.0,3.9,10.7,normal
1697520564.027,46.251,1800.0,3.0,10.7,normal
1697520564.529,46.738,1800.0,3.0,10.7,normal
1697520565.032,47.712,1800.0,4.5,10.7,normal
1697520565.537,46.738,800.0,4.0,10.7,normal
1697520566.041,45.764,1000.0,4.4,10.8,normal
1697520566.543,47.225,1800.0,25.0,10.4,normal
1697520567.046,49.173,1800.0,30.8,10.7,normal
1697520567.548,46.738,1800.0,3.5,10.7,normal
1697520568.051,46.738,1800.0,1.5,10.7,normal
1697520568.554,47.225,1800.0,3.0,10.8,normal
1697520569.056,47.225,1800.0,2.0,10.8,normal
1697520569.559,46.738,1800.0,2.5,10.7,normal
1697520570.061,46.251,1800.0,2.5,10.8,normal
1697520570.564,46.251,1800.0,3.5,10.7,normal
1697520571.066,46.251,1800.0,3.5,10.8,normal
1697520571.57,46.738,1000.0,3.5,10.8,normal
1697520572.074,47.225,900.0,5.4,10.7,normal
1697520572.577,47.712,1800.0,27.9,10.5,normal
1697520573.08,47.712,1800.0,26.1,10.7,normal
1697520573.582,47.225,1800.0,3.5,10.7,normal
1697520574.085,46.251,1800.0,4.0,10.7,normal
1697520574.587,47.712,1800.0,3.5,10.7,normal
1697520575.09,47.225,1800.0,4.5,10.7,normal
1697520575.592,47.712,1800.0,3.0,10.7,normal
1697520576.095,46.738,1800.0,3.0,10.7,normal
1697520576.597,47.712,1800.0,4.0,10.7,normal
1697520577.1,47.225,1800.0,4.0,10.7,normal
1697520577.606,46.251,600.0,1.5,10.7,normal
1697520578.112,46.251,600.0,1.0,10.7,normal
1697520578.616,48.199,1800.0,25.2,10.4,normal
1697520579.119,47.712,1800.0,32.0,10.7,normal
1697520579.622,47.225,1800.0,4.4,10.7,normal
1697520580.125,48.199,1800.0,3.0,10.7,normal
1697520580.627,47.225,1800.0,3.5,10.7,normal
1697520581.13,47.225,1800.0,3.5,10.7,normal
1697520581.632,47.225,1800.0,4.0,10.7,normal
1697520582.135,46.251,1800.0,3.0,10.7,normal
1697520582.642,46.251,1800.0,3.4,10.7,normal
1697520583.144,46.251,1800.0,4.5,10.7,normal
1697520583.649,45.764,800.0,4.5,10.7,normal
1697520584.153,46.738,900.0,5.0,10.7,normal
1697520584.655,48.199,1800.0,28.2,10.5,normal
1697520585.158,47.225,1800.0,27.1,10.7,normal
1697520585.661,48.199,1800.0,3.0,10.7,normal
1697520586.163,47.225,1800.0,2.5,10.7,normal
1697520586.666,47.225,1800.0,2.0,10.7,normal
1697520587.168,47.225,1800.0,3.5,10.7,normal
1697520587.671,46.738,1800.0,2.0,10.7,normal
1697520588.173,46.251,1800.0,2.5,10.7,normal
1697520588.676,46.738,1800.0,1.5,10.7,normal
1697520589.178,48.199,1800.0,4.5,10.7,normal
1697520589.683,46.251,700.0,4.0,10.7,normal
1697520590.188,47.225,1000.0,13.4,9.5,normal
1697520590.692,47.712,1800.0,28.0,10.5,normal
1697520591.195,47.712,1800.0,19.8,10.7,normal
1697520591.697,47.712,1800.0,4.0,10.7,normal
1697520592.2,45.277,1800.0,3.0,10.7,normal
1697520592.702,46.738,1800.0,4.5,10.7,normal
1697520593.205,46.738,1800.0,2.5,10.7,normal
1697520593.707,47.225,1800.0,4.5,10.6,normal
1697520594.21,47.712,1800.0,3.0,10.6,normal
1697520594.712,47.225,1800.0,4.0,10.6,normal
1697520595.216,47.225,800.0,3.9,10.6,normal
1697520595.722,46.738,600.0,4.4,10.6,normal
1697520596.225,46.738,1800.0,15.9,10.2,normal
1697520596.728,48.199,1800.0,37.5,10.6,normal
1697520597.23,47.712,1800.0,6.0,10.6,normal
1697520597.733,46.738,1800.0,3.5,10.6,normal
1697520598.235,47.225,1800.0,5.0,10.6,normal
1697520598.738,47.225,1800.0,3.0,10.6,normal
1697520599.24,46.251,1800.0,3.0,10.6,normal
1697520599.743,47.225,1800.0,3.5,10.6,normal
1697520600.245,46.738,1800.0,5.0,10.6,normal
1697520600.748,47.225,1800.0,3.5,10.6,normal
1697520601.253,46.251,700.0,5.4,10.6,normal
1697520601.759,45.764,600.0,4.9,10.6,normal
1697520602.267,46.251,600.0,8.9,10.5,normal
1697520602.77,47.225,1800.0,28.2,10.5,normal
1697520603.273,47.225,1800.0,22.1,10.7,normal
1697520603.775,47.712,1800.0,3.5,10.7,normal
1697520604.278,47.225,1800.0,4.0,10.7,normal
1697520604.78,47.225,1800.0,4.5,10.7,normal
1697520605.283,45.764,1800.0,3.5,10.7,normal
1697520605.785,47.225,1800.0,3.5,10.7,normal
1697520606.288,46.738,1800.0,3.0,10.7,normal
1697520606.79,47.225,1800.0,4.0,10.7,normal
1697520607.295,46.738,975.0,3.5,10.7,normal
1697520607.801,45.764,600.0,5.0,10.7,normal
1697520608.305,46.738,1800.0,11.5,10.1,normal
1697520608.808,48.199,1800.0,34.2,10.6,normal
1697520609.311,47.225,1800.0,11.9,10.7,normal
1697520609.813,47.225,1800.0,4.5,10.7,normal
1697520610.316,47.225,1800.0,2.5,10.7,normal
1697520610.818,46.738,1800.0,3.5,10.7,normal
1697520611.321,46.738,1800.0,3.0,10.7,normal
1697520611.823,46.251,1800.0,2.5,10.7,normal
1697520612.326,47.225,1800.0,2.5,10.7,normal
1697520612.829,46.251,1800.0,3.5,10.7,normal
1697520613.333,47.225,700.0,3.5,10.7,normal
1697520613.839,46.251,600.0,4.0,10.7,normal
1697520614.345,46.251,600.0,4.5,10.6,normal
1697520614.848,47.225,1800.0,29.9,10.5,normal
1697520615.351,47.225,1800.0,25.1,10.7,normal
1697520615.853,46.251,1800.0,2.5,10.7,normal
1697520616.356,47.225,1800.0,3.0,10.7,normal
1697520616.859,45.764,1800.0,3.0,10.7,normal
1697520617.361,46.251,1800.0,4.0,10.7,normal
1697520617.864,46.251,1800.0,3.5,10.7,normal
1697520618.366,47.225,1800.0,4.4,10.7,normal
1697520618.869,46.738,1800.0,2.5,10.7,normal
1697520619.371,45.764,1800.0,5.0,10.7,normal
1697520619.876,47.225,800.0,7.4,10.7,normal
1697520620.38,46.738,1100.0,9.5,9.7,normal
1697520620.883,47.225,1800.0,29.1,10.6,normal
1697520621.385,46.738,1800.0,21.3,10.7,normal
1697520621.888,46.738,1800.0,4.5,10.7,normal
1697520622.39,47.712,1800.0,3.5,10.7,normal
1697520622.893,46.251,1800.0,4.0,10.7,normal
1697520623.395,47.225,1800.0,3.0,10.7,normal
1697520623.898,47.712,1800.0,4.0,10.8,normal
1697520624.4,47.225,1800.0,3.0,10.7,normal
1697520624.903,47.225,1800.0,4.0,10.7,normal
1697520625.406,46.738,1800.0,3.0,10.8,normal
1697520625.911,46.251,600.0,5.4,10.8,normal
1697520626.416,46.251,700.0,4.0,10.8,normal
1697520626.92,48.199,1800.0,27.7,10.4,normal
1697520627.423,47.712,1800.0,28.1,10.7,normal
1697520627.925,48.199,1800.0,4.0,10.7,normal
1697520628.428,47.225,1800.0,3.5,10.7,normal
1697520628.93,47.225,1800.0,3.5,10.7,normal
1697520629.433,47.225,1800.0,3.0,10.7,normal
1697520629.935,46.251,1800.0,4.5,10.7,normal
1697520630.438,47.225,1800.0,4.0,10.7,normal
1697520630.94,47.225,1800.0,3.0,10.7,normal
1697520631.443,46.738,1800.0,3.0,10.7,normal
1697520631.947,46.738,800.0,4.9,10.7,normal
1697520632.453,46.251,600.0,5.0,10.7,normal
1697520632.956,47.225,1800.0,18.8,10.2,normal
1697520633.459,48.199,1800.0,36.0,10.6,normal
1697520633.961,46.738,1800.0,3.5,10.7,normal
1697520634.464,46.738,1800.0,3.5,10.7,normal
1697520634.966,46.738,1800.0,4.9,10.7,normal
1697520635.469,46.251,1800.0,4.0,10.7,normal
1697520635.971,47.225,1800.0,3.0,10.7,normal
1697520636.474,47.225,1800.0,4.0,10.7,normal
1697520636.977,46.738,1800.0,2.0,10.7,normal
1697520637.479,46.738,1800.0,4.4,10.7,normal
1697520637.984,45.764,900.0,4.5,10.7,normal
1697520638.488,46.738,800.0,4.5,10.7,normal
1697520638.993,46.738,1800.0,13.0,10.1,normal
1697520639.5,48.199,1800.0,33.3,10.5,normal
1697520640.003,47.225,1800.0,14.5,10.6,normal
1697520640.506,46.251,1800.0,3.9,10.6,normal
1697520641.009,47.712,1800.0,5.4,10.7,normal
1697520641.511,46.738,1800.0,3.5,10.7,normal
1697520642.014,48.199,1800.0,3.0,10.7,normal
1697520642.516,46.251,1800.0,3.0,10.7,normal
1697520643.019,46.738,1800.0,4.0,10.7,normal
1697520643.521,46.251,1800.0,2.5,10.7,normal
1697520644.025,47.712,900.0,5.5,10.7,normal
1697520644.53,46.251,800.0,4.4,10.7,normal
1697520645.035,47.225,900.0,7.9,10.6,normal
1697520645.538,47.225,1800.0,29.2,10.5,normal
1697520646.041,47.225,1800.0,22.7,10.7,normal
1697520646.544,47.225,1800.0,3.0,10.7,normal
1697520647.046,47.712,1800.0,2.5,10.7,normal
1697520647.549,48.686,1800.0,2.5,10.7,normal
1697520648.051,46.738,1800.0,0.0,10.7,normal
1697520648.554,47.712,1800.0,4.4,10.7,normal
1697520649.056,46.251,1800.0,5.0,10.7,normal
1697520649.559,47.712,1800.0,5.0,10.7,normal
1697520650.062,47.225,1800.0,4.5,10.7,normal
1697520650.566,46.738,800.0,4.0,10.7,normal
1697520651.07,47.712,1100.0,4.5,10.7,normal
1697520651.573,46.738,1800.0,22.0,10.4,normal
1697520652.075,47.712,1800.0,28.8,10.7,normal
1697520652.578,47.225,1800.0,4.0,10.7,normal
1697520653.081,48.686,1800.0,3.5,10.7,normal
1697520653.583,47.225,1800.0,3.5,10.7,normal
1697520654.086,47.712,1800.0,3.0,10.7,normal
1697520654.588,46.738,1800.0,3.9,10.7,normal
1697520655.091,46.738,1800.0,3.5,10.7,normal
1697520655.593,46.738,1800.0,3.5,10.7,normal
1697520656.096,46.251,1800.0,4.0,10.7,normal
1697520656.6,46.738,1000.0,5.0,10.7,normal
1697520657.104,46.251,900.0,4.0,10.6,normal
1697520657.607,47.712,1800.0,29.4,10.5,normal
1697520658.11,48.686,1800.0,26.6,10.7,normal
1697520658.612,47.712,1800.0,3.0,10.7,normal
1697520659.115,47.225,1800.0,3.5,10.7,normal
1697520659.617,47.712,1800.0,3.5,10.7,normal
1697520660.12,47.712,1800.0,4.0,10.7,normal
1697520660.623,47.712,1800.0,3.5,10.7,normal
1697520661.125,46.738,1800.0,4.0,10.7,normal
1697520661.628,47.225,1800.0,5.4,10.7,normal
1697520662.13,48.199,1800.0,3.5,10.7,normal
1697520662.635,47.225,750.0,4.5,10.7,normal
1697520663.139,46.251,900.0,4.5,10.7,normal
1697520663.642,47.712,1800.0,22.3,10.3,normal
1697520664.145,47.712,1800.0,34.3,10.7,normal
1697520664.647,47.225,1800.0,3.5,10.7,normal
1697520665.15,47.712,1800.0,3.5,10.7,normal
1697520665.653,46.251,1800.0,3.5,10.6,normal
1697520666.155,46.738,1800.0,3.5,10.7,normal
1697520666.658,48.199,1800.0,3.5,10.7,normal
1697520667.16,47.225,1800.0,4.0,10.6,normal
1697520667.663,47.225,1800.0,4.5,10.7,normal
1697520668.165,47.225,1800.0,3.5,10.7,normal
1697520668.671,46.251,600.0,3.0,10.6,normal
1697520669.175,47.225,900.0,5.0,10.7,normal
1697520669.678,46.738,1800.0,13.0,10.1,normal
1697520670.182,47.712,1800.0,35.6,10.7,normal
1697520670.684,47.225,1800.0,10.0,10.7,normal
1697520671.187,47.712,1800.0,3.5,10.7,normal
1697520671.689,47.225,1800.0,5.0,10.7,normal
1697520672.192,48.199,1800.0,2.5,10.7,normal
1697520672.695,47.225,1800.0,3.5,10.7,normal
1697520673.197,46.251,1800.0,2.5,10.7,normal
1697520673.7,46.738,1800.0,3.5,10.7,normal
1697520674.202,46.738,1800.0,4.0,10.7,normal
1697520674.708,47.225,600.0,3.9,10.7,normal
1697520675.213,47.225,800.0,5.4,10.7,normal
1697520675.719,46.738,600.0,7.9,10.7,normal
1697520676.222,47.225,1800.0,29.2,10.6,normal
1697520676.724,45.764,1800.0,24.6,10.7,normal
1697520677.227,47.225,1800.0,3.9,10.7,normal
1697520677.729,47.225,1800.0,4.0,10.7,normal
1697520678.232,47.225,1800.0,3.5,10.7,normal
1697520678.734,47.225,1800.0,3.5,10.7,normal
1697520679.237,46.738,1800.0,3.0,10.7,normal
1697520679.739,46.738,1800.0,5.4,10.7,normal
1697520680.242,46.738,1800.0,4.0,10.7,normal
1697520680.744,46.738,1800.0,3.4,10.7,normal
1697520681.25,46.738,600.0,4.5,10.8,normal
1697520681.756,46.251,600.0,5.4,10.8,normal
1697520682.259,46.251,1800.0,19.3,10.4,normal
1697520682.761,47.712,1800.0,35.4,10.7,normal
1697520683.264,47.225,1800.0,2.5,10.7,normal
1697520683.766,47.712,1800.0,4.5,10.7,normal
1697520684.269,46.251,1800.0,3.5,10.7,normal
1697520684.771,46.251,1800.0,4.0,10.7,normal
1697520685.274,47.225,1800.0,3.5,10.7,normal
1697520685.777,46.251,1800.0,4.0,10.7,normal
1697520686.279,47.225,1800.0,4.9,10.7,normal
1697520686.782,46.738,1800.0,3.0,10.7,normal
1697520687.287,45.764,600.0,3.4,10.7,normal
1697520687.793,45.764,700.0,5.0,10.7,normal
1697520688.295,47.225,1800.0,12.0,10.1,normal
1697520688.799,47.712,1800.0,35.1,10.6,normal
1697520689.302,47.225,1800.0,10.5,10.7,normal
1697520689.804,46.251,1800.0,5.0,10.7,normal
1697520690.307,46.251,1800.0,3.0,10.7,normal
1697520690.809,46.251,1800.0,4.0,10.7,normal
1697520691.312,46.738,1800.0,3.0,10.7,normal
1697520691.814,46.251,1800.0,4.5,10.7,normal
1697520692.317,47.225,1800.0,3.0,10.7,normal
1697520692.819,46.251,1800.0,2.5,10.7,normal
1697520693.324,45.764,700.0,2.0,10.7,normal
1697520693.83,46.251,600.0,3.4,10.7,normal
1697520694.333,47.225,1800.0,18.4,10.1,normal
1697520694.835,47.712,1800.0,38.0,10.6,normal
1697520695.338,47.712,1800.0,4.5,10.6,normal
1697520695.841,47.712,1800.0,3.0,10.6,normal
1697520696.343,47.225,1800.0,4.4,10.7,normal
1697520696.846,46.738,1800.0,2.5,10.7,normal
1697520697.348,47.225,1800.0,3.0,10.7,normal
1697520697.851,46.738,1800.0,3.5,10.7,normal
1697520698.353,46.738,1800.0,4.0,10.7,normal
1697520698.856,45.764,1800.0,3.5,10.7,normal
1697520699.361,46.251,700.0,3.5,10.7,normal
1697520699.865,46.738,800.0,5.4,10.7,normal
1697520700.369,46.738,1800.0,10.3,9.8,normal
1697520700.872,47.225,1800.0,28.0,10.5,normal
1697520701.375,47.225,1800.0,21.2,10.7,normal
1697520701.877,47.712,1800.0,3.5,10.7,normal
1697520702.38,46.738,1800.0,3.5,10.7,normal
1697520702.882,46.251,1800.0,4.0,10.7,normal
1697520703.385,46.251,1800.0,3.5,10.7,normal
1697520703.888,47.225,1800.0,2.5,10.7,normal
1697520704.39,47.712,1800.0,3.9,10.7,normal
1697520704.893,47.225,1800.0,5.0,10.7,normal
1697520705.398,46.251,700.0,3.5,10.7,normal
1697520705.903,46.251,600.0,3.0,10.7,normal
1697520706.409,46.251,600.0,5.0,10.7,normal
1697520706.913,46.738,1800.0,26.0,10.5,normal
1697520707.416,47.225,1800.0,27.9,10.7,normal
1697520707.919,47.225,1800.0,3.0,10.7,normal
1697520708.421,46.738,1800.0,3.0,10.7,normal
1697520708.924,46.738,1800.0,4.0,10.7,normal
1697520709.426,45.764,1800.0,0.0,10.7,normal
1697520709.929,46.738,1800.0,3.0,10.7,normal
1697520710.431,47.225,1800.0,2.0,10.7,normal
1697520710.934,46.251,1800.0,2.5,10.7,normal
1697520711.436,47.225,1800.0,5.0,10.7,normal
1697520711.942,46.738,600.0,3.5,10.7,normal
1697520712.447,46.738,600.0,5.4,10.7,normal
1697520712.95,47.225,1800.0,20.5,10.4,normal
1697520713.453,47.225,1800.0,35.8,10.7,normal
1697520713.956,47.712,1800.0,2.5,10.7,normal
1697520714.458,46.738,1800.0,4.4,10.7,normal
1697520714.961,47.225,1800.0,4.4,10.7,normal
1697520715.463,46.738,1800.0,4.5,10.7,normal
1697520715.966,46.251,1800.0,3.0,10.7,normal
1697520716.468,46.738,1800.0,4.0,10.7,normal
1697520716.971,46.251,1800.0,3.5,10.7,normal
1697520717.474,46.251,1800.0,5.0,10.7,normal
1697520717.981,46.251,675.0,4.4,10.7,normal
1697520718.488,45.764,600.0,5.0,10.7,normal
1697520718.991,48.199,1800.0,13.0,10.1,normal
1697520719.495,46.738,1800.0,34.8,10.6,normal
1697520719.997,47.225,1800.0,13.4,10.7,normal
1697520720.5,48.199,1800.0,4.0,10.7,normal
1697520721.003,46.251,1800.0,3.0,10.7,normal
1697520721.505,47.712,1800.0,3.5,10.7,normal
1697520722.008,47.225,1800.0,5.9,10.7,normal
1697520722.511,48.199,1800.0,3.0,10.7,normal
1697520723.013,47.225,1800.0,3.5,10.7,normal
1697520723.516,47.225,1800.0,3.0,10.7,normal
1697520724.02,46.738,900.0,4.5,10.7,normal
1697520724.525,47.225,800.0,4.0,10.7,normal
1697520725.03,46.738,800.0,7.4,10.6,normal
1697520725.533,47.225,1800.0,29.4,10.5,normal
1697520726.035,47.225,1800.0,24.0,10.7,normal
1697520726.538,48.199,1800.0,3.5,10.7,normal
1697520727.04,47.225,1800.0,3.0,10.7,normal
1697520727.543,48.199,1800.0,3.5,10.7,normal
1697520728.046,48.199,1800.0,4.5,10.7,normal
1697520728.548,48.199,1800.0,3.9,10.7,normal
1697520729.051,47.225,1800.0,2.5,10.7,normal
1697520729.553,46.738,1800.0,3.0,10.7,normal
1697520730.056,47.712,1800.0,5.0,10.7,normal
1697520730.56,46.738,900.0,4.0,10.7,normal
1697520731.064,45.764,800.0,4.0,10.7,normal
1697520731.567,47.225,1800.0,22.0,10.3,normal
1697520732.07,47.712,1800.0,32.8,10.7,normal
1697520732.573,47.712,1800.0,3.5,10.7,normal
1697520733.075,47.225,1800.0,3.0,10.7,normal
1697520733.578,46.738,1800.0,3.5,10.7,normal
1697520734.08,47.225,1800.0,4.5,10.7,normal
1697520734.583,46.738,1800.0,3.0,10.7,normal
1697520735.086,47.225,1800.0,3.4,10.7,normal
1697520735.588,48.199,1800.0,2.5,10.7,normal
1697520736.091,46.738,1800.0,2.5,10.7,normal
1697520736.595,47.225,800.0,5.0,10.7,normal
1697520737.099,47.225,1000.0,4.0,10.7,normal
1697520737.602,46.738,1800.0,15.9,10.2,normal
1697520738.105,47.225,1800.0,36.2,10.6,normal
1697520738.607,47.225,1800.0,5.5,10.7,normal
1697520739.11,46.738,1800.0,3.0,10.7,normal
1697520739.612,47.712,1800.0,3.5,10.7,normal
1697520740.115,46.738,1800.0,4.0,10.7,normal
1697520740.618,47.712,1800.0,4.5,10.7,normal
1697520741.12,45.764,1800.0,2.5,10.7,normal
1697520741.623,48.199,1800.0,3.5,10.7,normal
1697520742.125,47.712,1800.0,2.5,10.7,normal
1697520742.629,46.251,900.0,5.9,10.7,normal
1697520743.133,47.225,1100.0,6.4,10.7,normal
1697520743.636,47.712,1800.0,19.0,10.3,normal
1697520744.139,48.199,1800.0,34.3,10.7,normal
1697520744.641,46.738,1800.0,3.5,10.7,normal
1697520745.144,46.738,1800.0,4.5,10.7,normal
1697520745.646,47.225,1800.0,2.5,10.7,normal
1697520746.149,45.764,1800.0,3.5,10.7,normal
1697520746.651,46.738,1800.0,4.0,10.7,normal
1697520747.154,47.712,1800.0,4.0,10.7,normal
1697520747.656,47.712,1800.0,3.0,10.7,normal
1697520748.159,47.712,1800.0,2.5,10.7,normal
1697520748.663,47.225,900.0,4.5,10.7,normal
1697520749.168,46.251,800.0,5.0,10.7,normal
1697520749.671,46.738,1800.0,12.9,10.1,normal
1697520750.174,48.199,1800.0,37.8,10.6,normal
1697520750.676,46.738,1800.0,8.6,10.7,normal
1697520751.179,46.738,1800.0,3.5,10.7,normal
1697520751.682,47.225,1800.0,3.5,10.7,normal
1697520752.184,46.738,1800.0,3.0,10.7,normal
1697520752.687,46.738,1800.0,3.5,10.7,normal
1697520753.189,47.712,1800.0,3.5,10.7,normal
1697520753.692,47.225,1800.0,3.0,10.7,normal
1697520754.194,46.251,1800.0,3.5,10.7,normal
1697520754.7,45.764,600.0,3.5,10.7,normal
1697520755.205,47.712,800.0,6.4,10.7,normal
1697520755.711,46.738,600.0,7.4,10.6,normal
1697520756.214,46.738,1800.0,28.0,10.4,normal
1697520756.717,47.225,1800.0,24.9,10.6,normal
1697520757.22,47.225,1800.0,4.5,10.6,normal
1697520757.722,46.738,1800.0,3.0,10.6,normal
1697520758.225,46.251,1800.0,3.0,10.6,normal
1697520758.727,47.712,1800.0,3.0,10.6,normal
1697520759.23,46.251,1800.0,4.0,10.6,normal
1697520759.732,47.225,1800.0,4.5,10.6,normal
1697520760.235,47.225,1800.0,3.5,10.6,normal
1697520760.738,46.738,1800.0,3.0,10.6,normal
1697520761.243,46.251,600.0,5.4,10.6,normal
1697520761.749,46.251,600.0,4.5,10.6,normal
1697520762.253,47.225,1800.0,22.9,10.4,normal
1697520762.755,46.738,1800.0,30.8,10.7,normal
1697520763.258,48.686,1800.0,4.0,10.7,normal
1697520763.761,48.199,1800.0,3.0,10.7,normal
1697520764.263,47.225,1800.0,3.5,10.7,normal
1697520764.766,46.251,1800.0,4.5,10.7,normal
1697520765.268,47.225,1800.0,4.5,10.7,normal
1697520765.771,47.225,1800.0,3.5,10.7,normal
1697520766.273,46.251,1800.0,1.5,10.7,normal
1697520766.776,46.738,1800.0,3.0,10.7,normal
1697520767.281,45.764,600.0,3.9,10.7,normal
1697520767.786,46.251,700.0,3.9,10.6,normal
1697520768.289,47.225,1800.0,26.1,10.5,normal
1697520768.792,47.712,1800.0,27.9,10.6,normal
1697520769.294,46.251,1800.0,1.5,10.6,normal
1697520769.797,48.199,1800.0,4.5,10.6,normal
1697520770.299,46.251,1800.0,3.0,10.6,normal
1697520770.802,47.225,1800.0,3.5,10.6,normal
1697520771.304,46.251,1800.0,3.0,10.6,normal
1697520771.807,46.251,1800.0,4.5,10.6,normal
1697520772.31,46.738,1800.0,3.5,10.6,normal
1697520772.812,46.738,1800.0,3.0,10.6,normal
1697520773.318,47.225,600.0,4.5,10.6,normal
1697520773.823,46.251,600.0,5.0,10.6,normal
1697520774.326,47.225,1800.0,22.8,10.4,normal
1697520774.829,47.225,1800.0,33.7,10.6,normal
1697520775.331,46.738,1800.0,4.0,10.6,normal
1697520775.834,46.738,1800.0,4.0,10.6,normal
1697520776.337,47.225,1800.0,3.0,10.6,normal
1697520776.839,46.251,1800.0,3.5,10.6,normal
1697520777.342,46.738,1800.0,3.0,10.6,normal
1697520777.844,47.225,1800.0,2.5,10.6,normal
1697520778.347,47.712,1800.0,2.5,10.6,normal
1697520778.849,47.225,1800.0,3.0,10.6,normal
1697520779.355,46.738,600.0,3.5,10.6,normal
1697520779.86,46.251,700.0,5.4,10.6,normal
1697520780.364,46.738,1800.0,15.5,10.2,normal
1697520780.867,48.199,1800.0,38.1,10.6,normal
1697520781.369,46.738,1800.0,5.5,10.6,normal
1697520781.872,47.225,1800.0,4.0,10.6,normal
1697520782.374,45.764,1800.0,3.5,10.6,normal
1697520782.877,47.225,1800.0,4.0,10.6,normal
1697520783.379,48.199,1800.0,4.5,10.6,normal
1697520783.882,46.738,1800.0,4.0,10.6,normal
1697520784.384,45.764,1800.0,3.0,10.6,normal
1697520784.887,47.225,1800.0,4.0,10.6,normal
1697520785.392,46.738,700.0,3.5,10.6,normal
1697520785.897,47.225,600.0,5.0,10.6,normal
1697520786.404,45.764,600.0,8.8,10.4,normal
1697520786.906,46.738,1800.0,28.7,10.5,normal
1697520787.409,47.712,1800.0,20.7,10.6,normal
1697520787.912,47.225,1800.0,3.5,10.6,normal
1697520788.414,46.251,1800.0,3.0,10.6,normal
1697520788.917,46.251,1800.0,3.5,10.6,normal
1697520789.419,46.738,1800.0,3.5,10.6,normal
1697520789.922,47.225,1800.0,5.9,10.6,normal
1697520790.424,46.738,1800.0,3.0,10.6,normal
1697520790.927,46.738,1800.0,3.5,10.6,normal
1697520791.432,47.225,700.0,3.0,10.6,normal
1697520791.938,46.251,600.0,5.4,10.6,normal
1697520792.442,46.251,1800.0,13.9,10.0,normal
1697520792.946,47.712,1800.0,33.0,10.5,normal
1697520793.448,47.225,1800.0,12.9,10.6,normal
1697520793.951,47.225,1800.0,3.5,10.6,normal
1697520794.454,46.251,1800.0,4.0,10.6,normal
1697520794.956,47.225,1800.0,4.0,10.6,normal
1697520795.459,46.251,1800.0,3.5,10.6,normal
1697520795.961,47.225,1800.0,3.0,10.6,normal
1697520796.464,47.225,1800.0,4.5,10.6,normal
1697520796.966,46.738,1800.0,3.5,10.6,normal
1697520797.471,45.764,700.0,4.0,10.6,normal
1697520797.978,46.738,600.0,4.5,10.6,normal
1697520798.481,46.251,1800.0,16.0,10.2,normal
1697520798.984,47.712,1800.0,36.7,10.6,normal
1697520799.487,46.251,1800.0,6.9,10.7,normal
1697520799.99,46.738,1800.0,4.0,10.7,normal
1697520800.492,47.712,1800.0,3.5,10.7,normal
1697520800.995,47.225,1800.0,4.0,10.7,normal
1697520801.497,47.225,1800.0,2.5,10.7,normal
1697520802.0,47.225,1800.0,4.0,10.7,normal
1697520802.503,46.251,1800.0,2.5,10.7,normal
1697520803.005,46.251,1800.0,4.0,10.7,normal
1697520803.511,46.251,600.0,4.9,10.7,normal
1697520804.016,46.738,800.0,5.0,10.7,normal
1697520804.522,46.738,800.0,10.3,9.6,normal
1697520805.026,46.738,1800.0,30.2,10.6,normal
1697520805.529,47.712,1800.0,21.9,10.7,normal
1697520806.031,47.712,1800.0,2.5,10.7,normal
1697520806.534,46.738,1800.0,4.5,10.7,normal
1697520807.037,47.225,1800.0,4.5,10.7,normal
1697520807.539,47.225,1800.0,3.0,10.7,normal
1697520808.042,47.225,1800.0,4.0,10.7,normal
1697520808.544,47.712,1800.0,3.0,10.7,normal
1697520809.047,48.199,1800.0,5.0,10.7,normal
1697520809.551,47.225,800.0,2.5,10.7,normal
1697520810.056,45.764,800.0,5.0,10.7,normal
1697520810.559,47.225,1800.0,13.9,10.1,normal
1697520811.062,48.686,1800.0,37.3,10.6,normal
1697520811.565,47.712,1800.0,7.0,10.6,normal
1697520812.067,47.225,1800.0,3.0,10.6,normal
1697520812.57,46.251,1800.0,3.9,10.6,normal
1697520813.072,47.712,1800.0,4.0,10.6,normal
1697520813.575,46.738,1800.0,3.5,10.6,normal
1697520814.077,46.738,1800.0,4.5,10.6,normal
1697520814.58,47.225,1800.0,3.0,10.6,normal
1697520815.082,46.738,1800.0,4.5,10.6,normal
1697520815.586,47.225,1100.0,4.4,10.6,normal
1697520816.09,45.277,800.0,4.4,10.6,normal
1697520816.593,47.225,1800.0,17.6,10.1,normal
1697520817.096,47.225,1800.0,36.8,10.6,normal
1697520817.598,47.225,1800.0,3.5,10.6,normal
1697520818.101,46.738,1800.0,2.5,10.6,normal
1697520818.603,46.251,1800.0,2.5,10.6,normal
1697520819.106,47.712,1800.0,2.0,10.6,normal
1697520819.608,46.738,1800.0,3.0,10.6,normal
1697520820.111,47.225,1800.0,4.0,10.6,normal
1697520820.614,47.225,1800.0,2.5,10.6,normal
1697520821.116,46.738,1800.0,3.0,10.6,normal
1697520821.62,46.738,1000.0,4.5,10.6,normal
1697520822.123,46.251,1100.0,4.5,10.7,normal
1697520822.626,45.764,1800.0,21.5,10.3,normal
1697520823.129,48.686,1800.0,34.0,10.7,normal
1697520823.632,47.712,1800.0,3.5,10.7,normal
1697520824.134,46.738,1800.0,3.5,10.7,normal
1697520824.637,47.225,1800.0,3.5,10.7,normal
1697520825.139,46.738,1800.0,4.0,10.7,normal
1697520825.642,46.738,1800.0,2.0,10.7,normal
1697520826.144,47.712,1800.0,2.5,10.7,normal
1697520826.647,47.225,1800.0,2.5,10.7,normal
1697520827.15,46.251,1800.0,4.0,10.7,normal
1697520827.653,47.225,1000.0,3.5,10.7,normal
1697520828.158,46.738,800.0,3.0,10.7,normal
1697520828.661,46.738,1800.0,13.5,10.1,normal
1697520829.164,47.712,1800.0,32.8,10.6,normal
1697520829.666,46.738,1800.0,12.5,10.6,normal
1697520830.169,48.199,1800.0,5.0,10.6,normal
1697520830.672,47.712,1800.0,3.0,10.6,normal
1697520831.174,46.738,1800.0,4.0,10.6,normal
1697520831.677,46.738,1800.0,4.0,10.6,normal
1697520832.179,46.251,1800.0,4.5,10.6,normal
1697520832.682,46.738,1800.0,3.0,10.6,normal
1697520833.185,47.225,1800.0,2.5,10.6,normal
1697520833.689,46.251,700.0,5.9,10.6,normal
1697520834.194,46.738,800.0,5.0,10.6,normal
1697520834.699,46.738,800.0,6.9,10.5,normal
1697520835.202,48.686,1800.0,29.9,10.4,normal
1697520835.705,46.738,1800.0,23.7,10.6,normal
1697520836.207,47.225,1800.0,3.0,10.6,normal
1697520836.71,47.225,1800.0,6.9,10.6,normal
1697520837.212,46.738,1800.0,3.0,10.6,normal
1697520837.715,47.225,1800.0,3.0,10.6,normal
1697520838.217,46.738,1800.0,3.0,10.6,normal
1697520838.72,48.199,1800.0,4.0,10.6,normal
1697520839.223,46.738,1800.0,3.0,10.6,normal
1697520839.726,47.225,1800.0,4.5,10.6,normal
1697520840.232,46.251,600.0,4.9,10.6,normal
1697520840.739,47.712,600.0,6.4,10.6,normal
1697520841.243,47.712,1800.0,23.0,10.4,normal
1697520841.746,46.738,1800.0,30.5,10.7,normal
1697520842.248,46.738,1800.0,3.0,10.7,normal
1697520842.751,46.738,1800.0,3.5,10.7,normal
1697520843.254,45.764,1800.0,4.0,10.7,normal
1697520843.756,46.251,1800.0,4.0,10.7,normal
1697520844.259,46.738,1800.0,4.0,10.7,normal
1697520844.761,46.738,1800.0,4.5,10.7,normal
1697520845.264,46.251,1800.0,4.0,10.7,normal
1697520845.766,46.251,1800.0,3.0,10.7,normal
1697520846.272,46.251,600.0,4.9,10.7,normal
1697520846.778,45.764,600.0,4.0,10.7,normal
1697520847.281,47.225,1800.0,16.9,10.2,normal
1697520847.783,48.686,1800.0,36.6,10.6,normal
1697520848.286,48.199,1800.0,1.5,10.7,normal
1697520848.789,47.225,1800.0,3.5,10.7,normal
1697520849.291,46.251,1800.0,4.5,10.7,normal
1697520849.794,46.738,1800.0,4.5,10.7,normal
1697520850.296,47.225,1800.0,3.0,10.7,normal
1697520850.799,47.712,1800.0,4.0,10.7,normal
1697520851.301,47.225,1800.0,3.5,10.7,normal
1697520851.804,46.738,1800.0,5.4,10.7,normal
1697520852.309,47.225,600.0,3.4,10.7,normal
1697520852.815,46.251,600.0,4.5,10.7,normal
1697520853.318,46.738,1800.0,10.8,9.6,normal
1697520853.821,46.738,1800.0,29.4,10.6,normal
1697520854.324,47.225,1800.0,19.5,10.7,normal
1697520854.826,47.225,1800.0,4.5,10.7,normal
1697520855.329,47.225,1800.0,3.5,10.7,normal
1697520855.831,47.225,1800.0,4.0,10.7,normal
1697520856.334,47.225,1800.0,3.0,10.7,normal
1697520856.836,46.251,1800.0,4.0,10.7,normal
1697520857.339,46.738,1800.0,3.0,10.7,normal
1697520857.841,48.199,1800.0,4.0,10.7,normal
1697520858.346,46.738,700.0,3.9,10.7,normal
1697520858.852,45.277,600.0,4.5,10.7,normal
1697520859.358,46.738,600.0,4.9,10.7,normal
1697520859.861,47.712,1800.0,28.4,10.5,normal
1697520860.364,46.738,1800.0,25.6,10.7,normal
1697520860.867,47.712,1800.0,3.0,10.7,normal
1697520861.369,46.738,1800.0,3.0,10.7,normal
1697520861.872,46.738,1800.0,4.0,10.7,normal
1697520862.379,47.225,1800.0,3.0,10.7,normal
1697520862.882,47.225,1800.0,4.0,10.7,normal
1697520863.384,46.738,1800.0,3.0,10.7,normal
1697520863.887,46.738,1800.0,4.0,10.7,normal
1697520864.389,47.712,1800.0,3.5,10.7,normal
1697520864.894,47.225,800.0,6.4,10.7,normal
1697520865.4,46.738,700.0,9.4,9.6,normal
1697520865.903,47.225,1800.0,28.0,10.5,normal
1697520866.406,47.712,1800.0,21.9,10.7,normal
1697520866.908,46.251,1800.0,4.5,10.7,normal
1697520867.414,47.225,1800.0,3.0,10.7,normal
1697520867.916,46.738,1800.0,4.5,10.7,normal
1697520868.419,48.199,1800.0,2.5,10.7,normal
1697520868.922,46.738,1800.0,3.5,10.7,normal
1697520869.424,46.251,1800.0,3.0,10.7,normal
1697520869.927,47.225,1800.0,5.4,10.7,normal
1697520870.43,46.738,1800.0,3.0,10.7,normal
1697520870.936,47.225,600.0,4.9,10.7,normal
1697520871.441,46.251,600.0,4.5,10.7,normal
1697520871.945,46.738,1800.0,27.2,10.4,normal
1697520872.453,47.225,1800.0,28.7,10.7,normal
1697520872.955,46.738,1800.0,3.5,10.7,normal
1697520873.458,46.738,1800.0,3.0,10.7,normal
1697520873.96,46.738,1800.0,3.0,10.7,normal
1697520874.463,47.712,1800.0,3.5,10.7,normal
1697520874.966,47.225,1800.0,4.0,10.7,normal
1697520875.468,47.225,1800.0,3.0,10.7,normal
1697520875.971,46.251,1800.0,4.0,10.7,normal
1697520876.474,47.225,1800.0,3.9,10.7,normal
1697520876.982,46.251,600.0,4.0,10.7,normal
1697520877.488,46.738,600.0,3.9,10.7,normal
1697520877.994,47.712,1800.0,20.8,10.3,normal
1697520878.496,47.712,1800.0,36.7,10.7,normal
1697520878.999,45.764,1800.0,3.5,10.7,normal
1697520879.501,46.738,1800.0,3.5,10.7,normal
1697520880.004,47.225,1800.0,3.5,10.7,normal
1697520880.507,46.251,1800.0,4.0,10.7,normal
1697520881.009,47.225,1800.0,3.0,10.7,normal
1697520881.512,46.251,1800.0,3.5,10.7,normal
1697520882.015,47.225,1800.0,3.0,10.7,normal
1697520882.517,46.738,1800.0,4.0,10.7,normal
1697520883.027,47.225,600.0,3.9,10.7,normal
1697520883.532,46.251,700.0,4.5,10.8,normal
1697520884.035,46.738,1800.0,24.9,10.4,normal
1697520884.538,47.225,1800.0,30.5,10.6,normal
1697520885.041,47.225,1800.0,3.5,10.6,normal
1697520885.543,48.199,1800.0,2.0,10.6,normal
1697520886.046,48.199,1800.0,3.5,10.6,normal
1697520886.548,47.225,1800.0,3.0,10.6,normal
1697520887.051,47.225,1800.0,4.5,10.6,normal
1697520887.553,47.712,1800.0,2.5,10.6,normal
1697520888.056,47.225,1800.0,1.5,10.6,normal
1697520888.559,47.225,1800.0,2.0,10.6,normal
1697520889.064,47.225,700.0,8.9,10.7,normal
1697520889.569,46.251,600.0,1.0,10.7,normal
1697520890.072,47.712,1800.0,15.6,10.3,normal
1697520890.575,47.712,1800.0,42.6,10.7,normal
1697520891.077,46.251,1800.0,3.0,10.7,normal
1697520891.58,47.225,1800.0,3.5,10.7,normal
1697520892.083,47.712,1800.0,3.0,10.7,normal
1697520892.585,46.738,1800.0,2.5,10.7,normal
1697520893.092,46.738,1800.0,4.9,10.7,normal
1697520893.594,47.225,1800.0,3.5,10.7,normal
1697520894.097,47.225,1800.0,3.5,10.7,normal
1697520894.6,46.738,1800.0,3.5,10.7,normal
1697520895.103,46.251,1000.0,6.0,10.7,normal
1697520895.607,46.738,900.0,4.9,10.7,normal
1697520896.111,47.225,1800.0,23.3,10.4,normal
1697520896.613,48.199,1800.0,33.2,10.7,normal
1697520897.116,47.712,1800.0,4.0,10.7,normal
1697520897.618,48.199,1800.0,3.5,10.7,normal
1697520898.126,47.225,1800.0,3.4,10.7,normal
1697520898.628,47.225,1800.0,3.0,10.7,normal
1697520899.131,47.225,1800.0,4.4,10.7,normal
1697520899.634,47.225,1800.0,3.0,10.7,normal
1697520900.136,47.712,1800.0,4.0,10.7,normal
1697520900.639,47.712,1800.0,3.5,10.7,normal
1697520901.143,46.738,1000.0,6.4,10.7,normal
1697520901.646,47.225,1100.0,5.4,10.7,normal
1697520902.149,46.251,1800.0,12.6,10.2,normal
1697520902.652,49.173,1800.0,36.3,10.7,normal
1697520903.154,47.712,1800.0,7.5,10.8,normal
1697520903.657,46.738,1800.0,3.5,10.8,normal
1697520904.159,45.764,1800.0,3.5,10.8,normal
1697520904.662,46.738,1800.0,3.0,10.8,normal
1697520905.164,47.225,1800.0,5.0,10.8,normal
1697520905.667,46.251,1800.0,3.0,10.8,normal
1697520906.17,47.712,1800.0,4.0,10.7,normal
1697520906.672,47.225,1800.0,3.5,10.7,normal
1697520907.177,47.712,700.0,5.4,10.7,normal
1697520907.681,46.738,900.0,5.0,10.7,normal
1697520908.184,47.225,1800.0,18.0,10.4,normal
1697520908.687,48.199,1800.0,37.3,10.7,normal
1697520909.189,47.225,1800.0,5.0,10.7,normal
1697520909.692,47.225,1800.0,3.0,10.8,normal
1697520910.195,47.225,1800.0,4.5,10.8,normal
1697520910.697,46.738,1800.0,3.0,10.8,normal
1697520911.2,47.712,1800.0,4.0,10.8,normal
1697520911.702,48.199,1800.0,3.5,10.8,normal
1697520912.205,46.251,1800.0,3.5,10.8,normal
1697520912.707,46.738,1800.0,3.5,10.8,normal
1697520913.211,47.712,900.0,5.0,10.8,normal
1697520913.716,46.251,825.0,5.0,10.8,normal
1697520914.219,47.712,1800.0,26.4,10.1,normal
1697520914.724,48.686,1800.0,33.3,10.6,normal
1697520915.227,47.225,1800.0,14.4,10.7,normal
1697520915.729,48.199,1800.0,4.9,10.7,normal
1697520916.232,47.225,1800.0,3.5,10.7,normal
1697520916.734,47.225,1800.0,3.0,10.7,normal
1697520917.237,46.738,1800.0,3.5,10.7,normal
1697520917.739,47.225,1800.0,4.0,10.7,normal
1697520918.242,47.225,1800.0,3.5,10.7,normal
1697520918.744,46.738,1800.0,3.0,10.7,normal
1697520919.249,46.738,800.0,3.9,10.7,normal
1697520919.754,46.738,700.0,7.4,10.7,normal
1697520920.26,45.277,600.0,4.0,10.6,normal
1697520920.763,47.225,1800.0,28.4,10.5,normal
1697520921.265,48.199,1800.0,27.0,10.7,normal
1697520921.768,47.225,1800.0,4.0,10.7,normal
1697520922.27,47.712,1800.0,2.0,10.7,normal
1697520922.773,46.738,1800.0,5.4,10.7,normal
1697520923.275,47.712,1800.0,3.0,10.7,normal
1697520923.778,47.712,1800.0,3.5,10.7,normal
1697520924.28,46.251,1800.0,4.9,10.7,normal
1697520924.783,47.225,1800.0,4.0,10.7,normal
1697520925.286,46.251,1800.0,3.0,10.7,normal
1697520925.791,47.225,600.0,4.9,10.7,normal
1697520926.296,46.251,700.0,5.0,10.7,normal
1697520926.799,47.225,1800.0,20.8,10.2,normal
1697520927.302,46.738,1800.0,35.9,10.6,normal
1697520927.804,47.225,1800.0,3.0,10.6,normal
1697520928.307,45.764,1800.0,4.5,10.6,normal
1697520928.809,47.225,1800.0,2.0,10.6,normal
1697520929.312,47.712,1800.0,4.9,10.6,normal
1697520929.815,47.712,1800.0,4.0,10.6,normal
1697520930.318,46.738,1800.0,4.4,10.6,normal
1697520930.82,45.764,1800.0,3.5,10.6,normal
1697520931.323,47.225,1800.0,3.0,10.6,normal
1697520931.828,45.764,700.0,3.5,10.6,normal
1697520932.334,46.251,600.0,4.9,10.6,normal
1697520932.837,45.764,1800.0,12.9,9.9,normal
1697520933.34,46.251,1800.0,30.5,10.5,normal
1697520933.843,46.738,1800.0,15.5,10.6,normal
1697520934.345,47.225,1800.0,3.0,10.6,normal
1697520934.848,48.686,1800.0,5.4,10.6,normal
1697520935.35,46.738,1800.0,3.5,10.7,normal
1697520935.853,47.225,1800.0,3.0,10.7,normal
1697520936.355,47.225,1800.0,2.5,10.7,normal
1697520936.858,47.225,1800.0,4.5,10.7,normal
1697520937.36,48.199,1800.0,3.5,10.7,normal
1697520937.865,47.225,700.0,3.5,10.7,normal
1697520938.371,46.738,600.0,5.9,10.7,normal
1697520938.874,47.712,1800.0,17.9,10.1,normal
1697520939.377,48.199,1800.0,38.0,10.6,normal
1697520939.879,46.738,1800.0,5.5,10.7,normal
1697520940.382,47.225,1800.0,3.5,10.7,normal
1697520940.884,47.225,1800.0,2.5,10.7,normal
1697520941.387,46.738,1800.0,4.5,10.7,normal
1697520941.89,47.225,1800.0,3.0,10.7,normal
1697520942.392,46.738,1800.0,3.0,10.7,normal
1697520942.895,46.738,1800.0,2.5,10.7,normal
1697520943.397,47.225,1800.0,3.0,10.7,normal
1697520943.903,46.251,600.0,3.0,10.7,normal
1697520944.409,47.225,600.0,3.0,10.7,normal
1697520944.911,46.251,1800.0,9.5,9.7,normal
1697520945.415,47.225,1800.0,28.7,10.6,normal
1697520945.917,47.712,1800.0,19.6,10.7,normal
1697520946.42,47.225,1800.0,3.0,10.7,normal
1697520946.922,46.738,1800.0,3.0,10.7,normal
1697520947.425,48.199,1800.0,2.0,10.7,normal
1697520947.927,46.738,1800.0,1.0,10.7,normal
1697520948.43,46.738,1800.0,1.5,10.7,normal
1697520948.933,47.225,1800.0,2.0,10.7,normal
1697520949.435,46.738,1800.0,6.0,10.7,normal
1697520949.94,46.251,700.0,5.0,10.7,normal
1697520950.446,47.225,600.0,3.5,10.7,normal
1697520950.95,47.225,1100.0,14.4,10.2,normal
1697520951.456,48.199,1800.0,35.5,10.6,normal
1697520951.958,46.738,1800.0,10.5,10.7,normal
1697520952.461,47.225,1800.0,2.5,10.7,normal
1697520952.963,47.225,1800.0,3.0,10.7,normal
1697520953.466,47.225,1800.0,2.0,10.7,normal
1697520953.968,47.225,1800.0,4.0,10.7,normal
1697520954.471,46.738,1800.0,3.5,10.7,normal
1697520954.974,47.225,1800.0,4.5,10.7,normal
1697520955.476,47.225,1800.0,3.0,10.7,normal
1697520955.982,47.712,700.0,4.9,10.7,normal
1697520956.488,46.738,600.0,4.5,10.7,normal
1697520956.991,47.225,1800.0,18.9,10.2,normal
1697520957.494,48.686,1800.0,37.5,10.6,normal
1697520957.997,47.225,1800.0,3.0,10.7,normal
1697520958.499,47.225,1800.0,5.0,10.7,normal
1697520959.002,47.225,1800.0,3.9,10.7,normal
1697520959.504,47.712,1800.0,4.0,10.7,normal
1697520960.007,48.199,1800.0,5.4,10.7,normal
1697520960.509,47.225,1800.0,3.5,10.7,normal
1697520961.014,47.225,1800.0,4.0,10.7,normal
1697520961.517,46.738,1800.0,3.0,10.7,normal
1697520962.022,48.199,700.0,4.0,10.7,normal
1697520962.526,46.738,900.0,5.9,10.7,normal
1697520963.029,47.712,1800.0,21.1,10.3,normal
1697520963.532,48.199,1800.0,33.2,10.7,normal
1697520964.034,47.712,1800.0,3.4,10.7,normal
1697520964.537,48.199,1800.0,4.5,10.7,normal
1697520965.039,47.225,1800.0,4.5,10.7,normal
1697520965.542,47.225,1800.0,3.5,10.7,normal
1697520966.044,46.738,1800.0,3.5,10.7,normal
1697520966.547,46.738,1800.0,4.0,10.7,normal
1697520967.05,46.738,1800.0,3.0,10.7,normal
1697520967.552,46.251,1800.0,3.5,10.7,normal
1697520968.056,46.738,800.0,4.5,10.8,normal
1697520968.562,47.225,600.0,4.9,10.8,normal
1697520969.066,47.712,1200.0,15.3,10.2,normal
1697520969.572,48.686,1800.0,36.5,10.7,normal
1697520970.074,47.225,1800.0,9.5,10.7,normal
1697520970.577,46.738,1800.0,3.5,10.7,normal
1697520971.079,46.251,1800.0,3.0,10.7,normal
1697520971.582,46.738,1800.0,3.0,10.7,normal
1697520972.084,47.225,1800.0,3.9,10.7,normal
1697520972.587,47.225,1800.0,2.5,10.7,normal
1697520973.089,46.738,1800.0,3.4,10.7,normal
1697520973.592,46.251,1800.0,3.0,10.7,normal
1697520974.095,46.251,1800.0,4.0,10.7,normal
1697520974.599,46.251,900.0,4.9,10.7,normal
1697520975.104,46.251,1100.0,7.9,10.6,normal
1697520975.606,47.712,1800.0,28.4,10.5,normal
1697520976.109,45.764,1800.0,23.9,10.6,normal
1697520976.611,46.251,1800.0,3.0,10.7,normal
1697520977.114,47.225,1800.0,3.9,10.7,normal
1697520977.617,46.251,1800.0,3.5,10.7,normal
1697520978.119,47.225,1800.0,4.0,10.7,normal
1697520978.622,47.225,1800.0,3.5,10.7,normal
1697520979.124,46.251,1800.0,3.0,10.7,normal
1697520979.627,47.225,1800.0,3.5,10.7,normal
1697520980.129,47.225,1800.0,5.0,10.7,normal
1697520980.635,46.251,600.0,4.5,10.7,normal
1697520981.139,47.225,800.0,3.5,10.7,normal
1697520981.643,47.225,1800.0,23.9,10.3,normal
1697520982.145,47.712,1800.0,31.0,10.6,normal
1697520982.648,47.225,1800.0,3.9,10.6,normal
1697520983.151,47.712,1800.0,3.5,10.6,normal
1697520983.653,46.251,1800.0,3.0,10.7,normal
1697520984.156,46.738,1800.0,4.0,10.7,normal
1697520984.658,46.738,1800.0,2.5,10.7,normal
1697520985.161,46.738,1800.0,3.9,10.7,normal
1697520985.663,46.251,1800.0,2.5,10.7,normal
1697520986.166,46.251,1800.0,4.0,10.7,normal
1697520986.67,46.251,800.0,4.5,10.7,normal
1697520987.175,46.738,1000.0,4.0,10.7,normal
1697520987.678,47.225,1800.0,17.8,10.3,normal
1697520988.18,47.712,1800.0,37.2,10.6,normal
1697520988.683,47.225,1800.0,4.5,10.7,normal
1697520989.186,46.738,1800.0,3.5,10.7,normal
1697520989.688,47.225,1800.0,3.0,10.7,normal
1697520990.191,47.225,1800.0,5.4,10.7,normal
1697520990.693,47.712,1800.0,3.0,10.7,normal
1697520991.196,46.738,1800.0,2.5,10.7,normal
1697520991.698,46.738,1800.0,3.9,10.7,normal
1697520992.201,46.738,1800.0,4.0,10.7,normal
1697520992.707,46.738,600.0,4.4,10.7,normal
1697520993.211,47.225,800.0,5.0,10.7,normal
1697520993.714,46.251,1800.0,9.0,9.6,normal
1697520994.217,48.199,1800.0,29.4,10.5,normal
1697520994.72,46.738,1800.0,20.5,10.7,normal
1697520995.223,46.251,1800.0,3.5,10.7,normal
1697520995.725,46.738,1800.0,4.0,10.7,normal
1697520996.228,47.712,1800.0,3.5,10.7,normal
1697520996.73,46.251,1800.0,4.0,10.7,normal
1697520997.233,47.225,1800.0,2.5,10.7,normal
1697520997.735,46.738,1800.0,4.0,10.7,normal
1697520998.238,47.225,1800.0,4.4,10.7,normal
1697520998.742,46.251,800.0,4.0,10.7,normal
1697520999.247,46.738,800.0,4.5,10.7,normal
1697520999.75,47.225,1800.0,15.5,10.2,normal
1697521000.252,47.712,1800.0,36.8,10.7,normal
1697521000.755,46.738,1800.0,7.5,10.7,normal
1697521001.258,46.738,1800.0,3.0,10.7,normal
1697521001.76,46.738,1800.0,3.0,10.7,normal
1697521002.263,46.251,1800.0,4.0,10.7,normal
1697521002.765,45.764,1800.0,4.5,10.7,normal
1697521003.268,46.738,1800.0,3.0,10.7,normal
1697521003.771,47.225,1800.0,4.0,10.7,normal
1697521004.273,46.251,1800.0,3.5,10.7,normal
1697521004.778,46.251,800.0,3.5,10.7,normal
1697521005.283,46.738,600.0,5.9,10.7,normal
1697521005.788,47.225,800.0,6.4,10.2,normal
1697521006.292,48.686,1800.0,28.7,10.5,normal
1697521006.794,47.225,1800.0,20.1,10.7,normal
1697521007.297,46.738,1800.0,0.5,10.7,normal
1697521007.799,46.738,1800.0,0.0,10.7,normal
1697521008.302,46.738,1800.0,3.0,10.7,normal
1697521008.805,46.738,1800.0,1.5,10.7,normal
1697521009.307,47.225,1800.0,7.4,10.7,normal
1697521009.81,46.738,1800.0,5.9,10.7,normal
1697521010.312,47.225,1800.0,3.0,10.7,normal
1697521010.815,46.251,1800.0,3.5,10.7,normal
1697521011.32,46.738,600.0,4.5,10.7,normal
1697521011.824,46.251,1800.0,12.9,10.0,normal
1697521012.328,47.712,1800.0,32.0,10.6,normal
1697521012.83,48.199,1800.0,15.1,10.7,normal
1697521013.333,46.738,1800.0,3.5,10.7,normal
1697521013.835,47.225,1800.0,4.0,10.7,normal
1697521014.338,46.738,1800.0,3.4,10.7,normal
1697521014.84,47.712,1800.0,3.0,10.7,normal
1697521015.343,47.712,1800.0,4.0,10.7,normal
1697521015.846,47.225,1800.0,3.5,10.7,normal
1697521016.348,47.225,1800.0,3.0,10.7,normal
1697521016.853,46.738,700.0,2.5,10.7,normal
1697521017.359,47.225,600.0,5.9,10.7,normal
1697521017.862,47.712,1800.0,17.0,10.1,normal
1697521018.365,48.199,1800.0,37.5,10.6,normal
1697521018.868,46.738,1800.0,4.5,10.7,normal
1697521019.37,47.225,1800.0,3.5,10.7,normal
1697521019.877,47.225,1800.0,5.9,10.7,normal
1697521020.379,47.712,1800.0,3.5,10.7,normal
1697521020.882,47.712,1800.0,3.5,10.7,normal
1697521021.384,47.225,1800.0,4.5,10.7,normal
1697521021.887,47.225,1800.0,3.5,10.7,normal
1697521022.389,47.712,1800.0,4.5,10.7,normal
1697521022.895,45.764,600.0,3.0,10.7,normal
1697521023.401,46.738,600.0,4.0,10.7,normal
1697521023.904,47.225,1800.0,8.5,9.7,normal
1697521024.406,48.686,1800.0,29.4,10.5,normal
1697521024.912,46.738,1800.0,20.4,10.7,normal
1697521025.415,47.712,1800.0,2.0,10.7,normal
1697521025.918,47.225,1800.0,3.0,10.7,normal
1697521026.42,46.738,1800.0,3.5,10.7,normal
1697521026.923,46.251,1800.0,1.5,10.7,normal
1697521027.425,45.764,1800.0,2.5,10.7,normal
1697521027.928,46.738,1800.0,2.5,10.7,normal
1697521028.43,46.251,1800.0,4.0,10.7,normal
1697521028.935,46.251,700.0,3.0,10.7,normal
1697521029.441,46.738,600.0,4.0,10.7,normal
1697521029.949,47.712,1800.0,16.2,10.1,normal
1697521030.452,48.199,1800.0,36.7,10.6,normal
1697521030.954,47.712,1800.0,7.0,10.6,normal
1697521031.457,46.738,1800.0,3.0,10.6,normal
1697521031.959,46.251,1800.0,4.0,10.7,normal
1697521032.462,46.738,1800.0,3.5,10.7,normal
1697521032.964,47.225,1800.0,4.0,10.7,normal
1697521033.467,46.738,1800.0,3.0,10.7,normal
1697521033.97,46.738,1800.0,3.5,10.7,normal
1697521034.473,47.225,1800.0,3.5,10.7,normal
1697521034.979,46.738,600.0,5.0,10.7,normal
1697521035.485,45.764,600.0,6.4,10.7,normal
1697521035.988,46.251,1800.0,9.0,10.3,normal
1697521036.49,48.199,1800.0,29.4,10.5,normal
1697521036.993,47.225,1800.0,23.7,10.7,normal
1697521037.496,48.199,1800.0,3.9,10.7,normal
1697521037.998,47.225,1800.0,3.5,10.7,normal
1697521038.501,47.712,1800.0,3.0,10.7,normal
1697521039.003,47.712,1800.0,2.5,10.7,normal
1697521039.506,47.712,1800.0,5.4,10.7,normal
1697521040.009,46.738,1800.0,4.0,10.7,normal
1697521040.511,46.738,1800.0,3.4,10.7,normal
1697521041.016,47.225,700.0,4.0,10.7,normal
1697521041.522,46.251,600.0,5.4,10.7,normal
1697521042.025,47.712,1800.0,13.5,10.1,normal
1697521042.528,49.173,1800.0,34.5,10.7,normal
1697521043.031,47.225,1800.0,10.5,10.7,normal
1697521043.533,48.199,1800.0,4.0,10.7,normal
1697521044.036,47.225,1800.0,3.0,10.7,normal
1697521044.539,47.712,1800.0,3.5,10.7,normal
1697521045.041,47.225,1800.0,3.5,10.7,normal
1697521045.544,48.199,1800.0,4.0,10.7,normal
1697521046.046,47.712,1800.0,3.0,10.7,normal
1697521046.549,46.738,1800.0,3.5,10.7,normal
1697521047.054,46.251,700.0,4.5,10.7,normal
1697521047.559,46.251,700.0,5.4,10.7,normal
1697521048.062,47.712,1800.0,16.8,10.3,normal
1697521048.565,48.686,1800.0,36.7,10.6,normal
1697521049.067,46.251,1800.0,4.0,10.7,normal
1697521049.57,47.225,1800.0,4.0,10.7,normal
1697521050.072,47.225,1800.0,4.0,10.7,normal
1697521050.575,47.225,1800.0,3.5,10.7,normal
1697521051.078,46.738,1800.0,3.0,10.7,normal
1697521051.58,47.712,1800.0,4.0,10.7,normal
1697521052.083,46.738,1800.0,3.5,10.7,normal
1697521052.585,47.712,1800.0,4.4,10.7,normal
1697521053.089,46.251,900.0,3.5,10.7,normal
1697521053.594,46.738,800.0,5.4,10.7,normal
1697521054.098,46.251,900.0,10.0,9.5,normal
1697521054.602,47.712,1800.0,28.5,10.5,normal
1697521055.104,48.199,1800.0,21.8,10.6,normal
1697521055.607,47.225,1800.0,3.5,10.6,normal
1697521056.109,47.712,1800.0,3.5,10.6,normal
1697521056.612,46.251,1800.0,3.5,10.6,normal
1697521057.115,46.738,1800.0,3.5,10.6,normal
1697521057.617,47.225,1800.0,3.0,10.6,normal
1697521058.12,46.738,1800.0,4.5,10.6,normal
1697521058.622,46.738,1800.0,4.4,10.6,normal
1697521059.125,46.251,1800.0,1.0,10.6,normal
1697521059.63,45.764,600.0,2.0,10.6,normal
1697521060.133,46.738,1800.0,18.5,10.0,normal
1697521060.636,48.199,1800.0,33.7,10.6,normal
1697521061.139,47.225,1800.0,12.5,10.7,normal
1697521061.642,47.712,1800.0,3.0,10.7,normal
1697521062.144,46.738,1800.0,4.5,10.7,normal
1697521062.647,47.712,1800.0,3.5,10.7,normal
1697521063.149,46.251,1800.0,3.0,10.7,normal
1697521063.652,47.225,1800.0,4.0,10.7,normal
1697521064.155,46.738,1800.0,4.9,10.7,normal
1697521064.657,46.738,1800.0,2.5,10.7,normal
1697521065.162,47.225,700.0,4.9,10.7,normal
1697521065.666,46.251,900.0,3.0,10.7,normal
1697521066.169,47.225,1800.0,17.0,10.1,normal
1697521066.672,47.225,1800.0,36.8,10.6,normal
1697521067.174,47.225,1800.0,4.0,10.6,normal
1697521067.677,46.738,1800.0,2.5,10.6,normal
1697521068.179,46.738,1800.0,3.0,10.7,normal
1697521068.682,46.738,1800.0,2.5,10.7,normal
1697521069.184,46.738,1800.0,5.4,10.7,normal
1697521069.687,46.251,1800.0,3.0,10.7,normal
1697521070.19,46.251,1800.0,3.5,10.7,normal
1697521070.692,46.738,1800.0,3.0,10.7,normal
1697521071.198,46.738,600.0,3.0,10.7,normal
1697521071.702,46.738,800.0,4.4,10.7,normal
1697521072.207,47.225,800.0,9.0,9.6,normal
1697521072.71,46.738,1800.0,29.4,10.5,normal
1697521073.213,47.225,1800.0,21.0,10.7,normal
1697521073.715,47.712,1800.0,3.5,10.7,normal
1697521074.218,46.251,1800.0,4.0,10.7,normal
1697521074.721,47.712,1800.0,3.5,10.7,normal
1697521075.223,48.199,1800.0,4.9,10.7,normal
1697521075.726,47.712,1800.0,3.0,10.7,normal
1697521076.228,47.225,1800.0,3.0,10.7,normal
1697521076.731,46.738,1800.0,5.0,10.7,normal
1697521077.234,46.251,1800.0,3.5,10.7,normal
1697521077.738,45.764,800.0,5.0,10.7,normal
1697521078.243,47.225,800.0,5.0,10.7,normal
1697521078.746,47.712,1800.0,27.4,10.4,normal
1697521079.248,47.225,1800.0,27.6,10.6,normal
1697521079.751,47.225,1800.0,4.5,10.6,normal
1697521080.254,46.738,1800.0,3.0,10.6,normal
1697521080.756,47.712,1800.0,4.4,10.6,normal
1697521081.259,47.225,1800.0,4.0,10.6,normal
1697521081.761,47.712,1800.0,3.9,10.6,normal
1697521082.264,47.225,1800.0,3.0,10.6,normal
1697521082.766,47.225,1800.0,4.0,10.6,normal
1697521083.269,47.712,1800.0,3.0,10.6,normal
1697521083.774,46.251,700.0,4.5,10.6,normal
1697521084.279,46.738,800.0,5.4,10.6,normal
1697521084.782,46.251,1800.0,20.1,10.3,normal
1697521085.284,47.225,1800.0,36.5,10.7,normal
1697521085.787,47.712,1800.0,3.0,10.7,normal
1697521086.289,46.738,1800.0,3.0,10.7,normal
1697521086.792,47.225,1800.0,4.5,10.7,normal
1697521087.294,47.712,1800.0,2.5,10.7,normal
1697521087.797,46.738,1800.0,3.0,10.7,normal
1697521088.3,46.738,1800.0,3.5,10.7,normal
1697521088.802,46.738,1800.0,4.5,10.7,normal
1697521089.305,46.738,1800.0,4.0,10.7,normal
1697521089.81,45.764,600.0,4.9,10.7,normal
1697521090.314,45.764,900.0,4.5,10.7,normal
1697521090.818,47.225,1800.0,11.9,9.8,normal
1697521091.324,47.712,1800.0,32.7,10.6,normal
1697521091.826,46.738,1800.0,16.0,10.7,normal
1697521092.329,46.738,1800.0,3.5,10.7,normal
1697521092.831,46.738,1800.0,3.5,10.7,normal
1697521093.334,47.712,1800.0,4.0,10.7,normal
1697521093.836,46.738,1800.0,4.0,10.7,normal
1697521094.339,46.738,1800.0,3.0,10.7,normal
1697521094.842,46.738,1800.0,3.5,10.7,normal
1697521095.344,46.738,1800.0,3.5,10.7,normal
1697521095.849,46.251,700.0,3.5,10.7,normal
1697521096.355,46.251,600.0,4.5,10.7,normal
1697521096.861,46.738,600.0,4.5,10.7,normal
1697521097.363,46.738,1800.0,29.5,10.5,normal
1697521097.866,46.738,1800.0,26.4,10.7,normal
1697521098.369,47.712,1800.0,3.0,10.7,normal
1697521098.871,46.738,1800.0,3.5,10.7,normal
1697521099.374,47.225,1800.0,4.0,10.7,normal
1697521099.876,47.225,1800.0,5.4,10.7,normal
1697521100.379,45.764,1800.0,3.0,10.7,normal
1697521100.881,47.225,1800.0,3.0,10.7,normal
1697521101.384,47.225,1800.0,3.5,10.7,normal
1697521101.886,45.764,1800.0,3.5,10.7,normal
1697521102.392,46.738,600.0,3.9,10.7,normal
1697521102.9,46.738,600.0,10.3,10.2,normal
1697521103.404,47.712,1800.0,29.2,10.5,normal
1697521103.907,48.199,1800.0,21.5,10.7,normal
1697521104.41,47.712,1800.0,3.0,10.7,normal
1697521104.914,47.712,1800.0,4.5,10.7,normal
1697521105.416,46.738,1800.0,4.0,10.7,normal
1697521105.922,46.738,1800.0,3.0,10.7,normal
1697521106.425,46.251,1800.0,3.0,10.7,normal
1697521106.927,46.251,1800.0,3.0,10.7,normal
1697521107.43,47.225,1800.0,4.0,10.7,normal
1697521107.935,47.225,700.0,2.5,10.7,normal
1697521108.441,46.738,600.0,5.4,10.7,normal
1697521108.944,47.225,1800.0,14.9,10.1,normal
1697521109.448,48.199,1800.0,36.6,10.6,normal
1697521109.95,46.738,1800.0,9.5,10.7,normal
1697521110.453,47.712,1800.0,2.0,10.7,normal
1697521110.958,47.225,1800.0,3.0,10.7,normal
1697521111.46,47.712,1800.0,3.0,10.7,normal
1697521111.963,46.738,1800.0,3.0,10.7,normal
1697521112.465,47.712,1800.0,3.0,10.7,normal
1697521112.968,46.738,1800.0,3.0,10.7,normal
1697521113.471,46.738,1800.0,3.5,10.7,normal
1697521113.976,46.738,700.0,4.0,10.7,normal
1697521114.482,47.225,600.0,5.4,10.7,normal
1697521114.986,47.225,1800.0,19.0,10.2,normal
1697521115.488,47.712,1800.0,37.8,10.6,normal
1697521115.991,47.712,1800.0,5.9,10.6,normal
1697521116.493,48.199,1800.0,3.0,10.6,normal
1697521116.996,48.199,1800.0,4.0,10.7,normal
1697521117.499,47.225,1800.0,3.0,10.7,normal
1697521118.001,47.225,1800.0,5.0,10.7,normal
1697521118.504,48.199,1800.0,2.0,10.7,normal
1697521119.006,48.199,1800.0,5.4,10.7,normal
1697521119.509,46.738,1800.0,3.5,10.7,normal
1697521120.015,47.225,600.0,5.9,10.7,normal
1697521120.519,47.712,900.0,5.0,10.7,normal
1697521121.022,47.225,1800.0,22.3,10.3,normal
1697521121.525,47.225,1800.0,33.8,10.7,normal
1697521122.027,49.173,1800.0,3.5,10.7,normal
1697521122.53,47.225,1800.0,2.5,10.7,normal
1697521123.032,47.712,1800.0,3.5,10.6,normal
1697521123.535,46.738,1800.0,3.0,10.7,normal
1697521124.038,47.225,1800.0,4.0,10.6,normal
1697521124.54,46.251,1800.0,3.0,10.6,normal
1697521125.043,47.225,1800.0,5.4,10.6,normal
1697521125.545,47.712,1800.0,1.5,10.6,normal
1697521126.056,46.251,600.0,4.9,10.6,normal
1697521126.56,46.738,800.0,4.5,10.6,normal
1697521127.063,46.251,1800.0,24.5,10.4,normal
1697521127.566,46.738,1800.0,28.4,10.7,normal
1697521128.069,47.712,1800.0,2.0,10.7,normal
1697521128.571,45.764,1800.0,2.5,10.7,normal
1697521129.074,46.738,1800.0,5.9,10.7,normal
1697521129.576,46.738,1800.0,3.5,10.6,normal
1697521130.079,47.225,1800.0,4.0,10.6,normal
1697521130.582,47.225,1800.0,4.0,10.7,normal
1697521131.084,46.738,1800.0,3.0,10.7,normal
1697521131.587,47.225,1800.0,3.5,10.6,normal
1697521132.091,46.251,900.0,4.5,10.7,normal
1697521132.596,46.738,900.0,7.9,10.6,normal
1697521133.1,47.225,1800.0,28.4,10.5,normal
1697521133.602,46.738,1800.0,25.9,10.7,normal
1697521134.105,47.712,1800.0,2.0,10.7,normal
1697521134.607,46.251,1800.0,5.5,10.7,normal
1697521135.11,47.225,1800.0,4.5,10.7,normal
1697521135.612,47.225,1800.0,3.0,10.7,normal
1697521136.115,46.738,1800.0,3.0,10.7,normal
1697521136.618,46.738,1800.0,3.5,10.7,normal
1697521137.12,46.738,1800.0,5.0,10.7,normal
1697521137.623,47.225,1800.0,3.5,10.7,normal
1697521138.127,46.251,800.0,4.5,10.7,normal
1697521138.631,46.251,900.0,5.4,10.7,normal
1697521139.134,47.712,1800.0,22.5,10.4,normal
1697521139.637,47.712,1800.0,33.5,10.7,normal
1697521140.139,47.225,1800.0,4.0,10.7,normal
1697521140.642,47.712,1800.0,3.9,10.7,normal
1697521141.144,46.738,1800.0,4.0,10.7,normal
1697521141.647,47.712,1800.0,3.5,10.7,normal
1697521142.15,47.225,1800.0,4.0,10.7,normal
1697521142.652,47.712,1800.0,3.5,10.7,normal
1697521143.155,47.225,1800.0,4.0,10.7,normal
1697521143.657,47.225,1800.0,3.0,10.7,normal
1697521144.162,46.251,800.0,3.9,10.7,normal
1697521144.666,46.251,900.0,5.0,10.7,normal
1697521145.169,47.712,1800.0,26.6,10.3,normal
1697521145.672,47.225,1800.0,29.1,10.6,normal
1697521146.175,47.712,1800.0,3.5,10.6,normal
1697521146.677,46.251,1800.0,2.0,10.6,normal
1697521147.18,46.738,1800.0,3.0,10.6,normal
1697521147.682,47.225,1800.0,4.5,10.6,normal
1697521148.185,47.225,1800.0,3.5,10.6,normal
1697521148.687,46.251,1800.0,2.0,10.7,normal
1697521149.19,47.225,1800.0,3.9,10.7,normal
1697521149.692,47.225,1800.0,3.5,10.7,normal
1697521150.197,46.738,700.0,4.9,10.7,normal
1697521150.703,45.764,600.0,5.4,10.6,normal
1697521151.206,46.738,1800.0,28.2,10.5,normal
1697521151.709,48.199,1800.0,24.2,10.7,normal
1697521152.212,47.225,1800.0,3.5,10.7,normal
1697521152.714,47.712,1800.0,2.5,10.7,normal
1697521153.217,46.251,1800.0,2.5,10.7,normal
1697521153.719,46.738,1800.0,3.5,10.7,normal
1697521154.222,45.764,1800.0,3.5,10.7,normal
1697521154.724,46.738,1800.0,3.0,10.7,normal
1697521155.227,47.225,1800.0,4.0,10.7,normal
1697521155.729,47.225,1800.0,1.5,10.7,normal
1697521156.235,46.738,600.0,5.9,10.7,normal
1697521156.738,45.764,1800.0,10.0,9.7,normal
1697521157.241,47.712,1800.0,28.4,10.5,normal
1697521157.744,47.712,1800.0,19.9,10.7,normal
1697521158.246,46.738,1800.0,5.0,10.7,normal
1697521158.749,47.225,1800.0,2.5,10.7,normal
1697521159.251,47.225,1800.0,4.0,10.7,normal
1697521159.754,47.225,1800.0,4.5,10.7,normal
1697521160.256,46.251,1800.0,3.5,10.7,normal
1697521160.759,46.251,1800.0,3.0,10.7,normal
1697521161.261,47.225,1800.0,3.0,10.7,normal
1697521161.766,46.251,700.0,3.9,10.7,normal
1697521162.271,47.225,800.0,4.0,10.7,normal
1697521162.777,46.738,825.0,5.4,10.7,normal
1697521163.28,47.712,1800.0,27.2,10.5,normal
1697521163.783,46.738,1800.0,27.7,10.7,normal
1697521164.285,46.738,1800.0,2.5,10.7,normal
1697521164.788,47.225,1800.0,6.4,10.7,normal
1697521165.29,47.225,1800.0,3.5,10.7,normal
1697521165.793,46.251,1800.0,3.0,10.7,normal
1697521166.295,46.251,1800.0,2.5,10.7,normal
1697521166.798,47.225,1800.0,5.4,10.7,normal
1697521167.301,48.199,1800.0,3.5,10.7,normal
1697521167.803,46.251,1800.0,3.5,10.7,normal
1697521168.308,46.251,800.0,5.4,10.7,normal
1697521168.812,46.738,800.0,5.4,10.7,normal
1697521169.315,47.712,1800.0,19.5,10.2,normal
1697521169.818,47.225,1800.0,34.8,10.7,normal
1697521170.32,47.225,1800.0,3.0,10.7,normal
1697521170.823,47.225,1800.0,4.0,10.7,normal
1697521171.325,46.738,1800.0,3.4,10.7,normal
1697521171.828,47.712,1800.0,4.0,10.7,normal
1697521172.33,46.738,1800.0,3.5,10.7,normal
1697521172.833,47.225,1800.0,3.5,10.7,normal
1697521173.335,47.225,1800.0,3.0,10.7,normal
1697521173.838,47.225,1800.0,3.0,10.7,normal
1697521174.344,46.251,600.0,3.0,10.7,normal
1697521174.849,46.738,700.0,7.4,10.7,normal
1697521175.352,48.199,1800.0,25.9,10.4,normal
1697521175.854,47.225,1800.0,30.5,10.7,normal
1697521176.357,48.199,1800.0,3.0,10.7,normal
1697521176.86,46.251,1800.0,4.0,10.7,normal
1697521177.362,46.738,1800.0,3.5,10.7,normal
1697521177.865,46.251,1800.0,3.0,10.7,normal
1697521178.367,46.251,1800.0,3.5,10.7,normal
1697521178.87,46.738,1800.0,4.4,10.7,normal
1697521179.372,46.738,1800.0,3.0,10.7,normal
1697521179.875,47.225,1800.0,4.5,10.7,normal
1697521180.38,46.251,600.0,3.9,10.7,normal
1697521180.886,46.738,600.0,5.4,10.7,normal
1697521181.389,48.199,1800.0,17.7,10.2,normal
1697521181.891,48.199,1800.0,37.7,10.6,normal
1697521182.394,48.686,1800.0,4.9,10.7,normal
1697521182.897,47.225,1800.0,4.0,10.7,normal
1697521183.399,46.738,1800.0,3.5,10.7,normal
1697521183.902,47.225,1800.0,4.0,10.7,normal
1697521184.404,47.225,1800.0,3.0,10.7,normal
1697521184.907,47.225,1800.0,5.0,10.7,normal
1697521185.409,47.225,1800.0,3.5,10.7,normal
1697521185.912,46.738,1800.0,3.0,10.7,normal
1697521186.418,47.225,600.0,5.9,10.7,normal
1697521186.923,46.251,600.0,3.5,10.7,normal
1697521187.431,46.251,600.0,5.9,10.6,normal
1697521187.934,47.712,1800.0,27.4,10.5,normal
1697521188.437,47.225,1800.0,21.5,10.7,normal
1697521188.939,47.712,1800.0,6.0,10.7,normal
1697521189.442,47.225,1800.0,4.4,10.7,normal
1697521189.944,47.225,1800.0,2.5,10.7,normal
1697521190.447,46.738,1800.0,2.5,10.7,normal
1697521190.949,47.225,1800.0,2.5,10.7,normal
1697521191.452,47.712,1800.0,4.0,10.7,normal
1697521191.955,47.225,1800.0,2.5,10.7,normal
1697521192.458,46.251,1800.0,3.0,10.7,normal
1697521192.964,46.251,600.0,3.5,10.7,normal
1697521193.47,46.738,600.0,4.4,10.7,normal
1697521193.981,46.738,1800.0,25.1,10.4,normal
1697521194.484,46.738,1800.0,28.5,10.6,normal
1697521194.987,45.764,1800.0,2.5,10.6,normal
1697521195.49,46.738,1800.0,4.5,10.6,normal
1697521195.992,48.199,1800.0,3.5,10.7,normal
1697521196.495,47.712,1800.0,1.5,10.6,normal
1697521196.998,46.738,1800.0,4.0,10.6,normal
1697521197.501,46.738,1800.0,2.5,10.7,normal
1697521198.003,46.738,1800.0,4.5,10.7,normal
1697521198.506,47.225,1800.0,3.0,10.7,normal
1697521199.012,46.738,600.0,5.4,10.7,normal
1697521199.517,46.738,600.0,4.5,10.7,normal
1697521200.02,47.225,1800.0,21.4,10.3,normal
1697521200.523,47.225,1800.0,33.5,10.7,normal
1697521201.026,47.225,1800.0,5.0,10.7,normal
1697521201.528,47.225,1800.0,3.5,10.7,normal
1697521202.031,47.225,1800.0,4.5,10.7,normal
1697521202.533,46.738,1800.0,2.5,10.7,normal
1697521203.036,46.738,1800.0,4.0,10.7,normal
1697521203.539,47.225,1800.0,4.0,10.7,normal
1697521204.041,47.225,1800.0,3.5,10.7,normal
1697521204.544,46.251,1800.0,3.5,10.7,normal
1697521205.049,47.225,600.0,5.9,10.7,normal
1697521205.553,46.251,900.0,5.0,10.7,normal
1697521206.056,46.251,1800.0,14.5,10.1,normal
1697521206.559,48.199,1800.0,37.0,10.6,normal
1697521207.062,46.738,1800.0,8.5,10.6,normal
1697521207.564,47.712,1800.0,3.5,10.6,normal
1697521208.067,46.251,1800.0,4.0,10.6,normal
1697521208.569,47.225,1800.0,2.5,10.6,normal
1697521209.072,46.738,1800.0,4.5,10.6,normal
1697521209.575,47.712,1800.0,4.9,10.7,normal
1697521210.077,48.199,1800.0,4.5,10.7,normal
1697521210.58,46.738,1800.0,3.5,10.7,normal
1697521211.084,46.738,900.0,5.9,10.7,normal
1697521211.588,46.738,900.0,5.0,10.7,normal
1697521212.092,46.738,900.0,6.5,10.5,normal
1697521212.595,47.225,1800.0,30.0,10.5,normal
1697521213.098,46.738,1800.0,23.1,10.7,normal
1697521213.6,48.199,1800.0,4.0,10.7,normal
1697521214.103,47.712,1800.0,3.0,10.7,normal
1697521214.606,47.225,1800.0,4.0,10.7,normal
1697521215.108,47.225,1800.0,3.5,10.7,normal
1697521215.611,46.251,1800.0,5.9,10.7,normal
1697521216.113,47.712,1800.0,2.5,10.7,normal
1697521216.616,46.251,1800.0,3.5,10.7,normal
1697521217.119,47.712,1800.0,3.5,10.7,normal
1697521217.623,46.738,800.0,4.0,10.7,normal
1697521218.127,47.225,900.0,5.9,10.7,normal
1697521218.63,45.764,1800.0,24.9,10.4,normal
1697521219.133,46.738,1800.0,30.5,10.6,normal
1697521219.636,46.251,1800.0,3.5,10.6,normal
1697521220.138,47.712,1800.0,5.9,10.6,normal
1697521220.641,47.712,1800.0,3.0,10.6,normal
1697521221.143,47.225,1800.0,3.5,10.7,normal
1697521221.646,47.712,1800.0,3.0,10.7,normal
1697521222.148,46.251,1800.0,4.0,10.7,normal
1697521222.651,47.225,1800.0,3.5,10.7,normal
1697521223.153,46.251,1800.0,3.5,10.7,normal
1697521223.659,47.225,600.0,5.4,10.7,normal
1697521224.166,46.251,800.0,5.0,10.7,normal
1697521224.669,47.225,1800.0,28.7,10.5,normal
1697521225.172,47.225,1800.0,25.1,10.7,normal
1697521225.674,48.199,1800.0,3.0,10.7,normal
1697521226.177,47.225,1800.0,3.0,10.7,normal
1697521226.679,47.712,1800.0,5.0,10.7,normal
1697521227.182,47.225,1800.0,2.5,10.7,normal
1697521227.684,47.225,1800.0,4.0,10.7,normal
1697521228.187,47.712,1800.0,3.5,10.7,normal
1697521228.689,47.712,1800.0,4.0,10.7,normal
1697521229.192,47.712,1800.0,3.0,10.7,normal
1697521229.697,46.738,600.0,4.9,10.7,normal
1697521230.202,46.738,800.0,5.0,10.7,normal
1697521230.705,48.686,1800.0,23.4,10.4,normal
1697521231.213,48.199,1800.0,31.8,10.7,normal
1697521231.715,46.738,1800.0,3.9,10.7,normal
1697521232.218,46.738,1800.0,3.5,10.7,normal
1697521232.72,48.199,1800.0,3.5,10.7,normal
1697521233.223,47.712,1800.0,3.9,10.7,normal
1697521233.725,47.712,1800.0,2.0,10.7,normal
1697521234.228,47.712,1800.0,3.0,10.7,normal
1697521234.731,47.712,1800.0,3.0,10.7,normal
1697521235.233,47.225,1800.0,3.5,10.7,normal
1697521235.739,46.738,600.0,3.9,10.7,normal
1697521236.244,46.251,600.0,3.0,10.7,normal
1697521236.748,48.199,1800.0,25.9,10.5,normal
1697521237.251,47.712,1800.0,28.0,10.7,normal
1697521237.753,46.738,1800.0,2.5,10.7,normal
1697521238.256,46.738,1800.0,3.5,10.7,normal
1697521238.758,46.738,1800.0,3.5,10.7,normal
1697521239.261,46.738,1800.0,3.0,10.7,normal
1697521239.763,47.712,1800.0,4.0,10.7,normal
1697521240.266,46.738,1800.0,4.0,10.8,normal
1697521240.768,46.251,1800.0,2.5,10.7,normal
1697521241.271,47.225,1800.0,4.0,10.7,normal
1697521241.776,47.225,600.0,4.9,10.8,normal
1697521242.282,46.251,600.0,4.5,10.8,normal
1697521242.785,48.199,1800.0,18.9,10.3,normal
1697521243.288,47.225,1800.0,35.9,10.7,normal
1697521243.79,47.712,1800.0,3.5,10.7,normal
1697521244.293,47.712,1800.0,3.5,10.7,normal
1697521244.796,47.225,1800.0,5.4,10.7,normal
1697521245.298,48.199,1800.0,3.0,10.7,normal
1697521245.801,47.225,1800.0,2.5,10.7,normal
1697521246.303,47.225,1800.0,2.5,10.7,normal
1697521246.806,46.251,1800.0,2.5,10.7,normal
1697521247.308,46.251,1800.0,5.0,10.7,normal
1697521247.814,47.225,600.0,2.5,10.8,normal
1697521248.32,47.225,600.0,5.9,10.8,normal
1697521248.825,46.251,1800.0,12.9,9.9,normal
1697521249.329,48.686,1800.0,31.8,10.6,normal
1697521249.831,46.738,1800.0,16.3,10.7,normal
1697521250.334,46.738,1800.0,2.0,10.7,normal
1697521250.836,47.225,1800.0,3.5,10.7,normal
1697521251.339,46.738,1800.0,3.0,10.7,normal
1697521251.842,47.712,1800.0,3.5,10.7,normal
1697521252.344,47.225,1800.0,4.0,10.7,normal
1697521252.847,46.738,1800.0,3.0,10.8,normal
1697521253.349,46.738,1800.0,3.0,10.7,normal
1697521253.854,46.738,700.0,4.0,10.8,normal
1697521254.36,46.251,600.0,4.5,10.8,normal
1697521254.864,46.738,900.0,6.0,10.7,normal
1697521255.367,46.738,1800.0,27.7,10.5,normal
1697521255.87,47.225,1800.0,27.0,10.7,normal
1697521256.372,47.712,1800.0,4.9,10.7,normal
1697521256.875,47.712,1800.0,3.0,10.7,normal
1697521257.377,47.712,1800.0,4.0,10.7,normal
1697521257.88,47.225,1800.0,3.0,10.7,normal
1697521258.382,46.251,1800.0,5.0,10.7,normal
1697521258.885,45.764,1800.0,3.5,10.7,normal
1697521259.387,46.738,1800.0,3.0,10.7,normal
1697521259.89,47.225,1800.0,4.5,10.7,normal
1697521260.394,46.738,800.0,4.0,10.7,normal
1697521260.899,46.251,800.0,5.0,10.7,normal
1697521261.402,47.712,1800.0,21.9,10.4,normal
1697521261.904,47.712,1800.0,34.3,10.7,normal
1697521262.407,47.712,1800.0,3.9,10.7,normal
1697521262.91,46.738,1800.0,4.5,10.7,normal
1697521263.412,46.738,1800.0,3.5,10.7,normal
1697521263.915,46.738,1800.0,3.0,10.7,normal
1697521264.417,46.738,1800.0,3.0,10.7,normal
1697521264.92,47.225,1800.0,5.0,10.7,normal
1697521265.422,47.225,1800.0,3.5,10.7,normal
1697521265.925,46.738,1800.0,3.0,10.7,normal
1697521266.43,46.251,600.0,3.5,10.7,normal
1697521266.936,45.764,600.0,5.9,10.7,normal
1697521267.439,47.225,1800.0,24.9,10.4,normal
1697521267.942,48.686,1800.0,30.0,10.7,normal
1697521268.444,47.225,1800.0,2.5,10.7,normal
1697521268.947,46.738,1800.0,4.0,10.7,normal
1697521269.45,46.251,1800.0,3.0,10.7,normal
1697521269.952,48.199,1800.0,3.5,10.7,normal
1697521270.455,46.251,1800.0,3.0,10.7,normal
1697521270.957,46.251,1800.0,4.5,10.7,normal
1697521271.46,46.738,1800.0,3.9,10.7,normal
1697521271.962,47.712,1800.0,3.5,10.7,normal
1697521272.467,47.712,800.0,4.0,10.7,normal
1697521272.973,45.764,600.0,5.5,10.7,normal
1697521273.476,47.712,1800.0,18.9,10.2,normal
1697521273.979,48.199,1800.0,36.8,10.6,normal
1697521274.482,47.225,1800.0,3.0,10.7,normal
1697521274.984,48.199,1800.0,5.5,10.7,normal
1697521275.487,47.712,1800.0,3.0,10.7,normal
1697521275.989,47.712,1800.0,2.5,10.7,normal
1697521276.494,46.738,1800.0,3.4,10.7,normal
1697521276.996,46.738,1800.0,3.0,10.7,normal
1697521277.499,47.225,1800.0,3.0,10.7,normal
1697521278.002,46.738,1800.0,2.5,10.7,normal
1697521278.508,46.738,600.0,3.0,10.7,normal
1697521279.014,46.251,600.0,6.4,10.7,normal
1697521279.517,47.225,1800.0,8.1,9.6,normal
1697521280.02,47.225,1800.0,30.0,10.5,normal
1697521280.523,47.225,1800.0,21.5,10.6,normal
1697521281.025,47.225,1800.0,3.0,10.6,normal
1697521281.528,46.738,1800.0,3.0,10.6,normal
1697521282.03,47.712,1800.0,2.5,10.6,normal
1697521282.533,46.738,1800.0,4.0,10.7,normal
1697521283.037,47.225,1800.0,3.5,10.7,normal
1697521283.539,47.225,1800.0,3.5,10.7,normal
1697521284.042,47.225,1800.0,3.5,10.7,normal
1697521284.547,47.225,700.0,4.0,10.7,normal
1697521285.052,46.251,600.0,6.4,10.7,normal
1697521285.555,47.225,1800.0,13.5,10.0,normal
1697521286.058,47.225,1800.0,34.0,10.6,normal
1697521286.561,47.712,1800.0,11.9,10.6,normal
1697521287.064,49.173,1800.0,3.5,10.6,normal
1697521287.566,46.738,1800.0,3.0,10.6,normal
1697521288.069,47.225,1800.0,3.0,10.6,normal
1697521288.571,46.251,1800.0,3.0,10.7,normal
1697521289.074,47.225,1800.0,1.0,10.7,normal
1697521289.576,46.738,1800.0,2.5,10.7,normal
1697521290.079,45.764,1800.0,5.9,10.7,normal
1697521290.583,47.225,1000.0,5.0,10.7,normal
1697521291.087,45.764,900.0,5.0,10.7,normal
1697521291.59,45.764,1800.0,18.5,10.2,normal
1697521292.093,47.712,1800.0,36.5,10.7,normal
1697521292.595,47.712,1800.0,6.0,10.7,normal
1697521293.098,47.712,1800.0,3.5,10.7,normal
1697521293.6,47.225,1800.0,3.9,10.7,normal
1697521294.103,46.738,1800.0,3.5,10.7,normal
1697521294.605,46.738,1800.0,4.5,10.7,normal
1697521295.108,47.712,1800.0,4.5,10.7,normal
1697521295.611,46.738,1800.0,4.0,10.7,normal
1697521296.113,47.225,1800.0,3.0,10.7,normal
1697521296.618,47.225,700.0,5.4,10.7,normal
1697521297.127,46.738,900.0,4.9,10.7,normal
1697521297.629,46.738,1800.0,21.9,10.3,normal
1697521298.132,48.199,1800.0,36.8,10.7,normal
1697521298.635,47.225,1800.0,2.5,10.7,normal
1697521299.137,47.712,1800.0,5.0,10.7,normal
1697521299.64,47.225,1800.0,4.0,10.7,normal
1697521300.142,46.738,1800.0,4.0,10.7,normal
1697521300.645,47.225,1800.0,3.0,10.7,normal
1697521301.147,46.738,1800.0,3.5,10.7,normal
1697521301.65,46.738,1800.0,4.4,10.7,normal
1697521302.158,47.712,1800.0,3.0,10.7,normal
1697521302.663,45.764,700.0,3.0,10.7,normal
1697521303.167,46.251,900.0,6.4,10.7,normal
1697521303.67,47.225,1800.0,11.9,10.1,normal
1697521304.176,47.225,1800.0,34.5,10.6,normal
1697521304.679,46.251,1800.0,11.9,10.7,normal
1697521305.182,47.712,1800.0,5.4,10.7,normal
1697521305.684,46.251,1800.0,2.0,10.7,normal
1697521306.188,47.225,1800.0,4.5,10.7,normal
1697521306.69,46.738,1800.0,3.5,10.7,normal
1697521307.196,46.251,1800.0,4.4,10.7,normal
1697521307.698,47.225,1800.0,3.0,10.7,normal
1697521308.201,46.738,1800.0,2.5,10.7,normal
1697521308.707,46.738,700.0,3.9,10.6,normal
1697521309.212,46.738,900.0,5.4,10.6,normal
1697521309.718,46.738,700.0,9.0,10.5,normal
1697521310.222,47.225,1800.0,29.2,10.5,normal
1697521310.724,47.712,1800.0,22.6,10.7,normal
1697521311.227,47.712,1800.0,3.0,10.7,normal
1697521311.729,47.712,1800.0,3.5,10.7,normal
1697521312.232,46.738,1800.0,3.5,10.7,normal
1697521312.735,47.225,1800.0,4.0,10.7,normal
1697521313.237,46.738,1800.0,3.0,10.7,normal
1697521313.739,45.764,1800.0,4.0,10.7,normal
1697521314.242,46.251,1800.0,4.0,10.7,normal
1697521314.744,46.251,1800.0,4.5,10.7,normal
1697521315.25,46.251,600.0,5.4,10.7,normal
1697521315.753,46.251,1800.0,11.5,10.1,normal
1697521316.257,47.712,1800.0,35.1,10.6,normal
1697521316.759,47.225,1800.0,11.1,10.7,normal
1697521317.267,47.225,1800.0,3.4,10.7,normal
1697521317.769,47.225,1800.0,3.5,10.7,normal
1697521318.272,46.738,1800.0,3.5,10.7,normal
1697521318.774,47.225,1800.0,3.0,10.7,normal
1697521319.277,45.764,1800.0,2.0,10.7,normal
1697521319.779,47.225,1800.0,4.0,10.7,normal
1697521320.282,46.738,1800.0,4.0,10.7,normal
1697521320.787,47.712,700.0,3.0,10.7,normal
1697521321.293,46.738,600.0,5.9,10.7,normal
1697521321.799,46.738,600.0,5.0,10.7,normal
1697521322.305,46.738,1800.0,27.7,10.6,normal
1697521322.808,47.225,1800.0,24.5,10.7,normal
1697521323.311,47.225,1800.0,3.5,10.7,normal
1697521323.813,46.738,1800.0,3.5,10.7,normal
1697521324.316,46.738,1800.0,3.0,10.7,normal
1697521324.818,47.225,1800.0,5.4,10.7,normal
1697521325.321,47.225,1800.0,3.0,10.7,normal
1697521325.823,46.251,1800.0,3.5,10.7,normal
1697521326.326,47.712,1800.0,3.0,10.7,normal
1697521326.828,46.251,1800.0,3.5,10.7,normal
1697521327.338,47.712,600.0,5.4,10.7,normal
1697521327.842,47.712,1800.0,10.0,9.9,normal
1697521328.346,47.225,1800.0,31.5,10.5,normal
1697521328.849,47.225,1800.0,15.6,10.6,normal
1697521329.351,46.738,1800.0,4.0,10.6,normal
1697521329.854,46.738,1800.0,5.4,10.7,normal
1697521330.356,46.738,1800.0,3.5,10.7,normal
1697521330.859,46.738,1800.0,3.5,10.7,normal
1697521331.362,47.712,1800.0,4.0,10.7,normal
1697521331.864,46.738,1800.0,4.0,10.7,normal
1697521332.371,47.225,1800.0,3.9,10.7,normal
1697521332.876,46.738,700.0,4.0,10.7,normal
1697521333.382,45.764,600.0,5.9,10.7,normal
1697521333.885,46.738,1800.0,15.5,10.1,normal
1697521334.388,48.686,1800.0,37.5,10.6,normal
1697521334.89,48.199,1800.0,6.0,10.6,normal
1697521335.393,47.225,1800.0,4.0,10.6,normal
1697521335.895,47.225,1800.0,3.0,10.6,normal
1697521336.398,47.225,1800.0,3.5,10.6,normal
1697521336.9,46.251,1800.0,3.0,10.7,normal
1697521337.408,48.199,1800.0,3.9,10.7,normal
1697521337.91,46.738,1800.0,4.0,10.7,normal
1697521338.413,46.738,1800.0,3.5,10.7,normal
1697521338.918,47.225,600.0,3.0,10.7,normal
1697521339.424,46.251,600.0,4.5,10.7,normal
1697521339.929,46.251,900.0,10.0,9.6,normal
1697521340.431,47.225,1800.0,28.2,10.5,normal
1697521340.934,47.712,1800.0,21.4,10.7,normal
1697521341.436,47.712,1800.0,3.5,10.7,normal
1697521341.939,47.225,1800.0,3.5,10.7,normal
1697521342.446,46.738,1800.0,3.4,10.7,normal
1697521342.949,46.738,1800.0,1.5,10.7,normal
1697521343.451,47.712,1800.0,1.5,10.7,normal
1697521343.954,48.199,1800.0,3.9,10.7,normal
1697521344.456,46.738,1800.0,4.0,10.7,normal
1697521344.962,47.225,700.0,4.5,10.7,normal
1697521345.467,46.251,800.0,4.9,10.7,normal
1697521345.972,46.251,900.0,5.4,10.7,normal
1697521346.475,47.225,1800.0,27.2,10.5,normal
1697521346.978,47.225,1800.0,28.5,10.7,normal
1697521347.481,47.225,1800.0,3.0,10.7,normal
1697521347.983,46.251,1800.0,3.5,10.7,normal
1697521348.486,47.712,1800.0,5.9,10.7,normal
1697521348.988,47.225,1800.0,2.5,10.7,normal
1697521349.491,47.225,1800.0,4.4,10.7,normal
1697521349.993,46.738,1800.0,3.0,10.7,normal
1697521350.496,47.225,1800.0,5.4,10.7,normal
1697521350.998,46.738,1800.0,3.0,10.7,normal
1697521351.503,47.225,800.0,5.0,10.7,normal
1697521352.007,46.738,800.0,5.0,10.7,normal
1697521352.51,47.712,1800.0,21.4,10.3,normal
1697521353.013,47.225,1800.0,35.3,10.7,normal
1697521353.516,46.738,1800.0,3.4,10.7,normal
1697521354.018,47.225,1800.0,4.0,10.7,normal
1697521354.521,46.738,1800.0,3.0,10.7,normal
1697521355.023,46.251,1800.0,4.5,10.7,normal
1697521355.526,48.199,1800.0,3.0,10.7,normal
1697521356.028,47.225,1800.0,4.0,10.7,normal
1697521356.531,46.738,1800.0,3.5,10.7,normal
1697521357.034,47.712,1800.0,3.4,10.7,normal
1697521357.537,46.738,1200.0,5.0,10.8,normal
1697521358.041,46.738,900.0,4.0,10.8,normal
1697521358.544,47.225,1800.0,14.4,10.2,normal
1697521359.047,48.199,1800.0,36.2,10.6,normal
1697521359.55,47.712,1800.0,7.0,10.7,normal
1697521360.052,47.225,1800.0,4.0,10.7,normal
1697521360.555,46.251,1800.0,4.0,10.7,normal
1697521361.058,46.251,1800.0,2.0,10.7,normal
1697521361.56,47.712,1800.0,2.5,10.7,normal
1697521362.063,48.199,1800.0,3.0,10.7,normal
1697521362.568,47.712,1800.0,4.0,10.7,normal
1697521363.071,47.225,1800.0,3.0,10.7,normal
1697521363.574,46.251,1200.0,5.4,10.7,normal
1697521364.078,46.738,900.0,5.4,10.7,normal
1697521364.583,46.251,800.0,6.0,10.6,normal
1697521365.086,47.712,1800.0,29.9,10.5,normal
1697521365.589,46.738,1800.0,21.1,10.7,normal
1697521366.091,46.251,1800.0,3.0,10.7,normal
1697521366.594,47.225,1800.0,1.5,10.7,normal
1697521367.096,46.251,1800.0,2.5,10.6,normal
1697521367.599,46.251,1800.0,2.5,10.7,normal
1697521368.102,47.225,1800.0,2.5,10.7,normal
1697521368.604,47.712,1800.0,3.5,10.6,normal
1697521369.107,47.225,1800.0,6.5,10.6,normal
1697521369.609,47.225,1800.0,4.0,10.6,normal
1697521370.113,46.251,900.0,5.4,10.6,normal
1697521370.617,47.225,1800.0,12.5,9.9,normal
1697521371.12,48.199,1800.0,32.2,10.5,normal
1697521371.623,47.225,1800.0,16.4,10.6,normal
1697521372.125,47.712,1800.0,3.0,10.6,normal
1697521372.628,46.738,1800.0,3.5,10.6,normal
1697521373.13,47.712,1800.0,4.0,10.6,normal
1697521373.633,47.225,1800.0,3.5,10.6,normal
1697521374.135,48.199,1800.0,3.0,10.6,normal
1697521374.638,47.712,1800.0,3.0,10.7,normal
1697521375.14,46.738,1800.0,5.0,10.7,normal
1697521375.646,47.225,700.0,3.0,10.7,normal
1697521376.152,47.225,800.0,5.0,10.7,normal
1697521376.655,47.712,1800.0,16.9,10.2,normal
1697521377.158,48.686,1800.0,38.0,10.7,normal
1697521377.661,47.225,1800.0,5.5,10.7,normal
1697521378.163,47.712,1800.0,4.0,10.7,normal
1697521378.666,48.199,1800.0,3.5,10.7,normal
1697521379.168,47.225,1800.0,3.0,10.7,normal
1697521379.671,47.225,1800.0,4.0,10.7,normal
1697521380.174,47.225,1800.0,4.9,10.7,normal
1697521380.676,47.225,1800.0,3.0,10.7,normal
1697521381.179,46.738,1800.0,5.4,10.7,normal
1697521381.684,47.225,600.0,3.5,10.7,normal
1697521382.19,46.738,600.0,5.0,10.7,normal
1697521382.693,47.225,1800.0,21.3,10.3,normal
1697521383.195,47.225,1800.0,34.8,10.7,normal
1697521383.698,48.199,1800.0,3.5,10.7,normal
1697521384.201,47.225,1800.0,3.5,10.7,normal
1697521384.703,47.225,1800.0,3.0,10.7,normal
1697521385.206,47.712,1800.0,5.0,10.7,normal
1697521385.708,47.712,1800.0,3.0,10.7,normal
1697521386.211,47.225,1800.0,3.0,10.7,normal
1697521386.713,46.251,1800.0,3.5,10.7,normal
1697521387.216,47.712,1800.0,4.0,10.7,normal
1697521387.721,46.738,600.0,3.9,10.7,normal
1697521388.227,46.251,600.0,5.0,10.7,normal
1697521388.731,47.712,1800.0,22.8,10.4,normal
1697521389.234,47.712,1800.0,32.8,10.7,normal
1697521389.736,46.251,1800.0,3.5,10.7,normal
1697521390.239,46.738,1800.0,4.0,10.7,normal
1697521390.741,47.225,1800.0,2.5,10.7,normal
1697521391.244,46.251,1800.0,4.5,10.7,normal
1697521391.746,46.251,1800.0,3.5,10.7,normal
1697521392.249,47.712,1800.0,3.0,10.7,normal
1697521392.751,48.199,1800.0,2.5,10.7,normal
1697521393.254,47.225,1800.0,4.4,10.7,normal
1697521393.759,46.251,600.0,3.5,10.7,normal
1697521394.265,46.738,600.0,4.5,10.7,normal
1697521394.768,46.738,1800.0,16.1,10.2,normal
1697521395.271,48.199,1800.0,37.8,10.6,normal
1697521395.774,48.199,1800.0,5.0,10.7,normal
1697521396.276,47.225,1800.0,3.9,10.7,normal
1697521396.779,47.225,1800.0,3.0,10.7,normal
1697521397.281,47.225,1800.0,4.9,10.7,normal
1697521397.784,47.225,1800.0,2.5,10.7,normal
1697521398.286,47.225,1800.0,3.0,10.7,normal
1697521398.789,46.251,1800.0,3.0,10.7,normal
1697521399.291,46.251,1800.0,4.0,10.7,normal
1697521399.796,46.738,700.0,3.5,10.7,normal
1697521400.302,47.225,600.0,5.4,10.7,normal
1697521400.806,46.738,1000.0,8.0,10.1,normal
1697521401.309,47.712,1800.0,28.4,10.5,normal
1697521401.811,47.225,1800.0,20.7,10.7,normal
1697521402.314,47.225,1800.0,3.0,10.7,normal
1697521402.816,47.225,1800.0,2.5,10.7,normal
1697521403.319,47.225,1800.0,3.5,10.7,normal
1697521403.821,47.225,1800.0,3.0,10.7,normal
1697521404.324,48.199,1800.0,3.0,10.7,normal
1697521404.827,45.764,1800.0,4.5,10.8,normal
1697521405.329,46.738,1800.0,3.0,10.7,normal
1697521405.832,47.225,1800.0,3.0,10.8,normal
1697521406.337,46.251,600.0,4.0,10.8,normal
1697521406.84,47.712,1800.0,12.9,10.2,normal
1697521407.343,47.225,1800.0,37.2,10.7,normal
1697521407.846,47.712,1800.0,7.5,10.7,normal
1697521408.348,47.712,1800.0,2.5,10.7,normal
1697521408.851,47.225,1800.0,3.0,10.7,normal
1697521409.354,46.738,1800.0,3.0,10.7,normal
1697521409.856,47.225,1800.0,5.4,10.7,normal
1697521410.359,46.251,1800.0,3.5,10.7,normal
1697521410.861,46.251,1800.0,3.5,10.7,normal
1697521411.364,46.738,1800.0,3.5,10.7,normal
1697521411.869,47.225,700.0,4.0,10.7,normal
1697521412.374,46.738,600.0,4.9,10.7,normal
1697521412.88,46.738,600.0,7.4,10.6,normal
1697521413.383,47.225,1800.0,29.0,10.6,normal
1697521413.886,47.712,1800.0,22.5,10.7,normal
1697521414.388,46.738,1800.0,3.5,10.7,normal
1697521414.891,46.251,1800.0,4.0,10.7,normal
1697521415.394,47.225,1800.0,3.0,10.7,normal
1697521415.896,46.251,1800.0,3.5,10.7,normal
1697521416.399,47.225,1800.0,3.5,10.7,normal
1697521416.901,46.738,1800.0,3.5,10.7,normal
1697521417.404,47.712,1800.0,3.5,10.7,normal
1697521417.909,46.738,700.0,3.5,10.7,normal
1697521418.414,46.738,600.0,5.4,10.7,normal
1697521418.92,46.251,600.0,4.4,10.7,normal
1697521419.424,47.225,1800.0,25.1,10.4,normal
1697521419.926,47.225,1800.0,32.5,10.7,normal
1697521420.429,46.738,1800.0,4.0,10.7,normal
1697521420.931,46.251,1800.0,3.5,10.7,normal
1697521421.434,47.225,1800.0,3.9,10.7,normal
1697521421.937,47.712,1800.0,2.5,10.7,normal
1697521422.439,46.251,1800.0,3.0,10.7,normal
1697521422.942,47.225,1800.0,4.0,10.7,normal
1697521423.445,45.764,1800.0,3.5,10.7,normal
1697521423.947,47.225,1800.0,11.5,10.7,normal
1697521424.452,47.225,700.0,4.9,10.7,normal
1697521424.958,46.251,600.0,6.0,10.7,normal
1697521425.462,46.738,1800.0,17.9,10.2,normal
1697521425.965,48.199,1800.0,36.9,10.6,normal
1697521426.467,47.225,1800.0,3.5,10.6,normal
1697521426.97,47.225,1800.0,2.5,10.6,normal
1697521427.473,47.225,1800.0,2.0,10.7,normal
1697521427.975,46.251,1800.0,4.5,10.7,normal
1697521428.478,47.712,1800.0,2.5,10.7,normal
1697521428.98,46.738,1800.0,5.0,10.7,normal
1697521429.483,46.251,1800.0,3.0,10.7,normal
1697521429.985,46.251,1800.0,3.0,10.7,normal
1697521430.491,47.225,600.0,4.9,10.7,normal
1697521430.997,45.764,700.0,5.0,10.7,normal
1697521431.5,47.712,1800.0,20.8,10.3,normal
1697521432.003,47.225,1800.0,35.6,10.6,normal
1697521432.505,46.738,1800.0,3.5,10.6,normal
1697521433.008,47.225,1800.0,3.5,10.6,normal
1697521433.51,46.738,1800.0,5.0,10.7,normal
1697521434.013,46.738,1800.0,1.5,10.7,normal
1697521434.516,46.251,1800.0,4.0,10.7,normal
1697521435.019,47.225,1800.0,5.9,10.7,normal
1697521435.521,48.199,1800.0,3.5,10.7,normal
1697521436.024,46.738,1800.0,3.0,10.7,normal
1697521436.528,46.251,800.0,4.9,10.7,normal
1697521437.033,46.738,800.0,4.0,10.7,normal
1697521437.536,47.712,1800.0,24.3,10.4,normal
1697521438.039,47.225,1800.0,30.8,10.7,normal
1697521438.542,48.686,1800.0,3.0,10.7,normal
1697521439.044,47.712,1800.0,4.0,10.7,normal
1697521439.547,48.199,1800.0,4.5,10.7,normal
1697521440.049,46.738,1800.0,3.5,10.7,normal
1697521440.552,47.225,1800.0,3.5,10.7,normal
1697521441.054,47.225,1800.0,4.5,10.7,normal
1697521441.557,47.225,1800.0,2.5,10.7,normal
1697521442.059,46.738,1800.0,4.4,10.7,normal
1697521442.564,47.712,800.0,3.5,10.7,normal
1697521443.068,46.738,1100.0,4.5,10.7,normal
1697521443.57,47.712,1800.0,16.4,10.3,normal
1697521444.073,48.199,1800.0,35.7,10.7,normal
1697521444.576,47.225,1800.0,2.5,10.7,normal
1697521445.078,48.199,1800.0,4.0,10.7,normal
1697521445.581,47.225,1800.0,3.0,10.7,normal
1697521446.083,47.225,1800.0,3.5,10.7,normal
1697521446.586,46.738,1800.0,3.0,10.7,normal
1697521447.088,46.738,1800.0,4.0,10.7,normal
1697521447.591,46.251,1800.0,3.0,10.7,normal
1697521448.094,46.738,1800.0,4.4,10.7,normal
1697521448.597,46.251,1000.0,4.0,10.7,normal
1697521449.102,45.764,900.0,4.5,10.7,normal
1697521449.605,46.251,1100.0,9.5,9.7,normal
1697521450.108,47.712,1800.0,32.2,10.6,normal
1697521450.611,47.225,1800.0,21.5,10.7,normal
1697521451.113,48.199,1800.0,3.5,10.7,normal
1697521451.616,47.225,1800.0,3.0,10.7,normal
1697521452.118,47.712,1800.0,3.5,10.7,normal
1697521452.621,47.225,1800.0,3.0,10.7,normal
1697521453.123,46.738,1800.0,3.0,10.7,normal
1697521453.626,46.738,1800.0,3.5,10.7,normal
1697521454.129,47.225,1800.0,3.5,10.7,normal
1697521454.631,47.712,1800.0,3.5,10.7,normal
1697521455.135,46.251,900.0,5.4,10.7,normal
1697521455.639,47.712,1800.0,13.3,10.0,normal
1697521456.142,48.199,1800.0,31.5,10.6,normal
1697521456.645,47.712,1800.0,15.0,10.7,normal
1697521457.147,47.712,1800.0,3.0,10.7,normal
1697521457.65,46.738,1800.0,3.5,10.7,normal
1697521458.153,47.225,1800.0,3.5,10.7,normal
1697521458.655,48.199,1800.0,4.5,10.7,normal
1697521459.158,46.251,1800.0,3.5,10.7,normal
1697521459.66,46.251,1800.0,2.0,10.7,normal
1697521460.163,46.738,1800.0,4.4,10.7,normal
1697521460.669,45.764,700.0,4.4,10.7,normal
1697521461.174,46.251,825.0,5.0,10.7,normal
1697521461.681,46.251,675.0,4.9,10.7,normal
1697521462.186,47.225,1800.0,28.4,10.4,normal
1697521462.688,46.738,1800.0,26.5,10.7,normal
1697521463.191,46.738,1800.0,3.9,10.7,normal
1697521463.694,48.199,1800.0,3.0,10.7,normal
1697521464.196,46.738,1800.0,3.5,10.7,normal
1697521464.699,46.738,1800.0,3.5,10.7,normal
1697521465.202,47.225,1800.0,5.0,10.7,normal
1697521465.704,47.225,1800.0,3.5,10.7,normal
1697521466.207,47.712,1800.0,3.9,10.7,normal
1697521466.709,46.251,1800.0,2.5,10.7,normal
1697521467.214,45.764,700.0,5.9,10.7,normal
1697521467.718,46.738,1000.0,8.5,9.6,normal
1697521468.221,47.712,1800.0,29.0,10.5,normal
1697521468.724,46.738,1800.0,21.9,10.7,normal
1697521469.226,47.712,1800.0,3.5,10.7,normal
1697521469.729,48.199,1800.0,4.0,10.7,normal
1697521470.231,46.738,1800.0,4.0,10.7,normal
1697521470.734,47.225,1800.0,3.5,10.7,normal
1697521471.236,46.738,1800.0,4.0,10.7,normal
1697521471.739,46.738,1800.0,3.0,10.7,normal
1697521472.241,46.738,1800.0,4.0,10.7,normal
1697521472.744,47.225,1800.0,3.5,10.7,normal
1697521473.249,46.738,600.0,5.4,10.7,normal
1697521473.753,46.738,1800.0,10.5,9.7,normal
1697521474.258,47.712,1800.0,29.4,10.5,normal
1697521474.76,47.225,1800.0,20.0,10.7,normal
1697521475.263,47.225,1800.0,3.5,10.7,normal
1697521475.766,46.738,1800.0,3.9,10.7,normal
1697521476.268,46.251,1800.0,3.0,10.7,normal
1697521476.771,47.225,1800.0,3.5,10.7,normal
1697521477.273,47.225,1800.0,3.5,10.7,normal
1697521477.776,47.225,1800.0,3.5,10.7,normal
1697521478.278,47.225,1800.0,4.4,10.7,normal
1697521478.783,46.738,700.0,2.5,10.7,normal
1697521479.289,46.738,600.0,5.9,10.7,normal
1697521479.792,47.225,1800.0,17.3,10.1,normal
1697521480.295,47.225,1800.0,37.0,10.6,normal
1697521480.797,46.738,1800.0,5.5,10.7,normal
1697521481.3,46.251,1800.0,4.5,10.7,normal
1697521481.802,48.199,1800.0,4.0,10.7,normal
1697521482.305,46.251,1800.0,3.0,10.7,normal
1697521482.808,46.738,1800.0,3.9,10.7,normal
1697521483.31,46.251,1800.0,4.0,10.7,normal
1697521483.813,46.251,1800.0,3.5,10.7,normal
1697521484.315,47.225,1800.0,3.5,10.7,normal
1697521484.82,47.225,700.0,5.0,10.7,normal
1697521485.326,45.764,600.0,6.4,10.7,normal
1697521485.829,45.764,1800.0,8.5,9.7,normal
1697521486.332,48.199,1800.0,27.7,10.5,normal
1697521486.835,47.225,1800.0,19.6,10.7,normal
1697521487.337,47.225,1800.0,3.5,10.7,normal
1697521487.84,46.251,1800.0,2.0,10.7,normal
1697521488.342,47.712,1800.0,3.0,10.7,normal
1697521488.845,46.738,1800.0,3.5,10.7,normal
1697521489.347,47.225,1800.0,2.5,10.7,normal
1697521489.85,46.251,1800.0,2.5,10.7,normal
1697521490.353,47.225,1800.0,1.5,10.7,normal
1697521490.857,46.738,700.0,1.5,10.7,normal
1697521491.36,46.251,1800.0,8.9,10.7,normal
1697521491.863,45.764,1800.0,3.0,10.7,normal
1697521492.366,47.225,1800.0,26.5,10.5,normal
1697521492.868,47.712,1800.0,26.1,10.7,normal
1697521493.371,46.738,1800.0,4.0,10.7,normal
1697521493.874,47.712,1800.0,2.5,10.7,normal
1697521494.376,47.225,1800.0,4.9,10.7,normal
1697521494.879,47.225,1800.0,4.5,10.7,normal
1697521495.386,46.251,1800.0,3.9,10.7,normal
1697521495.889,47.712,1800.0,2.5,10.7,normal
1697521496.394,46.738,600.0,4.4,10.7,normal
1697521496.9,46.738,600.0,4.0,10.7,normal
1697521497.406,46.251,600.0,4.9,10.7,normal
1697521497.911,46.251,800.0,8.4,9.7,normal
1697521498.414,46.738,1800.0,29.0,10.6,normal
1697521498.917,46.738,1800.0,22.4,10.7,normal
1697521499.419,47.225,1800.0,3.0,10.7,normal
1697521499.922,46.738,1800.0,5.0,10.7,normal
1697521500.443,46.738,1800.0,2.9,10.7,normal
1697521500.946,46.738,1800.0,3.9,10.7,normal
1697521501.449,47.712,1800.0,4.0,10.7,normal
1697521501.951,46.738,1800.0,3.5,10.7,normal
1697521502.454,47.712,1800.0,4.0,10.7,normal
1697521502.957,46.251,1800.0,3.0,10.7,normal
1697521503.464,46.738,600.0,5.4,10.7,normal
1697521503.97,46.738,600.0,4.5,10.7,normal
1697521504.474,47.712,1800.0,27.9,10.5,normal
1697521504.977,47.225,1800.0,28.4,10.7,normal
1697521505.48,46.251,1800.0,4.0,10.7,normal
1697521505.983,47.225,1800.0,3.0,10.7,normal
1697521506.486,46.251,1800.0,4.5,10.7,normal
1697521506.988,46.251,1800.0,3.5,10.7,normal
1697521507.491,46.738,1800.0,3.5,10.7,normal
1697521507.993,46.251,1800.0,3.0,10.7,normal
1697521508.497,47.712,1800.0,3.5,10.7,normal
1697521508.999,47.225,1800.0,4.5,10.7,normal
1697521509.505,46.738,600.0,3.5,10.7,normal
1697521510.011,46.738,600.0,4.9,10.7,normal
1697521510.518,48.199,1800.0,18.2,10.3,normal
1697521511.021,48.199,1800.0,36.0,10.7,normal
1697521511.524,46.738,1800.0,3.0,10.7,normal
1697521512.026,47.225,1800.0,3.5,10.7,normal
1697521512.529,47.712,1800.0,3.5,10.7,normal
1697521513.031,47.712,1800.0,3.5,10.7,normal
1697521513.534,47.712,1800.0,3.5,10.7,normal
1697521514.036,46.738,1800.0,2.5,10.7,normal
1697521514.539,47.712,1800.0,4.0,10.7,normal
1697521515.042,48.199,1800.0,5.0,10.7,normal
1697521515.546,46.738,700.0,4.9,10.7,normal
1697521516.051,47.225,900.0,4.5,10.7,normal
1697521516.554,47.225,1800.0,14.5,10.2,normal
1697521517.056,48.686,1800.0,37.4,10.7,normal
1697521517.559,47.712,1800.0,7.5,10.7,normal
1697521518.061,47.225,1800.0,3.5,10.7,normal
1697521518.564,47.712,1800.0,4.0,10.7,normal
1697521519.067,46.738,1800.0,3.0,10.8,normal
1697521519.569,47.712,1800.0,3.5,10.8,normal
1697521520.072,47.225,1800.0,3.5,10.8,normal
1697521520.574,47.225,1800.0,5.4,10.8,normal
1697521521.077,47.225,1800.0,3.0,10.8,normal
1697521521.581,48.199,800.0,3.5,10.8,normal
1697521522.086,46.251,900.0,4.5,10.8,normal
1697521522.589,47.225,1800.0,17.9,10.3,normal
1697521523.091,49.173,1800.0,38.1,10.7,normal
1697521523.594,47.225,1800.0,3.9,10.7,normal
1697521524.097,47.225,1800.0,3.0,10.7,normal
1697521524.599,48.199,1800.0,3.5,10.7,normal
1697521525.102,46.738,1800.0,5.0,10.7,normal
1697521525.604,46.251,1800.0,3.5,10.7,normal
1697521526.107,47.225,1800.0,3.0,10.7,normal
1697521526.609,47.225,1800.0,3.0,10.7,normal
1697521527.112,47.225,1800.0,3.5,10.8,normal
1697521527.616,46.251,1000.0,3.5,10.8,normal
1697521528.12,46.738,1000.0,4.5,10.8,normal
1697521528.623,46.251,1800.0,21.5,10.3,normal
1697521529.126,48.686,1800.0,32.0,10.7,normal
1697521529.628,47.225,1800.0,3.5,10.6,normal
1697521530.131,47.225,1800.0,4.5,10.6,normal
1697521530.634,47.712,1800.0,3.0,10.6,normal
1697521531.136,47.225,1800.0,3.5,10.7,normal
1697521531.639,46.738,1800.0,3.0,10.7,normal
1697521532.141,47.712,1800.0,3.5,10.7,normal
1697521532.644,46.738,1800.0,3.0,10.7,normal
1697521533.147,47.225,1800.0,5.0,10.7,normal
1697521533.651,47.225,800.0,4.4,10.7,normal
1697521534.155,47.712,800.0,4.0,10.7,normal
1697521534.658,47.712,1800.0,14.9,10.2,normal
1697521535.161,48.199,1800.0,38.7,10.6,normal
1697521535.664,47.712,1800.0,7.0,10.7,normal
1697521536.167,47.712,1800.0,2.5,10.7,normal
1697521536.669,46.738,1800.0,3.5,10.7,normal
1697521537.172,47.225,1800.0,3.0,10.7,normal
1697521537.674,46.738,1800.0,4.5,10.7,normal
1697521538.177,46.738,1800.0,3.5,10.7,normal
1697521538.679,47.712,1800.0,3.5,10.7,normal
1697521539.182,46.251,1800.0,3.0,10.7,normal
1697521539.687,47.225,700.0,3.9,10.7,normal
1697521540.191,47.225,1000.0,6.9,10.7,normal
1697521540.694,48.199,1800.0,18.0,10.3,normal
1697521541.196,47.712,1800.0,37.5,10.6,normal
1697521541.699,47.712,1800.0,3.5,10.6,normal
1697521542.202,47.225,1800.0,4.0,10.6,normal
1697521542.704,46.738,1800.0,3.0,10.6,normal
1697521543.207,47.712,1800.0,3.5,10.7,normal
1697521543.709,46.251,1800.0,2.5,10.7,normal
1697521544.212,46.738,1800.0,4.5,10.7,normal
1697521544.714,46.738,1800.0,3.5,10.7,normal
1697521545.217,46.251,1800.0,4.0,10.7,normal
1697521545.722,46.738,700.0,4.9,10.7,normal
1697521546.226,47.225,800.0,4.9,10.7,normal
1697521546.729,48.686,1800.0,20.1,10.2,normal
1697521547.232,46.251,1800.0,32.7,10.6,normal
1697521547.734,47.225,1800.0,3.4,10.6,normal
1697521548.237,46.251,1800.0,2.5,10.6,normal
1697521548.739,47.225,1800.0,3.0,10.6,normal
1697521549.242,46.251,1800.0,4.5,10.7,normal
1697521549.744,47.712,1800.0,2.5,10.7,normal
1697521550.247,47.712,1800.0,5.4,10.7,normal
1697521550.75,47.225,1800.0,3.5,10.7,normal
1697521551.252,47.225,1800.0,3.0,10.7,normal
1697521551.758,46.738,600.0,3.9,10.7,normal
1697521552.265,45.764,600.0,4.5,10.7,normal
1697521552.768,47.712,1800.0,15.3,10.1,normal
1697521553.275,48.199,1800.0,38.2,10.6,normal
1697521553.778,47.225,1800.0,6.0,10.6,normal
1697521554.28,46.738,1800.0,3.0,10.6,normal
1697521554.783,46.738,1800.0,4.5,10.7,normal
1697521555.286,47.225,1800.0,4.0,10.7,normal
1697521555.788,46.738,1800.0,4.9,10.7,normal
1697521556.291,47.712,1800.0,3.0,10.7,normal
1697521556.793,46.738,1800.0,3.0,10.7,normal
1697521557.296,46.251,1800.0,4.5,10.7,normal
1697521557.801,47.225,700.0,3.0,10.7,normal
1697521558.307,46.251,600.0,4.4,10.7,normal
1697521558.813,47.225,800.0,7.5,10.6,normal
1697521559.316,47.225,1800.0,29.9,10.5,normal
1697521559.819,47.225,1800.0,24.5,10.7,normal
1697521560.321,47.712,1800.0,4.5,10.7,normal
1697521560.824,45.764,1800.0,3.5,10.7,normal
1697521561.327,46.738,1800.0,4.5,10.7,normal
1697521561.83,48.199,1800.0,3.0,10.7,normal
1697521562.332,46.251,1800.0,3.5,10.7,normal
1697521562.835,46.738,1800.0,4.0,10.7,normal
1697521563.337,47.225,1800.0,4.0,10.7,normal
1697521563.84,46.738,1800.0,4.4,10.7,normal
1697521564.345,47.225,600.0,4.5,10.7,normal
1697521564.851,45.764,700.0,5.0,10.7,normal
1697521565.354,47.712,1800.0,26.7,10.3,normal
1697521565.857,46.738,1800.0,31.5,10.6,normal
1697521566.359,48.199,1800.0,3.0,10.6,normal
1697521566.862,47.225,1800.0,3.5,10.6,normal
1697521567.364,47.225,1800.0,3.5,10.7,normal
1697521567.867,46.738,1800.0,3.0,10.7,normal
1697521568.369,46.738,1800.0,3.5,10.7,normal
1697521568.872,46.738,1800.0,2.5,10.7,normal
1697521569.374,46.251,1800.0,3.5,10.7,normal
1697521569.877,48.199,1800.0,4.5,10.7,normal
1697521570.382,46.738,600.0,3.0,10.7,normal
1697521570.888,46.738,600.0,4.5,10.7,normal
1697521571.391,47.225,1800.0,27.0,10.5,normal
1697521571.894,46.738,1800.0,27.1,10.7,normal
1697521572.396,45.764,1800.0,3.9,10.7,normal
1697521572.899,46.251,1800.0,3.0,10.7,normal
1697521573.402,47.225,1800.0,2.5,10.7,normal
1697521573.904,47.225,1800.0,5.0,10.7,normal
1697521574.407,46.251,1800.0,3.5,10.7,normal
1697521574.909,47.225,1800.0,4.9,10.7,normal
1697521575.412,47.225,1800.0,3.0,10.7,normal
1697521575.914,47.225,1800.0,4.5,10.7,normal
1697521576.42,47.225,600.0,4.4,10.7,normal
1697521576.927,47.225,900.0,8.9,10.5,normal
1697521577.43,46.738,1800.0,28.4,10.5,normal
1697521577.932,47.225,1800.0,23.0,10.7,normal
1697521578.435,46.738,1800.0,3.0,10.7,normal
1697521578.937,46.738,1800.0,3.5,10.7,normal
1697521579.44,47.225,1800.0,3.5,10.7,normal
1697521579.942,47.225,1800.0,4.5,10.7,normal
1697521580.445,47.225,1800.0,2.5,10.7,normal
1697521580.947,46.251,1800.0,2.5,10.7,normal
1697521581.45,47.712,1800.0,4.5,10.7,normal
1697521581.955,47.712,700.0,4.0,10.7,normal
1697521582.461,46.738,600.0,5.9,10.7,normal
1697521582.967,46.738,600.0,4.5,10.7,normal
1697521583.471,47.225,1800.0,24.9,10.3,normal
1697521583.973,46.738,1800.0,31.3,10.6,normal
1697521584.476,47.225,1800.0,2.0,10.6,normal
1697521584.979,46.738,1800.0,6.4,10.6,normal
1697521585.481,46.251,1800.0,3.5,10.6,normal
1697521585.984,47.225,1800.0,4.5,10.6,normal
1697521586.487,48.199,1800.0,3.9,10.7,normal
1697521586.989,48.199,1800.0,3.0,10.7,normal
1697521587.492,47.225,1800.0,3.5,10.7,normal
1697521587.994,46.738,1800.0,4.0,10.7,normal
1697521588.5,45.764,600.0,4.5,10.7,normal
1697521589.006,46.738,600.0,5.0,10.6,normal
1697521589.509,47.225,1800.0,28.5,10.5,normal
1697521590.012,48.199,1800.0,27.5,10.7,normal
1697521590.514,46.738,1800.0,3.0,10.7,normal
1697521591.017,47.712,1800.0,3.0,10.7,normal
1697521591.519,47.712,1800.0,4.0,10.7,normal
1697521592.022,46.738,1800.0,3.5,10.7,normal
1697521592.524,47.712,1800.0,3.0,10.7,normal
1697521593.027,47.225,1800.0,3.9,10.7,normal
1697521593.529,47.712,1800.0,4.5,10.7,normal
1697521594.032,46.738,1800.0,3.0,10.7,normal
1697521594.537,47.225,600.0,5.0,10.7,normal
1697521595.042,46.251,900.0,5.4,10.7,normal
1697521595.545,47.712,1800.0,22.9,10.4,normal
1697521596.047,47.225,1800.0,32.0,10.7,normal
1697521596.55,46.251,1800.0,3.5,10.7,normal
1697521597.052,46.738,1800.0,3.0,10.7,normal
1697521597.555,46.738,1800.0,4.0,10.7,normal
1697521598.058,48.199,1800.0,4.0,10.7,normal
1697521598.56,46.738,1800.0,4.0,10.7,normal
1697521599.063,47.712,1800.0,3.5,10.7,normal
1697521599.565,47.712,1800.0,3.5,10.7,normal
1697521600.068,47.225,1800.0,5.4,10.7,normal
1697521600.572,46.251,900.0,4.5,10.7,normal
1697521601.076,47.712,900.0,5.4,10.7,normal
1697521601.579,47.712,1800.0,14.4,10.2,normal
1697521602.082,48.199,1800.0,38.0,10.6,normal
1697521602.584,47.712,1800.0,6.5,10.6,normal
1697521603.087,47.712,1800.0,3.5,10.6,normal
1697521603.59,46.738,1800.0,3.0,10.6,normal
1697521604.092,48.199,1800.0,4.0,10.6,normal
1697521604.595,47.225,1800.0,3.0,10.6,normal
1697521605.097,46.251,1800.0,5.0,10.6,normal
1697521605.6,47.225,1800.0,3.0,10.7,normal
1697521606.102,46.738,1800.0,2.0,10.7,normal
1697521606.608,46.738,600.0,1.5,10.7,normal
1697521607.113,47.225,800.0,3.0,10.7,normal
1697521607.616,46.738,1800.0,12.8,9.6,normal
1697521608.119,47.225,1800.0,26.7,10.5,normal
1697521608.622,46.738,1800.0,20.2,10.7,normal
1697521609.124,47.225,1800.0,4.5,10.7,normal
1697521609.627,47.225,1800.0,3.5,10.7,normal
1697521610.129,46.251,1800.0,4.9,10.7,normal
1697521610.632,47.712,1800.0,2.0,10.7,normal
1697521611.135,46.738,1800.0,2.5,10.7,normal
1697521611.637,47.225,1800.0,2.0,10.7,normal
1697521612.14,46.738,1800.0,3.0,10.7,normal
1697521612.644,46.738,700.0,3.5,10.7,normal
1697521613.149,45.764,800.0,3.5,10.7,normal
1697521613.652,47.225,1800.0,14.4,10.1,normal
1697521614.156,47.712,1800.0,36.1,10.7,normal
1697521614.659,47.225,1800.0,10.0,10.7,normal
1697521615.162,46.738,1800.0,4.0,10.7,normal
1697521615.664,46.738,1800.0,3.5,10.7,normal
1697521616.167,46.738,1800.0,4.0,10.7,normal
1697521616.669,46.251,1800.0,3.5,10.7,normal
1697521617.172,46.738,1800.0,3.5,10.7,normal
1697521617.674,47.712,1800.0,3.0,10.7,normal
1697521618.177,47.225,1800.0,3.0,10.7,normal
1697521618.682,47.225,700.0,4.0,10.8,normal
1697521619.186,46.738,800.0,4.0,10.7,normal
1697521619.691,46.251,800.0,5.0,10.6,normal
1697521620.194,47.225,1800.0,28.4,10.5,normal
1697521620.697,47.225,1800.0,24.7,10.7,normal
1697521621.2,47.225,1800.0,5.4,10.7,normal
1697521621.702,46.738,1800.0,3.5,10.7,normal
1697521622.205,46.251,1800.0,3.0,10.7,normal
1697521622.707,46.738,1800.0,4.0,10.7,normal
1697521623.21,47.225,1800.0,3.0,10.7,normal
1697521623.712,47.225,1800.0,3.0,10.7,normal
1697521624.215,46.251,1800.0,3.5,10.7,normal
1697521624.718,47.225,1800.0,4.0,10.7,normal
1697521625.222,45.764,700.0,5.9,10.7,normal
1697521625.727,45.277,800.0,5.4,10.7,normal
1697521626.23,47.225,1800.0,22.0,10.2,normal
1697521626.732,47.225,1800.0,33.2,10.6,normal
1697521627.235,47.225,1800.0,4.0,10.6,normal
1697521627.738,47.225,1800.0,3.0,10.7,normal
1697521628.24,46.738,1800.0,4.4,10.7,normal
1697521628.743,47.225,1800.0,3.0,10.7,normal
1697521629.245,47.225,1800.0,5.0,10.7,normal
1697521629.748,46.738,1800.0,3.5,10.7,normal
1697521630.25,46.738,1800.0,4.5,10.7,normal
1697521630.753,47.712,1800.0,3.9,10.7,normal
1697521631.258,47.225,600.0,4.5,10.7,normal
1697521631.764,47.225,600.0,5.0,10.7,normal
1697521632.268,48.199,1800.0,25.7,10.3,normal
1697521632.77,47.712,1800.0,28.6,10.6,normal
1697521633.273,47.225,1800.0,4.0,10.7,normal
1697521633.775,47.225,1800.0,2.5,10.7,normal
1697521634.278,46.251,1800.0,3.5,10.7,normal
1697521634.78,46.738,1800.0,3.5,10.7,normal
1697521635.283,46.738,1800.0,4.9,10.7,normal
1697521635.786,46.738,1800.0,4.0,10.7,normal
1697521636.288,47.225,1800.0,3.5,10.7,normal
1697521636.791,47.225,1800.0,2.5,10.7,normal
1697521637.296,47.225,600.0,4.0,10.7,normal
1697521637.803,46.738,600.0,7.9,10.6,normal
1697521638.306,48.686,1800.0,28.7,10.5,normal
1697521638.809,47.225,1800.0,25.0,10.7,normal
1697521639.311,47.225,1800.0,2.5,10.7,normal
1697521639.814,47.225,1800.0,5.0,10.7,normal
1697521640.317,47.225,1800.0,3.0,10.7,normal
1697521640.82,47.712,1800.0,3.5,10.7,normal
1697521641.323,47.225,1800.0,2.5,10.7,normal
1697521641.825,48.199,1800.0,4.0,10.7,normal
1697521642.327,46.738,1800.0,2.5,10.7,normal
1697521642.83,46.251,1800.0,3.5,10.7,normal
1697521643.335,45.764,600.0,4.9,10.7,normal
1697521643.841,46.738,600.0,5.4,10.7,normal
1697521644.344,47.712,1800.0,21.9,10.3,normal
1697521644.847,47.225,1800.0,35.6,10.7,normal
1697521645.349,47.712,1800.0,3.5,10.7,normal
1697521645.852,46.251,1800.0,4.5,10.7,normal
1697521646.355,47.712,1800.0,4.4,10.7,normal
1697521646.857,47.225,1800.0,2.0,10.7,normal
1697521647.36,45.764,1800.0,3.5,10.7,normal
1697521647.862,46.738,1800.0,4.5,10.7,normal
1697521648.364,46.738,1800.0,2.5,10.7,normal
1697521648.867,47.225,1800.0,4.0,10.7,normal
1697521649.373,47.225,600.0,3.4,10.7,normal
1697521649.877,45.764,800.0,6.4,10.7,normal
1697521650.381,47.712,1800.0,27.1,10.4,normal
1697521650.883,48.199,1800.0,28.4,10.7,normal
1697521651.386,45.764,1800.0,3.0,10.7,normal
1697521651.888,48.199,1800.0,3.0,10.7,normal
1697521652.391,46.738,1800.0,3.4,10.7,normal
1697521652.893,46.738,1800.0,2.0,10.7,normal
1697521653.396,46.251,1800.0,2.5,10.7,normal
1697521653.898,46.251,1800.0,2.5,10.7,normal
1697521654.401,46.738,1800.0,3.9,10.7,normal
1697521654.904,47.712,1800.0,3.5,10.7,normal
1697521655.409,46.738,600.0,3.4,10.7,normal
1697521655.915,45.277,600.0,5.0,10.7,normal
1697521656.418,47.712,1800.0,19.4,10.3,normal
1697521656.92,48.199,1800.0,34.7,10.7,normal
1697521657.423,46.738,1800.0,3.9,10.7,normal
1697521657.926,47.712,1800.0,4.0,10.7,normal
1697521658.428,48.199,1800.0,3.9,10.7,normal
1697521658.931,46.738,1800.0,2.5,10.7,normal
1697521659.433,46.251,1800.0,3.5,10.7,normal
1697521659.936,46.738,1800.0,4.0,10.7,normal
1697521660.438,46.251,1800.0,4.0,10.7,normal
1697521660.941,47.225,1800.0,3.5,10.7,normal
1697521661.446,45.764,600.0,3.5,10.7,normal
1697521661.952,47.225,600.0,4.4,10.7,normal
1697521662.456,47.225,1800.0,12.9,10.1,normal
1697521662.959,47.712,1800.0,33.3,10.6,normal
1697521663.462,48.199,1800.0,13.5,10.6,normal
1697521663.965,47.225,1800.0,3.5,10.6,normal
1697521664.468,46.738,1800.0,5.0,10.6,normal
1697521664.97,47.712,1800.0,4.5,10.6,normal
1697521665.473,46.738,1800.0,3.5,10.7,normal
1697521665.976,47.225,1800.0,4.5,10.7,normal
1697521666.478,47.225,1800.0,2.0,10.7,normal
1697521666.981,46.738,1800.0,2.5,10.7,normal
1697521667.486,47.225,800.0,2.5,10.7,normal
1697521667.992,47.225,600.0,3.9,10.7,normal
1697521668.495,46.738,1800.0,14.0,10.3,normal
1697521668.997,48.686,1800.0,40.2,10.6,normal
1697521669.5,48.199,1800.0,4.5,10.7,normal
1697521670.002,48.199,1800.0,5.4,10.7,normal
1697521670.505,47.225,1800.0,3.0,10.7,normal
1697521671.008,47.712,1800.0,3.5,10.7,normal
1697521671.51,47.712,1800.0,3.0,10.7,normal
1697521672.013,47.225,1800.0,3.5,10.7,normal
1697521672.515,47.712,1800.0,4.0,10.7,normal
1697521673.018,46.251,1800.0,3.5,10.7,normal
1697521673.523,46.738,600.0,5.0,10.7,normal
1697521674.028,46.738,600.0,4.5,10.7,normal
1697521674.531,47.225,1800.0,19.0,10.3,normal
1697521675.034,48.686,1800.0,39.4,10.7,normal
1697521675.537,46.738,1800.0,3.0,10.8,normal
1697521676.039,46.738,1800.0,3.0,10.8,normal
1697521676.542,47.712,1800.0,3.5,10.8,normal
1697521677.044,47.225,1800.0,4.0,10.8,normal
1697521677.547,46.738,1800.0,3.0,10.8,normal
1697521678.05,47.225,1800.0,3.0,10.8,normal
1697521678.552,47.225,1800.0,3.5,10.8,normal
1697521679.055,47.712,1800.0,4.0,10.8,normal
1697521679.559,46.738,700.0,3.0,10.8,normal
1697521680.064,47.225,800.0,5.4,10.8,normal
1697521680.567,47.225,1800.0,11.3,9.6,normal
1697521681.07,47.712,1800.0,29.9,10.6,normal
1697521681.572,47.225,1800.0,21.1,10.7,normal
1697521682.075,46.738,1800.0,3.5,10.7,normal
1697521682.577,48.686,1800.0,3.5,10.7,normal
1697521683.08,48.199,1800.0,4.0,10.7,normal
1697521683.582,46.251,1800.0,3.0,10.7,normal
1697521684.085,47.225,1800.0,2.5,10.7,normal
1697521684.587,46.738,1800.0,3.0,10.7,normal
1697521685.09,47.712,1800.0,5.0,10.7,normal
1697521685.595,47.225,700.0,3.0,10.7,normal
1697521686.1,47.225,800.0,4.4,10.7,normal
1697521686.604,46.251,800.0,4.0,10.7,normal
1697521687.108,46.738,1800.0,27.9,10.4,normal
1697521687.61,47.225,1800.0,28.1,10.6,normal
1697521688.113,47.712,1800.0,3.0,10.6,normal
1697521688.615,47.712,1800.0,3.5,10.6,normal
1697521689.118,47.225,1800.0,3.5,10.6,normal
1697521689.621,47.225,1800.0,3.5,10.6,normal
1697521690.123,46.251,1800.0,4.5,10.7,normal
1697521690.626,47.225,1800.0,3.5,10.7,normal
1697521691.128,47.225,1800.0,4.0,10.7,normal
1697521691.631,47.712,1800.0,3.0,10.7,normal
1697521692.135,46.738,900.0,4.5,10.7,normal
1697521692.639,46.738,1000.0,5.0,10.6,normal
1697521693.143,46.738,1800.0,29.1,10.5,normal
1697521693.645,47.712,1800.0,23.6,10.7,normal
1697521694.148,45.764,1800.0,3.0,10.7,normal
1697521694.65,46.738,1800.0,2.5,10.7,normal
1697521695.153,46.738,1800.0,5.5,10.7,normal
1697521695.655,47.225,1800.0,3.0,10.7,normal
1697521696.158,47.712,1800.0,3.0,10.7,normal
1697521696.661,46.738,1800.0,3.0,10.7,normal
1697521697.163,47.225,1800.0,3.0,10.7,normal
1697521697.666,46.251,1800.0,3.9,10.7,normal
1697521698.17,46.251,800.0,4.0,10.7,normal
1697521698.675,46.738,700.0,4.0,10.7,normal
1697521699.178,48.199,1800.0,21.4,10.3,normal
1697521699.681,48.199,1800.0,34.0,10.7,normal
1697521700.183,47.225,1800.0,4.5,10.7,normal
1697521700.686,47.225,1800.0,3.5,10.7,normal
1697521701.188,47.225,1800.0,4.0,10.7,normal
1697521701.691,46.738,1800.0,3.0,10.7,normal
1697521702.194,46.251,1800.0,4.0,10.7,normal
1697521702.696,46.251,1800.0,3.5,10.7,normal
1697521703.199,46.738,1800.0,4.0,10.7,normal
1697521703.701,46.738,1800.0,3.0,10.7,normal
1697521704.206,46.251,700.0,3.5,10.7,normal
1697521704.711,46.738,800.0,5.4,10.7,normal
1697521705.214,47.712,1800.0,14.4,10.0,normal
1697521705.72,47.225,1800.0,34.0,10.6,normal
1697521706.223,46.738,1800.0,12.9,10.6,normal
1697521706.725,47.225,1800.0,3.5,10.6,normal
1697521707.228,47.225,1800.0,3.5,10.6,normal
1697521707.73,46.251,1800.0,3.5,10.7,normal
1697521708.233,46.738,1800.0,3.0,10.6,normal
1697521708.735,46.738,1800.0,3.0,10.7,normal
1697521709.238,47.225,1800.0,3.5,10.7,normal
1697521709.74,47.225,1800.0,3.0,10.7,normal
1697521710.245,46.251,700.0,5.4,10.7,normal
1697521710.75,46.251,700.0,5.0,10.7,normal
1697521711.253,47.712,1800.0,17.4,10.3,normal
1697521711.756,47.225,1800.0,36.9,10.6,normal
1697521712.259,47.712,1800.0,4.4,10.7,normal
1697521712.761,47.712,1800.0,2.5,10.7,normal
1697521713.264,47.712,1800.0,4.5,10.7,normal
1697521713.766,47.225,1800.0,4.0,10.7,normal
1697521714.269,48.199,1800.0,3.5,10.7,normal
1697521714.771,46.738,1800.0,4.0,10.7,normal
1697521715.274,46.738,1800.0,5.0,10.7,normal
1697521715.776,46.251,1800.0,3.5,10.7,normal
1697521716.281,47.225,800.0,4.0,10.7,normal
1697521716.786,47.712,700.0,4.9,10.7,normal
1697521717.29,46.738,1125.0,12.3,9.7,normal
1697521717.793,48.199,1800.0,29.4,10.5,normal
1697521718.295,47.225,1800.0,20.9,10.7,normal
1697521718.798,47.712,1800.0,3.0,10.7,normal
1697521719.3,46.738,1800.0,4.5,10.7,normal
1697521719.803,47.225,1800.0,4.5,10.7,normal
1697521720.305,46.251,1800.0,3.5,10.7,normal
1697521720.808,46.251,1800.0,3.5,10.7,normal
1697521721.31,46.738,1800.0,4.0,10.7,normal
1697521721.813,46.251,1800.0,3.5,10.7,normal
1697521722.315,48.199,1800.0,3.0,10.7,normal
1697521722.821,45.764,600.0,5.0,10.7,normal
1697521723.324,47.712,1800.0,16.4,10.2,normal
1697521723.827,48.686,1800.0,37.0,10.6,normal
1697521724.33,47.712,1800.0,6.0,10.7,normal
1697521724.833,47.225,1800.0,3.5,10.7,normal
1697521725.336,47.712,1800.0,4.0,10.7,normal
1697521725.838,47.225,1800.0,3.0,10.7,normal
1697521726.341,47.712,1800.0,3.5,10.7,normal
1697521726.843,47.225,1800.0,3.0,10.7,normal
1697521727.346,46.251,1800.0,1.0,10.7,normal
1697521727.848,46.251,1800.0,2.5,10.7,normal
1697521728.353,47.712,700.0,3.0,10.7,normal
1697521728.857,46.738,1000.0,7.5,10.7,normal
1697521729.363,46.738,600.0,6.0,10.6,normal
1697521729.866,47.712,1800.0,30.5,10.5,normal
1697521730.369,47.225,1800.0,23.9,10.7,normal
1697521730.872,46.738,1800.0,4.5,10.7,normal
1697521731.374,47.225,1800.0,3.5,10.7,normal
1697521731.877,46.738,1800.0,3.0,10.7,normal
1697521732.379,47.225,1800.0,3.0,10.7,normal
1697521732.882,46.738,1800.0,3.5,10.7,normal
1697521733.384,47.225,1800.0,4.0,10.7,normal
1697521733.887,48.199,1800.0,4.5,10.7,normal
1697521734.389,47.225,1800.0,3.0,10.7,normal
1697521734.894,47.225,800.0,5.4,10.7,normal
1697521735.4,46.251,600.0,4.4,10.7,normal
1697521735.903,48.199,1800.0,24.1,10.4,normal
1697521736.406,47.225,1800.0,29.7,10.7,normal
1697521736.909,47.225,1800.0,2.0,10.7,normal
1697521737.411,48.199,1800.0,3.5,10.7,normal
1697521737.914,47.225,1800.0,2.5,10.7,normal
1697521738.416,47.712,1800.0,3.0,10.7,normal
1697521738.919,46.738,1800.0,3.5,10.7,normal
1697521739.421,47.225,1800.0,3.0,10.7,normal
1697521739.924,46.251,1800.0,4.9,10.7,normal
1697521740.426,47.225,1800.0,3.5,10.7,normal
1697521740.932,46.738,600.0,4.0,10.7,normal
1697521741.438,46.251,600.0,5.0,10.7,normal
1697521741.941,47.225,1800.0,17.5,10.3,normal
1697521742.443,48.199,1800.0,37.8,10.7,normal
1697521742.946,47.712,1800.0,3.5,10.7,normal
1697521743.448,47.225,1800.0,4.0,10.7,normal
1697521743.951,45.764,1800.0,3.0,10.7,normal
1697521744.454,46.251,1800.0,4.5,10.7,normal
1697521744.956,47.712,1800.0,4.0,10.7,normal
1697521745.46,46.738,1800.0,4.0,10.7,normal
1697521745.962,47.225,1800.0,3.0,10.7,normal
1697521746.465,47.225,1800.0,4.0,10.7,normal
1697521746.97,46.738,600.0,2.5,10.7,normal
1697521747.477,45.764,600.0,5.4,10.7,normal
1697521747.981,46.738,1800.0,11.5,9.9,normal
1697521748.485,48.199,1800.0,33.8,10.6,normal
1697521748.987,48.199,1800.0,14.4,10.6,normal
1697521749.49,48.199,1800.0,2.5,10.6,normal
1697521749.992,47.712,1800.0,5.0,10.6,normal
1697521750.495,46.251,1800.0,3.5,10.6,normal
1697521750.998,47.225,1800.0,4.9,10.7,normal
1697521751.5,46.738,1800.0,2.0,10.7,normal
1697521752.003,47.712,1800.0,4.9,10.7,normal
1697521752.505,48.686,1800.0,4.0,10.7,normal
1697521753.01,48.199,700.0,5.9,10.7,normal
1697521753.515,47.225,800.0,4.0,10.7,normal
1697521754.021,46.738,600.0,4.5,10.6,normal
1697521754.524,47.712,1800.0,29.0,10.5,normal
1697521755.026,47.712,1800.0,25.4,10.7,normal
1697521755.529,47.225,1800.0,4.0,10.7,normal
1697521756.031,47.712,1800.0,3.5,10.7,normal
1697521756.534,47.225,1800.0,3.5,10.7,normal
1697521757.036,46.738,1800.0,4.0,10.7,normal
1697521757.539,47.712,1800.0,3.5,10.7,normal
1697521758.042,47.712,1800.0,3.5,10.7,normal
1697521758.544,47.712,1800.0,3.5,10.7,normal
1697521759.047,47.225,1800.0,3.5,10.7,normal
1697521759.552,47.712,600.0,4.5,10.7,normal
1697521760.056,47.225,1200.0,13.0,9.8,normal
1697521760.56,47.225,1800.0,31.7,10.6,normal
1697521761.063,47.225,1800.0,16.0,10.7,normal
1697521761.565,48.199,1800.0,3.5,10.7,normal
1697521762.068,47.712,1800.0,3.0,10.7,normal
1697521762.57,46.251,1800.0,4.0,10.7,normal
1697521763.073,47.225,1800.0,3.5,10.7,normal
1697521763.575,46.738,1800.0,3.5,10.7,normal
1697521764.078,47.712,1800.0,3.5,10.7,normal
1697521764.58,46.738,1800.0,3.5,10.7,normal
1697521765.085,47.225,700.0,5.9,10.7,normal
1697521765.589,47.225,800.0,3.5,10.7,normal
1697521766.094,46.251,900.0,5.0,10.7,normal
1697521766.596,47.712,1800.0,28.0,10.4,normal
1697521767.099,46.251,1800.0,25.1,10.6,normal
1697521767.602,47.225,1800.0,4.0,10.6,normal
1697521768.104,46.251,1800.0,3.0,10.6,normal
1697521768.607,46.738,1800.0,4.5,10.6,normal
1697521769.109,47.225,1800.0,3.0,10.6,normal
1697521769.612,47.225,1800.0,4.0,10.6,normal
1697521770.114,47.712,1800.0,4.5,10.7,normal
1697521770.617,46.251,1800.0,3.5,10.7,normal
1697521771.119,46.251,1800.0,3.0,10.7,normal
1697521771.623,46.251,1000.0,5.0,10.7,normal
1697521772.126,47.225,1800.0,9.5,9.6,normal
1697521772.629,48.199,1800.0,28.5,10.5,normal
1697521773.131,47.225,1800.0,20.4,10.7,normal
1697521773.634,47.225,1800.0,4.0,10.7,normal
1697521774.136,46.738,1800.0,3.0,10.7,normal
1697521774.639,46.738,1800.0,4.0,10.7,normal
1697521775.141,47.712,1800.0,3.5,10.7,normal
1697521775.644,47.712,1800.0,3.0,10.7,normal
1697521776.147,46.738,1800.0,3.0,10.7,normal
1697521776.649,46.738,1800.0,2.5,10.7,normal
1697521777.154,45.764,700.0,3.0,10.7,normal
1697521777.659,47.225,800.0,4.5,10.7,normal
1697521778.163,46.738,800.0,5.4,10.7,normal
1697521778.667,47.225,1800.0,26.5,10.5,normal
1697521779.17,46.738,1800.0,27.9,10.7,normal
1697521779.673,46.738,1800.0,3.0,10.7,normal
1697521780.175,46.251,1800.0,5.0,10.7,normal
1697521780.678,47.712,1800.0,3.0,10.7,normal
1697521781.18,46.738,1800.0,3.0,10.7,normal
1697521781.683,46.738,1800.0,3.0,10.7,normal
1697521782.185,47.225,1800.0,3.5,10.7,normal
1697521782.688,46.738,1800.0,3.5,10.7,normal
1697521783.19,46.251,1800.0,3.0,10.7,normal
1697521783.695,46.251,800.0,4.0,10.7,normal
1697521784.201,47.225,800.0,7.5,10.6,normal
1697521784.704,47.225,1800.0,28.2,10.5,normal
1697521785.207,48.199,1800.0,24.3,10.7,normal
1697521785.71,47.225,1800.0,1.0,10.7,normal
1697521786.212,47.712,1800.0,4.5,10.7,normal
1697521786.715,46.251,1800.0,1.0,10.7,normal
1697521787.217,46.738,1800.0,3.0,10.7,normal
1697521787.72,47.712,1800.0,3.0,10.7,normal
1697521788.222,46.251,1800.0,2.0,10.7,normal
1697521788.725,45.764,1800.0,1.0,10.7,normal
1697521789.227,45.764,1800.0,4.5,10.7,normal
1697521789.732,46.251,800.0,4.5,10.7,normal
1697521790.236,45.764,800.0,6.4,10.7,normal
1697521790.74,47.712,1800.0,24.8,10.4,normal
1697521791.243,46.738,1800.0,30.5,10.7,normal
1697521791.745,47.225,1800.0,4.0,10.7,normal
1697521792.248,47.225,1800.0,3.0,10.7,normal
1697521792.751,46.738,1800.0,3.0,10.7,normal
1697521793.253,48.199,1800.0,5.0,10.7,normal
1697521793.756,47.712,1800.0,3.0,10.7,normal
1697521794.258,46.738,1800.0,3.5,10.7,normal
1697521794.761,47.225,1800.0,4.0,10.7,normal
1697521795.263,47.712,1800.0,4.5,10.7,normal
1697521795.769,46.738,600.0,4.5,10.7,normal
1697521796.273,45.764,800.0,4.5,10.7,normal
1697521796.776,47.712,1800.0,28.2,10.5,normal
1697521797.279,47.712,1800.0,26.1,10.7,normal
1697521797.781,47.225,1800.0,3.5,10.7,normal
1697521798.284,47.712,1800.0,3.0,10.7,normal
1697521798.786,46.738,1800.0,4.4,10.7,normal
1697521799.289,47.712,1800.0,4.0,10.7,normal
1697521799.791,46.738,1800.0,4.0,10.7,normal
1697521800.294,47.225,1800.0,4.0,10.7,normal
1697521800.796,46.251,1800.0,3.5,10.7,normal
1697521801.299,48.199,1800.0,4.5,10.6,normal
1697521801.803,46.738,800.0,4.5,10.6,normal
1697521802.31,46.738,600.0,8.0,10.5,normal
1697521802.814,48.199,1800.0,28.4,10.5,normal
1697521803.317,47.712,1800.0,23.0,10.7,normal
1697521803.819,47.712,1800.0,3.9,10.7,normal
1697521804.322,47.225,1800.0,2.5,10.7,normal
1697521804.824,47.712,1800.0,4.0,10.7,normal
1697521805.327,47.225,1800.0,3.5,10.7,normal
1697521805.829,47.712,1800.0,4.0,10.7,normal
1697521806.332,46.251,1800.0,3.0,10.7,normal
1697521806.834,47.225,1800.0,4.0,10.7,normal
1697521807.339,46.251,700.0,4.4,10.7,normal
1697521807.845,47.712,600.0,4.0,10.7,normal
1697521808.351,46.251,600.0,5.4,10.7,normal
1697521808.854,48.686,1800.0,26.1,10.5,normal
1697521809.357,47.712,1800.0,29.0,10.7,normal
1697521809.859,46.738,1800.0,4.0,10.7,normal
1697521810.362,46.251,1800.0,3.0,10.7,normal
1697521810.864,47.712,1800.0,3.0,10.7,normal
1697521811.367,46.738,1800.0,4.9,10.7,normal
1697521811.87,47.225,1800.0,3.0,10.7,normal
1697521812.372,46.738,1800.0,3.5,10.7,normal
1697521812.875,47.225,1800.0,3.0,10.7,normal
1697521813.378,46.251,1800.0,4.5,10.7,normal
1697521813.883,46.738,600.0,3.5,10.7,normal
1697521814.389,45.764,600.0,5.0,10.7,normal
1697521814.892,47.712,1800.0,20.3,10.3,normal
1697521815.394,47.225,1800.0,36.5,10.7,normal
1697521815.897,47.225,1800.0,3.5,10.7,normal
1697521816.399,46.738,1800.0,3.0,10.7,normal
1697521816.902,46.738,1800.0,3.5,10.7,normal
1697521817.404,47.225,1800.0,4.0,10.7,normal
1697521817.907,46.738,1800.0,3.0,10.7,normal
1697521818.409,46.738,1800.0,2.5,10.7,normal
1697521818.912,47.225,1800.0,2.5,10.7,normal
1697521819.415,46.251,1800.0,4.0,10.7,normal
1697521819.919,47.225,700.0,3.9,10.7,normal
1697521820.425,46.738,600.0,3.0,10.7,normal
1697521820.927,47.225,1800.0,24.8,10.4,normal
1697521821.43,47.225,1800.0,31.2,10.6,normal
1697521821.933,47.225,1800.0,2.5,10.6,normal
1697521822.435,47.712,1800.0,3.0,10.6,normal
1697521822.938,48.199,1800.0,3.0,10.6,normal
1697521823.44,47.225,1800.0,3.5,10.6,normal
1697521823.943,46.738,1800.0,3.0,10.6,normal
1697521824.445,48.199,1800.0,3.0,10.6,normal
1697521824.948,47.712,1800.0,4.5,10.6,normal
1697521825.45,46.251,1800.0,4.9,10.7,normal
1697521825.956,45.764,600.0,2.5,10.6,normal
1697521826.463,47.712,600.0,5.4,10.6,normal
1697521826.966,46.738,1800.0,30.7,10.4,normal
1697521827.469,47.225,1800.0,26.3,10.6,normal
1697521827.971,47.712,1800.0,4.0,10.6,normal
1697521828.474,47.225,1800.0,3.5,10.6,normal
1697521828.976,47.225,1800.0,2.5,10.6,normal
1697521829.479,47.225,1800.0,4.5,10.6,normal
1697521829.982,46.738,1800.0,4.5,10.6,normal
1697521830.484,46.251,1800.0,3.5,10.7,normal
1697521830.987,47.225,1800.0,4.0,10.7,normal
1697521831.489,47.712,1800.0,3.5,10.7,normal
1697521831.995,47.712,600.0,5.9,10.7,normal
1697521832.501,46.251,700.0,8.0,9.9,normal
1697521833.005,47.225,1800.0,29.9,10.5,normal
1697521833.507,47.712,1800.0,21.1,10.6,normal
1697521834.01,47.225,1800.0,4.5,10.6,normal
1697521834.512,48.199,1800.0,3.9,10.6,normal
1697521835.015,47.225,1800.0,4.0,10.6,normal
1697521835.517,47.225,1800.0,3.5,10.7,normal
1697521836.02,45.764,1800.0,4.0,10.7,normal
1697521836.523,47.712,1800.0,2.5,10.7,normal
1697521837.025,47.225,1800.0,3.0,10.7,normal
1697521837.53,47.225,800.0,3.5,10.7,normal
1697521838.034,46.251,900.0,4.5,10.7,normal
1697521838.537,47.225,1800.0,12.5,10.0,normal
1697521839.04,47.712,1800.0,35.6,10.6,normal
1697521839.543,48.199,1800.0,10.4,10.6,normal
1697521840.046,47.225,1800.0,4.5,10.6,normal
1697521840.548,47.712,1800.0,3.5,10.6,normal
1697521841.051,47.712,1800.0,4.0,10.6,normal
1697521841.553,47.225,1800.0,3.0,10.7,normal
1697521842.056,47.712,1800.0,5.0,10.7,normal
1697521842.559,46.738,1800.0,4.0,10.7,normal
1697521843.061,47.712,1800.0,3.5,10.7,normal
1697521843.565,46.738,800.0,3.5,10.7,normal
1697521844.07,46.738,700.0,5.9,10.7,normal
1697521844.573,47.712,1800.0,18.3,10.2,normal
1697521845.076,48.199,1800.0,37.9,10.6,normal
1697521845.579,48.199,1800.0,2.0,10.6,normal
1697521846.081,47.225,1800.0,4.0,10.6,normal
1697521846.584,46.738,1800.0,2.5,10.6,normal
1697521847.086,48.199,1800.0,2.5,10.6,normal
1697521847.589,46.738,1800.0,2.0,10.6,normal
1697521848.091,47.712,1800.0,1.5,10.6,normal
1697521848.594,46.738,1800.0,3.0,10.6,normal
1697521849.096,46.738,1800.0,2.0,10.6,normal
1697521849.6,46.738,900.0,8.4,10.6,normal
1697521850.105,47.225,700.0,4.5,10.6,normal
1697521850.609,46.251,1800.0,10.4,9.9,normal
1697521851.113,48.199,1800.0,33.0,10.6,normal
1697521851.615,47.225,1800.0,14.5,10.7,normal
1697521852.118,46.738,1800.0,4.0,10.7,normal
1697521852.62,47.712,1800.0,3.0,10.7,normal
1697521853.123,47.225,1800.0,4.0,10.7,normal
1697521853.625,46.738,1800.0,3.0,10.7,normal
1697521854.128,46.738,1800.0,3.5,10.7,normal
1697521854.63,47.225,1800.0,3.0,10.7,normal
1697521855.133,47.712,1800.0,5.4,10.7,normal
1697521855.638,47.712,700.0,3.0,10.7,normal
1697521856.142,46.738,1000.0,4.5,10.6,normal
1697521856.645,47.225,1800.0,15.5,10.2,normal
1697521857.147,48.199,1800.0,38.8,10.6,normal
1697521857.65,47.712,1800.0,5.5,10.7,normal
1697521858.152,47.225,1800.0,4.0,10.7,normal
1697521858.655,47.225,1800.0,3.5,10.7,normal
1697521859.157,47.225,1800.0,4.0,10.6,normal
1697521859.66,46.738,1800.0,2.5,10.7,normal
1697521860.163,46.738,1800.0,4.0,10.7,normal
1697521860.665,46.738,1800.0,2.0,10.7,normal
1697521861.168,46.251,1800.0,4.5,10.7,normal
1697521861.673,47.225,700.0,3.4,10.7,normal
1697521862.179,46.738,750.0,4.0,10.7,normal
1697521862.682,46.738,1800.0,20.3,10.2,normal
1697521863.184,47.712,1800.0,34.5,10.6,normal
1697521863.687,48.199,1800.0,3.0,10.6,normal
1697521864.189,47.712,1800.0,3.0,10.6,normal
1697521864.692,46.738,1800.0,4.0,10.6,normal
1697521865.195,47.225,1800.0,4.5,10.7,normal
1697521865.697,47.225,1800.0,5.0,10.7,normal
1697521866.2,47.225,1800.0,3.5,10.7,normal
1697521866.702,47.225,1800.0,3.5,10.7,normal
1697521867.205,46.251,1800.0,3.0,10.7,normal
1697521867.709,47.225,1100.0,5.4,10.7,normal
1697521868.213,47.712,800.0,5.0,10.7,normal
1697521868.717,47.225,1800.0,12.4,10.1,normal
1697521869.221,46.738,1800.0,33.3,10.6,normal
1697521869.729,47.712,1800.0,12.8,10.7,normal
1697521870.231,47.225,1800.0,5.5,10.7,normal
1697521870.734,47.712,1800.0,2.5,10.7,normal
1697521871.236,46.738,1800.0,3.9,10.7,normal
1697521871.739,46.251,1800.0,2.5,10.7,normal
1697521872.241,47.225,1800.0,4.5,10.7,normal
1697521872.744,46.738,1800.0,3.5,10.7,normal
1697521873.246,47.225,1800.0,3.9,10.7,normal
1697521873.751,46.738,700.0,3.5,10.7,normal
1697521874.256,47.225,800.0,5.0,10.7,normal
1697521874.76,46.251,1000.0,6.0,10.6,normal
1697521875.263,47.225,1800.0,29.5,10.6,normal
1697521875.766,47.225,1800.0,22.5,10.7,normal
1697521876.268,46.738,1800.0,3.5,10.7,normal
1697521876.771,47.712,1800.0,1.5,10.7,normal
1697521877.273,48.199,1800.0,5.0,10.7,normal
1697521877.776,47.712,1800.0,3.0,10.7,normal
1697521878.278,45.764,1800.0,4.0,10.7,normal
1697521878.781,47.225,1800.0,3.5,10.8,normal
1697521879.283,47.225,1800.0,3.0,10.8,normal
1697521879.786,46.738,1800.0,4.0,10.7,normal
1697521880.291,47.225,600.0,5.4,10.8,normal
1697521880.795,46.738,1800.0,11.4,9.9,normal
1697521881.299,47.712,1800.0,31.5,10.6,normal
1697521881.802,47.225,1800.0,15.9,10.7,normal
1697521882.304,48.199,1800.0,2.0,10.7,normal
1697521882.807,48.199,1800.0,5.4,10.7,normal
1697521883.309,47.225,1800.0,3.0,10.7,normal
1697521883.812,47.225,1800.0,3.5,10.7,normal
1697521884.314,46.738,1800.0,3.5,10.7,normal
1697521884.817,47.225,1800.0,4.5,10.7,normal
1697521885.319,47.225,1800.0,3.5,10.7,normal
1697521885.824,46.251,700.0,4.0,10.7,normal
1697521886.33,46.738,600.0,5.4,10.7,normal
1697521886.833,47.712,1800.0,17.8,10.3,normal
1697521887.336,47.712,1800.0,36.0,10.7,normal
1697521887.838,46.738,1800.0,3.5,10.7,normal
1697521888.341,47.712,1800.0,3.0,10.7,normal
1697521888.843,47.225,1800.0,4.0,10.7,normal
1697521889.346,46.251,1800.0,3.0,10.7,normal
1697521889.848,47.712,1800.0,4.0,10.7,normal
1697521890.351,46.738,1800.0,3.0,10.7,normal
1697521890.854,46.738,1800.0,4.4,10.7,normal
1697521891.356,47.225,1800.0,4.5,10.7,normal
1697521891.862,45.764,600.0,3.5,10.7,normal
1697521892.367,46.251,600.0,4.5,10.7,normal
1697521892.871,47.225,1800.0,24.1,10.3,normal
1697521893.374,47.225,1800.0,31.8,10.7,normal
1697521893.876,48.199,1800.0,3.0,10.7,normal
1697521894.379,47.225,1800.0,3.5,10.7,normal
1697521894.881,46.738,1800.0,4.0,10.7,normal
1697521895.384,46.738,1800.0,3.0,10.7,normal
1697521895.886,46.738,1800.0,3.0,10.7,normal
1697521896.389,47.225,1800.0,3.0,10.7,normal
1697521896.891,46.738,1800.0,3.5,10.7,normal
1697521897.394,47.712,1800.0,3.5,10.7,normal
1697521897.9,47.712,600.0,3.4,10.7,normal
1697521898.406,46.738,600.0,3.5,10.7,normal
1697521898.909,47.225,1800.0,16.8,10.2,normal
1697521899.411,48.199,1800.0,35.7,10.6,normal
1697521899.914,48.199,1800.0,7.4,10.7,normal
1697521900.417,47.225,1800.0,3.5,10.7,normal
1697521900.919,47.712,1800.0,4.0,10.7,normal
1697521901.422,47.225,1800.0,2.5,10.7,normal
1697521901.924,47.225,1800.0,2.5,10.7,normal
1697521902.427,46.738,1800.0,2.0,10.7,normal
1697521902.929,47.225,1800.0,4.0,10.7,normal
1697521903.432,47.225,1800.0,2.5,10.7,normal
1697521903.937,47.712,600.0,3.5,10.7,normal
1697521904.443,46.738,600.0,4.0,10.7,normal
1697521904.946,47.712,1800.0,21.8,10.3,normal
1697521905.449,47.712,1800.0,33.8,10.7,normal
1697521905.952,46.738,1800.0,3.5,10.7,normal
1697521906.456,48.199,1800.0,3.0,10.7,normal
1697521906.959,47.712,1800.0,2.5,10.7,normal
1697521907.461,47.712,1800.0,2.0,10.7,normal
1697521907.964,48.199,1800.0,2.0,10.7,normal
1697521908.466,46.738,1800.0,2.5,10.7,normal
1697521908.969,46.738,1800.0,5.0,10.7,normal
1697521909.471,47.225,1800.0,5.0,10.7,normal
1697521909.977,46.738,600.0,5.0,10.7,normal
1697521910.483,46.251,600.0,4.9,10.7,normal
1697521910.987,46.738,1800.0,26.9,10.4,normal
1697521911.49,46.738,1800.0,29.0,10.6,normal
1697521911.992,47.225,1800.0,3.0,10.6,normal
1697521912.495,46.251,1800.0,3.5,10.6,normal
1697521912.998,46.738,1800.0,4.5,10.7,normal
1697521913.5,46.738,1800.0,3.0,10.7,normal
1697521914.003,46.738,1800.0,4.5,10.7,normal
1697521914.506,47.225,1800.0,3.0,10.7,normal
1697521915.008,46.738,1800.0,5.5,10.7,normal
1697521915.511,46.738,1800.0,3.9,10.7,normal
1697521916.016,47.225,600.0,4.0,10.7,normal
1697521916.521,46.251,850.0,6.0,10.6,normal
1697521917.025,46.738,1800.0,29.7,10.6,normal
1697521917.527,46.738,1800.0,23.6,10.7,normal
1697521918.03,46.738,1800.0,3.5,10.7,normal
1697521918.532,47.712,1800.0,3.5,10.7,normal
1697521919.035,46.738,1800.0,4.0,10.7,normal
1697521919.538,46.738,1800.0,3.0,10.7,normal
1697521920.04,46.738,1800.0,4.0,10.7,normal
1697521920.543,47.225,1800.0,3.5,10.7,normal
1697521921.045,46.251,1800.0,5.9,10.7,normal
1697521921.548,46.738,1800.0,3.0,10.7,normal
1697521922.052,47.225,900.0,4.5,10.7,normal
1697521922.556,46.251,900.0,5.5,10.7,normal
1697521923.059,46.738,1800.0,24.9,10.3,normal
1697521923.562,47.712,1800.0,31.0,10.7,normal
1697521924.065,47.712,1800.0,4.4,10.7,normal
1697521924.567,47.225,1800.0,3.0,10.7,normal
1697521925.07,46.251,1800.0,4.5,10.7,normal
1697521925.572,48.199,1800.0,3.5,10.7,normal
1697521926.075,48.199,1800.0,3.0,10.7,normal
1697521926.577,47.712,1800.0,3.5,10.7,normal
1697521927.08,47.225,1800.0,4.0,10.7,normal
1697521927.582,47.225,1800.0,3.5,10.7,normal
1697521928.087,46.738,800.0,4.4,10.7,normal
1697521928.591,47.225,900.0,5.4,10.7,normal
1697521929.094,47.225,1800.0,28.0,10.5,normal
1697521929.597,48.199,1800.0,25.9,10.7,normal
1697521930.1,46.738,1800.0,4.0,10.7,normal
1697521930.602,48.199,1800.0,3.0,10.7,normal
1697521931.105,47.712,1800.0,3.0,10.7,normal
1697521931.607,46.738,1800.0,5.0,10.7,normal
1697521932.11,47.712,1800.0,3.0,10.8,normal
1697521932.612,46.738,1800.0,3.5,10.7,normal
1697521933.115,46.251,1800.0,3.5,10.8,normal
1697521933.617,47.712,1800.0,3.5,10.8,normal
1697521934.121,46.738,900.0,4.0,10.8,normal
1697521934.626,47.225,1000.0,11.3,9.7,normal
1697521935.129,47.712,1800.0,29.4,10.6,normal
1697521935.632,47.712,1800.0,20.6,10.7,normal
1697521936.134,47.225,1800.0,4.0,10.7,normal
1697521936.637,47.712,1800.0,4.0,10.7,normal
1697521937.139,46.738,1800.0,2.5,10.7,normal
1697521937.642,47.225,1800.0,3.5,10.7,normal
1697521938.144,47.225,1800.0,4.5,10.7,normal
1697521938.647,46.738,1800.0,3.0,10.7,normal
1697521939.149,47.225,1800.0,3.0,10.7,normal
1697521939.654,47.712,700.0,2.5,10.7,normal
1697521940.158,47.225,900.0,6.9,10.7,normal
1697521940.664,46.251,600.0,5.9,10.7,normal
1697521941.167,46.738,1800.0,26.5,10.5,normal
1697521941.67,47.225,1800.0,26.7,10.7,normal
1697521942.173,47.712,1800.0,13.0,10.7,normal
1697521942.675,46.738,1800.0,3.5,10.7,normal
1697521943.178,47.225,1800.0,3.5,10.7,normal
1697521943.68,47.225,1800.0,2.0,10.7,normal
1697521944.183,46.251,1800.0,3.0,10.7,normal
1697521944.686,48.199,1800.0,3.0,10.7,normal
1697521945.188,46.738,1800.0,3.0,10.7,normal
1697521945.691,47.225,1800.0,3.5,10.7,normal
1697521946.196,47.225,600.0,4.5,10.7,normal
1697521946.699,47.712,1800.0,8.0,9.6,normal
1697521947.202,48.199,1800.0,27.9,10.6,normal
1697521947.705,47.225,1800.0,20.9,10.7,normal
1697521948.207,47.225,1800.0,3.5,10.7,normal
1697521948.71,46.738,1800.0,4.5,10.7,normal
1697521949.213,47.225,1800.0,4.0,10.7,normal
1697521949.715,46.738,1800.0,3.5,10.7,normal
1697521950.218,46.738,1800.0,4.0,10.7,normal
1697521950.72,46.738,1800.0,3.5,10.7,normal
1697521951.223,46.738,1800.0,4.5,10.7,normal
1697521951.728,46.738,700.0,3.4,10.7,normal
1697521952.232,46.738,800.0,4.0,10.7,normal
1697521952.736,46.738,1200.0,15.8,10.2,normal
1697521953.239,48.686,1800.0,36.5,10.7,normal
1697521953.742,47.225,1800.0,8.0,10.7,normal
1697521954.245,47.712,1800.0,3.5,10.7,normal
1697521954.747,46.738,1800.0,3.0,10.7,normal
1697521955.25,47.712,1800.0,5.0,10.7,normal
1697521955.752,47.225,1800.0,3.0,10.8,normal
1697521956.255,46.738,1800.0,4.4,10.8,normal
1697521956.757,46.251,1800.0,3.0,10.8,normal
1697521957.26,46.738,1800.0,5.4,10.8,normal
1697521957.765,46.251,700.0,3.0,10.8,normal
1697521958.27,46.251,800.0,4.0,10.8,normal
1697521958.777,46.738,800.0,8.4,10.6,normal
1697521959.28,47.712,1800.0,29.2,10.5,normal
1697521959.783,47.712,1800.0,22.7,10.7,normal
1697521960.285,47.225,1800.0,3.5,10.7,normal
1697521960.788,47.712,1800.0,3.0,10.7,normal
1697521961.29,47.712,1800.0,3.5,10.7,normal
1697521961.793,47.225,1800.0,3.5,10.7,normal
1697521962.295,46.251,1800.0,3.0,10.7,normal
1697521962.798,46.738,1800.0,3.0,10.7,normal
1697521963.3,46.251,1800.0,3.5,10.7,normal
1697521963.803,47.225,1800.0,4.5,10.7,normal
1697521964.307,46.251,800.0,5.0,10.7,normal
1697521964.811,46.738,1800.0,13.5,9.9,normal
1697521965.315,48.199,1800.0,31.3,10.5,normal
1697521965.817,47.712,1800.0,14.6,10.6,normal
1697521966.32,46.738,1800.0,3.0,10.6,normal
1697521966.822,46.738,1800.0,2.5,10.6,normal
1697521967.325,47.225,1800.0,2.5,10.7,normal
1697521967.827,46.738,1800.0,2.5,10.7,normal
1697521968.33,45.764,1800.0,2.5,10.7,normal
1697521968.833,47.225,1800.0,4.0,10.6,normal
1697521969.335,47.225,1800.0,5.4,10.7,normal
1697521969.84,46.738,700.0,4.0,10.7,normal
1697521970.346,46.738,600.0,5.4,10.7,normal
1697521970.849,47.225,1800.0,16.3,10.3,normal
1697521971.352,48.199,1800.0,37.0,10.7,normal
1697521971.854,46.738,1800.0,4.5,10.7,normal
1697521972.357,46.738,1800.0,4.5,10.7,normal
1697521972.859,46.738,1800.0,3.5,10.7,normal
1697521973.362,47.225,1800.0,3.5,10.7,normal
1697521973.864,47.712,1800.0,3.0,10.7,normal
1697521974.367,47.225,1800.0,4.0,10.7,normal
1697521974.869,47.712,1800.0,4.5,10.7,normal
1697521975.372,46.251,1800.0,3.9,10.7,normal
1697521975.877,46.738,600.0,3.0,10.7,normal
1697521976.382,47.225,650.0,5.4,10.7,normal
1697521976.885,47.225,1800.0,9.0,9.7,normal
1697521977.389,48.199,1800.0,28.4,10.5,normal
1697521977.891,46.738,1800.0,20.7,10.7,normal
1697521978.394,47.225,1800.0,4.4,10.7,normal
1697521978.896,46.738,1800.0,3.5,10.7,normal
1697521979.399,47.225,1800.0,3.0,10.7,normal
1697521979.901,47.225,1800.0,4.0,10.7,normal
1697521980.404,47.225,1800.0,3.0,10.7,normal
1697521980.907,46.738,1800.0,4.5,10.7,normal
1697521981.409,46.251,1800.0,2.5,10.7,normal
1697521981.914,47.225,700.0,4.4,10.7,normal
1697521982.421,47.712,600.0,4.9,10.7,normal
1697521982.927,46.738,600.0,5.4,10.7,normal
1697521983.43,46.738,1800.0,25.0,10.4,normal
1697521983.933,47.225,1800.0,30.5,10.7,normal
1697521984.435,46.738,1800.0,3.0,10.7,normal
1697521984.938,46.738,1800.0,4.9,10.7,normal
1697521985.441,47.225,1800.0,2.5,10.7,normal
1697521985.943,46.738,1800.0,1.5,10.7,normal
1697521986.446,47.225,1800.0,4.0,10.7,normal
1697521986.949,47.225,1800.0,3.5,10.7,normal
1697521987.452,47.225,1800.0,3.0,10.7,normal
1697521987.954,47.225,1800.0,3.5,10.7,normal
1697521988.46,46.738,600.0,3.0,10.7,normal
1697521988.966,46.251,600.0,5.4,10.7,normal
1697521989.469,47.225,1800.0,16.4,10.1,normal
1697521989.972,47.225,1800.0,40.0,10.5,normal
1697521990.475,47.225,1800.0,4.4,10.6,normal
1697521990.977,47.225,1800.0,4.5,10.6,normal
1697521991.48,46.738,1800.0,3.9,10.6,normal
1697521991.982,46.738,1800.0,3.0,10.6,normal
1697521992.485,47.225,1800.0,3.0,10.6,normal
1697521992.987,46.251,1800.0,3.5,10.6,normal
1697521993.49,47.225,1800.0,3.9,10.6,normal
1697521993.992,46.738,1800.0,2.5,10.6,normal
1697521994.498,47.225,600.0,4.0,10.6,normal
1697521995.003,46.251,800.0,6.5,10.6,normal
1697521995.506,46.738,1800.0,22.4,10.3,normal
1697521996.009,47.712,1800.0,35.5,10.7,normal
1697521996.511,47.225,1800.0,4.5,10.7,normal
1697521997.014,47.225,1800.0,4.5,10.7,normal
1697521997.516,46.251,1800.0,3.0,10.7,normal
1697521998.019,46.251,1800.0,2.5,10.7,normal
1697521998.522,47.225,1800.0,4.5,10.7,normal
1697521999.024,46.251,1800.0,2.5,10.7,normal
1697521999.527,46.738,1800.0,4.0,10.7,normal
1697522000.029,47.225,1800.0,4.0,10.7,normal
1697522000.534,46.738,800.0,4.5,10.7,normal
1697522001.038,48.686,900.0,5.9,10.7,normal
1697522001.542,46.738,1400.0,12.0,9.8,normal
1697522002.046,48.199,1800.0,31.7,10.5,normal
1697522002.549,47.712,1800.0,17.0,10.6,normal
1697522003.051,48.199,1800.0,3.5,10.6,normal
1697522003.554,47.712,1800.0,3.5,10.7,normal
1697522004.056,47.712,1800.0,4.0,10.7,normal
1697522004.559,46.251,1800.0,4.5,10.7,normal
1697522005.061,47.225,1800.0,5.4,10.7,normal
1697522005.564,47.712,1800.0,3.0,10.7,normal
1697522006.066,46.738,1800.0,2.5,10.7,normal
1697522006.571,47.225,700.0,4.5,10.7,normal
1697522007.075,46.738,900.0,5.0,10.7,normal
1697522007.58,47.225,900.0,5.0,10.6,normal
1697522008.083,47.225,1800.0,28.0,10.5,normal
1697522008.586,47.712,1800.0,26.8,10.7,normal
1697522009.088,47.225,1800.0,3.0,10.7,normal
1697522009.591,46.738,1800.0,3.5,10.7,normal
1697522010.093,47.225,1800.0,4.0,10.7,normal
1697522010.596,47.225,1800.0,4.0,10.7,normal
1697522011.098,47.225,1800.0,3.0,10.7,normal
1697522011.601,46.251,1800.0,3.0,10.7,normal
1697522012.103,47.225,1800.0,4.0,10.7,normal
1697522012.606,46.251,1800.0,5.0,10.7,normal
1697522013.11,46.738,900.0,5.9,10.7,normal
1697522013.614,46.251,900.0,4.0,10.7,normal
1697522014.117,46.251,1800.0,19.0,10.3,normal
1697522014.62,47.225,1800.0,38.0,10.6,normal
1697522015.122,47.225,1800.0,4.5,10.7,normal
1697522015.625,47.225,1800.0,3.5,10.7,normal
1697522016.127,47.225,1800.0,3.5,10.7,normal
1697522016.63,47.712,1800.0,4.5,10.7,normal
1697522017.132,47.225,1800.0,2.5,10.7,normal
1697522017.635,47.225,1800.0,4.0,10.7,normal
1697522018.137,47.225,1800.0,3.5,10.7,normal
1697522018.64,46.738,1800.0,4.0,10.7,normal
1697522019.145,45.764,700.0,4.0,10.7,normal
1697522019.649,46.738,800.0,4.5,10.7,normal
1697522020.152,48.199,1800.0,22.4,10.3,normal
1697522020.655,47.225,1800.0,33.7,10.7,normal
1697522021.157,47.712,1800.0,4.5,10.7,normal
1697522021.66,47.225,1800.0,3.0,10.7,normal
1697522022.162,47.225,1800.0,3.5,10.7,normal
1697522022.665,47.712,1800.0,3.0,10.7,normal
1697522023.168,47.225,1800.0,4.0,10.7,normal
1697522023.67,46.738,1800.0,3.5,10.7,normal
1697522024.173,47.225,1800.0,3.5,10.7,normal
1697522024.675,47.712,1800.0,2.5,10.7,normal
1697522025.179,47.712,900.0,6.0,10.7,normal
1697522025.684,46.251,700.0,3.9,10.7,normal
1697522026.188,46.738,1800.0,26.9,10.4,normal
1697522026.691,47.225,1800.0,26.5,10.7,normal
1697522027.193,48.199,1800.0,3.5,10.7,normal
1697522027.696,46.738,1800.0,1.0,10.7,normal
1697522028.198,47.712,1800.0,3.5,10.7,normal
1697522028.701,46.738,1800.0,2.5,10.7,normal
1697522029.203,47.225,1800.0,2.5,10.7,normal
1697522029.706,47.712,1800.0,2.0,10.7,normal
1697522030.208,46.738,1800.0,3.0,10.7,normal
1697522030.711,47.712,1800.0,3.5,10.7,normal
1697522031.217,46.251,600.0,5.0,10.7,normal
1697522031.721,45.764,1100.0,7.0,10.3,normal
1697522032.224,47.712,1800.0,28.9,10.5,normal
1697522032.726,48.199,1800.0,21.6,10.6,normal
1697522033.229,46.738,1800.0,3.5,10.6,normal
1697522033.731,46.738,1800.0,1.5,10.6,normal
1697522034.234,47.225,1800.0,5.4,10.7,normal
1697522034.736,46.738,1800.0,3.5,10.7,normal
1697522035.239,47.225,1800.0,4.5,10.7,normal
1697522035.742,46.738,1800.0,3.5,10.7,normal
1697522036.244,47.225,1800.0,3.0,10.7,normal
1697522036.747,46.738,1800.0,4.5,10.7,normal
1697522037.251,46.738,800.0,5.0,10.7,normal
1697522037.754,48.199,1800.0,11.9,10.1,normal
1697522038.257,46.738,1800.0,35.1,10.6,normal
1697522038.76,48.199,1800.0,12.5,10.6,normal
1697522039.262,47.225,1800.0,3.5,10.6,normal
1697522039.765,47.712,1800.0,2.5,10.7,normal
1697522040.267,46.738,1800.0,4.0,10.7,normal
1697522040.77,46.738,1800.0,4.5,10.7,normal
1697522041.272,47.712,1800.0,4.0,10.7,normal
1697522041.775,46.251,1800.0,3.0,10.7,normal
1697522042.278,46.251,1800.0,4.5,10.7,normal
1697522042.783,46.738,600.0,3.4,10.7,normal
1697522043.289,45.764,600.0,3.9,10.7,normal
1697522043.794,47.225,900.0,7.5,10.7,normal
1697522044.297,47.225,1800.0,29.7,10.5,normal
1697522044.8,47.712,1800.0,25.1,10.7,normal
1697522045.302,46.738,1800.0,3.5,10.7,normal
1697522045.805,47.712,1800.0,3.5,10.7,normal
1697522046.307,47.225,1800.0,2.0,10.7,normal
1697522046.81,47.712,1800.0,5.0,10.7,normal
1697522047.313,47.225,1800.0,3.0,10.7,normal
1697522047.815,47.225,1800.0,3.5,10.7,normal
1697522048.318,47.225,1800.0,3.5,10.7,normal
1697522048.82,47.712,1800.0,4.0,10.7,normal
1697522049.325,46.251,800.0,4.5,10.7,normal
1697522049.829,46.738,800.0,6.9,10.7,normal
1697522050.332,46.251,1800.0,22.6,10.4,normal
1697522050.835,47.225,1800.0,32.5,10.7,normal
1697522051.337,47.712,1800.0,3.0,10.7,normal
1697522051.84,46.738,1800.0,3.5,10.7,normal
1697522052.342,47.225,1800.0,3.0,10.7,normal
1697522052.845,47.712,1800.0,3.5,10.7,normal
1697522053.347,46.738,1800.0,3.5,10.7,normal
1697522053.85,47.712,1800.0,3.0,10.7,normal
1697522054.353,47.225,1800.0,3.5,10.7,normal
1697522054.855,47.712,1800.0,4.0,10.8,normal
1697522055.359,47.225,800.0,5.4,10.8,normal
1697522055.864,47.225,900.0,5.0,10.8,normal
1697522056.366,48.199,1800.0,14.9,10.1,normal
1697522056.869,47.712,1800.0,36.7,10.7,normal
1697522057.371,48.199,1800.0,8.0,10.7,normal
1697522057.874,48.199,1800.0,3.5,10.7,normal
1697522058.376,46.738,1800.0,2.5,10.7,normal
1697522058.879,48.199,1800.0,3.5,10.7,normal
1697522059.382,47.712,1800.0,4.5,10.7,normal
1697522059.884,48.199,1800.0,4.0,10.7,normal
1697522060.387,47.225,1800.0,3.5,10.7,normal
1697522060.889,47.712,1800.0,2.5,10.7,normal
1697522061.395,48.199,600.0,3.9,10.7,normal
1697522061.9,46.738,700.0,5.0,10.7,normal
1697522062.402,47.225,1800.0,18.1,10.4,normal
1697522062.905,47.712,1800.0,35.8,10.7,normal
1697522063.408,48.199,1800.0,3.0,10.7,normal
1697522063.91,47.225,1800.0,4.0,10.7,normal
1697522064.413,46.251,1800.0,2.5,10.7,normal
1697522064.915,47.225,1800.0,3.5,10.7,normal
1697522065.418,47.712,1800.0,4.0,10.7,normal
1697522065.92,46.738,1800.0,4.4,10.7,normal
1697522066.423,48.199,1800.0,2.5,10.7,normal
1697522066.926,46.251,1800.0,3.5,10.7,normal
1697522067.432,46.738,600.0,3.4,10.7,normal
1697522067.938,46.738,600.0,4.5,10.7,normal
1697522068.44,47.225,1800.0,12.4,10.1,normal
1697522068.944,47.225,1800.0,32.7,10.6,normal
1697522069.447,47.712,1800.0,11.4,10.6,normal
1697522069.95,47.712,1800.0,4.0,10.6,normal
1697522070.452,46.738,1800.0,3.0,10.7,normal
1697522070.955,47.712,1800.0,3.0,10.7,normal
1697522071.458,46.251,1800.0,4.4,10.7,normal
1697522071.96,47.712,1800.0,2.0,10.7,normal
1697522072.463,46.738,1800.0,4.5,10.7,normal
1697522072.965,47.225,1800.0,3.0,10.7,normal
1697522073.471,46.738,700.0,4.9,10.7,normal
1697522073.978,46.251,600.0,4.0,10.7,normal
1697522074.484,46.251,600.0,7.4,10.6,normal
1697522074.987,47.712,1800.0,29.9,10.4,normal
1697522075.49,47.712,1800.0,23.6,10.6,normal
1697522075.993,48.199,1800.0,4.0,10.6,normal
1697522076.495,47.225,1800.0,4.5,10.6,normal
1697522076.998,46.251,1800.0,3.0,10.6,normal
1697522077.5,47.712,1800.0,2.5,10.7,normal
1697522078.003,47.225,1800.0,3.9,10.7,normal
1697522078.505,47.712,1800.0,4.0,10.7,normal
1697522079.008,47.225,1800.0,3.5,10.7,normal
1697522079.511,47.712,1800.0,3.5,10.7,normal
1697522080.016,46.738,600.0,4.0,10.7,normal
1697522080.522,46.738,700.0,6.9,10.7,normal
1697522081.025,46.738,1800.0,23.5,10.4,normal
1697522081.528,46.738,1800.0,30.0,10.7,normal
1697522082.031,47.712,1800.0,3.5,10.7,normal
1697522082.533,47.712,1800.0,3.5,10.7,normal
1697522083.036,48.686,1800.0,4.0,10.7,normal
1697522083.538,46.738,1800.0,3.5,10.7,normal
1697522084.041,47.712,1800.0,3.5,10.7,normal
1697522084.543,47.225,1800.0,4.9,10.7,normal
1697522085.046,47.225,1800.0,4.9,10.7,normal
1697522085.548,47.225,1800.0,2.0,10.7,normal
1697522086.053,46.738,750.0,5.4,10.7,normal
1697522086.558,46.738,600.0,2.5,10.7,normal
1697522087.062,47.712,1800.0,27.0,10.4,normal
1697522087.565,46.738,1800.0,24.5,10.7,normal
1697522088.067,47.225,1800.0,5.0,10.7,normal
1697522088.57,46.738,1800.0,3.9,10.7,normal
1697522089.072,48.199,1800.0,5.0,10.7,normal
1697522089.575,46.738,1800.0,3.0,10.7,normal
1697522090.078,48.199,1800.0,5.0,10.7,normal
1697522090.58,47.225,1800.0,4.0,10.7,normal
1697522091.083,46.251,1800.0,3.5,10.7,normal
1697522091.585,46.738,1800.0,3.5,10.7,normal
1697522092.089,47.225,1000.0,5.4,10.7,normal
1697522092.591,47.225,1800.0,9.5,9.7,normal
1697522093.094,47.225,1800.0,28.9,10.5,normal
1697522093.597,47.225,1800.0,20.6,10.6,normal
1697522094.099,47.712,1800.0,3.0,10.6,normal
1697522094.602,46.738,1800.0,3.0,10.7,normal
1697522095.104,46.251,1800.0,5.9,10.7,normal
1697522095.607,46.251,1800.0,3.5,10.7,normal
1697522096.11,47.225,1800.0,3.0,10.7,normal
1697522096.612,47.225,1800.0,3.0,10.7,normal
1697522097.115,47.225,1800.0,4.0,10.7,normal
1697522097.62,47.712,700.0,3.0,10.7,normal
1697522098.124,46.251,900.0,4.5,10.7,normal
1697522098.628,46.251,800.0,4.0,10.7,normal
1697522099.132,47.225,1800.0,26.5,10.4,normal
1697522099.635,47.225,1800.0,29.0,10.7,normal
1697522100.137,46.738,1800.0,4.9,10.7,normal
1697522100.64,46.738,1800.0,2.5,10.7,normal
1697522101.142,47.712,1800.0,5.4,10.7,normal
1697522101.645,47.225,1800.0,3.0,10.7,normal
1697522102.147,46.738,1800.0,3.0,10.6,normal
1697522102.65,46.738,1800.0,4.0,10.7,normal
1697522103.153,46.738,1800.0,4.5,10.7,normal
1697522103.655,45.764,1800.0,3.0,10.6,normal
1697522104.159,47.712,800.0,4.4,10.7,normal
1697522104.665,46.738,900.0,4.9,10.6,normal
1697522105.168,48.199,1800.0,30.3,10.5,normal
1697522105.671,49.173,1800.0,26.0,10.7,normal
1697522106.173,47.225,1800.0,3.0,10.7,normal
1697522106.676,47.225,1800.0,3.0,10.7,normal
1697522107.178,47.225,1800.0,3.5,10.7,normal
1697522107.681,48.199,1800.0,3.5,10.7,normal
1697522108.183,47.712,1800.0,3.5,10.7,normal
1697522108.686,47.225,1800.0,3.5,10.7,normal
1697522109.189,47.225,1800.0,4.0,10.7,normal
1697522109.691,47.712,1800.0,3.9,10.7,normal
1697522110.197,46.251,600.0,5.4,10.7,normal
1697522110.701,46.251,800.0,4.0,10.7,normal
1697522111.204,46.738,1800.0,22.4,10.4,normal
1697522111.707,47.225,1800.0,33.8,10.7,normal
1697522112.209,47.712,1800.0,2.5,10.7,normal
1697522112.712,48.199,1800.0,3.5,10.7,normal
1697522113.214,48.199,1800.0,3.5,10.7,normal
1697522113.717,48.686,1800.0,3.5,10.7,normal
1697522114.219,47.712,1800.0,2.5,10.7,normal
1697522114.722,48.199,1800.0,3.5,10.7,normal
1697522115.224,45.764,1800.0,5.4,10.7,normal
1697522115.727,46.738,1800.0,3.0,10.7,normal
1697522116.232,46.251,600.0,3.4,10.7,normal
1697522116.738,46.251,600.0,5.0,10.7,normal
1697522117.241,47.712,1800.0,16.4,10.2,normal
1697522117.744,48.199,1800.0,36.9,10.7,normal
1697522118.247,47.225,1800.0,6.9,10.7,normal
1697522118.749,46.738,1800.0,4.5,10.7,normal
1697522119.252,47.225,1800.0,4.5,10.7,normal
1697522119.755,47.712,1800.0,3.5,10.7,normal
1697522120.257,47.225,1800.0,4.0,10.7,normal
1697522120.76,47.225,1800.0,2.5,10.7,normal
1697522121.262,47.712,1800.0,4.0,10.7,normal
1697522121.765,47.225,1800.0,3.5,10.7,normal
1697522122.269,45.764,800.0,3.9,10.7,normal
1697522122.774,46.738,800.0,5.4,10.7,normal
1697522123.277,47.225,1800.0,20.0,10.3,normal
1697522123.779,48.199,1800.0,36.6,10.7,normal
1697522124.282,47.712,1800.0,3.0,10.7,normal
1697522124.784,47.225,1800.0,3.5,10.7,normal
1697522125.287,47.225,1800.0,4.0,10.7,normal
1697522125.79,47.225,1800.0,4.0,10.7,normal
1697522126.292,46.251,1800.0,3.0,10.7,normal
1697522126.795,47.712,1800.0,4.0,10.7,normal
1697522127.297,46.738,1800.0,2.5,10.7,normal
1697522127.8,47.712,1800.0,4.5,10.7,normal
1697522128.305,47.225,700.0,3.0,10.6,normal
1697522128.809,46.251,900.0,6.4,10.7,normal
1697522129.312,48.199,1800.0,21.1,10.3,normal
1697522129.814,48.686,1800.0,37.3,10.6,normal
1697522130.317,48.199,1800.0,3.5,10.6,normal
1697522130.819,46.738,1800.0,4.5,10.6,normal
1697522131.322,46.251,1800.0,3.0,10.7,normal
1697522131.824,46.738,1800.0,4.5,10.7,normal
1697522132.327,47.225,1800.0,4.9,10.7,normal
1697522132.829,47.225,1800.0,3.0,10.7,normal
1697522133.332,47.225,1800.0,4.0,10.7,normal
1697522133.834,46.738,1800.0,3.5,10.7,normal
1697522134.339,47.712,700.0,5.0,10.7,normal
1697522134.844,46.251,700.0,5.4,10.7,normal
1697522135.347,47.225,1800.0,12.0,10.1,normal
1697522135.851,48.199,1800.0,32.5,10.6,normal
1697522136.353,47.712,1800.0,13.9,10.7,normal
1697522136.856,46.738,1800.0,3.5,10.7,normal
1697522137.358,47.712,1800.0,3.5,10.7,normal
1697522137.861,46.251,1800.0,3.0,10.7,normal
1697522138.363,48.199,1800.0,4.4,10.7,normal
1697522138.866,47.225,1800.0,3.0,10.7,normal
1697522139.368,47.712,1800.0,3.5,10.7,normal
1697522139.871,47.225,1800.0,5.4,10.7,normal
1697522140.376,46.738,700.0,4.5,10.7,normal
1697522140.881,45.764,700.0,4.9,10.7,normal
1697522141.385,46.251,800.0,5.0,10.7,normal
1697522141.888,47.712,1800.0,28.4,10.5,normal
1697522142.391,47.225,1800.0,24.5,10.7,normal
1697522142.894,46.738,1800.0,4.0,10.7,normal
1697522143.396,47.225,1800.0,4.4,10.7,normal
1697522143.899,47.225,1800.0,3.5,10.7,normal
1697522144.402,47.712,1800.0,2.5,10.7,normal
1697522144.904,47.225,1800.0,6.4,10.7,normal
1697522145.407,47.225,1800.0,2.5,10.7,normal
1697522145.909,46.738,1800.0,2.5,10.7,normal
1697522146.412,47.712,1800.0,3.0,10.7,normal
1697522146.917,46.251,600.0,4.5,10.7,normal
1697522147.422,47.225,700.0,4.4,10.8,normal
1697522147.925,47.712,1800.0,23.0,10.3,normal
1697522148.428,46.738,1800.0,31.8,10.7,normal
1697522148.931,47.712,1800.0,5.5,10.7,normal
1697522149.434,48.686,1800.0,4.5,10.7,normal
1697522149.936,47.225,1800.0,3.0,10.7,normal
1697522150.439,47.225,1800.0,3.0,10.7,normal
1697522150.942,46.251,1800.0,3.5,10.7,normal
1697522151.445,46.251,1800.0,3.0,10.7,normal
1697522151.948,46.738,1800.0,2.5,10.7,normal
1697522152.451,46.738,1800.0,3.9,10.7,normal
1697522152.957,46.738,600.0,3.0,10.7,normal
1697522153.463,46.738,600.0,4.0,10.7,normal
1697522153.967,48.199,1800.0,18.9,10.1,normal
1697522154.47,48.686,1800.0,37.3,10.6,normal
1697522154.973,47.712,1800.0,5.0,10.6,normal
1697522155.476,47.712,1800.0,2.5,10.6,normal
1697522155.978,46.738,1800.0,4.0,10.6,normal
1697522156.481,47.225,1800.0,2.5,10.7,normal
1697522156.984,46.738,1800.0,4.0,10.7,normal
1697522157.486,47.225,1800.0,4.0,10.7,normal
1697522157.989,47.225,1800.0,3.5,10.7,normal
1697522158.491,46.738,1800.0,3.0,10.7,normal
1697522158.997,47.225,600.0,4.5,10.7,normal
1697522159.503,46.738,600.0,5.9,10.7,normal
1697522160.006,48.199,1800.0,21.4,10.3,normal
1697522160.508,48.199,1800.0,33.7,10.7,normal
1697522161.011,47.712,1800.0,4.0,10.7,normal
1697522161.514,47.712,1800.0,5.0,10.7,normal
1697522162.016,47.225,1800.0,4.0,10.7,normal
1697522162.519,48.199,1800.0,3.5,10.7,normal
1697522163.021,47.712,1800.0,3.5,10.7,normal
1697522163.524,47.712,1800.0,4.0,10.7,normal
1697522164.027,47.225,1800.0,3.0,10.7,normal
1697522164.529,46.738,1800.0,3.5,10.7,normal
1697522165.033,47.225,800.0,4.5,10.7,normal
1697522165.538,47.225,900.0,5.4,10.7,normal
1697522166.041,47.225,1800.0,26.2,10.4,normal
1697522166.544,47.712,1800.0,27.4,10.6,normal
1697522167.047,49.173,1800.0,3.9,10.6,normal
1697522167.549,47.225,1800.0,3.5,10.7,normal
1697522168.052,48.199,1800.0,4.0,10.7,normal
1697522168.554,47.712,1800.0,3.0,10.7,normal
1697522169.057,47.712,1800.0,3.5,10.7,normal
1697522169.559,47.225,1800.0,3.5,10.7,normal
1697522170.062,47.225,1800.0,4.5,10.7,normal
1697522170.565,46.738,1800.0,3.0,10.7,normal
1697522171.069,47.712,800.0,4.9,10.7,normal
1697522171.573,46.738,900.0,5.0,10.7,normal
1697522172.076,47.225,1800.0,19.6,10.3,normal
1697522172.579,48.199,1800.0,35.2,10.7,normal
1697522173.081,46.738,1800.0,3.5,10.7,normal
1697522173.584,47.225,1800.0,3.5,10.7,normal
1697522174.086,47.712,1800.0,4.9,10.7,normal
1697522174.589,47.712,1800.0,3.0,10.7,normal
1697522175.091,47.225,1800.0,4.0,10.7,normal
1697522175.594,46.251,1800.0,3.5,10.7,normal
1697522176.097,46.738,1800.0,3.0,10.7,normal
1697522176.599,47.225,1800.0,4.5,10.7,normal
1697522177.103,47.225,800.0,3.5,10.7,normal
1697522177.608,46.251,900.0,5.4,10.7,normal
1697522178.11,46.738,1800.0,13.4,10.2,normal
1697522178.617,47.225,1800.0,37.4,10.6,normal
1697522179.119,47.225,1800.0,9.0,10.7,normal
1697522179.622,47.225,1800.0,4.0,10.7,normal
1697522180.124,47.225,1800.0,3.5,10.7,normal
1697522180.627,47.225,1800.0,4.5,10.7,normal
1697522181.129,46.738,1800.0,3.0,10.7,normal
1697522181.632,47.225,1800.0,3.5,10.7,normal
1697522182.135,47.712,1800.0,4.0,10.7,normal
1697522182.637,47.712,1800.0,3.0,10.7,normal
1697522183.143,46.738,600.0,4.5,10.7,normal
1697522183.647,47.225,900.0,5.4,10.7,normal
1697522184.152,46.738,900.0,7.0,10.6,normal
1697522184.655,48.199,1800.0,28.4,10.5,normal
1697522185.158,47.225,1800.0,24.6,10.7,normal
1697522185.66,47.712,1800.0,3.9,10.7,normal
1697522186.163,46.738,1800.0,3.0,10.7,normal
1697522186.665,47.225,1800.0,3.0,10.7,normal
1697522187.168,47.712,1800.0,3.5,10.7,normal
1697522187.67,46.251,1800.0,4.0,10.7,normal
1697522188.173,46.251,1800.0,3.5,10.7,normal
1697522188.676,47.712,1800.0,2.5,10.7,normal
1697522189.178,47.712,1800.0,4.5,10.7,normal
1697522189.683,46.251,700.0,5.9,10.7,normal
1697522190.189,47.225,600.0,4.9,10.7,normal
1697522190.691,47.225,1800.0,23.0,10.3,normal
1697522191.194,47.225,1800.0,33.2,10.7,normal
1697522191.696,47.712,1800.0,2.5,10.7,normal
1697522192.199,47.225,1800.0,4.0,10.6,normal
1697522192.702,48.199,1800.0,2.5,10.6,normal
1697522193.207,46.738,1800.0,2.5,10.6,normal
1697522193.71,47.225,1800.0,2.0,10.7,normal
1697522194.212,46.738,1800.0,4.5,10.7,normal
1697522194.715,46.738,1800.0,3.0,10.7,normal
1697522195.217,46.738,1800.0,5.0,10.7,normal
1697522195.723,46.251,600.0,4.5,10.7,normal
1697522196.229,46.738,600.0,4.0,10.7,normal
1697522196.731,46.738,1800.0,25.6,10.5,normal
1697522197.234,48.199,1800.0,27.9,10.7,normal
1697522197.737,47.225,1800.0,3.0,10.7,normal
1697522198.239,47.225,1800.0,3.9,10.7,normal
1697522198.742,46.738,1800.0,3.0,10.7,normal
1697522199.244,47.225,1800.0,4.5,10.7,normal
1697522199.747,47.712,1800.0,3.0,10.7,normal
1697522200.249,46.251,1800.0,5.0,10.7,normal
1697522200.752,46.738,1800.0,3.0,10.7,normal
1697522201.254,47.225,1800.0,4.4,10.7,normal
1697522201.76,46.738,700.0,4.0,10.7,normal
1697522202.265,46.738,600.0,4.5,10.7,normal
1697522202.768,47.712,1800.0,27.9,10.5,normal
1697522203.271,47.712,1800.0,26.9,10.7,normal
1697522203.774,47.712,1800.0,3.5,10.7,normal
1697522204.276,46.738,1800.0,4.0,10.7,normal
1697522204.779,47.225,1800.0,4.0,10.7,normal
1697522205.281,46.738,1800.0,5.0,10.7,normal
1697522205.784,46.738,1800.0,4.4,10.7,normal
1697522206.286,47.225,1800.0,1.0,10.7,normal
1697522206.789,47.225,1800.0,2.0,10.7,normal
1697522207.291,46.738,1800.0,3.4,10.7,normal
1697522207.796,46.738,900.0,4.0,10.7,normal
1697522208.299,47.225,1000.0,9.0,9.6,normal
1697522208.803,47.712,1800.0,29.7,10.6,normal
1697522209.305,47.225,1800.0,23.4,10.7,normal
1697522209.808,46.738,1800.0,5.0,10.7,normal
1697522210.31,46.251,1800.0,3.5,10.7,normal
1697522210.813,47.712,1800.0,3.0,10.7,normal
1697522211.315,47.712,1800.0,3.0,10.7,normal
1697522211.818,46.738,1800.0,4.0,10.7,normal
1697522212.32,46.738,1800.0,3.0,10.7,normal
1697522212.823,47.225,1800.0,3.0,10.8,normal
1697522213.326,47.712,1800.0,2.5,10.8,normal
1697522213.831,46.738,800.0,5.9,10.8,normal
1697522214.335,46.738,1800.0,13.0,10.0,normal
1697522214.838,48.686,1800.0,33.7,10.6,normal
1697522215.341,47.225,1800.0,12.6,10.7,normal
1697522215.843,47.712,1800.0,4.0,10.7,normal
1697522216.346,46.738,1800.0,4.0,10.7,normal
1697522216.848,46.251,1800.0,4.0,10.7,normal
1697522217.351,47.225,1800.0,3.5,10.7,normal
1697522217.853,46.738,1800.0,4.0,10.7,normal
1697522218.356,48.199,1800.0,3.0,10.7,normal
1697522218.859,46.738,1800.0,3.5,10.7,normal
1697522219.363,46.738,700.0,3.5,10.7,normal
1697522219.868,47.712,900.0,6.4,10.7,normal
1697522220.373,46.738,800.0,5.5,10.7,normal
1697522220.875,47.712,1800.0,29.0,10.6,normal
1697522221.378,46.738,1800.0,26.0,10.7,normal
1697522221.881,47.225,1800.0,4.5,10.7,normal
1697522222.383,47.712,1800.0,3.5,10.7,normal
1697522222.886,47.712,1800.0,3.5,10.7,normal
1697522223.388,47.712,1800.0,3.5,10.7,normal
1697522223.891,46.251,1800.0,3.5,10.7,normal
1697522224.393,46.738,1800.0,3.5,10.7,normal
1697522224.896,47.225,1800.0,5.0,10.8,normal
1697522225.398,46.738,1800.0,3.5,10.7,normal
1697522225.904,46.738,600.0,5.9,10.8,normal
1697522226.41,46.738,600.0,4.0,10.8,normal
1697522226.913,47.225,1800.0,22.5,10.4,normal
1697522227.416,46.738,1800.0,33.3,10.7,normal
1697522227.918,47.712,1800.0,3.5,10.7,normal
1697522228.421,47.225,1800.0,3.5,10.7,normal
1697522228.923,47.712,1800.0,3.5,10.7,normal
1697522229.426,47.225,1800.0,4.0,10.8,normal
1697522229.928,46.251,1800.0,5.0,10.8,normal
1697522230.431,46.738,1800.0,4.4,10.8,normal
1697522230.934,46.738,1800.0,3.0,10.8,normal
1697522231.436,47.225,1800.0,3.5,10.8,normal
1697522231.942,45.764,600.0,4.5,10.8,normal
1697522232.448,46.251,600.0,5.4,10.8,normal
1697522232.951,47.712,1800.0,15.5,10.2,normal
1697522233.454,47.712,1800.0,37.8,10.7,normal
1697522233.957,47.225,1800.0,5.0,10.7,normal
1697522234.459,47.225,1800.0,5.0,10.7,normal
1697522234.962,46.738,1800.0,4.0,10.7,normal
1697522235.464,47.712,1800.0,1.5,10.7,normal
1697522235.967,48.199,1800.0,2.5,10.7,normal
1697522236.47,47.225,1800.0,3.5,10.7,normal
1697522236.972,46.738,1800.0,2.5,10.7,normal
1697522237.475,46.738,1800.0,3.0,10.7,normal
1697522237.981,47.712,600.0,2.9,10.7,normal
1697522238.484,46.738,1800.0,5.5,10.7,normal
1697522238.988,48.686,1800.0,8.4,9.8,normal
1697522239.493,49.66,1800.0,30.8,10.6,normal
1697522239.996,47.225,1800.0,17.4,10.7,normal
1697522240.499,49.66,1800.0,4.5,10.7,normal
1697522241.002,48.199,1800.0,3.0,10.7,normal
1697522241.504,47.712,1800.0,2.5,10.7,normal
1697522242.007,47.225,1800.0,2.5,10.7,normal
1697522242.509,46.738,1800.0,4.0,10.7,normal
1697522243.012,45.764,1800.0,3.5,10.7,normal
1697522243.517,47.225,600.0,4.0,10.7,normal
1697522244.023,47.225,700.0,5.4,10.7,normal
1697522244.527,47.225,800.0,4.9,10.7,normal
1697522245.032,47.225,800.0,6.5,10.6,normal
1697522245.535,47.225,1800.0,28.9,10.4,normal
1697522246.038,47.225,1800.0,25.4,10.7,normal
1697522246.54,47.225,1800.0,4.0,10.7,normal
1697522247.043,48.199,1800.0,4.5,10.7,normal
1697522247.545,47.225,1800.0,3.0,10.7,normal
1697522248.048,47.712,1800.0,4.0,10.7,normal
1697522248.551,46.738,1800.0,3.5,10.7,normal
1697522249.053,46.738,1800.0,4.0,10.7,normal
1697522249.556,46.738,1800.0,3.5,10.7,normal
1697522250.058,46.738,1800.0,4.5,10.7,normal
1697522250.562,46.251,900.0,4.0,10.7,normal
1697522251.066,46.738,900.0,5.4,10.7,normal
1697522251.569,46.251,1800.0,20.5,10.3,normal
1697522252.072,47.712,1800.0,34.7,10.7,normal
1697522252.575,45.764,1800.0,3.5,10.7,normal
1697522253.077,47.225,1800.0,4.0,10.7,normal
1697522253.58,46.738,1800.0,3.0,10.7,normal
1697522254.082,47.712,1800.0,4.5,10.7,normal
1697522254.585,47.225,1800.0,3.0,10.7,normal
1697522255.087,47.712,1800.0,5.0,10.7,normal
1697522255.59,45.764,1800.0,3.9,10.7,normal
1697522256.092,46.251,1800.0,3.5,10.7,normal
1697522256.596,46.738,900.0,4.4,10.7,normal
1697522257.101,46.251,900.0,5.4,10.7,normal
1697522257.604,47.225,1800.0,14.5,10.1,normal
1697522258.108,47.712,1800.0,35.3,10.6,normal
1697522258.611,47.712,1800.0,10.5,10.7,normal
1697522259.113,47.225,1800.0,3.4,10.7,normal
1697522259.616,46.738,1800.0,4.5,10.7,normal
1697522260.118,47.712,1800.0,4.5,10.7,normal
1697522260.621,47.225,1800.0,3.5,10.7,normal
1697522261.123,47.712,1800.0,3.5,10.7,normal
1697522261.626,47.225,1800.0,4.0,10.7,normal
1697522262.129,47.712,1800.0,3.0,10.7,normal
1697522262.633,46.738,700.0,3.9,10.7,normal
1697522263.138,47.225,800.0,4.5,10.7,normal
1697522263.643,46.738,800.0,7.0,10.6,normal
1697522264.146,48.199,1800.0,28.7,10.4,normal
1697522264.649,46.738,1800.0,22.2,10.7,normal
1697522265.151,47.225,1800.0,3.5,10.7,normal
1697522265.654,47.712,1800.0,4.5,10.7,normal
1697522266.156,47.712,1800.0,3.5,10.7,normal
1697522266.659,47.712,1800.0,2.0,10.7,normal
1697522267.161,46.738,1800.0,2.5,10.7,normal
1697522267.664,47.225,1800.0,3.0,10.7,normal
1697522268.166,46.738,1800.0,3.0,10.7,normal
1697522268.669,45.764,1800.0,2.5,10.7,normal
1697522269.173,46.738,800.0,10.3,10.7,normal
1697522269.677,46.738,1800.0,10.0,9.8,normal
1697522270.181,47.712,1800.0,32.5,10.6,normal
1697522270.683,46.738,1800.0,16.6,10.7,normal
1697522271.186,46.251,1800.0,4.0,10.7,normal
1697522271.688,46.738,1800.0,3.0,10.7,normal
1697522272.191,46.251,1800.0,4.0,10.7,normal
1697522272.694,47.712,1800.0,3.5,10.7,normal
1697522273.196,46.251,1800.0,3.0,10.7,normal
1697522273.699,47.712,1800.0,3.5,10.7,normal
1697522274.201,47.712,1800.0,3.5,10.7,normal
1697522274.706,46.738,700.0,4.0,10.7,normal
1697522275.212,46.738,600.0,5.9,10.7,normal
1697522275.717,46.738,600.0,5.0,10.7,normal
1697522276.221,48.199,1800.0,27.7,10.5,normal
1697522276.724,47.712,1800.0,27.5,10.7,normal
1697522277.227,47.712,1800.0,2.5,10.7,normal
1697522277.729,46.251,1800.0,2.0,10.7,normal
1697522278.232,46.251,1800.0,3.0,10.7,normal
1697522278.734,47.225,1800.0,3.5,10.7,normal
1697522279.237,47.225,1800.0,3.0,10.7,normal
1697522279.739,46.738,1800.0,3.0,10.7,normal
1697522280.242,47.225,1800.0,3.5,10.7,normal
1697522280.744,46.738,1800.0,3.0,10.7,normal
1697522281.25,46.251,600.0,5.4,10.7,normal
1697522281.756,47.225,600.0,5.0,10.7,normal
1697522282.259,47.225,1800.0,21.3,10.3,normal
1697522282.761,47.712,1800.0,35.3,10.7,normal
1697522283.264,48.199,1800.0,4.0,10.7,normal
1697522283.766,47.225,1800.0,3.5,10.7,normal
1697522284.269,47.225,1800.0,3.5,10.7,normal
1697522284.772,47.225,1800.0,2.5,10.7,normal
1697522285.274,47.712,1800.0,6.4,10.7,normal
1697522285.777,46.738,1800.0,3.5,10.7,normal
1697522286.279,47.225,1800.0,3.5,10.7,normal
1697522286.782,47.712,1800.0,3.5,10.7,normal
1697522287.287,46.738,600.0,5.0,10.7,normal
1697522287.793,46.738,600.0,4.9,10.7,normal
1697522288.296,48.199,1800.0,12.4,10.1,normal
1697522288.8,47.225,1800.0,37.3,10.7,normal
1697522289.302,47.225,1800.0,8.0,10.7,normal
1697522289.805,46.738,1800.0,4.0,10.7,normal
1697522290.308,47.225,1800.0,3.5,10.7,normal
1697522290.81,47.712,1800.0,4.0,10.7,normal
1697522291.313,47.225,1800.0,3.0,10.7,normal
1697522291.815,47.712,1800.0,4.9,10.7,normal
1697522292.318,46.251,1800.0,3.0,10.7,normal
1697522292.82,46.738,1800.0,3.0,10.7,normal
1697522293.326,47.225,600.0,3.0,10.7,normal
1697522293.831,46.251,700.0,6.4,10.7,normal
1697522294.336,45.764,800.0,6.0,10.6,normal
1697522294.838,47.712,1800.0,29.4,10.6,normal
1697522295.341,48.199,1800.0,25.1,10.7,normal
1697522295.844,46.738,1800.0,3.5,10.7,normal
1697522296.346,46.738,1800.0,3.9,10.7,normal
1697522296.849,47.225,1800.0,3.0,10.7,normal
1697522297.351,47.225,1800.0,4.0,10.7,normal
1697522297.854,47.225,1800.0,4.5,10.7,normal
1697522298.356,46.738,1800.0,3.0,10.7,normal
1697522298.859,47.225,1800.0,3.5,10.7,normal
1697522299.361,46.738,1800.0,3.0,10.7,normal
1697522299.866,46.251,800.0,5.9,10.7,normal
1697522300.37,47.225,800.0,5.9,10.7,normal
1697522300.874,47.225,1800.0,24.3,10.4,normal
1697522301.376,46.738,1800.0,31.5,10.7,normal
1697522301.879,48.686,1800.0,3.5,10.7,normal
1697522302.382,46.738,1800.0,3.5,10.7,normal
1697522302.884,47.225,1800.0,3.5,10.7,normal
1697522303.387,46.251,1800.0,3.0,10.7,normal
1697522303.889,47.712,1800.0,4.0,10.7,normal
1697522304.392,46.738,1800.0,4.0,10.7,normal
1697522304.894,47.225,1800.0,4.4,10.7,normal
1697522305.397,48.686,1800.0,3.5,10.7,normal
1697522305.902,45.764,700.0,3.5,10.7,normal
1697522306.406,47.712,800.0,5.4,10.7,normal
1697522306.909,47.712,1800.0,29.1,10.5,normal
1697522307.412,48.199,1800.0,27.6,10.7,normal
1697522307.914,47.225,1800.0,3.5,10.7,normal
1697522308.417,46.251,1800.0,3.5,10.7,normal
1697522308.919,46.738,1800.0,4.5,10.7,normal
1697522309.422,46.738,1800.0,3.5,10.7,normal
1697522309.924,47.712,1800.0,4.5,10.7,normal
1697522310.427,47.712,1800.0,4.0,10.7,normal
1697522310.929,46.738,1800.0,4.5,10.7,normal
1697522311.432,46.738,1800.0,4.0,10.7,normal
1697522311.937,45.764,600.0,3.5,10.7,normal
1697522312.444,46.251,600.0,4.9,10.7,normal
1697522312.947,48.199,1800.0,21.4,10.2,normal
1697522313.45,47.225,1800.0,33.3,10.6,normal
1697522313.952,48.199,1800.0,4.4,10.6,normal
1697522314.455,47.712,1800.0,3.5,10.7,normal
1697522314.958,47.712,1800.0,5.0,10.7,normal
1697522315.46,46.738,1800.0,3.5,10.7,normal
1697522315.963,48.199,1800.0,3.5,10.7,normal
1697522316.466,47.712,1800.0,2.5,10.7,normal
1697522316.968,47.712,1800.0,4.9,10.7,normal
1697522317.471,46.738,1800.0,2.5,10.7,normal
1697522317.976,46.738,600.0,5.4,10.7,normal
1697522318.482,46.251,800.0,3.0,10.7,normal
1697522318.985,47.225,1800.0,14.0,10.1,normal
1697522319.488,48.686,1800.0,32.5,10.6,normal
1697522319.991,47.712,1800.0,12.9,10.7,normal
1697522320.494,47.225,1800.0,3.0,10.7,normal
1697522320.996,47.225,1800.0,2.5,10.7,normal
1697522321.499,47.712,1800.0,4.5,10.7,normal
1697522322.001,47.225,1800.0,2.5,10.7,normal
1697522322.504,46.738,1800.0,4.5,10.7,normal
1697522323.006,46.738,1800.0,3.5,10.7,normal
1697522323.509,47.712,1800.0,3.0,10.7,normal
1697522324.013,46.738,900.0,3.5,10.7,normal
1697522324.517,46.738,1200.0,5.4,10.7,normal
1697522325.019,47.225,1800.0,17.5,10.2,normal
1697522325.522,47.712,1800.0,37.8,10.7,normal
1697522326.025,47.225,1800.0,4.0,10.7,normal
1697522326.527,47.712,1800.0,2.0,10.7,normal
1697522327.03,48.199,1800.0,3.5,10.7,normal
1697522327.532,47.712,1800.0,2.5,10.7,normal
1697522328.035,48.199,1800.0,3.0,10.7,normal
1697522328.538,47.225,1800.0,3.0,10.7,normal
1697522329.04,47.712,1800.0,3.0,10.7,normal
1697522329.543,46.738,1800.0,3.5,10.7,normal
1697522330.047,46.251,900.0,4.0,10.7,normal
1697522330.551,46.251,900.0,5.9,10.7,normal
1697522331.054,48.199,1800.0,22.5,10.3,normal
1697522331.557,47.712,1800.0,33.2,10.7,normal
1697522332.059,47.712,1800.0,3.0,10.7,normal
1697522332.562,47.712,1800.0,3.5,10.7,normal
1697522333.064,47.225,1800.0,3.0,10.7,normal
1697522333.567,46.251,1800.0,3.5,10.7,normal
1697522334.07,46.738,1800.0,3.0,10.7,normal
1697522334.572,47.225,1800.0,4.5,10.7,normal
1697522335.075,47.225,1800.0,4.5,10.7,normal
1697522335.577,46.738,1800.0,4.5,10.7,normal
1697522336.082,47.712,700.0,3.0,10.7,normal
1697522336.587,46.251,800.0,7.0,10.7,normal
1697522337.09,46.251,1800.0,16.9,10.2,normal
1697522337.592,48.199,1800.0,36.5,10.6,normal
1697522338.095,47.225,1800.0,5.9,10.7,normal
1697522338.597,47.225,1800.0,4.0,10.7,normal
1697522339.1,48.199,1800.0,4.0,10.7,normal
1697522339.603,48.199,1800.0,4.4,10.7,normal
1697522340.105,46.251,1800.0,4.0,10.7,normal
1697522340.608,46.251,1800.0,3.5,10.7,normal
1697522341.11,47.225,1800.0,4.4,10.7,normal
1697522341.613,46.251,1800.0,3.0,10.7,normal
1697522342.118,46.738,600.0,3.5,10.7,normal
1697522342.623,46.738,800.0,4.0,10.7,normal
1697522343.127,46.251,900.0,7.4,10.5,normal
1697522343.63,48.199,1800.0,28.9,10.5,normal
1697522344.133,47.712,1800.0,21.2,10.7,normal
1697522344.635,46.738,1800.0,3.5,10.7,normal
1697522345.138,47.225,1800.0,4.5,10.7,normal
1697522345.64,47.225,1800.0,4.0,10.7,normal
1697522346.143,47.225,1800.0,3.0,10.7,normal
1697522346.646,47.225,1800.0,3.0,10.7,normal
1697522347.148,46.738,1800.0,4.0,10.7,normal
1697522347.651,47.225,1800.0,3.5,10.7,normal
1697522348.156,47.712,700.0,3.4,10.7,normal
1697522348.661,47.225,600.0,5.0,10.7,normal
1697522349.164,46.738,1800.0,13.0,10.0,normal
1697522349.668,47.225,1800.0,34.8,10.6,normal
1697522350.171,47.225,1800.0,12.7,10.6,normal
1697522350.673,48.199,1800.0,2.5,10.7,normal
1697522351.176,47.225,1800.0,3.5,10.7,normal
1697522351.678,47.225,1800.0,4.5,10.7,normal
1697522352.181,46.738,1800.0,3.0,10.7,normal
1697522352.683,47.225,1800.0,3.0,10.7,normal
1697522353.186,47.225,1800.0,3.5,10.7,normal
1697522353.688,46.251,1800.0,3.5,10.7,normal
1697522354.193,46.738,700.0,4.0,10.7,normal
1697522354.698,46.738,800.0,4.0,10.7,normal
1697522355.201,47.225,1800.0,17.9,10.3,normal
1697522355.703,48.686,1800.0,37.5,10.6,normal
1697522356.206,47.712,1800.0,2.5,10.6,normal
1697522356.708,47.712,1800.0,3.5,10.6,normal
1697522357.211,47.712,1800.0,3.5,10.6,normal
1697522357.713,47.225,1800.0,4.0,10.6,normal
1697522358.216,46.251,1800.0,3.5,10.6,normal
1697522358.719,46.738,1800.0,2.5,10.6,normal
1697522359.221,46.738,1800.0,3.0,10.6,normal
1697522359.724,46.738,1800.0,3.5,10.6,normal
1697522360.229,47.225,600.0,3.5,10.6,normal
1697522360.734,46.738,700.0,3.9,10.6,normal
1697522361.238,48.686,1800.0,21.1,10.3,normal
1697522361.74,48.199,1800.0,33.5,10.6,normal
1697522362.243,48.686,1800.0,3.0,10.6,normal
1697522362.745,48.199,1800.0,3.5,10.6,normal
1697522363.248,46.738,1800.0,3.0,10.6,normal
1697522363.75,47.225,1800.0,3.0,10.6,normal
1697522364.253,48.199,1800.0,4.0,10.6,normal
1697522364.755,46.738,1800.0,3.0,10.6,normal
1697522365.258,47.225,1800.0,4.9,10.6,normal
1697522365.76,46.738,1800.0,3.0,10.6,normal
1697522366.266,47.225,600.0,5.9,10.6,normal
1697522366.772,48.199,600.0,4.5,10.6,normal
1697522367.276,46.738,1800.0,26.9,10.4,normal
1697522367.778,47.225,1800.0,28.9,10.7,normal
1697522368.281,47.712,1800.0,3.5,10.7,normal
1697522368.783,47.225,1800.0,4.0,10.7,normal
1697522369.286,47.225,1800.0,3.5,10.7,normal
1697522369.788,47.225,1800.0,3.5,10.7,normal
1697522370.291,47.712,1800.0,4.5,10.7,normal
1697522370.793,47.225,1800.0,3.5,10.7,normal
1697522371.296,46.738,1800.0,2.5,10.7,normal
1697522371.799,47.712,1800.0,3.5,10.7,normal
1697522372.304,47.225,600.0,4.5,10.7,normal
1697522372.81,46.738,600.0,5.9,10.7,normal
1697522373.313,47.712,1800.0,19.0,10.3,normal
1697522373.815,47.225,1800.0,35.4,10.7,normal
1697522374.318,47.712,1800.0,3.5,10.7,normal
1697522374.82,47.712,1800.0,5.4,10.7,normal
1697522375.323,46.738,1800.0,4.5,10.7,normal
1697522375.826,47.225,1800.0,3.0,10.7,normal
1697522376.328,47.225,1800.0,3.0,10.7,normal
1697522376.831,47.225,1800.0,4.5,10.7,normal
1697522377.333,46.738,1800.0,3.0,10.7,normal
1697522377.836,46.738,1800.0,3.0,10.7,normal
1697522378.34,46.738,900.0,4.5,10.7,normal
1697522378.844,46.738,900.0,5.5,10.7,normal
1697522379.348,48.199,1800.0,12.9,10.1,normal
1697522379.852,48.199,1800.0,34.3,10.7,normal
1697522380.354,47.712,1800.0,12.5,10.7,normal
1697522380.857,48.199,1800.0,4.0,10.7,normal
1697522381.359,47.712,1800.0,3.5,10.7,normal
1697522381.862,46.738,1800.0,3.5,10.7,normal
1697522382.364,47.225,1800.0,3.5,10.7,normal
1697522382.867,46.738,1800.0,3.5,10.7,normal
1697522383.369,46.738,1800.0,4.0,10.7,normal
1697522383.872,46.738,1800.0,3.5,10.7,normal
1697522384.377,46.738,700.0,3.5,10.7,normal
1697522384.881,46.251,1000.0,5.4,10.7,normal
1697522385.386,46.251,700.0,5.5,10.7,normal
1697522385.889,46.251,1800.0,28.4,10.5,normal
1697522386.391,47.712,1800.0,27.0,10.7,normal
1697522386.894,47.712,1800.0,4.4,10.7,normal
1697522387.396,48.686,1800.0,2.5,10.7,normal
1697522387.899,47.225,1800.0,2.5,10.7,normal
1697522388.402,47.712,1800.0,3.5,10.7,normal
1697522388.904,47.225,1800.0,1.5,10.7,normal
1697522389.407,46.738,1800.0,4.0,10.7,normal
1697522389.909,47.225,1800.0,5.5,10.7,normal
1697522390.412,48.199,1800.0,3.5,10.7,normal
1697522390.916,46.251,800.0,4.0,10.7,normal
1697522391.421,46.738,800.0,5.0,10.7,normal
1697522391.923,47.712,1800.0,18.5,10.3,normal
1697522392.426,47.712,1800.0,37.8,10.7,normal
1697522392.928,46.738,1800.0,4.0,10.7,normal
1697522393.431,46.738,1800.0,3.5,10.7,normal
1697522393.934,47.712,1800.0,3.0,10.7,normal
1697522394.436,47.225,1800.0,3.5,10.7,normal
1697522394.939,47.225,1800.0,4.0,10.7,normal
1697522395.442,46.738,1800.0,3.0,10.7,normal
1697522395.944,47.225,1800.0,4.0,10.7,normal
1697522396.447,47.225,1800.0,5.9,10.7,normal
1697522396.953,47.225,600.0,4.0,10.7,normal
1697522397.457,46.738,900.0,4.5,10.7,normal
1697522397.96,47.712,1800.0,24.0,10.4,normal
1697522398.462,49.173,1800.0,31.7,10.7,normal
1697522398.965,47.225,1800.0,3.5,10.7,normal
1697522399.468,47.712,1800.0,3.0,10.7,normal
1697522399.97,47.712,1800.0,5.0,10.7,normal
1697522400.473,47.712,1800.0,3.9,10.7,normal
1697522400.975,48.686,1800.0,2.5,10.7,normal
1697522401.478,47.712,1800.0,4.0,10.7,normal
1697522401.981,46.251,1800.0,1.5,10.7,normal
1697522402.483,46.738,1800.0,3.5,10.7,normal
1697522402.989,46.738,600.0,4.0,10.7,normal
1697522403.494,47.225,700.0,5.4,10.7,normal
1697522403.997,47.225,1800.0,27.4,10.5,normal
1697522404.5,48.199,1800.0,25.0,10.7,normal
1697522405.002,47.712,1800.0,4.9,10.7,normal
1697522405.505,47.712,1800.0,5.0,10.7,normal
1697522406.007,47.225,1800.0,3.0,10.7,normal
1697522406.51,47.225,1800.0,3.5,10.7,normal
1697522407.013,47.225,1800.0,2.5,10.7,normal
1697522407.515,46.738,1800.0,4.0,10.7,normal
1697522408.018,47.225,1800.0,3.5,10.7,normal
1697522408.52,47.225,1800.0,3.0,10.7,normal
1697522409.026,47.712,675.0,4.4,10.7,normal
1697522409.532,46.251,600.0,9.0,10.5,normal
1697522410.035,47.712,1800.0,30.2,10.5,normal
1697522410.538,47.225,1800.0,23.9,10.7,normal
1697522411.041,47.225,1800.0,3.5,10.7,normal
1697522411.543,47.712,1800.0,4.5,10.7,normal
1697522412.046,46.738,1800.0,4.0,10.7,normal
1697522412.548,47.712,1800.0,2.5,10.7,normal
1697522413.051,47.225,1800.0,3.5,10.7,normal
1697522413.554,46.738,1800.0,4.5,10.7,normal
1697522414.056,48.199,1800.0,3.5,10.7,normal
1697522414.559,46.738,1800.0,4.0,10.7,normal
1697522415.063,46.738,800.0,6.4,10.7,normal
1697522415.567,47.225,1000.0,10.0,9.7,normal
1697522416.07,48.199,1800.0,29.2,10.5,normal
1697522416.573,47.712,1800.0,23.0,10.7,normal
1697522417.075,47.225,1800.0,3.5,10.7,normal
1697522417.578,47.225,1800.0,4.5,10.7,normal
1697522418.081,47.225,1800.0,2.5,10.7,normal
1697522418.583,47.712,1800.0,3.5,10.7,normal
1697522419.086,47.225,1800.0,3.5,10.7,normal
1697522419.588,48.199,1800.0,4.5,10.7,normal
1697522420.091,46.738,1800.0,4.0,10.7,normal
1697522420.593,46.251,1800.0,4.5,10.7,normal
1697522421.097,47.712,900.0,4.0,10.7,normal
1697522421.602,46.251,800.0,5.0,10.7,normal
1697522422.105,47.712,1800.0,24.4,10.3,normal
1697522422.607,46.738,1800.0,31.2,10.7,normal
1697522423.11,46.251,1800.0,4.0,10.7,normal
1697522423.612,47.225,1800.0,4.5,10.7,normal
1697522424.115,46.738,1800.0,3.5,10.7,normal
1697522424.617,47.225,1800.0,3.0,10.7,normal
1697522425.12,46.251,1800.0,5.0,10.7,normal
1697522425.622,47.712,1800.0,4.5,10.7,normal
1697522426.125,47.225,1800.0,4.4,10.7,normal
1697522426.627,47.225,1800.0,1.0,10.7,normal
1697522427.133,47.225,600.0,2.0,10.7,normal
1697522427.638,47.225,900.0,8.0,10.7,normal
1697522428.141,47.225,1800.0,29.0,10.5,normal
1697522428.644,48.199,1800.0,25.0,10.7,normal
1697522429.146,47.712,1800.0,4.0,10.7,normal
1697522429.649,47.712,1800.0,4.9,10.7,normal
1697522430.151,47.225,1800.0,4.0,10.7,normal
1697522430.654,47.225,1800.0,3.5,10.7,normal
1697522431.157,47.712,1800.0,3.0,10.7,normal
1697522431.659,46.738,1800.0,4.5,10.7,normal
1697522432.162,48.199,1800.0,3.5,10.7,normal
1697522432.664,46.251,1800.0,3.5,10.7,normal
1697522433.17,46.738,600.0,4.5,10.7,normal
1697522433.675,46.738,600.0,4.5,10.7,normal
1697522434.179,47.225,1800.0,23.6,10.3,normal
1697522434.681,48.199,1800.0,30.7,10.7,normal
1697522435.184,47.225,1800.0,5.0,10.7,normal
1697522435.686,46.738,1800.0,4.5,10.7,normal
1697522436.189,47.225,1800.0,3.5,10.7,normal
1697522436.692,46.251,1800.0,3.0,10.7,normal
1697522437.194,45.764,1800.0,3.5,10.7,normal
1697522437.697,47.225,1800.0,4.5,10.7,normal
1697522438.199,46.251,1800.0,3.0,10.7,normal
1697522438.702,47.712,1800.0,3.5,10.7,normal
1697522439.207,46.738,600.0,4.4,10.7,normal
1697522439.713,46.738,600.0,5.0,10.7,normal
1697522440.216,47.712,1800.0,25.2,10.4,normal
1697522440.719,46.738,1800.0,28.8,10.7,normal
1697522441.221,46.738,1800.0,3.5,10.7,normal
1697522441.724,47.712,1800.0,4.9,10.7,normal
1697522442.226,47.225,1800.0,3.0,10.7,normal
1697522442.729,47.712,1800.0,3.0,10.7,normal
1697522443.231,47.225,1800.0,3.0,10.7,normal
1697522443.734,47.225,1800.0,3.0,10.7,normal
1697522444.236,45.764,1800.0,2.0,10.7,normal
1697522444.739,47.225,1800.0,2.5,10.7,normal
1697522445.244,46.251,600.0,5.4,10.7,normal
1697522445.75,46.251,600.0,3.5,10.6,normal
1697522446.253,47.712,1800.0,30.0,10.5,normal
1697522446.756,48.686,1800.0,24.5,10.7,normal
1697522447.258,47.712,1800.0,3.0,10.7,normal
1697522447.761,47.225,1800.0,4.0,10.7,normal
1697522448.263,46.738,1800.0,2.0,10.7,normal
1697522448.766,46.251,1800.0,4.5,10.7,normal
1697522449.268,47.225,1800.0,3.5,10.7,normal
1697522449.771,47.225,1800.0,5.0,10.7,normal
1697522450.273,47.225,1800.0,4.5,10.7,normal
1697522450.776,47.712,1800.0,3.5,10.7,normal
1697522451.281,46.738,600.0,4.9,10.7,normal
1697522451.787,46.251,600.0,10.9,10.1,normal
1697522452.291,47.225,1800.0,28.7,10.5,normal
1697522452.794,47.712,1800.0,20.2,10.7,normal
1697522453.297,47.225,1800.0,4.0,10.7,normal
1697522453.799,47.225,1800.0,3.5,10.7,normal
1697522454.302,47.712,1800.0,3.5,10.6,normal
1697522454.804,46.738,1800.0,3.0,10.6,normal
1697522455.307,47.225,1800.0,4.9,10.7,normal
1697522455.809,46.738,1800.0,2.0,10.7,normal
1697522456.312,46.738,1800.0,4.9,10.7,normal
1697522456.817,47.225,700.0,2.0,10.7,normal
1697522457.321,46.738,1100.0,5.4,10.7,normal
1697522457.826,47.225,700.0,5.0,10.7,normal
1697522458.33,47.225,1800.0,28.1,10.4,normal
1697522458.833,47.712,1800.0,28.5,10.7,normal
1697522459.335,47.712,1800.0,4.0,10.7,normal
1697522459.838,48.199,1800.0,4.5,10.7,normal
1697522460.34,47.225,1800.0,5.0,10.7,normal
1697522460.843,47.712,1800.0,3.0,10.7,normal
1697522461.345,46.251,1800.0,4.0,10.7,normal
1697522461.848,48.199,1800.0,3.0,10.7,normal
1697522462.35,47.712,1800.0,14.4,10.7,normal
1697522462.853,46.738,1800.0,3.5,10.7,normal
1697522463.357,45.764,900.0,4.5,10.7,normal
1697522463.861,46.738,900.0,5.4,10.7,normal
1697522464.364,47.225,1800.0,20.4,10.3,normal
1697522464.867,48.199,1800.0,36.2,10.7,normal
1697522465.369,47.225,1800.0,4.5,10.7,normal
1697522465.872,46.738,1800.0,3.5,10.7,normal
1697522466.374,49.173,1800.0,5.0,10.7,normal
1697522466.877,47.712,1800.0,3.0,10.7,normal
1697522467.379,47.225,1800.0,3.0,10.7,normal
1697522467.882,47.225,1800.0,3.5,10.7,normal
1697522468.384,46.738,1800.0,3.0,10.7,normal
1697522468.887,47.225,1800.0,3.0,10.7,normal
1697522469.391,47.225,800.0,4.0,10.7,normal
1697522469.896,46.738,900.0,5.9,10.7,normal
1697522470.399,47.225,1800.0,23.9,10.4,normal
1697522470.901,48.686,1800.0,34.7,10.7,normal
1697522471.404,46.251,1800.0,2.0,10.7,normal
1697522471.907,46.738,1800.0,1.5,10.7,normal
1697522472.409,46.738,1800.0,4.4,10.7,normal
1697522472.912,47.712,1800.0,4.0,10.7,normal
1697522473.414,46.738,1800.0,3.4,10.7,normal
1697522473.917,46.738,1800.0,3.0,10.7,normal
1697522474.419,47.225,1800.0,3.5,10.7,normal
1697522474.922,47.225,1800.0,5.0,10.7,normal
1697522475.426,47.225,800.0,3.5,10.7,normal
1697522475.931,46.251,700.0,4.9,10.7,normal
1697522476.434,47.712,1800.0,15.5,10.3,normal
1697522476.938,47.712,1800.0,37.4,10.6,normal
1697522477.441,48.199,1800.0,6.4,10.7,normal
1697522477.943,47.712,1800.0,3.5,10.7,normal
1697522478.446,47.225,1800.0,3.0,10.7,normal
1697522478.949,47.225,1800.0,2.5,10.7,normal
1697522479.451,47.712,1800.0,5.0,10.7,normal
1697522479.954,46.251,1800.0,4.0,10.7,normal
1697522480.456,47.225,1800.0,4.0,10.7,normal
1697522480.959,47.712,1800.0,2.5,10.7,normal
1697522481.464,47.712,800.0,5.4,10.7,normal
1697522481.968,48.199,800.0,3.5,10.7,normal
1697522482.474,47.225,700.0,6.9,10.4,normal
1697522482.976,46.738,1800.0,30.3,10.5,normal
1697522483.479,48.199,1800.0,22.4,10.7,normal
1697522483.982,47.712,1800.0,2.5,10.7,normal
1697522484.484,47.712,1800.0,2.0,10.7,normal
1697522484.987,47.225,1800.0,3.0,10.7,normal
1697522485.489,47.712,1800.0,4.0,10.7,normal
1697522485.992,47.225,1800.0,2.5,10.7,normal
1697522486.495,47.225,1800.0,4.0,10.7,normal
1697522486.997,47.712,1800.0,2.5,10.7,normal
1697522487.5,47.225,1800.0,3.9,10.7,normal
1697522488.004,47.225,900.0,3.5,10.7,normal
1697522488.508,46.738,1000.0,5.4,10.7,normal
1697522489.011,48.199,1800.0,23.5,10.4,normal
1697522489.513,47.712,1800.0,29.1,10.7,normal
1697522490.016,48.199,1800.0,4.9,10.7,normal
1697522490.519,46.738,1800.0,3.0,10.7,normal
1697522491.021,47.225,1800.0,3.0,10.7,normal
1697522491.524,46.251,1800.0,3.5,10.7,normal
1697522492.026,47.225,1800.0,3.5,10.7,normal
1697522492.529,45.764,1800.0,3.0,10.7,normal
1697522493.031,47.225,1800.0,4.0,10.7,normal
1697522493.534,45.764,1800.0,3.5,10.7,normal
1697522494.039,46.738,600.0,4.0,10.7,normal
1697522494.544,46.251,800.0,5.4,10.6,normal
1697522495.047,48.199,1800.0,29.4,10.5,normal
1697522495.55,48.199,1800.0,25.5,10.7,normal
1697522496.053,47.712,1800.0,5.0,10.7,normal
1697522496.555,47.225,1800.0,3.0,10.7,normal
1697522497.058,47.712,1800.0,3.5,10.7,normal
1697522497.56,47.712,1800.0,3.5,10.7,normal
1697522498.063,47.712,1800.0,4.0,10.7,normal
1697522498.565,47.225,1800.0,3.5,10.7,normal
1697522499.068,47.225,1800.0,2.5,10.7,normal
1697522499.57,47.225,1800.0,3.5,10.7,normal
1697522500.074,47.225,1000.0,5.9,10.7,normal
1697522500.578,46.251,900.0,4.5,10.7,normal
1697522501.081,46.738,1800.0,22.5,10.5,normal
1697522501.584,47.712,1800.0,32.7,10.8,normal
1697522502.087,47.712,1800.0,4.5,10.8,normal
1697522502.589,48.686,1800.0,3.0,10.7,normal
1697522503.092,47.225,1800.0,3.0,10.7,normal
1697522503.595,46.738,1800.0,3.5,10.7,normal
1697522504.097,46.738,1800.0,4.0,10.7,normal
1697522504.6,47.225,1800.0,3.0,10.7,normal
1697522505.102,47.225,1800.0,4.5,10.7,normal
1697522505.605,47.225,1800.0,4.0,10.7,normal
1697522506.109,46.251,800.0,2.5,10.7,normal
1697522506.615,47.712,600.0,5.0,10.7,normal
1697522507.118,48.199,1800.0,16.8,10.4,normal
1697522507.62,48.199,1800.0,36.8,10.6,normal
1697522508.123,47.712,1800.0,4.5,10.7,normal
1697522508.626,47.225,1800.0,2.5,10.7,normal
1697522509.128,47.712,1800.0,5.4,10.7,normal
1697522509.631,47.225,1800.0,4.0,10.7,normal
1697522510.133,47.712,1800.0,4.5,10.7,normal
1697522510.636,46.738,1800.0,4.5,10.7,normal
1697522511.138,47.712,1800.0,3.5,10.7,normal
1697522511.641,47.225,1800.0,3.0,10.7,normal
1697522512.145,46.738,800.0,4.5,10.7,normal
1697522512.651,46.738,600.0,4.9,10.7,normal
1697522513.155,47.225,1800.0,10.0,9.7,normal
1697522513.659,47.712,1800.0,29.7,10.5,normal
1697522514.161,48.199,1800.0,18.7,10.7,normal
1697522514.664,47.712,1800.0,3.5,10.7,normal
1697522515.166,47.712,1800.0,4.0,10.7,normal
1697522515.669,47.712,1800.0,4.4,10.7,normal
1697522516.171,46.738,1800.0,2.0,10.7,normal
1697522516.674,46.738,1800.0,1.5,10.7,normal
1697522517.176,47.225,1800.0,1.0,10.7,normal
1697522517.679,46.738,1800.0,5.4,10.7,normal
1697522518.184,47.225,700.0,4.0,10.7,normal
1697522518.689,46.738,600.0,4.5,10.7,normal
1697522519.195,46.251,600.0,5.4,10.6,normal
1697522519.698,47.225,1800.0,27.9,10.5,normal
1697522520.201,46.738,1800.0,28.4,10.7,normal
1697522520.704,46.738,1800.0,2.5,10.7,normal
1697522521.206,46.738,1800.0,4.5,10.7,normal
1697522521.709,45.764,1800.0,3.5,10.7,normal
1697522522.211,47.225,1800.0,3.5,10.7,normal
1697522522.714,47.712,1800.0,4.4,10.7,normal
1697522523.216,46.251,1800.0,3.0,10.7,normal
1697522523.719,47.225,1800.0,3.0,10.7,normal
1697522524.221,47.712,1800.0,4.0,10.7,normal
1697522524.727,47.225,600.0,5.0,10.7,normal
1697522525.231,47.225,1800.0,10.0,9.7,normal
1697522525.734,47.225,1800.0,28.2,10.5,normal
1697522526.237,47.712,1800.0,21.4,10.7,normal
1697522526.739,46.738,1800.0,2.0,10.7,normal
1697522527.242,47.712,1800.0,2.5,10.7,normal
1697522527.744,46.738,1800.0,3.5,10.7,normal
1697522528.247,48.199,1800.0,3.5,10.7,normal
1697522528.75,46.251,1800.0,3.5,10.7,normal
1697522529.252,47.225,1800.0,3.5,10.7,normal
1697522529.755,46.251,1800.0,3.5,10.7,normal
1697522530.259,46.738,700.0,4.5,10.7,normal
1697522530.765,45.764,600.0,4.9,10.7,normal
1697522531.271,46.738,600.0,3.4,10.7,normal
1697522531.774,48.199,1800.0,23.8,10.4,normal
1697522532.277,47.225,1800.0,29.6,10.7,normal
1697522532.779,46.738,1800.0,4.0,10.7,normal
1697522533.282,47.712,1800.0,4.0,10.7,normal
1697522533.785,46.738,1800.0,3.5,10.7,normal
1697522534.287,47.225,1800.0,3.5,10.7,normal
1697522534.79,46.738,1800.0,3.5,10.7,normal
1697522535.292,47.712,1800.0,4.5,10.7,normal
1697522535.795,46.738,1800.0,3.0,10.7,normal
1697522536.297,47.225,1800.0,3.5,10.7,normal
1697522536.803,47.225,600.0,4.9,10.7,normal
1697522537.309,46.251,600.0,4.0,10.7,normal
1697522537.812,46.738,1800.0,18.9,10.1,normal
1697522538.314,48.686,1800.0,36.6,10.6,normal
1697522538.817,47.712,1800.0,3.5,10.6,normal
1697522539.319,47.225,1800.0,4.0,10.6,normal
1697522539.822,47.712,1800.0,4.0,10.6,normal
1697522540.324,46.738,1800.0,4.5,10.6,normal
1697522540.827,46.251,1800.0,4.0,10.6,normal
1697522541.33,47.712,1800.0,3.0,10.7,normal
1697522541.832,48.199,1800.0,3.0,10.7,normal
1697522542.335,46.738,1800.0,3.9,10.7,normal
1697522542.84,46.738,600.0,3.0,10.7,normal
1697522543.346,46.738,700.0,5.4,10.7,normal
1697522543.849,46.738,1800.0,12.3,10.1,normal
1697522544.352,47.712,1800.0,34.8,10.6,normal
1697522544.854,48.199,1800.0,11.9,10.7,normal
1697522545.357,47.225,1800.0,4.0,10.7,normal
1697522545.859,47.712,1800.0,3.0,10.7,normal
1697522546.362,46.738,1800.0,3.0,10.7,normal
1697522546.864,47.225,1800.0,1.0,10.7,normal
1697522547.367,46.251,1800.0,3.5,10.7,normal
1697522547.869,46.738,1800.0,4.5,10.7,normal
1697522548.372,47.712,1800.0,3.5,10.7,normal
1697522548.877,46.738,700.0,4.9,10.7,normal
1697522549.381,47.225,800.0,4.5,10.7,normal
1697522549.886,46.738,1000.0,7.0,10.6,normal
1697522550.389,47.225,1800.0,28.0,10.4,normal
1697522550.891,46.738,1800.0,24.5,10.6,normal
1697522551.394,47.712,1800.0,3.5,10.6,normal
1697522551.896,46.738,1800.0,4.0,10.6,normal
1697522552.399,46.738,1800.0,3.5,10.6,normal
1697522552.901,46.738,1800.0,3.5,10.6,normal
1697522553.404,46.738,1800.0,3.5,10.6,normal
1697522553.907,48.199,1800.0,4.9,10.6,normal
1697522554.409,46.738,1800.0,2.5,10.6,normal
1697522554.912,47.712,1800.0,4.5,10.6,normal
1697522555.416,46.738,900.0,5.4,10.6,normal
1697522555.92,46.251,800.0,5.5,10.6,normal
1697522556.423,46.738,1800.0,22.5,10.3,normal
1697522556.926,47.225,1800.0,32.3,10.7,normal
1697522557.428,47.712,1800.0,3.5,10.7,normal
1697522557.931,46.738,1800.0,4.0,10.7,normal
1697522558.434,47.225,1800.0,2.5,10.7,normal
1697522558.936,46.738,1800.0,3.5,10.7,normal
1697522559.439,46.738,1800.0,4.5,10.7,normal
1697522559.942,46.251,1800.0,4.9,10.7,normal
1697522560.444,46.738,1800.0,3.5,10.7,normal
1697522560.947,48.199,1800.0,3.0,10.7,normal
1697522561.452,46.251,600.0,2.0,10.7,normal
1697522561.958,45.764,600.0,2.5,10.7,normal
1697522562.461,47.712,1800.0,18.9,10.2,normal
1697522562.964,47.225,1800.0,38.3,10.6,normal
1697522563.466,47.225,1800.0,5.5,10.6,normal
1697522563.969,47.712,1800.0,3.5,10.6,normal
1697522564.471,47.225,1800.0,3.5,10.6,normal
1697522564.974,48.199,1800.0,5.0,10.6,normal
1697522565.477,47.225,1800.0,2.0,10.6,normal
1697522565.979,47.712,1800.0,3.5,10.6,normal
1697522566.482,46.251,1800.0,1.0,10.6,normal
1697522566.984,46.251,1800.0,1.0,10.7,normal
1697522567.489,46.738,700.0,4.5,10.7,normal
1697522567.994,46.251,800.0,4.0,10.7,normal
1697522568.499,46.738,800.0,9.9,9.7,normal
1697522569.001,47.712,1800.0,25.5,10.6,normal
1697522569.504,47.225,1800.0,18.2,10.7,normal
1697522570.007,46.251,1800.0,1.0,10.7,normal
1697522570.509,48.199,1800.0,3.0,10.7,normal
1697522571.012,47.712,1800.0,7.5,10.7,normal
1697522571.514,47.712,1800.0,3.0,10.7,normal
1697522572.017,47.225,1800.0,3.5,10.7,normal
1697522572.519,47.225,1800.0,3.5,10.7,normal
1697522573.022,47.712,1800.0,4.0,10.7,normal
1697522573.527,47.712,1250.0,3.9,10.7,normal
1697522574.031,47.712,900.0,4.0,10.7,normal
1697522574.535,46.251,900.0,5.4,10.7,normal
1697522575.038,48.686,1800.0,26.7,10.5,normal
1697522575.541,48.199,1800.0,28.9,10.7,normal
1697522576.043,47.712,1800.0,3.0,10.7,normal
1697522576.546,47.225,1800.0,1.5,10.7,normal
1697522577.048,47.712,1800.0,1.0,10.7,normal
1697522577.551,47.225,1800.0,6.9,10.7,normal
1697522578.054,47.712,1800.0,2.0,10.7,normal
1697522578.556,47.225,1800.0,3.0,10.7,normal
1697522579.059,47.225,1800.0,3.0,10.7,normal
1697522579.561,45.764,1800.0,4.0,10.7,normal
1697522580.066,46.738,800.0,5.0,10.7,normal
1697522580.57,45.764,800.0,4.4,10.7,normal
1697522581.073,47.712,1800.0,19.0,10.3,normal
1697522581.576,47.225,1800.0,38.6,10.7,normal
1697522582.079,47.225,1800.0,4.0,10.7,normal
1697522582.581,47.225,1800.0,2.5,10.7,normal
1697522583.084,46.738,1800.0,3.5,10.7,normal
1697522583.586,47.225,1800.0,4.0,10.7,normal
1697522584.089,46.738,1800.0,4.0,10.7,normal
1697522584.591,46.738,1800.0,3.5,10.7,normal
1697522585.094,47.225,1800.0,4.5,10.7,normal
1697522585.596,46.738,1800.0,4.0,10.7,normal
1697522586.1,47.225,900.0,4.5,10.7,normal
1697522586.605,46.251,800.0,5.0,10.7,normal
1697522587.108,47.225,1800.0,21.5,10.4,normal
1697522587.61,47.712,1800.0,33.2,10.7,normal
1697522588.113,48.199,1800.0,3.0,10.7,normal
1697522588.615,46.738,1800.0,3.5,10.7,normal
1697522589.118,45.764,1800.0,4.0,10.7,normal
1697522589.62,47.712,1800.0,4.0,10.7,normal
1697522590.123,47.225,1800.0,4.5,10.7,normal
1697522590.626,46.738,1800.0,3.5,10.7,normal
1697522591.128,47.712,1800.0,2.5,10.7,normal
1697522591.631,47.225,1800.0,1.0,10.7,normal
1697522592.136,47.225,600.0,2.0,10.7,normal
1697522592.639,46.251,1800.0,7.4,10.6,normal
1697522593.142,47.712,1800.0,26.2,10.5,normal
1697522593.645,46.738,1800.0,26.1,10.7,normal
1697522594.147,47.225,1800.0,4.5,10.7,normal
1697522594.65,46.738,1800.0,3.0,10.7,normal
1697522595.152,47.712,1800.0,4.0,10.7,normal
1697522595.655,47.712,1800.0,3.5,10.7,normal
1697522596.158,46.738,1800.0,3.5,10.7,normal
1697522596.66,47.225,1800.0,3.5,10.7,normal
1697522597.163,47.712,1800.0,4.0,10.7,normal
1697522597.668,46.738,600.0,5.4,10.7,normal
1697522598.173,46.251,700.0,5.0,10.7,normal
1697522598.678,46.738,700.0,9.9,9.6,normal
1697522599.181,47.712,1800.0,28.5,10.5,normal
1697522599.684,47.712,1800.0,21.4,10.6,normal
1697522600.187,47.712,1800.0,4.0,10.6,normal
1697522600.689,47.225,1800.0,3.9,10.6,normal
1697522601.192,47.225,1800.0,3.0,10.6,normal
1697522601.694,46.738,1800.0,3.5,10.6,normal
1697522602.197,47.712,1800.0,3.5,10.6,normal
1697522602.699,46.738,1800.0,4.0,10.6,normal
1697522603.202,47.712,1800.0,3.5,10.6,normal
1697522603.705,46.738,1800.0,2.5,10.6,normal
1697522604.21,46.738,700.0,4.4,10.6,normal
1697522604.713,47.712,1800.0,13.9,10.1,normal
1697522605.217,48.199,1800.0,37.6,10.6,normal
1697522605.719,47.225,1800.0,9.5,10.7,normal
1697522606.222,47.712,1800.0,3.5,10.7,normal
1697522606.724,47.225,1800.0,4.0,10.7,normal
1697522607.227,47.712,1800.0,4.0,10.7,normal
1697522607.73,47.225,1800.0,2.5,10.7,normal
1697522608.232,46.738,1800.0,3.5,10.7,normal
1697522608.735,45.764,1800.0,3.5,10.7,normal
1697522609.237,46.738,1800.0,3.0,10.7,normal
1697522609.742,46.251,700.0,3.0,10.7,normal
1697522610.248,47.712,600.0,4.5,10.7,normal
1697522610.754,47.225,600.0,7.4,10.5,normal
1697522611.257,47.225,1800.0,27.9,10.5,normal
1697522611.76,47.712,1800.0,21.6,10.7,normal
1697522612.262,47.225,1800.0,3.0,10.7,normal
1697522612.765,46.738,1800.0,4.0,10.7,normal
1697522613.267,47.712,1800.0,2.5,10.7,normal
1697522613.77,46.251,1800.0,3.5,10.7,normal
1697522614.273,46.738,1800.0,4.0,10.7,normal
1697522614.775,46.738,1800.0,4.0,10.7,normal
1697522615.278,48.199,1800.0,5.0,10.7,normal
1697522615.782,46.251,700.0,4.4,10.7,normal
1697522616.288,45.764,700.0,5.4,10.7,normal
1697522616.791,47.225,1800.0,13.0,10.1,normal
1697522617.296,48.686,1800.0,33.3,10.6,normal
1697522617.799,46.251,1800.0,12.9,10.6,normal
1697522618.302,47.225,1800.0,3.5,10.6,normal
1697522618.804,46.738,1800.0,4.0,10.7,normal
1697522619.307,47.225,1800.0,3.0,10.7,normal
1697522619.809,47.712,1800.0,3.5,10.7,normal
1697522620.312,47.225,1800.0,4.0,10.7,normal
1697522620.814,46.738,1800.0,4.0,10.7,normal
1697522621.317,47.225,1800.0,4.0,10.7,normal
1697522621.822,47.225,700.0,3.5,10.7,normal
1697522622.327,47.225,600.0,4.5,10.7,normal
1697522622.833,46.738,600.0,7.0,10.7,normal
1697522623.336,46.738,1800.0,29.2,10.6,normal
1697522623.839,47.225,1800.0,24.1,10.7,normal
1697522624.342,46.251,1800.0,3.0,10.7,normal
1697522624.844,46.738,1800.0,5.4,10.7,normal
1697522625.347,47.712,1800.0,3.5,10.7,normal
1697522625.849,47.712,1800.0,3.0,10.7,normal
1697522626.352,47.225,1800.0,1.0,10.7,normal
1697522626.854,47.712,1800.0,2.5,10.7,normal
1697522627.357,47.225,1800.0,4.5,10.7,normal
1697522627.859,47.225,1800.0,2.5,10.7,normal
1697522628.364,46.738,800.0,4.0,10.7,normal
1697522628.869,45.764,900.0,6.0,10.7,normal
1697522629.372,48.686,1800.0,21.8,10.4,normal
1697522629.875,47.712,1800.0,30.8,10.7,normal
1697522630.378,47.225,1800.0,1.0,10.7,normal
1697522630.88,47.225,1800.0,5.0,10.7,normal
1697522631.383,47.712,1800.0,4.0,10.7,normal
1697522631.885,47.225,1800.0,4.0,10.7,normal
1697522632.388,46.738,1800.0,3.0,10.7,normal
1697522632.89,47.225,1800.0,3.5,10.7,normal
1697522633.393,47.225,1800.0,3.0,10.7,normal
1697522633.896,46.738,1800.0,4.5,10.7,normal
1697522634.4,46.738,800.0,3.5,10.7,normal
1697522634.904,46.738,1000.0,6.0,10.7,normal
1697522635.407,47.225,1800.0,16.8,10.2,normal
1697522635.909,48.199,1800.0,38.5,10.6,normal
1697522636.412,47.225,1800.0,5.0,10.7,normal
1697522636.915,47.225,1800.0,4.9,10.7,normal
1697522637.417,47.712,1800.0,3.0,10.7,normal
1697522637.92,47.225,1800.0,3.0,10.7,normal
1697522638.422,46.738,1800.0,4.0,10.7,normal
1697522638.925,47.225,1800.0,3.0,10.7,normal
1697522639.427,45.764,1800.0,3.5,10.7,normal
1697522639.93,47.712,1800.0,5.9,10.7,normal
1697522640.435,47.225,700.0,3.5,10.7,normal
1697522640.941,46.251,600.0,5.4,10.7,normal
1697522641.445,47.712,1800.0,21.1,10.3,normal
1697522641.951,46.738,1800.0,35.8,10.7,normal
1697522642.454,47.712,1800.0,4.0,10.7,normal
1697522642.956,48.199,1800.0,3.5,10.7,normal
1697522643.459,47.225,1800.0,3.0,10.7,normal
1697522643.961,48.199,1800.0,4.5,10.7,normal
1697522644.464,47.712,1800.0,3.0,10.7,normal
1697522644.967,47.712,1800.0,4.5,10.7,normal
1697522645.469,46.251,1800.0,4.0,10.7,normal
1697522645.972,47.712,1800.0,4.4,10.7,normal
1697522646.476,47.225,900.0,4.0,10.7,normal
1697522646.981,46.738,700.0,4.5,10.7,normal
1697522647.483,49.173,1800.0,23.5,10.3,normal
1697522647.986,48.199,1800.0,31.0,10.6,normal
1697522648.489,47.225,1800.0,3.5,10.6,normal
1697522648.991,47.712,1800.0,3.0,10.7,normal
1697522649.494,47.712,1800.0,4.0,10.7,normal
1697522649.996,47.712,1800.0,4.5,10.7,normal
1697522650.499,47.225,1800.0,3.5,10.7,normal
1697522651.001,47.712,1800.0,3.0,10.7,normal
1697522651.504,48.686,1800.0,3.0,10.7,normal
1697522652.007,47.225,1800.0,2.5,10.7,normal
1697522652.511,47.225,700.0,4.5,10.7,normal
1697522653.016,46.251,800.0,4.4,10.7,normal
1697522653.519,48.199,1800.0,14.5,10.1,normal
1697522654.022,48.686,1800.0,36.5,10.6,normal
1697522654.525,46.738,1800.0,7.0,10.6,normal
1697522655.027,47.712,1800.0,5.0,10.6,normal
1697522655.53,47.225,1800.0,3.0,10.7,normal
1697522656.032,47.225,1800.0,3.0,10.7,normal
1697522656.535,47.225,1800.0,3.0,10.7,normal
1697522657.038,48.199,1800.0,3.5,10.6,normal
1697522657.54,47.712,1800.0,4.0,10.7,normal
1697522658.043,48.686,1800.0,4.5,10.6,normal
1697522658.548,48.199,700.0,4.0,10.7,normal
1697522659.052,47.225,900.0,4.5,10.7,normal
1697522659.556,46.738,1000.0,7.9,10.5,normal
1697522660.059,47.712,1800.0,29.5,10.5,normal
1697522660.562,48.199,1800.0,22.9,10.6,normal
1697522661.064,47.225,1800.0,4.5,10.6,normal
1697522661.567,47.712,1800.0,3.5,10.6,normal
1697522662.069,46.738,1800.0,2.0,10.6,normal
1697522662.572,46.738,1800.0,4.0,10.6,normal
1697522663.075,48.199,1800.0,3.5,10.6,normal
1697522663.577,47.225,1800.0,3.0,10.6,normal
1697522664.08,46.251,1800.0,4.4,10.6,normal
1697522664.583,46.251,1800.0,2.5,10.6,normal
1697522665.088,47.225,800.0,5.0,10.7,normal
1697522665.592,46.251,900.0,5.4,10.6,normal
1697522666.096,47.225,1800.0,24.4,10.4,normal
1697522666.598,46.738,1800.0,31.7,10.7,normal
1697522667.101,47.712,1800.0,3.5,10.7,normal
1697522667.603,47.712,1800.0,3.0,10.7,normal
1697522668.106,47.225,1800.0,4.0,10.7,normal
1697522668.609,47.225,1800.0,3.5,10.7,normal
1697522669.111,46.738,1800.0,3.0,10.7,normal
1697522669.614,46.251,1800.0,4.0,10.7,normal
1697522670.116,46.738,1800.0,4.0,10.7,normal
1697522670.619,46.738,1800.0,4.5,10.7,normal
1697522671.123,47.225,800.0,4.4,10.6,normal
1697522671.629,46.251,600.0,4.5,10.6,normal
1697522672.132,48.199,1800.0,28.0,10.5,normal
1697522672.635,47.712,1800.0,28.4,10.7,normal
1697522673.138,48.199,1800.0,3.5,10.7,normal
1697522673.64,47.225,1800.0,3.0,10.7,normal
1697522674.143,47.712,1800.0,3.0,10.7,normal
1697522674.645,47.225,1800.0,3.5,10.7,normal
1697522675.148,46.738,1800.0,5.0,10.7,normal
1697522675.65,47.225,1800.0,4.5,10.7,normal
1697522676.153,46.738,1800.0,3.0,10.7,normal
1697522676.655,46.738,1800.0,2.0,10.7,normal
1697522677.16,47.712,800.0,5.4,10.7,normal
1697522677.665,46.738,600.0,5.0,10.7,normal
1697522678.168,46.738,1800.0,21.3,10.3,normal
1697522678.671,47.225,1800.0,34.7,10.7,normal
1697522679.173,47.225,1800.0,4.4,10.7,normal
1697522679.676,47.225,1800.0,3.5,10.6,normal
1697522680.179,47.225,1800.0,4.0,10.6,normal
1697522680.681,47.225,1800.0,3.5,10.6,normal
1697522681.184,47.712,1800.0,3.5,10.6,normal
1697522681.686,46.251,1800.0,4.0,10.6,normal
1697522682.189,47.225,1800.0,3.5,10.6,normal
1697522682.691,47.225,1800.0,3.5,10.6,normal
1697522683.196,46.738,700.0,3.0,10.6,normal
1697522683.702,46.251,600.0,5.9,10.6,normal
1697522684.205,46.251,1800.0,12.6,10.2,normal
1697522684.707,48.686,1800.0,38.4,10.7,normal
1697522685.21,47.225,1800.0,5.5,10.7,normal
1697522685.713,46.251,1800.0,2.5,10.7,normal
1697522686.215,46.738,1800.0,5.0,10.7,normal
1697522686.718,46.738,1800.0,1.5,10.7,normal
1697522687.22,46.738,1800.0,2.0,10.7,normal
1697522687.723,46.738,1800.0,1.5,10.7,normal
1697522688.226,47.712,1800.0,3.0,10.7,normal
1697522688.728,47.225,1800.0,3.0,10.7,normal
1697522689.234,46.738,600.0,3.5,10.7,normal
1697522689.739,46.251,700.0,2.5,10.7,normal
1697522690.246,46.738,700.0,6.4,10.5,normal
1697522690.749,47.712,1800.0,30.2,10.5,normal
1697522691.251,48.199,1800.0,24.0,10.7,normal
1697522691.754,47.712,1800.0,3.5,10.7,normal
1697522692.256,46.738,1800.0,3.0,10.7,normal
1697522692.759,47.225,1800.0,4.5,10.7,normal
1697522693.262,47.225,1800.0,2.5,10.7,normal
1697522693.764,47.225,1800.0,2.0,10.7,normal
1697522694.267,47.225,1800.0,2.5,10.7,normal
1697522694.769,47.225,1800.0,3.5,10.7,normal
1697522695.272,47.225,1800.0,2.5,10.7,normal
1697522695.777,46.251,600.0,4.9,10.7,normal
1697522696.281,46.738,1000.0,6.0,10.7,normal
1697522696.785,47.225,1800.0,25.0,10.4,normal
1697522697.288,47.712,1800.0,30.8,10.6,normal
1697522697.79,47.225,1800.0,3.5,10.6,normal
1697522698.293,47.712,1800.0,3.0,10.6,normal
1697522698.795,47.712,1800.0,4.0,10.6,normal
1697522699.298,47.712,1800.0,3.5,10.7,normal
1697522699.801,47.712,1800.0,3.0,10.7,normal
1697522700.303,47.225,1800.0,5.0,10.7,normal
1697522700.806,46.738,1800.0,3.5,10.7,normal
1697522701.308,47.225,1800.0,4.5,10.7,normal
1697522701.814,46.738,600.0,4.0,10.7,normal
1697522702.319,47.225,600.0,4.9,10.6,normal
1697522702.823,47.225,1800.0,29.0,10.5,normal
1697522703.325,46.738,1800.0,26.1,10.7,normal
1697522703.828,46.738,1800.0,3.5,10.7,normal
1697522704.33,47.712,1800.0,3.5,10.7,normal
1697522704.833,48.199,1800.0,5.0,10.7,normal
1697522705.335,47.225,1800.0,3.5,10.7,normal
1697522705.838,46.738,1800.0,4.0,10.7,normal
1697522706.34,47.225,1800.0,4.0,10.7,normal
1697522706.843,46.738,1800.0,4.0,10.7,normal
1697522707.346,46.251,1800.0,2.5,10.7,normal
1697522707.851,46.738,600.0,4.9,10.7,normal
1697522708.356,46.738,800.0,8.0,10.2,normal
1697522708.86,47.225,1800.0,29.9,10.5,normal
1697522709.362,47.225,1800.0,22.8,10.6,normal
1697522709.865,47.712,1800.0,4.5,10.6,normal
1697522710.368,48.199,1800.0,3.0,10.7,normal
1697522710.87,46.738,1800.0,4.0,10.7,normal
1697522711.373,47.225,1800.0,4.0,10.7,normal
1697522711.875,46.251,1800.0,3.5,10.7,normal
1697522712.378,47.225,1800.0,4.4,10.7,normal
1697522712.88,46.738,1800.0,4.0,10.6,normal
1697522713.383,47.225,1800.0,3.5,10.6,normal
1697522713.888,47.225,600.0,4.5,10.6,normal
1697522714.394,47.225,600.0,4.4,10.6,normal
1697522714.897,47.712,1800.0,26.0,10.3,normal
1697522715.399,48.199,1800.0,30.8,10.6,normal
1697522715.902,46.738,1800.0,3.5,10.6,normal
1697522716.405,47.712,1800.0,2.5,10.6,normal
1697522716.907,46.738,1800.0,3.5,10.7,normal
1697522717.41,46.738,1800.0,4.5,10.7,normal
1697522717.912,47.225,1800.0,4.5,10.7,normal
1697522718.415,46.251,1800.0,3.5,10.7,normal
1697522718.917,47.225,1800.0,3.5,10.7,normal
1697522719.42,46.738,1800.0,3.9,10.7,normal
1697522719.925,45.277,800.0,5.0,10.7,normal
1697522720.429,46.251,800.0,4.5,10.7,normal
1697522720.933,46.738,1800.0,19.5,10.3,normal
1697522721.443,47.225,1800.0,37.7,10.6,normal
1697522721.946,47.712,1800.0,3.5,10.7,normal
1697522722.448,47.225,1800.0,3.0,10.7,normal
1697522722.951,46.738,1800.0,4.0,10.7,normal
1697522723.453,46.738,1800.0,4.5,10.7,normal
1697522723.956,47.712,1800.0,3.9,10.7,normal
1697522724.459,48.199,1800.0,3.0,10.7,normal
1697522724.961,47.225,1800.0,4.4,10.7,normal
1697522725.464,47.712,1800.0,4.5,10.7,normal
1697522725.968,47.712,900.0,4.0,10.7,normal
1697522726.472,47.225,800.0,2.5,10.7,normal
1697522726.976,47.712,900.0,12.9,9.6,normal
1697522727.48,48.199,1800.0,29.9,10.6,normal
1697522727.983,47.225,1800.0,19.7,10.7,normal
1697522728.485,46.738,1800.0,3.5,10.7,normal
1697522728.988,47.225,1800.0,3.5,10.7,normal
1697522729.49,46.738,1800.0,4.0,10.7,normal
1697522729.993,46.738,1800.0,3.5,10.7,normal
1697522730.495,47.225,1800.0,3.5,10.7,normal
1697522730.998,47.712,1800.0,3.5,10.7,normal
1697522731.5,46.738,1800.0,3.5,10.7,normal
1697522732.005,47.225,700.0,3.9,10.7,normal
1697522732.509,46.738,900.0,4.5,10.7,normal
1697522733.012,48.199,1800.0,15.3,10.2,normal
1697522733.515,48.686,1800.0,37.0,10.6,normal
1697522734.018,46.738,1800.0,5.5,10.6,normal
1697522734.52,47.712,1800.0,3.0,10.6,normal
1697522735.023,47.225,1800.0,4.5,10.6,normal
1697522735.525,47.712,1800.0,3.0,10.6,normal
1697522736.028,47.712,1800.0,4.0,10.7,normal
1697522736.53,46.251,1800.0,2.5,10.7,normal
1697522737.033,47.225,1800.0,4.0,10.7,normal
1697522737.535,47.225,1800.0,2.5,10.7,normal
1697522738.039,47.225,900.0,4.9,10.7,normal
1697522738.544,46.251,900.0,4.0,10.7,normal
1697522739.048,47.225,900.0,8.9,9.6,normal
1697522739.552,47.712,1800.0,28.5,10.5,normal
1697522740.054,46.738,1800.0,22.5,10.6,normal
1697522740.557,47.712,1800.0,3.5,10.7,normal
1697522741.06,47.712,1800.0,4.0,10.7,normal
1697522741.562,47.225,1800.0,3.0,10.7,normal
1697522742.065,47.712,1800.0,3.9,10.7,normal
1697522742.567,47.225,1800.0,3.0,10.7,normal
1697522743.07,46.738,1800.0,4.0,10.7,normal
1697522743.572,48.199,1800.0,3.5,10.7,normal
1697522744.075,46.738,1800.0,3.0,10.7,normal
1697522744.58,47.712,900.0,4.5,10.7,normal
1697522745.084,47.712,900.0,5.5,10.7,normal
1697522745.587,47.225,1800.0,26.2,10.5,normal
1697522746.09,47.712,1800.0,27.4,10.7,normal
1697522746.593,47.225,1800.0,2.0,10.7,normal
1697522747.095,47.225,1800.0,4.0,10.7,normal
1697522747.598,47.225,1800.0,2.5,10.7,normal
1697522748.1,47.712,1800.0,3.5,10.7,normal
1697522748.603,47.225,1800.0,3.9,10.7,normal
1697522749.106,46.251,1800.0,4.5,10.7,normal
1697522749.608,47.712,1800.0,4.4,10.7,normal
1697522750.111,46.738,1800.0,4.5,10.7,normal
1697522750.616,45.764,600.0,4.0,10.7,normal
1697522751.121,46.251,800.0,5.9,10.7,normal
1697522751.623,48.686,1800.0,20.0,10.2,normal
1697522752.127,48.199,1800.0,35.6,10.7,normal
1697522752.63,47.225,1800.0,2.0,10.7,normal
1697522753.132,47.225,1800.0,3.5,10.7,normal
1697522753.635,46.738,1800.0,4.5,10.7,normal
1697522754.137,46.738,1800.0,3.0,10.7,normal
1697522754.64,46.738,1800.0,3.0,10.7,normal
1697522755.143,47.225,1800.0,4.5,10.7,normal
1697522755.645,47.225,1800.0,3.0,10.7,normal
1697522756.148,47.712,1800.0,4.0,10.7,normal
1697522756.652,45.764,700.0,5.4,10.7,normal
1697522757.158,47.225,600.0,5.0,10.7,normal
1697522757.661,47.712,1800.0,12.0,10.1,normal
1697522758.164,47.712,1800.0,34.5,10.6,normal
1697522758.667,47.712,1800.0,12.0,10.7,normal
1697522759.17,47.225,1800.0,3.5,10.7,normal
1697522759.672,47.712,1800.0,4.0,10.7,normal
1697522760.175,46.738,1800.0,5.0,10.7,normal
1697522760.677,48.199,1800.0,3.0,10.7,normal
1697522761.18,46.251,1800.0,4.0,10.7,normal
1697522761.682,47.225,1800.0,4.5,10.7,normal
1697522762.185,47.712,1800.0,4.0,10.7,normal
1697522762.69,47.712,700.0,4.0,10.7,normal
1697522763.195,46.251,600.0,4.9,10.7,normal
1697522763.701,46.251,600.0,3.0,10.6,normal
1697522764.204,47.712,1800.0,28.5,10.5,normal
1697522764.707,47.712,1800.0,25.5,10.7,normal
1697522765.209,47.712,1800.0,4.0,10.7,normal
1697522765.712,47.225,1800.0,3.0,10.7,normal
1697522766.215,47.225,1800.0,4.0,10.7,normal
1697522766.717,47.225,1800.0,4.5,10.7,normal
1697522767.22,48.199,1800.0,3.0,10.7,normal
1697522767.722,46.738,1800.0,3.5,10.7,normal
1697522768.225,46.738,1800.0,4.0,10.7,normal
1697522768.727,47.225,1800.0,4.0,10.7,normal
1697522769.233,46.738,600.0,3.9,10.7,normal
1697522769.738,46.251,600.0,4.0,10.7,normal
1697522770.242,47.712,1800.0,24.3,10.4,normal
1697522770.745,47.225,1800.0,33.0,10.7,normal
1697522771.247,47.225,1800.0,3.0,10.7,normal
1697522771.75,46.738,1800.0,4.4,10.7,normal
1697522772.252,46.251,1800.0,1.5,10.7,normal
1697522772.755,46.251,1800.0,3.0,10.7,normal
1697522773.257,45.764,1800.0,4.0,10.7,normal
1697522773.76,48.199,1800.0,3.0,10.7,normal
1697522774.263,47.225,1800.0,3.5,10.7,normal
1697522774.765,47.712,1800.0,2.5,10.7,normal
1697522775.27,46.738,600.0,5.4,10.7,normal
1697522775.776,47.225,600.0,4.9,10.7,normal
1697522776.28,47.225,1800.0,26.9,10.5,normal
1697522776.783,48.199,1800.0,27.0,10.7,normal
1697522777.285,46.251,1800.0,3.5,10.7,normal
1697522777.788,48.199,1800.0,2.0,10.7,normal
1697522778.291,47.712,1800.0,2.5,10.7,normal
1697522778.793,47.225,1800.0,2.5,10.7,normal
1697522779.296,46.738,1800.0,4.0,10.7,normal
1697522779.798,46.738,1800.0,3.0,10.7,normal
1697522780.301,47.225,1800.0,5.0,10.7,normal
1697522780.803,47.712,1800.0,3.0,10.7,normal
1697522781.309,47.225,600.0,4.9,10.7,normal
1697522781.815,46.738,600.0,5.9,10.7,normal
1697522782.318,47.712,1800.0,21.3,10.3,normal
1697522782.82,48.199,1800.0,35.3,10.7,normal
1697522783.323,47.225,1800.0,3.0,10.7,normal
1697522783.825,47.225,1800.0,3.5,10.7,normal
1697522784.328,47.225,1800.0,4.0,10.7,normal
1697522784.831,47.225,1800.0,4.0,10.7,normal
1697522785.333,47.712,1800.0,4.0,10.7,normal
1697522785.836,47.712,1800.0,4.5,10.7,normal
1697522786.338,46.738,1800.0,3.0,10.7,normal
1697522786.841,46.738,1800.0,4.0,10.7,normal
1697522787.346,46.738,600.0,2.5,10.7,normal
1697522787.852,46.738,600.0,5.9,10.7,normal
1697522788.356,46.738,1800.0,24.6,10.4,normal
1697522788.858,47.712,1800.0,29.9,10.7,normal
1697522789.361,47.225,1800.0,2.5,10.7,normal
1697522789.863,48.199,1800.0,4.5,10.7,normal
1697522790.366,46.738,1800.0,4.5,10.7,normal
1697522790.868,46.251,1800.0,2.5,10.7,normal
1697522791.371,47.225,1800.0,3.5,10.7,normal
1697522791.873,47.225,1800.0,3.0,10.7,normal
1697522792.376,46.251,1800.0,4.0,10.7,normal
1697522792.878,46.738,1800.0,4.0,10.7,normal
1697522793.384,46.738,600.0,3.5,10.7,normal
1697522793.89,46.738,600.0,5.0,10.7,normal
1697522794.393,47.712,1800.0,18.4,10.3,normal
1697522794.895,47.712,1800.0,38.6,10.6,normal
1697522795.398,47.712,1800.0,4.0,10.7,normal
1697522795.901,47.225,1800.0,3.0,10.7,normal
1697522796.403,47.225,1800.0,4.4,10.7,normal
1697522796.906,47.225,1800.0,3.5,10.7,normal
1697522797.408,47.225,1800.0,3.0,10.7,normal
1697522797.911,47.712,1800.0,4.0,10.7,normal
1697522798.413,47.225,1800.0,3.0,10.7,normal
1697522798.916,46.251,1800.0,5.0,10.7,normal
1697522799.421,47.225,600.0,3.4,10.7,normal
1697522799.927,47.225,700.0,6.4,10.7,normal
1697522800.43,47.225,1800.0,21.9,10.4,normal
1697522800.933,47.712,1800.0,32.7,10.7,normal
1697522801.436,46.738,1800.0,4.4,10.7,normal
1697522801.938,47.225,1800.0,4.9,10.7,normal
1697522802.441,47.225,1800.0,3.0,10.7,normal
1697522802.943,47.225,1800.0,5.4,10.7,normal
1697522803.446,46.738,1800.0,2.5,10.7,normal
1697522803.948,47.225,1800.0,3.5,10.7,normal
1697522804.451,47.712,1800.0,2.5,10.7,normal
1697522804.954,47.712,1800.0,5.5,10.7,normal
1697522805.458,46.738,800.0,4.0,10.7,normal
1697522805.963,47.712,800.0,4.0,10.7,normal
1697522806.466,46.251,1800.0,13.4,10.1,normal
1697522806.968,47.712,1800.0,34.7,10.6,normal
1697522807.471,48.686,1800.0,5.0,10.6,normal
1697522807.974,48.199,1800.0,4.5,10.6,normal
1697522808.476,47.225,1800.0,1.5,10.6,normal
1697522808.979,47.225,1800.0,3.0,10.6,normal
1697522809.481,47.712,1800.0,1.0,10.6,normal
1697522809.984,46.251,1800.0,6.5,10.7,normal
1697522810.486,47.712,1800.0,3.9,10.7,normal
1697522810.989,46.738,1800.0,3.5,10.7,normal
1697522811.493,47.712,900.0,5.0,10.7,normal
1697522811.997,47.225,800.0,3.0,10.7,normal
1697522812.503,46.251,1800.0,8.4,10.1,normal
1697522813.006,47.712,1800.0,28.9,10.5,normal
1697522813.509,47.225,1800.0,21.3,10.6,normal
1697522814.012,46.738,1800.0,2.5,10.6,normal
1697522814.514,46.738,1800.0,3.5,10.6,normal
1697522815.017,48.199,1800.0,5.0,10.6,normal
1697522815.519,48.199,1800.0,3.9,10.6,normal
1697522816.022,47.225,1800.0,3.0,10.6,normal
1697522816.524,46.738,1800.0,1.5,10.7,normal
1697522817.027,47.225,1800.0,5.0,10.7,normal
1697522817.532,47.225,700.0,3.9,10.7,normal
1697522818.036,46.738,800.0,4.0,10.7,normal
1697522818.539,47.225,1800.0,12.9,10.1,normal
1697522819.042,48.686,1800.0,32.8,10.6,normal
1697522819.545,48.199,1800.0,12.0,10.6,normal
1697522820.048,47.712,1800.0,3.5,10.6,normal
1697522820.55,48.199,1800.0,3.0,10.6,normal
1697522821.053,47.712,1800.0,3.0,10.6,normal
1697522821.555,46.738,1800.0,3.5,10.6,normal
1697522822.058,46.738,1800.0,3.5,10.6,normal
1697522822.561,46.738,1800.0,2.5,10.6,normal
1697522823.063,47.225,1800.0,4.5,10.6,normal
1697522823.568,46.738,700.0,4.0,10.6,normal
1697522824.072,46.738,1000.0,5.0,10.7,normal
1697522824.576,46.738,900.0,4.0,10.6,normal
1697522825.08,48.686,1800.0,30.3,10.4,normal
1697522825.582,47.712,1800.0,25.9,10.6,normal
1697522826.085,46.738,1800.0,2.5,10.6,normal
1697522826.587,47.225,1800.0,4.0,10.6,normal
1697522827.09,47.225,1800.0,5.0,10.6,normal
1697522827.593,47.225,1800.0,3.0,10.6,normal
1697522828.095,47.712,1800.0,4.5,10.6,normal
1697522828.598,47.225,1800.0,3.0,10.6,normal
1697522829.1,47.225,1800.0,5.0,10.6,normal
1697522829.603,47.712,1800.0,3.0,10.6,normal
1697522830.107,46.738,800.0,5.4,10.6,normal
1697522830.61,46.251,1800.0,9.5,9.5,normal
1697522831.113,48.686,1800.0,29.2,10.5,normal
1697522831.616,48.199,1800.0,20.5,10.7,normal
1697522832.118,47.712,1800.0,4.0,10.7,normal
1697522832.621,47.712,1800.0,3.5,10.7,normal
1697522833.124,47.225,1800.0,4.5,10.7,normal
1697522833.626,46.738,1800.0,3.5,10.7,normal
1697522834.129,46.738,1800.0,4.4,10.7,normal
1697522834.631,46.251,1800.0,3.0,10.7,normal
1697522835.134,47.225,1800.0,5.5,10.7,normal
1697522835.639,47.712,700.0,4.4,10.7,normal
1697522836.145,47.225,600.0,3.5,10.7,normal
1697522836.651,48.686,1800.0,14.4,10.2,normal
1697522837.154,47.225,1800.0,38.6,10.6,normal
1697522837.657,47.225,1800.0,7.0,10.7,normal
1697522838.159,47.712,1800.0,3.0,10.7,normal
1697522838.663,47.712,1800.0,2.5,10.7,normal
1697522839.166,46.738,1800.0,3.5,10.7,normal
1697522839.669,46.738,1800.0,3.0,10.7,normal
1697522840.171,47.225,1800.0,4.0,10.7,normal
1697522840.674,46.251,1800.0,4.0,10.7,normal
1697522841.176,47.712,1800.0,4.0,10.7,normal
1697522841.682,47.712,600.0,3.5,10.7,normal
1697522842.187,46.738,800.0,5.4,10.7,normal
1697522842.69,48.686,1800.0,21.5,10.3,normal
1697522843.193,48.686,1800.0,37.0,10.7,normal
1697522843.695,47.225,1800.0,4.0,10.7,normal
1697522844.198,46.738,1800.0,3.0,10.7,normal
1697522844.7,47.225,1800.0,3.0,10.7,normal
1697522845.203,47.225,1800.0,4.0,10.7,normal
1697522845.705,47.712,1800.0,4.5,10.7,normal
1697522846.208,47.712,1800.0,3.0,10.7,normal
1697522846.71,47.712,1800.0,3.5,10.7,normal
1697522847.213,46.738,1800.0,4.0,10.7,normal
1697522847.718,47.712,600.0,3.5,10.7,normal
1697522848.224,47.225,600.0,5.0,10.7,normal
1697522848.727,47.712,1800.0,13.3,10.1,normal
1697522849.231,47.712,1800.0,36.5,10.6,normal
1697522849.733,48.199,1800.0,9.5,10.7,normal
1697522850.236,46.738,1800.0,4.5,10.7,normal
1697522850.739,47.225,1800.0,3.5,10.7,normal
1697522851.241,46.738,1800.0,3.0,10.7,normal
1697522851.744,47.225,1800.0,4.0,10.7,normal
1697522852.246,47.225,1800.0,3.0,10.7,normal
1697522852.749,46.738,1800.0,3.5,10.7,normal
1697522853.251,46.738,1800.0,3.5,10.7,normal
1697522853.757,47.712,700.0,3.5,10.7,normal
1697522854.262,47.225,600.0,4.9,10.7,normal
1697522854.768,47.225,600.0,5.4,10.6,normal
1697522855.271,47.225,1800.0,29.4,10.4,normal
1697522855.774,47.712,1800.0,25.7,10.6,normal
1697522856.276,47.225,1800.0,3.5,10.6,normal
1697522856.779,46.251,1800.0,2.5,10.7,normal
1697522857.282,47.712,1800.0,3.0,10.7,normal
1697522857.784,47.225,1800.0,3.5,10.7,normal
1697522858.287,46.251,1800.0,5.0,10.7,normal
1697522858.789,46.251,1800.0,2.0,10.7,normal
1697522859.292,47.225,1800.0,3.0,10.7,normal
1697522859.794,46.738,1800.0,3.0,10.7,normal
1697522860.3,45.764,600.0,5.0,10.7,normal
1697522860.804,46.251,1200.0,9.9,9.7,normal
1697522861.308,47.712,1800.0,28.0,10.5,normal
1697522861.811,46.738,1800.0,19.4,10.6,normal
1697522862.314,47.712,1800.0,2.0,10.6,normal
1697522862.816,46.738,1800.0,3.5,10.7,normal
1697522863.319,48.199,1800.0,3.5,10.7,normal
1697522863.821,47.225,1800.0,3.0,10.7,normal
1697522864.324,47.225,1800.0,2.5,10.7,normal
1697522864.826,46.251,1800.0,3.0,10.7,normal
1697522865.329,46.738,1800.0,4.0,10.7,normal
1697522865.831,47.712,1800.0,4.0,10.7,normal
1697522866.337,46.251,600.0,2.0,10.7,normal
1697522866.84,48.199,1800.0,16.0,10.2,normal
1697522867.343,48.199,1800.0,37.3,10.6,normal
1697522867.845,47.712,1800.0,4.0,10.7,normal
1697522868.348,46.738,1800.0,1.0,10.7,normal
1697522868.85,46.738,1800.0,3.5,10.7,normal
1697522869.353,47.225,1800.0,5.0,10.7,normal
1697522869.855,46.738,1800.0,5.4,10.7,normal
1697522870.358,46.738,1800.0,2.5,10.7,normal
1697522870.86,48.199,1800.0,3.5,10.7,normal
1697522871.363,45.764,1800.0,4.0,10.7,normal
1697522871.868,47.225,600.0,4.5,10.7,normal
1697522872.374,46.738,600.0,3.5,10.7,normal
1697522872.877,47.225,1800.0,21.5,10.3,normal
1697522873.38,47.225,1800.0,32.8,10.6,normal
1697522873.882,46.738,1800.0,3.9,10.6,normal
1697522874.385,46.738,1800.0,3.5,10.7,normal
1697522874.887,47.225,1800.0,4.0,10.7,normal
1697522875.39,47.225,1800.0,3.0,10.7,normal
1697522875.893,46.738,1800.0,5.0,10.7,normal
1697522876.395,47.712,1800.0,3.0,10.7,normal
1697522876.898,47.225,1800.0,4.0,10.7,normal
1697522877.4,47.225,1800.0,2.5,10.7,normal
1697522877.906,47.712,600.0,4.4,10.7,normal
1697522878.412,46.251,600.0,4.5,10.7,normal
1697522878.915,46.251,1800.0,14.9,10.2,normal
1697522879.417,48.686,1800.0,36.2,10.6,normal
1697522879.92,47.712,1800.0,9.0,10.7,normal
1697522880.423,46.738,1800.0,4.0,10.7,normal
1697522880.925,47.225,1800.0,3.0,10.7,normal
1697522881.428,47.225,1800.0,3.5,10.7,normal
1697522881.931,46.738,1800.0,5.0,10.7,normal
1697522882.434,47.225,1800.0,3.5,10.7,normal
1697522882.937,47.225,1800.0,2.5,10.7,normal
1697522883.439,47.225,1800.0,3.5,10.7,normal
1697522883.944,47.225,700.0,4.0,10.7,normal
1697522884.454,47.225,600.0,4.5,10.7,normal
1697522884.957,47.712,1800.0,21.4,10.3,normal
1697522885.459,48.686,1800.0,35.3,10.7,normal
1697522885.962,48.199,1800.0,3.5,10.7,normal
1697522886.465,47.712,1800.0,2.5,10.7,normal
1697522886.967,47.225,1800.0,5.5,10.7,normal
1697522887.47,47.712,1800.0,3.5,10.7,normal
1697522887.972,48.199,1800.0,4.0,10.7,normal
1697522888.475,48.199,1800.0,4.0,10.7,normal
1697522888.977,48.199,1800.0,3.5,10.7,normal
1697522889.48,47.225,1800.0,3.9,10.7,normal
1697522889.985,46.251,700.0,5.0,10.7,normal
1697522890.49,46.738,800.0,5.5,10.7,normal
1697522890.993,47.225,1800.0,10.6,10.0,normal
1697522891.496,48.199,1800.0,32.7,10.6,normal
1697522891.999,49.173,1800.0,15.3,10.7,normal
1697522892.502,46.738,1800.0,3.0,10.7,normal
1697522893.004,47.225,1800.0,4.5,10.7,normal
1697522893.507,47.225,1800.0,3.5,10.7,normal
1697522894.009,47.712,1800.0,3.0,10.7,normal
1697522894.512,46.251,1800.0,3.4,10.7,normal
1697522895.015,47.712,1800.0,4.0,10.7,normal
1697522895.517,47.225,1800.0,3.0,10.7,normal
1697522896.022,47.225,700.0,4.9,10.7,normal
1697522896.527,46.251,800.0,5.4,10.7,normal
1697522897.031,45.764,1000.0,5.0,10.6,normal
1697522897.535,46.738,1800.0,29.2,10.4,normal
1697522898.037,47.225,1800.0,24.6,10.6,normal
1697522898.54,48.686,1800.0,3.5,10.6,normal
1697522899.042,47.225,1800.0,4.0,10.6,normal
1697522899.545,47.712,1800.0,3.0,10.6,normal
1697522900.047,47.225,1800.0,4.0,10.6,normal
1697522900.55,46.251,1800.0,4.0,10.7,normal
1697522901.053,47.712,1800.0,3.0,10.7,normal
1697522901.555,47.712,1800.0,4.0,10.7,normal
1697522902.058,46.251,1800.0,1.5,10.7,normal
1697522902.561,46.738,1000.0,6.4,10.7,normal
1697522903.065,46.738,1100.0,5.4,10.7,normal
1697522903.568,47.712,1800.0,21.6,10.3,normal
1697522904.071,46.251,1800.0,31.3,10.6,normal
1697522904.574,47.225,1800.0,3.0,10.6,normal
1697522905.076,47.225,1800.0,4.5,10.6,normal
1697522905.579,46.738,1800.0,3.5,10.6,normal
1697522906.081,47.225,1800.0,3.5,10.6,normal
1697522906.584,47.712,1800.0,4.5,10.6,normal
1697522907.087,47.712,1800.0,4.5,10.6,normal
1697522907.589,47.712,1800.0,4.0,10.6,normal
1697522908.092,47.225,1800.0,3.5,10.6,normal
1697522908.596,48.199,800.0,4.5,10.6,normal
1697522909.1,46.738,1100.0,5.9,10.6,normal
1697522909.603,48.199,1800.0,26.2,10.4,normal
1697522910.106,46.738,1800.0,28.4,10.7,normal
1697522910.609,48.199,1800.0,4.0,10.7,normal
1697522911.111,47.225,1800.0,3.5,10.7,normal
1697522911.614,47.225,1800.0,2.5,10.7,normal
1697522912.116,47.712,1800.0,3.5,10.7,normal
1697522912.619,47.225,1800.0,3.0,10.7,normal
1697522913.122,47.225,1800.0,3.5,10.7,normal
1697522913.624,47.225,1800.0,3.9,10.7,normal
1697522914.127,48.199,1800.0,3.0,10.7,normal
1697522914.632,47.225,600.0,4.5,10.7,normal
1697522915.137,46.738,800.0,5.9,10.7,normal
1697522915.64,47.712,1800.0,20.5,10.3,normal
1697522916.142,48.686,1800.0,35.1,10.6,normal
1697522916.645,46.738,1800.0,3.5,10.6,normal
1697522917.147,48.199,1800.0,4.5,10.6,normal
1697522917.65,47.225,1800.0,3.5,10.6,normal
1697522918.152,47.712,1800.0,3.5,10.6,normal
1697522918.655,46.738,1800.0,3.0,10.6,normal
1697522919.157,47.712,1800.0,3.5,10.6,normal
1697522919.66,47.712,1800.0,3.9,10.6,normal
1697522920.163,47.225,1800.0,4.5,10.6,normal
1697522920.668,47.225,600.0,3.5,10.6,normal
1697522921.174,46.251,600.0,5.9,10.6,normal
1697522921.677,47.225,1800.0,23.1,10.4,normal
1697522922.179,47.712,1800.0,30.8,10.7,normal
1697522922.682,47.712,1800.0,3.0,10.7,normal
1697522923.185,46.738,1800.0,4.0,10.7,normal
1697522923.687,46.738,1800.0,3.5,10.7,normal
1697522924.19,46.738,1800.0,3.5,10.7,normal
1697522924.693,46.738,1800.0,2.5,10.7,normal
1697522925.195,47.225,1800.0,6.9,10.7,normal
1697522925.698,48.199,1800.0,2.5,10.7,normal
1697522926.201,47.225,1800.0,3.0,10.7,normal
1697522926.706,46.738,600.0,1.5,10.7,normal
1697522927.212,46.738,600.0,0.0,10.7,normal
1697522927.715,46.251,1800.0,17.0,10.3,normal
1697522928.217,47.712,1800.0,35.3,10.7,normal
1697522928.72,47.225,1800.0,4.5,10.7,normal
1697522929.222,47.712,1800.0,5.0,10.7,normal
1697522929.725,47.225,1800.0,4.0,10.7,normal
1697522930.227,46.738,1800.0,4.9,10.7,normal
1697522930.73,47.712,1800.0,3.0,10.7,normal
1697522931.232,46.251,1800.0,3.5,10.7,normal
1697522931.735,45.764,1800.0,3.5,10.7,normal
1697522932.238,47.712,1800.0,5.0,10.7,normal
1697522932.743,47.225,600.0,4.0,10.7,normal
1697522933.249,46.738,600.0,4.0,10.8,normal
1697522933.751,47.225,1800.0,22.5,10.4,normal
1697522934.254,48.199,1800.0,33.2,10.7,normal
1697522934.757,46.738,1800.0,3.5,10.7,normal
1697522935.259,47.225,1800.0,4.0,10.7,normal
1697522935.762,46.738,1800.0,4.0,10.7,normal
1697522936.264,47.712,1800.0,3.0,10.7,normal
1697522936.767,47.712,1800.0,3.5,10.7,normal
1697522937.269,47.225,1800.0,4.0,10.7,normal
1697522937.772,47.225,1800.0,3.5,10.7,normal
1697522938.275,46.738,1800.0,3.5,10.7,normal
1697522938.78,47.225,600.0,3.0,10.7,normal
1697522939.286,46.738,600.0,4.9,10.7,normal
1697522939.789,46.251,1800.0,24.9,10.4,normal
1697522940.292,48.199,1800.0,33.5,10.7,normal
1697522940.795,47.712,1800.0,3.5,10.7,normal
1697522941.297,46.738,1800.0,4.0,10.7,normal
1697522941.8,46.738,1800.0,4.0,10.7,normal
1697522942.302,46.738,1800.0,3.5,10.7,normal
1697522942.805,48.199,1800.0,2.5,10.7,normal
1697522943.307,47.712,1800.0,3.5,10.7,normal
1697522943.81,47.712,1800.0,4.0,10.7,normal
1697522944.312,46.251,1800.0,2.0,10.7,normal
1697522944.818,46.738,600.0,3.4,10.7,normal
1697522945.324,46.251,600.0,4.5,10.7,normal
1697522945.827,47.712,1800.0,28.5,10.4,normal
1697522946.33,47.225,1800.0,27.9,10.7,normal
1697522946.832,47.712,1800.0,2.0,10.7,normal
1697522947.335,46.251,1800.0,3.9,10.7,normal
1697522947.838,46.738,1800.0,4.0,10.7,normal
1697522948.34,46.738,1800.0,3.0,10.7,normal
1697522948.843,48.199,1800.0,3.0,10.7,normal
1697522949.345,47.712,1800.0,4.0,10.7,normal
1697522949.848,46.251,1800.0,4.0,10.7,normal
1697522950.35,47.225,1800.0,4.0,10.7,normal
1697522950.856,46.738,600.0,4.5,10.7,normal
1697522951.362,45.764,600.0,3.5,10.7,normal
1697522951.865,46.738,1800.0,19.9,10.3,normal
1697522952.367,48.199,1800.0,34.7,10.7,normal
1697522952.87,46.251,1800.0,3.5,10.7,normal
1697522953.373,47.225,1800.0,3.0,10.7,normal
1697522953.875,46.251,1800.0,3.5,10.7,normal
1697522954.378,48.199,1800.0,4.0,10.7,normal
1697522954.88,47.712,1800.0,3.5,10.7,normal
1697522955.383,47.712,1800.0,3.5,10.7,normal
1697522955.885,46.738,1800.0,4.4,10.7,normal
1697522956.388,48.199,1800.0,4.9,10.7,normal
1697522956.893,47.225,600.0,3.0,10.7,normal
1697522957.399,45.764,600.0,4.5,10.7,normal
1697522957.903,47.225,1800.0,26.4,10.4,normal
1697522958.406,47.712,1800.0,30.2,10.6,normal
1697522958.908,47.225,1800.0,3.0,10.6,normal
1697522959.411,47.225,1800.0,4.0,10.6,normal
1697522959.913,46.738,1800.0,4.5,10.6,normal
1697522960.416,47.225,1800.0,2.5,10.6,normal
1697522960.918,47.712,1800.0,5.0,10.6,normal
1697522961.421,47.712,1800.0,3.5,10.7,normal
1697522961.924,47.712,1800.0,3.0,10.7,normal
1697522962.427,47.225,1800.0,2.5,10.7,normal
1697522962.931,46.738,900.0,4.5,10.7,normal
1697522963.44,46.738,600.0,6.4,10.6,normal
1697522963.943,47.225,1800.0,31.2,10.5,normal
1697522964.446,47.712,1800.0,27.3,10.7,normal
1697522964.948,47.225,1800.0,3.5,10.7,normal
1697522965.451,47.712,1800.0,5.0,10.7,normal
1697522965.954,47.225,1800.0,3.0,10.7,normal
1697522966.456,48.199,1800.0,3.5,10.7,normal
1697522966.959,46.251,1800.0,2.5,10.7,normal
1697522967.461,46.738,1800.0,4.5,10.7,normal
1697522967.964,48.199,1800.0,3.5,10.7,normal
1697522968.467,47.712,1800.0,2.5,10.7,normal
1697522968.972,46.738,600.0,5.0,10.7,normal
1697522969.477,46.738,700.0,9.9,10.2,normal
1697522969.981,48.199,1800.0,29.4,10.6,normal
1697522970.484,47.225,1800.0,20.9,10.7,normal
1697522970.986,47.712,1800.0,3.9,10.7,normal
1697522971.489,47.225,1800.0,3.5,10.7,normal
1697522971.991,47.712,1800.0,3.0,10.7,normal
1697522972.494,47.712,1800.0,3.0,10.7,normal
1697522972.997,47.225,1800.0,4.5,10.7,normal
1697522973.499,47.712,1800.0,3.0,10.7,normal
1697522974.002,47.225,1800.0,3.0,10.7,normal
1697522974.507,48.199,700.0,3.9,10.7,normal
1697522975.011,47.225,800.0,5.9,10.7,normal
1697522975.515,46.251,900.0,4.0,10.7,normal
1697522976.019,47.712,1800.0,26.4,10.4,normal
1697522976.522,47.712,1800.0,28.6,10.6,normal
1697522977.024,47.712,1800.0,3.5,10.6,normal
1697522977.527,47.225,1800.0,13.4,10.6,normal
1697522978.029,47.225,1800.0,2.5,10.6,normal
1697522978.532,48.686,1800.0,3.0,10.7,normal
1697522979.034,48.199,1800.0,3.5,10.7,normal
1697522979.537,47.712,1800.0,4.0,10.7,normal
1697522980.039,47.712,1800.0,5.0,10.7,normal
1697522980.542,46.738,1800.0,3.5,10.7,normal
1697522981.046,45.764,800.0,4.4,10.7,normal
1697522981.552,46.251,800.0,5.9,10.6,normal
1697522982.055,47.712,1800.0,28.9,10.5,normal
1697522982.557,48.199,1800.0,24.1,10.7,normal
1697522983.06,47.225,1800.0,3.5,10.7,normal
1697522983.563,48.199,1800.0,4.5,10.7,normal
1697522984.065,46.738,1800.0,3.0,10.7,normal
1697522984.568,47.225,1800.0,3.0,10.7,normal
1697522985.07,48.199,1800.0,4.0,10.7,normal
1697522985.573,47.225,1800.0,2.5,10.7,normal
1697522986.075,47.225,1800.0,3.0,10.7,normal
1697522986.578,47.225,1800.0,1.5,10.7,normal
1697522987.082,47.712,800.0,2.5,10.7,normal
1697522987.586,47.225,900.0,7.4,10.7,normal
1697522988.09,47.225,1800.0,20.1,10.3,normal
1697522988.592,47.712,1800.0,33.7,10.6,normal
1697522989.095,48.199,1800.0,2.5,10.6,normal
1697522989.598,47.712,1800.0,5.9,10.6,normal
1697522990.1,46.738,1800.0,4.0,10.6,normal
1697522990.603,47.225,1800.0,3.0,10.6,normal
1697522991.105,47.225,1800.0,3.0,10.6,normal
1697522991.608,46.738,1800.0,3.5,10.6,normal
1697522992.11,46.738,1800.0,4.5,10.6,normal
1697522992.613,45.764,1800.0,4.0,10.7,normal
1697522993.117,45.764,800.0,4.0,10.7,normal
1697522993.622,46.251,900.0,5.9,10.7,normal
1697522994.124,47.712,1800.0,16.0,10.2,normal
1697522994.627,48.199,1800.0,38.6,10.6,normal
1697522995.13,47.712,1800.0,7.0,10.7,normal
1697522995.633,47.225,1800.0,3.0,10.7,normal
1697522996.135,47.225,1800.0,3.5,10.7,normal
1697522996.638,47.225,1800.0,5.0,10.7,normal
1697522997.14,48.199,1800.0,3.5,10.7,normal
1697522997.643,47.712,1800.0,3.0,10.7,normal
1697522998.146,46.251,1800.0,3.5,10.7,normal
1697522998.648,46.738,1800.0,4.0,10.7,normal
1697522999.152,47.225,800.0,3.5,10.7,normal
1697522999.658,46.251,600.0,4.5,10.7,normal
1697523000.161,47.712,1800.0,19.9,10.3,normal
1697523000.663,49.173,1800.0,38.3,10.6,normal
1697523001.166,47.712,1800.0,4.0,10.6,normal
1697523001.668,47.225,1800.0,2.5,10.6,normal
1697523002.171,47.225,1800.0,3.5,10.7,normal
1697523002.673,47.712,1800.0,3.5,10.6,normal
1697523003.176,47.225,1800.0,4.0,10.7,normal
1697523003.679,46.738,1800.0,3.5,10.6,normal
1697523004.181,47.225,1800.0,3.0,10.6,normal
1697523004.684,46.738,1800.0,3.0,10.6,normal
1697523005.189,46.738,600.0,5.9,10.6,normal
1697523005.695,47.712,625.0,4.0,10.6,normal
1697523006.198,47.225,1800.0,24.4,10.3,normal
1697523006.701,47.712,1800.0,30.7,10.6,normal
1697523007.203,48.199,1800.0,5.0,10.6,normal
1697523007.706,47.225,1800.0,3.9,10.6,normal
1697523008.208,48.199,1800.0,3.0,10.6,normal
1697523008.711,48.686,1800.0,3.0,10.6,normal
1697523009.213,48.199,1800.0,3.5,10.7,normal
1697523009.716,47.712,1800.0,3.5,10.7,normal
1697523010.219,46.738,1800.0,3.5,10.7,normal
1697523010.722,47.712,1800.0,3.9,10.7,normal
1697523011.228,46.251,600.0,4.0,10.7,normal
1697523011.734,46.738,600.0,5.9,10.7,normal
1697523012.237,47.225,1800.0,16.9,10.3,normal
1697523012.74,47.225,1800.0,37.2,10.6,normal
1697523013.243,48.199,1800.0,4.5,10.7,normal
1697523013.745,47.712,1800.0,3.5,10.7,normal
1697523014.248,47.225,1800.0,3.0,10.7,normal
1697523014.75,46.738,1800.0,2.5,10.7,normal
1697523015.253,47.225,1800.0,4.9,10.7,normal
1697523015.755,47.225,1800.0,4.0,10.7,normal
1697523016.258,47.712,1800.0,3.5,10.7,normal
1697523016.76,47.712,1800.0,3.5,10.7,normal
1697523017.266,46.738,600.0,3.9,10.7,normal
1697523017.772,46.251,600.0,5.9,10.7,normal
1697523018.277,46.738,700.0,9.5,9.6,normal
1697523018.78,47.712,1800.0,28.0,10.6,normal
1697523019.283,47.225,1800.0,20.9,10.7,normal
1697523019.785,46.738,1800.0,3.5,10.7,normal
1697523020.288,48.686,1800.0,4.0,10.7,normal
1697523020.79,46.738,1800.0,3.0,10.7,normal
1697523021.293,46.738,1800.0,3.0,10.7,normal
1697523021.795,47.712,1800.0,4.0,10.6,normal
1697523022.298,45.764,1800.0,4.5,10.6,normal
1697523022.8,46.738,1800.0,3.5,10.6,normal
1697523023.305,47.712,700.0,3.5,10.6,normal
1697523023.808,46.738,1800.0,5.9,10.6,normal
1697523024.311,47.712,1800.0,13.4,10.2,normal
1697523024.813,48.199,1800.0,37.2,10.6,normal
1697523025.316,47.225,1800.0,5.0,10.7,normal
1697523025.819,48.199,1800.0,3.5,10.7,normal
1697523026.321,47.225,1800.0,2.5,10.7,normal
1697523026.824,46.251,1800.0,2.5,10.7,normal
1697523027.326,47.225,1800.0,3.0,10.7,normal
1697523027.829,47.712,1800.0,3.0,10.7,normal
1697523028.331,47.225,1800.0,2.5,10.7,normal
1697523028.837,47.225,600.0,3.0,10.7,normal
1697523029.342,46.251,600.0,3.5,10.7,normal
1697523029.849,47.225,600.0,4.9,10.7,normal
1697523030.352,47.225,1800.0,22.4,10.4,normal
1697523030.854,47.712,1800.0,33.7,10.7,normal
1697523031.357,47.225,1800.0,3.0,10.7,normal
1697523031.859,47.225,1800.0,4.0,10.7,normal
1697523032.362,47.225,1800.0,3.5,10.7,normal
1697523032.864,46.738,1800.0,3.5,10.7,normal
1697523033.367,46.251,1800.0,2.5,10.7,normal
1697523033.87,47.225,1800.0,4.5,10.7,normal
1697523034.372,46.738,1800.0,2.5,10.7,normal
1697523034.875,47.712,1800.0,4.4,10.7,normal
1697523035.38,46.251,600.0,3.0,10.7,normal
1697523035.886,47.225,600.0,4.5,10.7,normal
1697523036.389,47.712,1800.0,15.8,10.2,normal
1697523036.892,47.712,1800.0,36.9,10.6,normal
1697523037.395,48.199,1800.0,5.5,10.6,normal
1697523037.897,47.712,1800.0,4.0,10.6,normal
1697523038.4,46.738,1800.0,3.9,10.6,normal
1697523038.902,47.225,1800.0,3.5,10.6,normal
1697523039.405,46.738,1800.0,3.5,10.6,normal
1697523039.907,47.712,1800.0,4.5,10.7,normal
1697523040.41,48.199,1800.0,3.5,10.7,normal
1697523040.912,47.225,1800.0,3.0,10.7,normal
1697523041.418,46.738,600.0,4.4,10.7,normal
1697523041.924,46.738,600.0,5.4,10.7,normal
1697523042.428,46.738,1100.0,10.9,9.6,normal
1697523042.932,47.225,1800.0,28.4,10.5,normal
1697523043.435,48.199,1800.0,20.6,10.7,normal
1697523043.938,46.738,1800.0,5.4,10.7,normal
1697523044.44,46.738,1800.0,2.5,10.7,normal
1697523044.943,47.712,1800.0,4.5,10.7,normal
1697523045.445,47.225,1800.0,3.0,10.7,normal
1697523045.95,47.225,1800.0,2.0,10.7,normal
1697523046.453,48.199,1800.0,4.0,10.7,normal
1697523046.955,47.225,1800.0,1.5,10.7,normal
1697523047.458,46.738,1800.0,2.5,10.7,normal
1697523047.963,46.738,600.0,3.0,10.7,normal
1697523048.468,46.738,800.0,2.5,10.7,normal
1697523048.971,48.686,1800.0,28.9,10.4,normal
1697523049.474,47.225,1800.0,29.1,10.6,normal
1697523049.977,47.712,1800.0,5.4,10.6,normal
1697523050.479,47.225,1800.0,3.0,10.6,normal
1697523050.982,46.251,1800.0,3.5,10.6,normal
1697523051.484,46.738,1800.0,3.5,10.6,normal
1697523051.987,45.764,1800.0,4.0,10.7,normal
1697523052.49,47.225,1800.0,3.0,10.7,normal
1697523052.992,47.712,1800.0,3.4,10.7,normal
1697523053.495,46.738,1800.0,3.5,10.7,normal
1697523054.0,46.738,700.0,5.0,10.7,normal
1697523054.504,47.225,800.0,4.0,10.7,normal
1697523055.007,46.251,1800.0,20.3,10.2,normal
1697523055.51,47.225,1800.0,38.1,10.7,normal
1697523056.012,47.225,1800.0,3.5,10.7,normal
1697523056.515,46.251,1800.0,3.5,10.7,normal
1697523057.017,47.712,1800.0,4.0,10.7,normal
1697523057.52,46.738,1800.0,3.0,10.7,normal
1697523058.022,47.712,1800.0,3.0,10.7,normal
1697523058.525,46.251,1800.0,4.5,10.7,normal
1697523059.028,47.712,1800.0,2.5,10.7,normal
1697523059.53,46.251,1800.0,3.9,10.7,normal
1697523060.034,47.712,900.0,5.0,10.7,normal
1697523060.538,46.738,900.0,4.5,10.7,normal
1697523061.042,47.712,1800.0,12.4,10.1,normal
1697523061.545,48.686,1800.0,32.7,10.6,normal
1697523062.048,47.225,1800.0,14.5,10.7,normal
1697523062.551,47.712,1800.0,4.5,10.7,normal
1697523063.053,47.225,1800.0,3.0,10.7,normal
1697523063.556,47.225,1800.0,3.5,10.7,normal
1697523064.058,47.225,1800.0,3.5,10.7,normal
1697523064.561,47.712,1800.0,4.0,10.7,normal
1697523065.063,46.738,1800.0,4.5,10.7,normal
1697523065.566,47.712,1800.0,3.0,10.7,normal
1697523066.07,47.712,800.0,3.9,10.7,normal
1697523066.574,46.251,900.0,3.5,10.7,normal
1697523067.077,46.738,1800.0,16.4,10.2,normal
1697523067.58,48.686,1800.0,36.3,10.7,normal
1697523068.083,47.712,1800.0,4.5,10.7,normal
1697523068.585,47.225,1800.0,3.5,10.7,normal
1697523069.088,46.251,1800.0,3.0,10.7,normal
1697523069.59,47.225,1800.0,3.0,10.7,normal
1697523070.093,46.738,1800.0,2.5,10.7,normal
1697523070.595,46.251,1800.0,3.0,10.7,normal
1697523071.098,47.712,1800.0,3.0,10.7,normal
1697523071.6,46.251,1800.0,3.0,10.8,normal
1697523072.105,46.251,700.0,4.0,10.8,normal
1697523072.61,46.738,800.0,5.0,10.7,normal
1697523073.113,47.712,1800.0,19.4,10.4,normal
1697523073.615,47.225,1800.0,34.7,10.8,normal
1697523074.118,46.738,1800.0,3.5,10.8,normal
1697523074.62,46.738,1800.0,3.9,10.8,normal
1697523075.123,47.712,1800.0,4.0,10.8,normal
1697523075.625,47.225,1800.0,4.5,10.8,normal
1697523076.128,47.225,1800.0,3.0,10.8,normal
1697523076.631,47.712,1800.0,3.5,10.8,normal
1697523077.133,48.199,1800.0,3.0,10.8,normal
1697523077.636,46.738,1800.0,3.5,10.8,normal
1697523078.14,46.738,800.0,4.4,10.8,normal
1697523078.644,46.251,800.0,5.0,10.8,normal
1697523079.148,48.686,1800.0,23.9,10.5,normal
1697523079.651,48.199,1800.0,31.5,10.7,normal
1697523080.154,47.712,1800.0,4.0,10.7,normal
1697523080.656,46.738,1800.0,4.0,10.7,normal
1697523081.159,46.738,1800.0,2.5,10.7,normal
1697523081.661,46.738,1800.0,4.5,10.7,normal
1697523082.164,47.225,1800.0,4.0,10.7,normal
1697523082.667,47.225,1800.0,4.0,10.7,normal
1697523083.169,46.738,1800.0,3.0,10.7,normal
1697523083.672,47.712,1800.0,3.5,10.7,normal
1697523084.176,46.738,700.0,5.0,10.7,normal
1697523084.681,47.225,800.0,5.4,10.7,normal
1697523085.184,46.738,1800.0,18.4,10.2,normal
1697523085.687,48.686,1800.0,37.5,10.6,normal
1697523086.189,48.199,1800.0,5.0,10.6,normal
1697523086.692,47.712,1800.0,3.5,10.7,normal
1697523087.195,46.251,1800.0,3.5,10.6,normal
1697523087.697,48.199,1800.0,2.5,10.7,normal
1697523088.2,47.712,1800.0,4.5,10.7,normal
1697523088.702,47.225,1800.0,3.0,10.7,normal
1697523089.205,47.712,1800.0,1.5,10.7,normal
1697523089.707,47.225,1800.0,5.4,10.7,normal
1697523090.213,47.225,600.0,5.0,10.7,normal
1697523090.719,46.738,600.0,5.4,10.7,normal
1697523091.227,48.199,1800.0,9.8,9.6,normal
1697523091.729,47.225,1800.0,28.0,10.5,normal
1697523092.232,47.712,1800.0,21.4,10.6,normal
1697523092.734,46.738,1800.0,4.5,10.6,normal
1697523093.237,48.199,1800.0,3.5,10.6,normal
1697523093.739,47.225,1800.0,3.0,10.6,normal
1697523094.242,47.225,1800.0,3.5,10.7,normal
1697523094.745,47.712,1800.0,3.5,10.7,normal
1697523095.247,47.225,1800.0,4.5,10.7,normal
1697523095.75,47.225,1800.0,3.0,10.7,normal
1697523096.255,46.251,700.0,3.9,10.7,normal
1697523096.76,46.738,600.0,5.9,10.7,normal
1697523097.263,47.225,1800.0,14.0,10.1,normal
1697523097.766,48.199,1800.0,37.8,10.7,normal
1697523098.269,46.738,1800.0,7.0,10.7,normal
1697523098.772,47.225,1800.0,4.0,10.7,normal
1697523099.274,46.251,1800.0,3.0,10.7,normal
1697523099.777,47.225,1800.0,3.0,10.7,normal
1697523100.279,46.738,1800.0,4.9,10.7,normal
1697523100.782,46.251,1800.0,4.0,10.7,normal
1697523101.284,46.738,1800.0,3.5,10.7,normal
1697523101.787,46.738,1800.0,4.0,10.7,normal
1697523102.292,46.738,600.0,4.0,10.7,normal
1697523102.798,46.738,600.0,4.9,10.7,normal
1697523103.304,46.251,600.0,5.9,10.7,normal
1697523103.807,47.712,1800.0,28.9,10.5,normal
1697523104.31,47.225,1800.0,24.5,10.6,normal
1697523104.812,47.225,1800.0,2.5,10.6,normal
1697523105.315,46.738,1800.0,4.5,10.6,normal
1697523105.818,46.738,1800.0,2.5,10.6,normal
1697523106.32,47.225,1800.0,2.0,10.6,normal
1697523106.823,47.712,1800.0,2.0,10.6,normal
1697523107.325,47.225,1800.0,4.0,10.6,normal
1697523107.828,46.738,1800.0,2.0,10.6,normal
1697523108.33,47.712,1800.0,2.5,10.6,normal
1697523108.836,46.251,600.0,6.5,10.6,normal
1697523109.339,46.738,1800.0,7.0,9.5,normal
1697523109.842,48.199,1800.0,27.2,10.5,normal
1697523110.345,46.738,1800.0,19.5,10.6,normal
1697523110.847,47.712,1800.0,1.5,10.6,normal
1697523111.35,47.225,1800.0,4.5,10.7,normal
1697523111.853,48.199,1800.0,2.5,10.7,normal
1697523112.355,47.225,1800.0,3.5,10.7,normal
1697523112.858,46.738,1800.0,2.5,10.7,normal
1697523113.36,46.738,1800.0,2.5,10.7,normal
1697523113.863,46.738,1800.0,2.5,10.7,normal
1697523114.368,46.251,700.0,3.0,10.7,normal
1697523114.872,46.738,800.0,6.4,10.7,normal
1697523115.375,47.225,1800.0,13.4,10.1,normal
1697523115.879,48.199,1800.0,37.3,10.6,normal
1697523116.381,48.199,1800.0,6.5,10.6,normal
1697523116.884,47.225,1800.0,3.5,10.6,normal
1697523117.386,47.225,1800.0,3.5,10.6,normal
1697523117.889,46.738,1800.0,3.5,10.6,normal
1697523118.391,46.738,1800.0,4.0,10.6,normal
1697523118.894,47.225,1800.0,3.9,10.6,normal
1697523119.397,47.225,1800.0,3.5,10.6,normal
1697523119.899,46.251,1800.0,5.4,10.6,normal
1697523120.404,47.225,700.0,4.0,10.7,normal
1697523120.909,46.738,600.0,4.9,10.6,normal
1697523121.416,47.225,600.0,9.3,10.5,normal
1697523121.922,48.199,1800.0,29.6,10.4,normal
1697523122.425,46.251,1800.0,24.6,10.7,normal
1697523122.927,47.225,1800.0,3.5,10.7,normal
1697523123.43,47.712,1800.0,3.0,10.7,normal
1697523123.933,47.225,1800.0,4.5,10.7,normal
1697523124.435,46.251,1800.0,4.0,10.7,normal
1697523124.938,46.251,1800.0,5.0,10.7,normal
1697523125.44,46.738,1800.0,3.0,10.7,normal
1697523125.943,46.738,1800.0,3.0,10.7,normal
1697523126.448,48.199,700.0,5.0,10.7,normal
1697523126.954,46.251,600.0,5.0,10.7,normal
1697523127.457,48.199,1800.0,9.9,9.5,normal
1697523127.959,48.199,1800.0,28.7,10.5,normal
1697523128.462,47.712,1800.0,22.0,10.6,normal
1697523128.965,47.225,1800.0,3.5,10.6,normal
1697523129.467,48.199,1800.0,3.5,10.7,normal
1697523129.97,46.738,1800.0,5.4,10.7,normal
1697523130.472,46.738,1800.0,4.0,10.7,normal
1697523130.975,47.225,1800.0,2.5,10.7,normal
1697523131.478,46.738,1800.0,3.9,10.7,normal
1697523131.98,47.712,1800.0,3.0,10.7,normal
1697523132.485,47.225,700.0,3.5,10.7,normal
1697523132.99,47.712,600.0,5.4,10.7,normal
1697523133.495,48.199,900.0,4.5,10.7,normal
1697523133.998,46.738,1800.0,26.5,10.4,normal
1697523134.501,47.225,1800.0,26.0,10.6,normal
1697523135.003,47.712,1800.0,4.5,10.7,normal
1697523135.506,46.738,1800.0,3.0,10.7,normal
1697523136.008,47.712,1800.0,4.4,10.7,normal
1697523136.511,46.738,1800.0,4.5,10.7,normal
1697523137.013,46.738,1800.0,3.0,10.7,normal
1697523137.516,46.251,1800.0,3.0,10.7,normal
1697523138.018,47.225,1800.0,4.0,10.7,normal
1697523138.521,46.738,1800.0,3.5,10.7,normal
1697523139.025,47.225,900.0,4.5,10.7,normal
1697523139.529,46.251,900.0,8.0,9.7,normal
1697523140.032,47.225,1800.0,30.7,10.5,normal
1697523140.535,47.712,1800.0,23.1,10.6,normal
1697523141.037,46.738,1800.0,3.5,10.7,normal
1697523141.54,47.225,1800.0,3.5,10.7,normal
1697523142.043,47.225,1800.0,4.0,10.7,normal
1697523142.545,47.712,1800.0,3.5,10.7,normal
1697523143.048,46.738,1800.0,4.0,10.7,normal
1697523143.55,46.738,1800.0,3.5,10.7,normal
1697523144.053,47.225,1800.0,3.0,10.7,normal
1697523144.555,47.712,1800.0,3.5,10.7,normal
1697523145.06,46.738,800.0,5.0,10.7,normal
1697523145.564,46.738,800.0,4.5,10.7,normal
1697523146.067,47.712,1800.0,25.9,10.4,normal
1697523146.57,47.712,1800.0,30.0,10.7,normal
1697523147.072,48.199,1800.0,2.5,10.7,normal
1697523147.575,47.712,1800.0,4.5,10.7,normal
1697523148.077,47.225,1800.0,4.0,10.7,normal
1697523148.58,46.251,1800.0,3.0,10.7,normal
1697523149.082,47.225,1800.0,3.5,10.7,normal
1697523149.585,46.738,1800.0,3.0,10.7,normal
1697523150.087,46.738,1800.0,5.0,10.7,normal
1697523150.59,47.225,1800.0,3.0,10.7,normal
1697523151.094,46.738,1000.0,5.0,10.7,normal
1697523151.603,47.225,800.0,4.4,10.7,normal
1697523152.106,48.686,1800.0,28.6,10.5,normal
1697523152.608,48.199,1800.0,24.3,10.7,normal
1697523153.111,46.251,1800.0,2.5,10.7,normal
1697523153.613,47.712,1800.0,2.0,10.7,normal
1697523154.116,47.225,1800.0,3.5,10.7,normal
1697523154.619,47.712,1800.0,3.5,10.7,normal
1697523155.121,47.225,1800.0,4.0,10.7,normal
1697523155.623,47.225,1800.0,3.5,10.7,normal
1697523156.126,47.225,1800.0,3.5,10.7,normal
1697523156.629,46.738,1800.0,4.0,10.7,normal
1697523157.133,45.764,800.0,4.0,10.7,normal
1697523157.637,47.225,900.0,5.0,10.7,normal
1697523158.14,46.738,1800.0,22.6,10.3,normal
1697523158.643,47.712,1800.0,32.5,10.7,normal
1697523159.145,47.225,1800.0,3.0,10.7,normal
1697523159.648,46.738,1800.0,4.0,10.7,normal
1697523160.15,47.712,1800.0,4.0,10.7,normal
1697523160.653,47.225,1800.0,4.5,10.7,normal
1697523161.155,46.738,1800.0,3.5,10.7,normal
1697523161.658,47.225,1800.0,3.0,10.7,normal
1697523162.161,47.712,1800.0,3.5,10.7,normal
1697523162.663,45.764,1800.0,5.4,10.7,normal
1697523163.168,47.225,700.0,4.0,10.7,normal
1697523163.672,46.251,800.0,4.9,10.7,normal
1697523164.175,47.225,1800.0,15.6,10.2,normal
1697523164.678,47.712,1800.0,37.0,10.6,normal
1697523165.181,47.712,1800.0,7.0,10.7,normal
1697523165.683,47.225,1800.0,3.5,10.7,normal
1697523166.186,47.225,1800.0,3.9,10.7,normal
1697523166.688,47.712,1800.0,1.5,10.7,normal
1697523167.191,47.712,1800.0,4.5,10.7,normal
1697523167.693,47.225,1800.0,2.5,10.7,normal
1697523168.196,46.251,1800.0,2.0,10.7,normal
1697523168.698,47.712,1800.0,4.4,10.7,normal
1697523169.202,47.225,900.0,6.5,10.7,normal
1697523169.708,46.738,600.0,5.5,10.7,normal
1697523170.215,46.251,600.0,6.9,10.7,normal
1697523170.718,48.199,1800.0,28.4,10.5,normal
1697523171.22,47.712,1800.0,25.0,10.7,normal
1697523171.723,47.225,1800.0,4.0,10.7,normal
1697523172.225,47.712,1800.0,3.0,10.7,normal
1697523172.728,46.738,1800.0,3.0,10.7,normal
1697523173.23,47.225,1800.0,4.5,10.7,normal
1697523173.733,47.225,1800.0,4.0,10.7,normal
1697523174.236,47.225,1800.0,2.5,10.7,normal
1697523174.738,46.251,1800.0,4.9,10.7,normal
1697523175.241,46.738,1800.0,4.0,10.7,normal
1697523175.746,47.225,600.0,5.9,10.7,normal
1697523176.25,46.738,900.0,5.4,10.7,normal
1697523176.753,48.199,1800.0,24.1,10.5,normal
1697523177.256,47.225,1800.0,31.0,10.7,normal
1697523177.758,47.712,1800.0,4.5,10.7,normal
1697523178.261,47.712,1800.0,3.0,10.7,normal
1697523178.763,47.712,1800.0,3.0,10.7,normal
1697523179.266,48.199,1800.0,3.5,10.7,normal
1697523179.768,47.225,1800.0,2.0,10.7,normal
1697523180.271,47.712,1800.0,5.4,10.7,normal
1697523180.773,46.738,1800.0,2.5,10.7,normal
1697523181.276,46.251,1800.0,4.4,10.7,normal
1697523181.782,46.251,600.0,5.4,10.7,normal
1697523182.287,46.738,600.0,5.4,10.7,normal
1697523182.791,47.712,1800.0,28.1,10.5,normal
1697523183.294,47.712,1800.0,26.5,10.7,normal
1697523183.797,47.712,1800.0,3.5,10.7,normal
1697523184.299,47.225,1800.0,3.5,10.7,normal
1697523184.802,47.712,1800.0,4.0,10.7,normal
1697523185.305,47.225,1800.0,3.5,10.7,normal
1697523185.807,48.199,1800.0,4.4,10.7,normal
1697523186.31,47.712,1800.0,4.0,10.7,normal
1697523186.812,46.251,1800.0,2.5,10.7,normal
1697523187.315,46.738,1800.0,3.5,10.7,normal
1697523187.82,47.225,600.0,5.4,10.7,normal
1697523188.326,46.251,600.0,5.9,10.7,normal
1697523188.829,47.225,1800.0,20.6,10.4,normal
1697523189.332,47.712,1800.0,33.3,10.7,normal
1697523189.834,46.738,1800.0,3.5,10.7,normal
1697523190.337,46.738,1800.0,4.0,10.7,normal
1697523190.839,47.712,1800.0,4.0,10.7,normal
1697523191.342,47.225,1800.0,3.5,10.7,normal
1697523191.844,46.738,1800.0,3.5,10.7,normal
1697523192.347,46.738,1800.0,4.0,10.7,normal
1697523192.85,46.251,1800.0,4.0,10.7,normal
1697523193.352,46.738,1800.0,3.0,10.7,normal
1697523193.858,46.738,600.0,3.0,10.7,normal
1697523194.363,46.738,600.0,4.4,10.7,normal
1697523194.866,46.251,1800.0,15.5,10.3,normal
1697523195.369,47.712,1800.0,36.5,10.7,normal
1697523195.872,47.225,1800.0,5.0,10.7,normal
1697523196.374,47.225,1800.0,3.5,10.7,normal
1697523196.877,46.738,1800.0,2.5,10.7,normal
1697523197.379,46.738,1800.0,4.4,10.7,normal
1697523197.882,47.225,1800.0,3.5,10.7,normal
1697523198.384,47.225,1800.0,2.5,10.7,normal
1697523198.887,47.225,1800.0,4.0,10.7,normal
1697523199.39,46.738,1800.0,3.0,10.7,normal
1697523199.894,46.251,800.0,4.4,10.7,normal
1697523200.399,46.738,700.0,5.4,10.7,normal
1697523200.905,47.225,600.0,8.0,10.3,normal
1697523201.408,47.225,1800.0,29.7,10.5,normal
1697523201.911,47.225,1800.0,23.3,10.6,normal
1697523202.413,46.251,1800.0,3.5,10.6,normal
1697523202.916,46.738,1800.0,2.5,10.6,normal
1697523203.418,46.251,1800.0,0.0,10.6,normal
1697523203.921,48.199,1800.0,4.0,10.7,normal
1697523204.423,45.764,1800.0,3.5,10.7,normal
1697523204.926,46.251,1800.0,5.0,10.7,normal
1697523205.429,47.225,1800.0,3.5,10.7,normal
1697523205.934,46.738,700.0,4.9,10.7,normal
1697523206.44,46.738,600.0,5.0,10.7,normal
1697523206.944,47.225,1800.0,12.4,10.1,normal
1697523207.447,47.712,1800.0,31.8,10.6,normal
1697523207.95,47.225,1800.0,16.8,10.7,normal
1697523208.453,46.738,1800.0,4.0,10.7,normal
1697523208.955,46.251,1800.0,3.5,10.7,normal
1697523209.458,46.738,1800.0,2.5,10.7,normal
1697523209.96,47.225,1800.0,6.4,10.7,normal
1697523210.463,47.712,1800.0,2.5,10.7,normal
1697523210.966,47.225,1800.0,3.0,10.7,normal
1697523211.468,46.251,1800.0,5.0,10.7,normal
1697523211.972,46.251,800.0,3.5,10.7,normal
1697523212.478,46.738,700.0,4.0,10.7,normal
1697523212.983,46.251,600.0,4.9,10.7,normal
1697523213.487,47.712,1800.0,29.0,10.5,normal
1697523213.989,46.738,1800.0,26.0,10.7,normal
1697523214.492,47.712,1800.0,3.5,10.7,normal
1697523214.994,47.225,1800.0,4.5,10.7,normal
1697523215.497,47.225,1800.0,4.0,10.7,normal
1697523216.0,47.712,1800.0,4.5,10.7,normal
1697523216.502,47.225,1800.0,3.5,10.7,normal
1697523217.005,47.225,1800.0,2.5,10.7,normal
1697523217.507,46.251,1800.0,4.0,10.7,normal
1697523218.01,47.712,1800.0,4.5,10.7,normal
1697523218.515,47.225,700.0,4.4,10.7,normal
1697523219.019,46.738,1100.0,7.9,10.1,normal
1697523219.522,46.738,1800.0,28.4,10.5,normal
1697523220.024,47.225,1800.0,24.6,10.7,normal
1697523220.527,46.738,1800.0,4.0,10.7,normal
1697523221.03,46.738,1800.0,2.5,10.7,normal
1697523221.532,47.225,1800.0,3.0,10.7,normal
1697523222.035,47.225,1800.0,4.0,10.7,normal
1697523222.537,47.225,1800.0,3.5,10.7,normal
1697523223.04,47.712,1800.0,3.5,10.7,normal
1697523223.542,47.225,1800.0,3.5,10.7,normal
1697523224.045,47.712,1800.0,4.0,10.7,normal
1697523224.549,46.738,800.0,4.0,10.7,normal
1697523225.053,46.738,1800.0,11.9,10.0,normal
1697523225.557,48.199,1800.0,31.8,10.6,normal
1697523226.059,47.225,1800.0,16.9,10.6,normal
1697523226.562,48.199,1800.0,4.0,10.7,normal
1697523227.064,46.738,1800.0,0.5,10.7,normal
1697523227.567,46.251,1800.0,3.9,10.7,normal
1697523228.07,45.764,1800.0,1.5,10.7,normal
1697523228.572,47.225,1800.0,3.0,10.7,normal
1697523229.075,47.225,1800.0,5.4,10.7,normal
1697523229.578,46.738,1800.0,0.5,10.7,normal
1697523230.083,45.764,700.0,1.0,10.7,normal
1697523230.589,46.251,600.0,3.0,10.7,normal
1697523231.095,47.225,600.0,1.5,10.7,normal
1697523231.598,47.712,1800.0,32.7,10.5,normal
1697523232.101,49.173,1800.0,29.4,10.7,normal
1697523232.604,47.225,1800.0,4.0,10.7,normal
1697523233.106,47.712,1800.0,4.0,10.7,normal
1697523233.609,47.225,1800.0,3.0,10.7,normal
1697523234.111,47.225,1800.0,3.0,10.7,normal
1697523234.614,46.251,1800.0,4.0,10.7,normal
1697523235.116,47.225,1800.0,4.5,10.7,normal
1697523235.619,47.712,1800.0,2.5,10.7,normal
1697523236.122,46.738,1800.0,3.0,10.7,normal
1697523236.626,47.712,900.0,3.0,10.7,normal
1697523237.133,46.251,1100.0,7.5,10.2,normal
1697523237.635,48.199,1800.0,29.7,10.6,normal
1697523238.138,47.712,1800.0,19.7,10.7,normal
1697523238.64,47.712,1800.0,3.0,10.7,normal
1697523239.143,47.225,1800.0,3.0,10.7,normal
1697523239.646,46.738,1800.0,4.0,10.7,normal
1697523240.148,47.225,1800.0,4.0,10.7,normal
1697523240.651,47.712,1800.0,3.5,10.7,normal
1697523241.153,47.225,1800.0,3.5,10.7,normal
1697523241.656,48.199,1800.0,4.5,10.7,normal
1697523242.158,46.738,1800.0,3.5,10.7,normal
1697523242.663,46.738,700.0,5.4,10.7,normal
1697523243.168,46.738,800.0,4.5,10.7,normal
1697523243.672,47.712,1800.0,26.7,10.4,normal
1697523244.175,47.225,1800.0,28.4,10.6,normal
1697523244.677,48.199,1800.0,3.5,10.6,normal
1697523245.18,47.225,1800.0,4.0,10.6,normal
1697523245.682,47.225,1800.0,4.0,10.6,normal
1697523246.185,47.712,1800.0,3.0,10.6,normal
1697523246.687,47.225,1800.0,3.5,10.7,normal
1697523247.19,47.712,1800.0,3.5,10.7,normal
1697523247.692,46.738,1800.0,4.5,10.7,normal
1697523248.195,46.251,1800.0,3.5,10.7,normal
1697523248.699,47.225,800.0,5.0,10.7,normal
1697523249.204,46.738,800.0,4.5,10.7,normal
1697523249.707,46.738,1800.0,22.2,10.3,normal
1697523250.209,47.712,1800.0,36.2,10.7,normal
1697523250.712,47.712,1800.0,4.0,10.7,normal
1697523251.215,46.738,1800.0,3.0,10.7,normal
1697523251.717,46.738,1800.0,4.0,10.7,normal
1697523252.22,47.712,1800.0,3.5,10.7,normal
1697523252.722,47.225,1800.0,3.0,10.7,normal
1697523253.225,46.738,1800.0,3.5,10.7,normal
1697523253.727,47.225,1800.0,3.5,10.7,normal
1697523254.23,47.712,1800.0,4.4,10.7,normal
1697523254.734,47.225,800.0,3.5,10.7,normal
1697523255.24,47.712,600.0,5.9,10.7,normal
1697523255.743,47.225,1800.0,24.8,10.4,normal
1697523256.246,47.712,1800.0,32.0,10.7,normal
1697523256.748,47.712,1800.0,3.5,10.7,normal
1697523257.251,47.225,1800.0,3.5,10.7,normal
1697523257.754,47.712,1800.0,4.0,10.7,normal
1697523258.256,47.225,1800.0,4.0,10.7,normal
1697523258.759,47.225,1800.0,3.5,10.7,normal
1697523259.261,47.225,1800.0,2.5,10.7,normal
1697523259.764,46.738,1800.0,3.5,10.7,normal
1697523260.266,47.712,1800.0,4.9,10.7,normal
1697523260.772,47.225,600.0,4.5,10.7,normal
1697523261.277,45.764,700.0,4.4,10.7,normal
1697523261.781,47.225,1800.0,27.5,10.5,normal
1697523262.284,47.225,1800.0,27.0,10.7,normal
1697523262.786,47.225,1800.0,5.4,10.7,normal
1697523263.289,47.225,1800.0,2.0,10.7,normal
1697523263.791,46.738,1800.0,2.5,10.7,normal
1697523264.294,46.738,1800.0,3.0,10.7,normal
1697523264.796,46.251,1800.0,4.0,10.7,normal
1697523265.299,47.712,1800.0,4.0,10.7,normal
1697523265.801,47.712,1800.0,4.9,10.7,normal
1697523266.304,46.738,1800.0,3.0,10.7,normal
1697523266.809,46.251,600.0,5.0,10.7,normal
1697523267.315,46.251,700.0,8.4,10.6,normal
1697523267.819,47.712,1800.0,29.4,10.5,normal
1697523268.321,48.199,1800.0,22.6,10.7,normal
1697523268.824,46.738,1800.0,4.0,10.7,normal
1697523269.326,48.199,1800.0,3.0,10.7,normal
1697523269.829,47.712,1800.0,4.0,10.7,normal
1697523270.331,48.199,1800.0,3.5,10.7,normal
1697523270.834,47.225,1800.0,3.4,10.7,normal
1697523271.336,46.738,1800.0,3.0,10.7,normal
1697523271.839,47.225,1800.0,4.0,10.7,normal
1697523272.342,46.738,1800.0,4.0,10.7,normal
1697523272.847,46.738,600.0,3.5,10.7,normal
1697523273.352,46.251,1200.0,10.6,9.7,normal
1697523273.856,46.738,1800.0,29.6,10.5,normal
1697523274.358,47.225,1800.0,19.7,10.7,normal
1697523274.861,48.199,1800.0,4.5,10.7,normal
1697523275.363,45.764,1800.0,4.0,10.7,normal
1697523275.866,46.738,1800.0,4.5,10.7,normal
1697523276.368,47.712,1800.0,3.0,10.7,normal
1697523276.871,47.225,1800.0,3.0,10.7,normal
1697523277.374,46.251,1800.0,3.0,10.7,normal
1697523277.876,47.225,1800.0,4.0,10.7,normal
1697523278.384,46.251,1800.0,3.9,10.7,normal
1697523278.889,46.251,600.0,3.0,10.7,normal
1697523279.393,47.225,1200.0,13.0,10.1,normal
1697523279.897,47.712,1800.0,33.0,10.7,normal
1697523280.399,47.225,1800.0,12.0,10.7,normal
1697523280.902,46.738,1800.0,3.0,10.7,normal
1697523281.405,47.225,1800.0,2.5,10.7,normal
1697523281.907,46.251,1800.0,3.0,10.7,normal
1697523282.41,47.225,1800.0,4.5,10.7,normal
1697523282.912,46.251,1800.0,2.5,10.7,normal
1697523283.415,46.738,1800.0,4.0,10.7,normal
1697523283.918,46.738,1800.0,3.5,10.7,normal
1697523284.42,47.712,1800.0,4.5,10.7,normal
1697523284.925,46.738,800.0,4.9,10.7,normal
1697523285.428,46.251,1800.0,17.0,10.3,normal
1697523285.931,48.686,1800.0,37.6,10.7,normal
1697523286.434,48.199,1800.0,5.5,10.7,normal
1697523286.936,47.225,1800.0,3.0,10.7,normal
1697523287.439,47.225,1800.0,2.5,10.7,normal
1697523287.942,47.712,1800.0,2.0,10.7,normal
1697523288.45,48.199,1800.0,3.9,10.7,normal
1697523288.952,46.738,1800.0,3.0,10.7,normal
1697523289.455,46.738,1800.0,3.5,10.7,normal
1697523289.957,46.738,1800.0,3.5,10.7,normal
1697523290.463,46.738,600.0,3.5,10.7,normal
1697523290.968,46.251,825.0,4.4,10.7,normal
1697523291.471,46.251,1800.0,9.5,9.6,normal
1697523291.974,47.712,1800.0,29.2,10.5,normal
1697523292.476,46.738,1800.0,21.1,10.6,normal
1697523292.979,47.225,1800.0,4.5,10.6,normal
1697523293.486,47.225,1800.0,3.4,10.7,normal
1697523293.989,47.712,1800.0,2.5,10.7,normal
1697523294.491,46.251,1800.0,4.0,10.7,normal
1697523294.994,48.199,1800.0,4.9,10.7,normal
1697523295.496,46.251,1800.0,3.5,10.7,normal
1697523295.999,46.738,1800.0,3.0,10.7,normal
1697523296.504,46.738,700.0,4.4,10.7,normal
1697523297.009,47.712,800.0,4.5,10.7,normal
1697523297.514,47.712,600.0,4.4,10.7,normal
1697523298.018,46.251,1800.0,25.9,10.4,normal
1697523298.526,48.686,1800.0,28.5,10.7,normal
1697523299.028,46.738,1800.0,4.0,10.7,normal
1697523299.531,47.712,1800.0,3.0,10.7,normal
1697523300.033,48.199,1800.0,4.0,10.7,normal
1697523300.536,46.738,1800.0,4.5,10.7,normal
1697523301.039,47.225,1800.0,3.5,10.7,normal
1697523301.541,47.225,1800.0,1.5,10.7,normal
1697523302.044,47.225,1800.0,4.0,10.7,normal
1697523302.546,47.225,1800.0,4.9,10.7,normal
1697523303.05,46.251,1000.0,5.0,10.7,normal
1697523303.555,46.738,900.0,5.5,10.6,normal
1697523304.057,47.225,1800.0,28.9,10.5,normal
1697523304.56,47.712,1800.0,23.0,10.7,normal
1697523305.063,47.225,1800.0,4.5,10.7,normal
1697523305.565,47.225,1800.0,4.5,10.7,normal
1697523306.068,47.225,1800.0,3.5,10.7,normal
1697523306.57,47.225,1800.0,3.0,10.7,normal
1697523307.073,47.712,1800.0,2.5,10.7,normal
1697523307.575,46.738,1800.0,4.0,10.7,normal
1697523308.078,46.251,1800.0,4.0,10.7,normal
1697523308.58,46.251,1800.0,3.5,10.7,normal
1697523309.085,46.738,900.0,5.4,10.7,normal
1697523309.589,45.764,1000.0,4.5,10.7,normal
1697523310.092,47.712,1800.0,24.9,10.4,normal
1697523310.594,47.712,1800.0,30.7,10.7,normal
1697523311.097,47.225,1800.0,4.0,10.7,normal
1697523311.599,47.712,1800.0,3.5,10.7,normal
1697523312.102,48.199,1800.0,4.0,10.7,normal
1697523312.605,46.738,1800.0,2.5,10.7,normal
1697523313.107,47.712,1800.0,3.5,10.7,normal
1697523313.61,46.738,1800.0,3.5,10.7,normal
1697523314.112,47.712,1800.0,4.0,10.7,normal
1697523314.615,46.738,1800.0,3.5,10.7,normal
1697523315.119,46.738,800.0,4.5,10.7,normal
1697523315.623,46.251,900.0,5.4,10.7,normal
1697523316.127,48.199,1800.0,28.7,10.4,normal
1697523316.629,47.225,1800.0,27.0,10.6,normal
1697523317.132,46.738,1800.0,3.5,10.6,normal
1697523317.634,47.712,1800.0,4.0,10.6,normal
1697523318.137,47.225,1800.0,3.5,10.6,normal
1697523318.639,47.712,1800.0,3.0,10.6,normal
1697523319.142,46.738,1800.0,3.9,10.6,normal
1697523319.644,47.225,1800.0,2.0,10.6,normal
1697523320.147,45.764,1800.0,5.0,10.6,normal
1697523320.649,47.225,1800.0,2.0,10.6,normal
1697523321.155,46.251,600.0,4.0,10.6,normal
1697523321.659,47.225,1100.0,8.0,9.5,normal
1697523322.162,48.199,1800.0,26.9,10.4,normal
1697523322.665,47.225,1800.0,21.2,10.6,normal
1697523323.167,47.712,1800.0,3.5,10.6,normal
1697523323.67,46.251,1800.0,3.0,10.6,normal
1697523324.172,47.225,1800.0,3.0,10.6,normal
1697523324.675,47.225,1800.0,3.0,10.6,normal
1697523325.178,47.225,1800.0,4.0,10.7,normal
1697523325.68,47.225,1800.0,2.5,10.7,normal
1697523326.183,46.251,1800.0,3.5,10.7,normal
1697523326.685,47.225,1800.0,4.0,10.7,normal
1697523327.191,46.738,600.0,4.5,10.7,normal
1697523327.696,46.251,600.0,4.9,10.7,normal
1697523328.2,47.225,1800.0,25.2,10.4,normal
1697523328.702,47.225,1800.0,30.5,10.7,normal
1697523329.205,47.712,1800.0,3.9,10.7,normal
1697523329.707,46.738,1800.0,3.5,10.7,normal
1697523330.21,47.712,1800.0,4.0,10.7,normal
1697523330.713,47.225,1800.0,4.0,10.7,normal
1697523331.215,47.712,1800.0,3.0,10.7,normal
1697523331.718,46.738,1800.0,4.0,10.7,normal
1697523332.22,46.738,1800.0,2.5,10.7,normal
1697523332.723,46.738,1800.0,4.0,10.7,normal
1697523333.228,46.251,700.0,3.5,10.7,normal
1697523333.732,46.251,800.0,4.5,10.7,normal
1697523334.235,46.738,1800.0,17.1,10.3,normal
1697523334.738,47.712,1800.0,38.1,10.6,normal
1697523335.241,46.738,1800.0,5.0,10.7,normal
1697523335.743,47.225,1800.0,3.0,10.7,normal
1697523336.246,47.225,1800.0,4.0,10.7,normal
1697523336.748,46.738,1800.0,4.0,10.7,normal
1697523337.251,47.225,1800.0,2.5,10.7,normal
1697523337.754,47.712,1800.0,4.0,10.7,normal
1697523338.256,46.738,1800.0,3.5,10.7,normal
1697523338.759,47.225,1800.0,5.4,10.7,normal
1697523339.263,46.738,800.0,3.0,10.7,normal
1697523339.768,46.251,700.0,5.0,10.7,normal
1697523340.271,46.738,1800.0,22.7,10.4,normal
1697523340.774,47.225,1800.0,34.5,10.7,normal
1697523341.276,47.712,1800.0,3.0,10.7,normal
1697523341.779,45.764,1800.0,3.5,10.7,normal
1697523342.281,46.738,1800.0,4.0,10.7,normal
1697523342.784,47.712,1800.0,4.0,10.7,normal
1697523343.287,46.251,1800.0,3.9,10.7,normal
1697523343.789,47.712,1800.0,3.0,10.7,normal
1697523344.292,46.738,1800.0,3.5,10.7,normal
1697523344.794,46.738,1800.0,4.0,10.7,normal
1697523345.3,46.251,700.0,4.5,10.7,normal
1697523345.804,46.738,800.0,5.5,10.7,normal
1697523346.307,47.712,1800.0,24.9,10.3,normal
1697523346.81,47.712,1800.0,28.6,10.6,normal
1697523347.313,47.225,1800.0,2.0,10.6,normal
1697523347.815,48.686,1800.0,2.0,10.6,normal
1697523348.318,48.199,1800.0,2.5,10.6,normal
1697523348.821,47.712,1800.0,1.5,10.6,normal
1697523349.323,47.225,1800.0,6.0,10.6,normal
1697523349.826,47.712,1800.0,2.0,10.6,normal
1697523350.328,47.712,1800.0,4.0,10.7,normal
1697523350.831,47.225,1800.0,3.9,10.7,normal
1697523351.337,47.225,600.0,4.0,10.7,normal
1697523351.841,46.738,800.0,5.0,10.6,normal
1697523352.345,48.199,1800.0,29.7,10.4,normal
1697523352.847,47.712,1800.0,24.7,10.6,normal
1697523353.35,47.225,1800.0,4.9,10.6,normal
1697523353.852,48.199,1800.0,3.5,10.6,normal
1697523354.355,47.225,1800.0,2.5,10.6,normal
1697523354.858,47.712,1800.0,4.0,10.6,normal
1697523355.361,46.738,1800.0,5.4,10.6,normal
1697523355.863,47.712,1800.0,3.5,10.6,normal
1697523356.366,48.199,1800.0,4.4,10.7,normal
1697523356.868,48.199,1800.0,3.5,10.7,normal
1697523357.373,46.738,700.0,5.4,10.7,normal
1697523357.879,46.251,600.0,4.9,10.7,normal
1697523358.382,47.712,1800.0,23.9,10.3,normal
1697523358.885,47.225,1800.0,31.7,10.6,normal
1697523359.387,46.738,1800.0,3.5,10.6,normal
1697523359.89,46.738,1800.0,5.4,10.6,normal
1697523360.392,46.738,1800.0,2.5,10.6,normal
1697523360.895,46.738,1800.0,3.5,10.7,normal
1697523361.397,46.251,1800.0,3.5,10.6,normal
1697523361.9,46.738,1800.0,4.5,10.6,normal
1697523362.403,46.738,1800.0,3.0,10.6,normal
1697523362.906,47.225,1800.0,3.0,10.6,normal
1697523363.411,46.738,600.0,2.0,10.7,normal
1697523363.917,47.712,600.0,5.4,10.7,normal
1697523364.42,47.225,1800.0,15.5,10.2,normal
1697523364.924,48.686,1800.0,38.3,10.6,normal
1697523365.426,47.225,1800.0,4.0,10.7,normal
1697523365.929,46.738,1800.0,3.5,10.6,normal
1697523366.431,47.712,1800.0,2.5,10.7,normal
1697523366.934,46.251,1800.0,4.0,10.7,normal
1697523367.437,47.712,1800.0,2.5,10.7,normal
1697523367.939,46.738,1800.0,3.5,10.7,normal
1697523368.442,46.738,1800.0,3.5,10.6,normal
1697523368.944,47.712,1800.0,3.0,10.6,normal
1697523369.45,46.251,600.0,3.9,10.6,normal
1697523369.96,46.738,800.0,6.8,10.6,normal
1697523370.463,46.251,1800.0,10.0,9.5,normal
1697523370.966,47.225,1800.0,28.4,10.5,normal
1697523371.472,46.738,1800.0,20.0,10.6,normal
1697523371.974,47.712,1800.0,4.5,10.6,normal
1697523372.477,47.225,1800.0,3.0,10.6,normal
1697523372.979,48.199,1800.0,3.5,10.7,normal
1697523373.482,46.251,1800.0,4.0,10.7,normal
1697523373.984,47.712,1800.0,3.5,10.7,normal
1697523374.487,46.738,1800.0,3.5,10.7,normal
1697523374.99,47.225,1800.0,3.5,10.7,normal
1697523375.495,46.738,700.0,5.4,10.7,normal
1697523375.999,46.738,700.0,4.4,10.7,normal
1697523376.505,46.251,600.0,4.0,10.7,normal
1697523377.009,47.225,1800.0,26.0,10.5,normal
1697523377.511,47.712,1800.0,28.1,10.7,normal
1697523378.014,47.712,1800.0,3.5,10.7,normal
1697523378.516,47.225,1800.0,3.5,10.7,normal
1697523379.019,46.251,1800.0,4.0,10.7,normal
1697523379.522,46.738,1800.0,3.5,10.7,normal
1697523380.024,46.738,1800.0,5.9,10.7,normal
1697523380.527,46.738,1800.0,3.0,10.7,normal
1697523381.029,47.225,1800.0,3.0,10.7,normal
1697523381.532,46.251,1800.0,3.5,10.7,normal
1697523382.036,47.225,800.0,5.0,10.7,normal
1697523382.541,46.251,900.0,4.0,10.7,normal
1697523383.043,46.738,1800.0,19.4,10.3,normal
1697523383.546,48.199,1800.0,34.7,10.7,normal
1697523384.049,47.225,1800.0,3.0,10.7,normal
1697523384.551,47.712,1800.0,3.5,10.7,normal
1697523385.054,47.225,1800.0,4.5,10.7,normal
1697523385.556,46.738,1800.0,2.5,10.7,normal
1697523386.059,46.738,1800.0,3.0,10.7,normal
1697523386.562,47.225,1800.0,3.5,10.7,normal
1697523387.064,45.764,1800.0,4.0,10.7,normal
1697523387.567,47.225,1800.0,4.0,10.7,normal
1697523388.07,46.251,1000.0,4.5,10.7,normal
1697523388.574,46.251,1000.0,6.4,10.7,normal
1697523389.077,48.199,1800.0,24.5,10.4,normal
1697523389.58,47.225,1800.0,31.4,10.7,normal
1697523390.083,47.225,1800.0,4.5,10.7,normal
1697523390.585,47.225,1800.0,3.5,10.7,normal
1697523391.088,47.712,1800.0,3.5,10.7,normal
1697523391.59,45.764,1800.0,3.0,10.7,normal
1697523392.093,46.738,1800.0,3.0,10.7,normal
1697523392.596,47.712,1800.0,4.5,10.7,normal
1697523393.098,46.738,1800.0,3.5,10.7,normal
1697523393.601,46.251,1800.0,3.9,10.7,normal
1697523394.105,45.764,800.0,3.5,10.7,normal
1697523394.609,45.764,900.0,5.9,10.7,normal
1697523395.112,47.712,1800.0,18.7,10.4,normal
1697523395.614,47.712,1800.0,37.3,10.7,normal
1697523396.117,47.712,1800.0,3.5,10.7,normal
1697523396.619,46.738,1800.0,3.0,10.7,normal
1697523397.122,46.251,1800.0,4.0,10.7,normal
1697523397.624,47.225,1800.0,3.0,10.7,normal
1697523398.127,46.738,1800.0,4.0,10.7,normal
1697523398.63,47.712,1800.0,3.5,10.7,normal
1697523399.132,47.225,1800.0,4.5,10.7,normal
1697523399.635,45.764,1800.0,3.5,10.7,normal
1697523400.14,46.738,600.0,3.0,10.7,normal
1697523400.646,46.738,600.0,4.9,10.7,normal
1697523401.15,46.251,1800.0,12.3,9.8,normal
1697523401.656,48.199,1800.0,31.8,10.5,normal
1697523402.159,47.225,1800.0,16.3,10.6,normal
1697523402.662,48.199,1800.0,3.0,10.7,normal
1697523403.164,47.712,1800.0,3.5,10.7,normal
1697523403.667,46.738,1800.0,3.5,10.7,normal
1697523404.169,46.251,1800.0,3.0,10.7,normal
1697523404.672,47.225,1800.0,3.0,10.7,normal
1697523405.174,47.225,1800.0,3.5,10.7,normal
1697523405.677,46.738,1800.0,3.0,10.7,normal
1697523406.182,46.251,700.0,3.0,10.7,normal
1697523406.687,46.738,600.0,4.5,10.7,normal
1697523407.194,45.764,600.0,1.0,10.6,normal
1697523407.697,48.199,1800.0,27.9,10.5,normal
1697523408.199,47.712,1800.0,23.6,10.6,normal
1697523408.702,46.251,1800.0,3.0,10.6,normal
1697523409.204,46.738,1800.0,5.5,10.7,normal
1697523409.707,47.225,1800.0,3.0,10.7,normal
1697523410.209,45.764,1800.0,3.5,10.7,normal
1697523410.712,47.225,1800.0,2.5,10.7,normal
1697523411.215,48.199,1800.0,5.4,10.7,normal
1697523411.717,46.738,1800.0,3.5,10.7,normal
1697523412.22,46.251,1800.0,4.0,10.7,normal
1697523412.724,47.225,800.0,4.0,10.7,normal
1697523413.229,46.738,700.0,5.9,10.7,normal
1697523413.732,47.225,1800.0,23.3,10.3,normal
1697523414.235,47.712,1800.0,34.7,10.6,normal
1697523414.737,47.225,1800.0,3.5,10.6,normal
1697523415.24,47.225,1800.0,4.0,10.6,normal
1697523415.742,47.712,1800.0,4.0,10.6,normal
1697523416.245,47.712,1800.0,3.5,10.6,normal
1697523416.748,46.738,1800.0,3.5,10.6,normal
1697523417.25,46.251,1800.0,4.0,10.6,normal
1697523417.753,47.712,1800.0,1.0,10.6,normal
1697523418.256,47.225,1800.0,3.9,10.6,normal
1697523418.76,47.225,800.0,4.5,10.6,normal
1697523419.266,47.225,600.0,4.0,10.6,normal
1697523419.77,47.225,1800.0,25.7,10.3,normal
1697523420.273,47.712,1800.0,31.2,10.6,normal
1697523420.775,47.225,1800.0,4.5,10.6,normal
1697523421.278,47.225,1800.0,4.0,10.6,normal
1697523421.78,46.251,1800.0,4.5,10.7,normal
1697523422.283,46.738,1800.0,5.0,10.7,normal
1697523422.785,47.712,1800.0,3.5,10.7,normal
1697523423.288,47.225,1800.0,3.5,10.7,normal
1697523423.791,48.199,1800.0,2.5,10.7,normal
1697523424.293,46.738,1800.0,4.0,10.7,normal
1697523424.797,47.225,800.0,4.0,10.7,normal
1697523425.303,46.251,800.0,5.9,10.7,normal
1697523425.806,47.712,1800.0,27.0,10.5,normal
1697523426.309,47.712,1800.0,29.2,10.7,normal
1697523426.811,47.225,1800.0,3.0,10.7,normal
1697523427.314,46.738,1800.0,4.5,10.7,normal
1697523427.817,47.225,1800.0,3.0,10.7,normal
1697523428.319,46.251,1800.0,3.9,10.7,normal
1697523428.822,46.738,1800.0,4.0,10.7,normal
1697523429.324,47.225,1800.0,4.5,10.7,normal
1697523429.827,47.712,1800.0,3.0,10.8,normal
1697523430.329,46.738,1800.0,5.0,10.8,normal
1697523430.834,47.225,700.0,5.0,10.8,normal
1697523431.339,46.251,800.0,5.9,10.8,normal
1697523431.842,47.225,1800.0,19.0,10.3,normal
1697523432.344,47.712,1800.0,35.0,10.7,normal
1697523432.847,46.738,1800.0,4.5,10.7,normal
1697523433.349,47.712,1800.0,4.0,10.7,normal
1697523433.852,47.712,1800.0,3.5,10.7,normal
1697523434.355,47.712,1800.0,3.5,10.7,normal
1697523434.857,47.225,1800.0,4.0,10.7,normal
1697523435.36,46.251,1800.0,5.4,10.7,normal
1697523435.862,48.199,1800.0,3.0,10.7,normal
1697523436.365,46.738,1800.0,3.5,10.7,normal
1697523436.869,47.225,800.0,4.0,10.7,normal
1697523437.373,48.199,800.0,4.5,10.7,normal
1697523437.877,47.225,1800.0,24.0,10.4,normal
1697523438.379,46.251,1800.0,29.6,10.7,normal
1697523438.882,47.712,1800.0,4.5,10.7,normal
1697523439.384,48.199,1800.0,3.5,10.7,normal
1697523439.887,48.199,1800.0,4.5,10.7,normal
1697523440.39,47.225,1800.0,3.0,10.7,normal
1697523440.892,47.225,1800.0,3.0,10.7,normal
1697523441.395,46.738,1800.0,4.5,10.7,normal
1697523441.897,47.225,1800.0,3.0,10.7,normal
1697523442.4,46.738,1800.0,3.5,10.7,normal
1697523442.904,46.738,800.0,4.0,10.7,normal
1697523443.411,46.738,600.0,6.4,10.6,normal
1697523443.915,47.712,1800.0,29.2,10.5,normal
1697523444.418,47.225,1800.0,24.9,10.6,normal
1697523444.921,46.738,1800.0,4.0,10.6,normal
1697523445.423,47.225,1800.0,4.5,10.6,normal
1697523445.926,46.738,1800.0,3.5,10.6,normal
1697523446.428,47.225,1800.0,2.0,10.6,normal
1697523446.931,47.225,1800.0,2.0,10.6,normal
1697523447.434,46.738,1800.0,3.0,10.6,normal
1697523447.936,46.738,1800.0,3.0,10.6,normal
1697523448.439,47.225,1800.0,3.5,10.7,normal
1697523448.945,46.251,600.0,2.5,10.7,normal
1697523449.45,46.251,600.0,3.0,10.7,normal
1697523449.954,48.199,1800.0,24.9,10.3,normal
1697523450.457,47.712,1800.0,31.2,10.7,normal
1697523450.96,47.712,1800.0,3.5,10.7,normal
1697523451.463,48.199,1800.0,3.5,10.7,normal
1697523451.965,47.225,1800.0,3.0,10.7,normal
1697523452.468,47.225,1800.0,1.5,10.7,normal
1697523452.97,46.738,1800.0,6.9,10.7,normal
1697523453.473,47.225,1800.0,3.0,10.7,normal
1697523453.975,46.738,1800.0,3.0,10.7,normal
1697523454.478,47.225,1800.0,2.5,10.7,normal
1697523454.983,47.225,700.0,5.9,10.7,normal
1697523455.488,46.738,600.0,5.0,10.7,normal
1697523455.992,47.712,1800.0,27.4,10.4,normal
1697523456.494,47.712,1800.0,26.1,10.6,normal
1697523456.997,47.712,1800.0,4.5,10.6,normal
1697523457.499,46.251,1800.0,3.5,10.6,normal
1697523458.002,47.712,1800.0,3.0,10.6,normal
1697523458.504,48.199,1800.0,4.0,10.6,normal
1697523459.007,46.738,1800.0,3.5,10.6,normal
1697523459.51,45.764,1800.0,3.5,10.6,normal
1697523460.012,47.712,1800.0,4.5,10.6,normal
1697523460.515,47.225,1800.0,3.0,10.6,normal
1697523461.019,47.225,800.0,4.5,10.6,normal
1697523461.522,46.738,1800.0,9.0,9.7,normal
1697523462.025,47.225,1800.0,28.0,10.6,normal
1697523462.528,46.738,1800.0,21.5,10.7,normal
1697523463.031,47.712,1800.0,4.5,10.7,normal
1697523463.533,47.712,1800.0,2.5,10.7,normal
1697523464.036,46.251,1800.0,3.5,10.7,normal
1697523464.538,47.712,1800.0,4.0,10.7,normal
1697523465.041,47.225,1800.0,4.0,10.7,normal
1697523465.544,47.225,1800.0,4.0,10.7,normal
1697523466.046,46.738,1800.0,4.0,10.7,normal
1697523466.552,47.712,700.0,2.0,10.7,normal
1697523467.057,46.738,800.0,3.0,10.7,normal
1697523467.559,46.738,1800.0,5.0,10.6,normal
1697523468.062,46.738,1800.0,27.9,10.5,normal
1697523468.565,48.199,1800.0,23.6,10.7,normal
1697523469.068,46.738,1800.0,4.5,10.7,normal
1697523469.57,48.686,1800.0,4.0,10.7,normal
1697523470.073,46.738,1800.0,3.5,10.7,normal
1697523470.575,46.738,1800.0,3.5,10.7,normal
1697523471.078,46.738,1800.0,3.0,10.7,normal
1697523471.58,46.251,1800.0,4.4,10.7,normal
1697523472.083,47.225,1800.0,3.0,10.7,normal
1697523472.587,46.738,900.0,4.5,10.7,normal
1697523473.092,46.738,800.0,4.5,10.7,normal
1697523473.596,47.225,1000.0,10.9,9.6,normal
1697523474.099,47.712,1800.0,28.9,10.5,normal
1697523474.602,47.712,1800.0,21.5,10.7,normal
1697523475.104,47.712,1800.0,4.5,10.7,normal
1697523475.607,47.225,1800.0,3.5,10.7,normal
1697523476.109,47.225,1800.0,4.0,10.7,normal
1697523476.612,47.712,1800.0,2.5,10.7,normal
1697523477.114,46.251,1800.0,3.5,10.7,normal
1697523477.617,46.738,1800.0,3.0,10.7,normal
1697523478.119,47.225,1800.0,5.5,10.7,normal
1697523478.622,47.712,1800.0,3.5,10.7,normal
1697523479.127,46.251,700.0,5.0,10.7,normal
1697523479.632,46.738,800.0,4.5,10.7,normal
1697523480.135,47.712,1800.0,27.1,10.4,normal
1697523480.638,47.712,1800.0,29.5,10.7,normal
1697523481.14,46.738,1800.0,4.4,10.6,normal
1697523481.643,47.225,1800.0,3.5,10.6,normal
1697523482.146,47.225,1800.0,4.0,10.7,normal
1697523482.648,48.199,1800.0,3.0,10.7,normal
1697523483.151,47.225,1800.0,3.0,10.7,normal
1697523483.653,47.225,1800.0,3.5,10.7,normal
1697523484.156,45.764,1800.0,3.0,10.7,normal
1697523484.658,46.738,1800.0,3.5,10.7,normal
1697523485.164,46.251,600.0,4.9,10.7,normal
1697523485.67,46.738,600.0,4.5,10.6,normal
1697523486.173,47.225,1800.0,28.9,10.4,normal
1697523486.676,47.225,1800.0,24.5,10.6,normal
1697523487.178,47.225,1800.0,2.5,10.6,normal
1697523487.681,47.225,1800.0,4.0,10.7,normal
1697523488.183,46.738,1800.0,4.0,10.7,normal
1697523488.686,47.712,1800.0,3.0,10.7,normal
1697523489.188,47.225,1800.0,2.0,10.7,normal
1697523489.691,46.738,1800.0,2.5,10.7,normal
1697523490.193,47.225,1800.0,3.5,10.7,normal
1697523490.696,48.686,1800.0,3.5,10.7,normal
1697523491.201,47.225,600.0,5.4,10.7,normal
1697523491.707,46.738,600.0,4.5,10.7,normal
1697523492.21,47.712,1800.0,23.4,10.3,normal
1697523492.713,46.738,1800.0,33.3,10.6,normal
1697523493.216,46.738,1800.0,3.5,10.6,normal
1697523493.718,47.712,1800.0,3.5,10.6,normal
1697523494.221,46.251,1800.0,3.5,10.6,normal
1697523494.723,46.738,1800.0,3.0,10.6,normal
1697523495.226,46.738,1800.0,5.4,10.7,normal
1697523495.728,47.225,1800.0,2.5,10.7,normal
1697523496.231,46.738,1800.0,14.4,10.6,normal
1697523496.734,45.764,1800.0,3.5,10.7,normal
1697523497.239,47.712,600.0,4.9,10.7,normal
1697523497.745,46.738,600.0,5.0,10.7,normal
1697523498.247,47.225,1800.0,13.5,10.2,normal
1697523498.75,47.712,1800.0,37.3,10.6,normal
1697523499.253,47.712,1800.0,7.4,10.7,normal
1697523499.755,46.738,1800.0,3.5,10.7,normal
1697523500.258,46.251,1800.0,4.5,10.7,normal
1697523500.76,47.225,1800.0,3.0,10.7,normal
1697523501.263,47.712,1800.0,3.5,10.7,normal
1697523501.765,46.738,1800.0,3.5,10.7,normal
1697523502.268,46.251,1800.0,4.0,10.7,normal
1697523502.771,46.738,1800.0,3.0,10.7,normal
1697523503.276,46.251,700.0,4.0,10.8,normal
1697523503.781,47.225,800.0,5.9,10.8,normal
1697523504.285,46.251,900.0,7.5,10.6,normal
1697523504.789,46.738,1800.0,28.4,10.6,normal
1697523505.291,47.712,1800.0,23.8,10.7,normal
1697523505.794,47.712,1800.0,4.0,10.7,normal
1697523506.296,47.712,1800.0,3.0,10.7,normal
1697523506.799,46.738,1800.0,2.5,10.7,normal
1697523507.301,47.712,1800.0,3.5,10.7,normal
1697523507.804,46.738,1800.0,4.0,10.7,normal
1697523508.307,47.225,1800.0,3.5,10.7,normal
1697523508.809,46.738,1800.0,4.0,10.7,normal
1697523509.314,46.251,700.0,3.0,10.7,normal
1697523509.819,47.712,800.0,5.0,10.7,normal
1697523510.322,46.738,1800.0,15.3,9.9,normal
1697523510.826,48.199,1800.0,32.3,10.5,normal
1697523511.328,47.225,1800.0,14.1,10.6,normal
1697523511.831,46.738,1800.0,4.0,10.6,normal
1697523512.333,46.738,1800.0,3.5,10.6,normal
1697523512.836,46.251,1800.0,3.4,10.6,normal
1697523513.338,46.738,1800.0,3.0,10.6,normal
1697523513.841,47.225,1800.0,3.5,10.7,normal
1697523514.344,47.712,1800.0,3.5,10.7,normal
1697523514.846,47.225,1800.0,3.0,10.7,normal
1697523515.351,47.225,700.0,3.5,10.7,normal
1697523515.856,47.712,800.0,5.4,10.7,normal
1697523516.359,45.764,1800.0,16.9,10.1,normal
1697523516.861,48.686,1800.0,37.5,10.6,normal
1697523517.364,47.225,1800.0,7.4,10.6,normal
1697523517.867,47.712,1800.0,3.5,10.6,normal
1697523518.37,46.738,1800.0,3.5,10.7,normal
1697523518.872,47.712,1800.0,3.5,10.7,normal
1697523519.375,46.738,1800.0,3.5,10.7,normal
1697523519.877,47.225,1800.0,3.5,10.7,normal
1697523520.38,47.712,1800.0,4.5,10.7,normal
1697523520.882,46.738,1800.0,3.0,10.7,normal
1697523521.387,46.251,700.0,3.9,10.7,normal
1697523521.893,46.738,700.0,4.5,10.7,normal
1697523522.399,46.738,600.0,5.9,10.6,normal
1697523522.902,47.712,1800.0,29.2,10.5,normal
1697523523.405,47.712,1800.0,25.4,10.6,normal
1697523523.907,47.712,1800.0,3.5,10.6,normal
1697523524.41,48.199,1800.0,3.0,10.6,normal
1697523524.913,48.199,1800.0,5.0,10.6,normal
1697523525.415,47.225,1800.0,3.0,10.6,normal
1697523525.918,46.251,1800.0,3.0,10.6,normal
1697523526.42,46.251,1800.0,5.0,10.7,normal
1697523526.923,48.199,1800.0,3.0,10.7,normal
1697523527.428,47.225,700.0,4.5,10.7,normal
1697523527.934,46.738,600.0,5.0,10.7,normal
1697523528.438,46.738,1800.0,11.4,9.9,normal
1697523528.942,48.199,1800.0,32.2,10.5,normal
1697523529.445,48.199,1800.0,17.7,10.6,normal
1697523529.947,47.712,1800.0,3.5,10.6,normal
1697523530.45,47.712,1800.0,2.5,10.6,normal
1697523530.952,47.712,1800.0,3.0,10.6,normal
1697523531.455,48.199,1800.0,3.0,10.6,normal
1697523531.957,47.225,1800.0,2.5,10.6,normal
1697523532.46,48.199,1800.0,3.0,10.6,normal
1697523532.963,48.199,1800.0,2.5,10.6,normal
1697523533.467,47.225,700.0,5.0,10.6,normal
1697523533.972,48.199,900.0,4.0,10.6,normal
1697523534.476,47.225,1000.0,5.0,10.6,normal
1697523534.978,48.686,1800.0,29.4,10.4,normal
1697523535.481,47.225,1800.0,27.0,10.6,normal
1697523535.983,47.712,1800.0,2.5,10.6,normal
1697523536.486,46.738,1800.0,3.5,10.6,normal
1697523536.989,47.712,1800.0,3.5,10.7,normal
1697523537.492,46.251,1800.0,1.5,10.7,normal
1697523537.994,46.251,1800.0,4.9,10.7,normal
1697523538.497,47.225,1800.0,3.0,10.7,normal
1697523539.0,47.225,1800.0,4.0,10.7,normal
1697523539.502,47.225,1800.0,4.0,10.7,normal
1697523540.006,46.738,900.0,5.0,10.7,normal
1697523540.511,45.764,900.0,11.3,9.6,normal
1697523541.014,47.712,1800.0,29.9,10.5,normal
1697523541.516,47.712,1800.0,21.9,10.7,normal
1697523542.019,46.251,1800.0,2.5,10.6,normal
1697523542.522,46.738,1800.0,3.9,10.6,normal
1697523543.024,47.712,1800.0,4.5,10.7,normal
1697523543.527,47.225,1800.0,3.0,10.6,normal
1697523544.029,47.712,1800.0,3.5,10.6,normal
1697523544.531,46.738,1800.0,3.0,10.7,normal
1697523545.034,48.199,1800.0,5.0,10.6,normal
1697523545.539,47.225,1800.0,3.5,10.6,normal
1697523546.043,46.738,900.0,5.4,10.7,normal
1697523546.546,47.225,1800.0,12.9,10.1,normal
1697523547.049,48.199,1800.0,35.0,10.7,normal
1697523547.552,47.225,1800.0,11.6,10.7,normal
1697523548.055,47.225,1800.0,4.9,10.7,normal
1697523548.557,47.225,1800.0,4.0,10.7,normal
1697523549.06,47.225,1800.0,4.5,10.7,normal
1697523549.562,46.738,1800.0,3.5,10.7,normal
1697523550.065,46.738,1800.0,4.0,10.7,normal
1697523550.567,46.738,1800.0,3.0,10.7,normal
1697523551.07,47.225,1800.0,4.0,10.7,normal
1697523551.575,46.738,700.0,3.9,10.7,normal
1697523552.079,47.225,900.0,5.0,10.7,normal
1697523552.585,46.251,800.0,6.9,10.7,normal
1697523553.087,47.225,1800.0,30.2,10.5,normal
1697523553.59,47.712,1800.0,25.6,10.7,normal
1697523554.093,46.738,1800.0,3.5,10.7,normal
1697523554.595,47.712,1800.0,2.5,10.7,normal
1697523555.098,46.251,1800.0,5.0,10.7,normal
1697523555.6,46.251,1800.0,3.0,10.7,normal
1697523556.103,46.251,1800.0,3.0,10.7,normal
1697523556.605,47.225,1800.0,4.0,10.7,normal
1697523557.108,48.199,1800.0,4.0,10.7,normal
1697523557.611,48.199,1800.0,3.0,10.7,normal
1697523558.115,47.225,900.0,5.0,10.7,normal
1697523558.62,46.251,700.0,5.0,10.7,normal
1697523559.123,47.225,1800.0,21.4,10.4,normal
1697523559.626,47.712,1800.0,35.5,10.7,normal
1697523560.129,46.738,1800.0,4.5,10.7,normal
1697523560.631,47.712,1800.0,4.0,10.7,normal
1697523561.134,47.225,1800.0,4.0,10.7,normal
1697523561.636,47.712,1800.0,3.5,10.7,normal
1697523562.139,47.712,1800.0,2.5,10.7,normal
1697523562.641,46.738,1800.0,4.5,10.7,normal
1697523563.144,46.738,1800.0,4.0,10.7,normal
1697523563.647,47.225,1800.0,4.4,10.7,normal
1697523564.152,47.225,600.0,2.5,10.7,normal
1697523564.658,46.251,600.0,4.0,10.7,normal
1697523565.161,46.251,1800.0,24.6,10.4,normal
1697523565.664,48.199,1800.0,31.0,10.7,normal
1697523566.166,47.712,1800.0,3.5,10.7,normal
1697523566.669,47.225,1800.0,4.0,10.7,normal
1697523567.171,47.225,1800.0,3.0,10.7,normal
1697523567.674,46.251,1800.0,3.0,10.7,normal
1697523568.176,47.225,1800.0,4.0,10.7,normal
1697523568.679,47.225,1800.0,3.5,10.7,normal
1697523569.181,47.225,1800.0,3.5,10.7,normal
1697523569.684,45.764,1800.0,4.0,10.7,normal
1697523570.187,46.738,1800.0,8.4,10.7,normal
1697523570.689,47.225,1800.0,3.0,10.7,normal
1697523571.191,48.199,1800.0,16.0,10.2,normal
1697523571.694,48.686,1800.0,35.1,10.7,normal
1697523572.197,47.712,1800.0,3.0,10.7,normal
1697523572.699,47.225,1800.0,2.5,10.7,normal
1697523573.202,47.712,1800.0,3.0,10.7,normal
1697523573.704,47.225,1800.0,2.5,10.7,normal
1697523574.207,47.225,1800.0,3.0,10.7,normal
1697523574.709,47.225,1800.0,3.0,10.7,normal
1697523575.215,46.738,600.0,4.9,10.7,normal
1697523575.721,47.225,600.0,4.4,10.7,normal
1697523576.227,46.251,600.0,4.5,10.7,normal
1697523576.732,45.764,600.0,4.9,10.7,normal
1697523577.235,46.738,1800.0,12.9,10.1,normal
1697523577.739,49.173,1800.0,34.7,10.6,normal
1697523578.242,47.225,1800.0,12.4,10.7,normal
1697523578.744,46.738,1800.0,3.5,10.7,normal
1697523579.247,47.225,1800.0,3.5,10.7,normal
1697523579.749,46.738,1800.0,3.5,10.7,normal
1697523580.252,47.225,1800.0,4.5,10.7,normal
1697523580.754,46.251,1800.0,3.9,10.7,normal
1697523581.257,47.225,1800.0,2.5,10.7,normal
1697523581.759,46.738,1800.0,3.0,10.7,normal
1697523582.264,46.738,700.0,3.4,10.7,normal
1697523582.77,46.251,600.0,5.0,10.7,normal
1697523583.273,48.199,1800.0,19.2,10.3,normal
1697523583.775,48.686,1800.0,36.2,10.7,normal
1697523584.278,46.738,1800.0,4.0,10.7,normal
1697523584.781,47.225,1800.0,4.5,10.7,normal
1697523585.283,46.738,1800.0,3.5,10.7,normal
1697523585.786,47.712,1800.0,3.5,10.7,normal
1697523586.288,46.738,1800.0,3.5,10.7,normal
1697523586.791,47.225,1800.0,3.0,10.7,normal
1697523587.293,47.225,1800.0,2.5,10.7,normal
1697523587.796,46.738,1800.0,3.5,10.7,normal
1697523588.302,46.738,600.0,2.0,10.7,normal
1697523588.807,46.738,600.0,7.4,10.7,normal
1697523589.311,48.199,1800.0,24.4,10.3,normal
1697523589.814,46.738,1800.0,31.5,10.6,normal
1697523590.316,46.738,1800.0,4.0,10.6,normal
1697523590.819,47.225,1800.0,3.5,10.7,normal
1697523591.321,47.225,1800.0,4.5,10.7,normal
1697523591.824,46.738,1800.0,3.0,10.7,normal
1697523592.326,47.225,1800.0,3.5,10.7,normal
1697523592.829,47.225,1800.0,4.0,10.7,normal
1697523593.331,46.251,1800.0,4.9,10.7,normal
1697523593.834,46.251,1800.0,3.0,10.7,normal
1697523594.338,47.712,800.0,4.0,10.7,normal
1697523594.844,47.225,600.0,5.4,10.7,normal
1697523595.347,47.225,1800.0,29.5,10.4,normal
1697523595.85,47.225,1800.0,27.4,10.6,normal
1697523596.353,47.712,1800.0,3.0,10.6,normal
1697523596.855,46.738,1800.0,3.5,10.7,normal
1697523597.358,46.251,1800.0,4.0,10.7,normal
1697523597.86,46.738,1800.0,2.5,10.7,normal
1697523598.363,46.251,1800.0,4.0,10.7,normal
1697523598.866,46.738,1800.0,3.5,10.7,normal
1697523599.368,47.225,1800.0,3.0,10.7,normal
1697523599.871,46.738,1800.0,4.5,10.7,normal
1697523600.376,46.251,700.0,4.5,10.7,normal
1697523600.88,45.764,800.0,6.3,10.7,normal
1697523601.383,46.251,1800.0,22.4,10.2,normal
1697523601.886,47.712,1800.0,35.7,10.6,normal
1697523602.388,47.712,1800.0,3.0,10.6,normal
1697523602.891,47.712,1800.0,2.5,10.6,normal
1697523603.394,47.712,1800.0,3.5,10.7,normal
1697523603.896,47.225,1800.0,3.5,10.7,normal
1697523604.399,47.712,1800.0,3.5,10.7,normal
1697523604.901,48.199,1800.0,4.0,10.7,normal
1697523605.404,47.225,1800.0,2.5,10.7,normal
1697523605.906,47.712,1800.0,4.4,10.7,normal
1697523606.412,46.738,600.0,4.0,10.7,normal
1697523606.918,46.738,600.0,4.4,10.7,normal
1697523607.422,48.199,1800.0,24.9,10.4,normal
1697523607.925,47.712,1800.0,30.8,10.7,normal
1697523608.428,47.712,1800.0,4.0,10.7,normal
1697523608.93,47.712,1800.0,4.0,10.7,normal
1697523609.433,46.738,1800.0,3.0,10.7,normal
1697523609.935,47.712,1800.0,2.5,10.7,normal
1697523610.438,47.225,1800.0,4.9,10.7,normal
1697523610.94,47.225,1800.0,3.0,10.7,normal
1697523611.443,47.712,1800.0,4.0,10.7,normal
1697523611.946,47.225,1800.0,3.0,10.7,normal
1697523612.449,46.251,1000.0,5.4,10.7,normal
1697523612.955,46.251,600.0,2.5,10.7,normal
1697523613.458,47.225,1800.0,15.8,10.1,normal
1697523613.961,47.712,1800.0,35.2,10.6,normal
1697523614.464,47.712,1800.0,6.0,10.7,normal
1697523614.966,47.225,1800.0,5.0,10.7,normal
1697523615.469,47.225,1800.0,3.5,10.7,normal
1697523615.971,47.712,1800.0,3.5,10.7,normal
1697523616.474,47.712,1800.0,2.5,10.7,normal
1697523616.976,48.686,1800.0,3.9,10.7,normal
1697523617.479,47.712,1800.0,3.5,10.7,normal
1697523617.981,46.738,1800.0,3.5,10.7,normal
1697523618.486,45.764,800.0,3.5,10.7,normal
1697523618.99,46.738,1000.0,5.0,10.7,normal
1697523619.494,47.225,1800.0,8.0,10.5,normal
1697523619.997,48.686,1800.0,29.2,10.5,normal
1697523620.5,46.251,1800.0,22.1,10.7,normal
1697523621.003,48.199,1800.0,3.9,10.7,normal
1697523621.506,46.738,1800.0,3.5,10.7,normal
1697523622.008,46.738,1800.0,3.0,10.7,normal
1697523622.511,46.738,1800.0,3.9,10.7,normal
1697523623.014,47.225,1800.0,4.5,10.7,normal
1697523623.516,46.738,1800.0,4.0,10.7,normal
1697523624.019,46.251,1800.0,3.5,10.7,normal
1697523624.524,46.251,700.0,3.5,10.7,normal
1697523625.028,47.225,900.0,5.9,10.7,normal
1697523625.532,46.251,900.0,4.0,10.7,normal
1697523626.036,47.712,1800.0,26.2,10.4,normal
1697523626.538,46.738,1800.0,28.6,10.7,normal
1697523627.041,47.225,1800.0,4.5,10.7,normal
1697523627.543,47.225,1800.0,3.5,10.6,normal
1697523628.046,46.738,1800.0,4.0,10.7,normal
1697523628.549,47.225,1800.0,3.5,10.7,normal
1697523629.051,46.251,1800.0,4.0,10.6,normal
1697523629.554,45.764,1800.0,3.5,10.7,normal
1697523630.056,47.712,1800.0,4.5,10.7,normal
1697523630.559,47.225,1800.0,3.5,10.6,normal
1697523631.062,47.225,1100.0,5.9,10.7,normal
1697523631.567,47.225,800.0,5.0,10.7,normal
1697523632.07,47.225,1800.0,18.1,10.3,normal
1697523632.572,47.225,1800.0,35.4,10.6,normal
1697523633.075,47.712,1800.0,4.0,10.6,normal
1697523633.577,46.251,1800.0,3.0,10.6,normal
1697523634.08,46.738,1800.0,3.9,10.6,normal
1697523634.583,47.712,1800.0,2.5,10.6,normal
1697523635.085,46.738,1800.0,4.5,10.6,normal
1697523635.588,47.712,1800.0,3.5,10.7,normal
1697523636.09,46.251,1800.0,3.5,10.7,normal
1697523636.593,46.251,1800.0,3.0,10.7,normal
1697523637.097,46.251,900.0,4.5,10.7,normal
1697523637.601,46.251,800.0,4.5,10.7,normal
1697523638.104,46.738,1800.0,23.3,10.3,normal
1697523638.607,47.712,1800.0,33.0,10.7,normal
1697523639.11,47.712,1800.0,3.0,10.7,normal
1697523639.612,46.738,1800.0,3.5,10.7,normal
1697523640.115,47.712,1800.0,5.0,10.7,normal
1697523640.617,47.712,1800.0,3.5,10.7,normal
1697523641.12,47.225,1800.0,3.5,10.7,normal
1697523641.622,47.712,1800.0,4.5,10.7,normal
1697523642.125,46.738,1800.0,3.5,10.7,normal
1697523642.627,47.225,1800.0,2.5,10.7,normal
1697523643.131,47.712,1000.0,5.0,10.7,normal
1697523643.637,47.225,600.0,5.4,10.7,normal
1697523644.14,46.738,1800.0,15.4,10.0,normal
1697523644.642,49.173,1800.0,37.5,10.6,normal
1697523645.145,47.712,1800.0,7.0,10.6,normal
1697523645.647,48.686,1800.0,4.0,10.6,normal
1697523646.15,47.225,1800.0,3.0,10.6,normal
1697523646.652,47.712,1800.0,4.0,10.6,normal
1697523647.155,47.225,1800.0,3.0,10.6,normal
1697523647.658,48.199,1800.0,1.5,10.6,normal
1697523648.16,47.712,1800.0,3.0,10.6,normal
1697523648.663,47.225,1800.0,2.5,10.6,normal
1697523649.168,47.225,700.0,5.4,10.7,normal
1697523649.673,47.225,700.0,2.0,10.7,normal
1697523650.175,46.251,1800.0,17.5,10.3,normal
1697523650.678,46.738,1800.0,34.3,10.7,normal
1697523651.181,47.225,1800.0,1.0,10.7,normal
1697523651.683,48.199,1800.0,6.5,10.7,normal
1697523652.186,47.712,1800.0,4.5,10.7,normal
1697523652.688,46.738,1800.0,3.0,10.7,normal
1697523653.191,46.738,1800.0,3.5,10.7,normal
1697523653.693,46.738,1800.0,3.5,10.7,normal
1697523654.196,46.738,1800.0,3.5,10.7,normal
1697523654.698,46.738,1800.0,4.0,10.7,normal
1697523655.204,46.738,600.0,3.0,10.7,normal
1697523655.71,46.738,600.0,3.5,10.7,normal
1697523656.213,47.225,1800.0,24.0,10.4,normal
1697523656.716,47.225,1800.0,30.7,10.7,normal
1697523657.218,47.712,1800.0,3.0,10.7,normal
1697523657.721,46.738,1800.0,4.0,10.7,normal
1697523658.223,46.251,1800.0,3.5,10.7,normal
1697523658.726,47.712,1800.0,3.0,10.7,normal
1697523659.228,46.738,1800.0,3.0,10.7,normal
1697523659.731,47.225,1800.0,3.5,10.7,normal
1697523660.233,47.225,1800.0,4.5,10.7,normal
1697523660.736,46.251,1800.0,4.0,10.7,normal
1697523661.241,45.764,700.0,5.0,10.7,normal
1697523661.746,46.738,600.0,4.0,10.7,normal
1697523662.249,46.251,1800.0,17.8,10.2,normal
1697523662.752,47.712,1800.0,37.5,10.7,normal
1697523663.255,47.712,1800.0,5.4,10.7,normal
1697523663.757,47.712,1800.0,3.0,10.7,normal
1697523664.26,46.738,1800.0,3.0,10.7,normal
1697523664.763,47.712,1800.0,3.5,10.7,normal
1697523665.265,47.712,1800.0,4.5,10.7,normal
1697523665.768,46.738,1800.0,3.0,10.7,normal
1697523666.27,47.225,1800.0,5.0,10.7,normal
1697523666.773,47.225,1800.0,4.0,10.7,normal
1697523667.277,46.738,700.0,3.0,10.7,normal
1697523667.783,46.251,600.0,4.0,10.7,normal
1697523668.288,46.738,1000.0,9.4,10.5,normal
1697523668.791,47.225,1800.0,28.4,10.5,normal
1697523669.294,46.251,1800.0,23.1,10.7,normal
1697523669.796,47.225,1800.0,3.5,10.7,normal
1697523670.299,46.251,1800.0,5.4,10.7,normal
1697523670.801,47.225,1800.0,3.5,10.7,normal
1697523671.304,47.225,1800.0,3.0,10.7,normal
1697523671.806,46.251,1800.0,3.5,10.7,normal
1697523672.309,47.225,1800.0,4.0,10.7,normal
1697523672.811,47.225,1800.0,2.5,10.7,normal
1697523673.314,47.712,1800.0,4.0,10.7,normal
1697523673.819,47.225,700.0,4.0,10.7,normal
1697523674.323,46.738,800.0,5.4,10.7,normal
1697523674.827,47.225,1800.0,24.0,10.3,normal
1697523675.329,48.199,1800.0,34.0,10.7,normal
1697523675.832,47.712,1800.0,3.5,10.7,normal
1697523676.335,47.225,1800.0,4.0,10.7,normal
1697523676.837,46.738,1800.0,3.5,10.7,normal
1697523677.34,47.225,1800.0,3.9,10.7,normal
1697523677.842,47.712,1800.0,3.5,10.7,normal
1697523678.345,47.712,1800.0,3.5,10.7,normal
1697523678.847,47.225,1800.0,4.0,10.7,normal
1697523679.35,46.738,1800.0,3.5,10.7,normal
1697523679.854,46.251,800.0,3.9,10.7,normal
1697523680.36,47.225,600.0,5.4,10.7,normal
1697523680.863,47.225,1800.0,17.3,10.2,normal
1697523681.366,47.712,1800.0,36.7,10.6,normal
1697523681.868,47.712,1800.0,5.0,10.7,normal
1697523682.371,47.712,1800.0,5.0,10.7,normal
1697523682.873,46.251,1800.0,2.5,10.7,normal
1697523683.376,46.251,1800.0,1.5,10.7,normal
1697523683.878,47.712,1800.0,4.0,10.7,normal
1697523684.381,46.251,1800.0,4.0,10.7,normal
1697523684.883,47.225,1800.0,4.0,10.7,normal
1697523685.386,46.738,1800.0,4.9,10.7,normal
1697523685.89,46.738,800.0,3.5,10.7,normal
1697523686.395,47.712,800.0,4.0,10.7,normal
1697523686.9,46.738,800.0,8.5,9.5,normal
1697523687.404,47.225,1800.0,29.6,10.5,normal
1697523687.91,47.712,1800.0,22.7,10.6,normal
1697523688.412,47.225,1800.0,3.5,10.6,normal
1697523688.915,47.712,1800.0,3.5,10.7,normal
1697523689.418,47.712,1800.0,5.9,10.7,normal
1697523689.92,47.712,1800.0,4.0,10.7,normal
1697523690.423,46.738,1800.0,3.5,10.7,normal
1697523690.925,46.738,1800.0,3.0,10.7,normal
1697523691.428,46.251,1800.0,5.0,10.7,normal
1697523691.932,47.225,700.0,4.4,10.7,normal
1697523692.437,46.738,800.0,4.5,10.7,normal
1697523692.94,47.225,1800.0,12.9,10.1,normal
1697523693.443,48.686,1800.0,37.3,10.6,normal
1697523693.946,47.712,1800.0,8.4,10.7,normal
1697523694.448,47.225,1800.0,3.5,10.7,normal
1697523694.951,48.199,1800.0,4.0,10.7,normal
1697523695.454,47.225,1800.0,3.0,10.7,normal
1697523695.956,47.712,1800.0,2.0,10.7,normal
1697523696.459,46.738,1800.0,2.5,10.6,normal
1697523696.961,47.712,1800.0,2.5,10.6,normal
1697523697.464,47.712,1800.0,4.0,10.6,normal
1697523697.968,46.251,900.0,4.0,10.6,normal
1697523698.473,47.225,600.0,4.5,10.6,normal
1697523698.978,46.738,900.0,6.4,10.6,normal
1697523699.482,46.738,1800.0,27.5,10.4,normal
1697523699.984,48.199,1800.0,27.9,10.6,normal
1697523700.487,47.712,1800.0,3.0,10.6,normal
1697523700.989,48.686,1800.0,2.5,10.6,normal
1697523701.492,46.738,1800.0,4.4,10.6,normal
1697523701.994,48.199,1800.0,2.5,10.7,normal
1697523702.497,47.225,1800.0,3.5,10.7,normal
1697523702.999,47.712,1800.0,3.5,10.7,normal
1697523703.502,46.738,1800.0,4.5,10.7,normal
1697523704.004,47.225,1800.0,2.5,10.7,normal
1697523704.51,46.738,600.0,4.4,10.7,normal
1697523705.014,47.225,1125.0,10.5,9.6,normal
1697523705.517,47.225,1800.0,28.4,10.5,normal
1697523706.02,47.712,1800.0,21.0,10.6,normal
1697523706.522,46.738,1800.0,3.0,10.6,normal
1697523707.024,46.738,1800.0,3.0,10.6,normal
1697523707.527,46.738,1800.0,1.0,10.7,normal
1697523708.029,47.225,1800.0,3.5,10.7,normal
1697523708.532,45.764,1800.0,3.5,10.7,normal
1697523709.035,46.738,1800.0,5.0,10.7,normal
1697523709.537,46.738,1800.0,3.0,10.7,normal
1697523710.042,46.251,700.0,5.4,10.7,normal
1697523710.547,46.251,900.0,5.0,10.6,normal
1697523711.051,46.738,900.0,5.0,10.6,normal
1697523711.554,46.738,1800.0,26.9,10.4,normal
1697523712.057,47.712,1800.0,28.5,10.7,normal
1697523712.56,47.225,1800.0,3.0,10.7,normal
1697523713.062,46.251,1800.0,3.0,10.7,normal
1697523713.565,46.738,1800.0,3.9,10.7,normal
1697523714.067,48.199,1800.0,4.0,10.7,normal
1697523714.57,46.738,1800.0,4.0,10.7,normal
1697523715.072,46.738,1800.0,5.0,10.7,normal
1697523715.575,47.225,1800.0,3.5,10.7,normal
1697523716.078,46.251,1800.0,3.0,10.7,normal
1697523716.582,47.225,800.0,4.9,10.7,normal
1697523717.087,47.712,900.0,6.5,10.5,normal
1697523717.59,46.738,1800.0,28.7,10.5,normal
1697523718.092,46.738,1800.0,23.9,10.6,normal
1697523718.595,47.225,1800.0,5.0,10.6,normal
1697523719.098,46.251,1800.0,3.5,10.6,normal
1697523719.6,47.225,1800.0,4.5,10.6,normal
1697523720.103,47.225,1800.0,4.0,10.7,normal
1697523720.605,47.225,1800.0,4.5,10.7,normal
1697523721.108,47.225,1800.0,3.0,10.7,normal
1697523721.61,47.712,1800.0,3.5,10.7,normal
1697523722.113,47.225,1800.0,3.5,10.7,normal
1697523722.617,46.738,800.0,4.4,10.7,normal
1697523723.119,47.225,1800.0,12.6,9.8,normal
1697523723.622,48.199,1800.0,32.3,10.5,normal
1697523724.125,47.225,1800.0,14.6,10.6,normal
1697523724.628,46.251,1800.0,4.5,10.6,normal
1697523725.13,47.712,1800.0,5.0,10.6,normal
1697523725.633,47.225,1800.0,3.0,10.6,normal
1697523726.135,47.712,1800.0,4.4,10.6,normal
1697523726.638,47.225,1800.0,3.0,10.6,normal
1697523727.14,47.225,1800.0,4.5,10.6,normal
1697523727.643,47.225,1800.0,3.0,10.6,normal
1697523728.148,46.738,700.0,3.9,10.6,normal
1697523728.653,46.738,600.0,5.0,10.6,normal
1697523729.156,46.738,1800.0,17.8,10.2,normal
1697523729.659,48.199,1800.0,37.4,10.6,normal
1697523730.162,47.225,1800.0,6.9,10.6,normal
1697523730.664,47.712,1800.0,3.5,10.6,normal
1697523731.167,47.225,1800.0,3.0,10.6,normal
1697523731.669,48.199,1800.0,4.5,10.6,normal
1697523732.172,47.225,1800.0,2.5,10.6,normal
1697523732.674,46.738,1800.0,4.0,10.6,normal
1697523733.177,47.712,1800.0,1.5,10.6,normal
1697523733.679,48.199,1800.0,4.5,10.6,normal
1697523734.185,46.251,600.0,3.0,10.6,normal
1697523734.69,46.251,600.0,3.5,10.6,normal
1697523735.193,47.225,1800.0,21.8,10.2,normal
1697523735.696,48.199,1800.0,38.2,10.6,normal
1697523736.199,46.738,1800.0,4.0,10.6,normal
1697523736.701,47.225,1800.0,3.0,10.6,normal
1697523737.204,46.738,1800.0,3.5,10.6,normal
1697523737.706,46.738,1800.0,3.0,10.6,normal
1697523738.209,47.225,1800.0,2.0,10.6,normal
1697523738.711,46.738,1800.0,3.0,10.6,normal
1697523739.214,46.251,1800.0,3.0,10.6,normal
1697523739.716,46.738,1800.0,2.5,10.7,normal
1697523740.221,46.738,700.0,4.9,10.7,normal
1697523740.727,46.738,600.0,4.0,10.7,normal
1697523741.231,46.251,1200.0,11.1,9.8,normal
1697523741.735,47.225,1800.0,30.7,10.5,normal
1697523742.238,47.225,1800.0,17.8,10.6,normal
1697523742.74,46.738,1800.0,2.5,10.6,normal
1697523743.243,48.199,1800.0,4.0,10.6,normal
1697523743.746,47.225,1800.0,4.0,10.6,normal
1697523744.248,47.225,1800.0,4.5,10.6,normal
1697523744.751,47.712,1800.0,3.0,10.7,normal
1697523745.253,47.225,1800.0,4.5,10.7,normal
1697523745.756,46.251,1800.0,3.5,10.7,normal
1697523746.261,46.738,700.0,3.5,10.7,normal
1697523746.766,46.738,600.0,4.9,10.7,normal
1697523747.272,46.738,600.0,4.0,10.7,normal
1697523747.775,48.199,1800.0,27.5,10.5,normal
1697523748.278,47.225,1800.0,26.6,10.7,normal
1697523748.781,47.225,1800.0,3.5,10.7,normal
1697523749.283,47.225,1800.0,3.5,10.7,normal
1697523749.786,47.225,1800.0,4.4,10.7,normal
1697523750.288,47.225,1800.0,4.0,10.7,normal
1697523750.791,46.738,1800.0,4.0,10.7,normal
1697523751.293,47.225,1800.0,3.0,10.7,normal
1697523751.796,47.225,1800.0,3.5,10.7,normal
1697523752.298,47.225,1800.0,4.4,10.7,normal
1697523752.804,47.712,600.0,3.9,10.7,normal
1697523753.307,45.764,1800.0,7.0,10.1,normal
1697523753.811,47.712,1800.0,29.2,10.6,normal
1697523754.314,47.712,1800.0,21.9,10.7,normal
1697523754.816,47.712,1800.0,2.5,10.7,normal
1697523755.319,47.225,1800.0,4.0,10.7,normal
1697523755.821,47.712,1800.0,4.0,10.7,normal
1697523756.324,46.738,1800.0,3.5,10.7,normal
1697523756.826,46.738,1800.0,3.5,10.7,normal
1697523757.329,46.738,1800.0,3.0,10.7,normal
1697523757.831,47.225,1800.0,5.0,10.7,normal
1697523758.336,47.225,700.0,3.5,10.8,normal
1697523758.84,46.251,900.0,6.4,10.7,normal
1697523759.345,46.738,800.0,4.5,10.8,normal
1697523759.847,47.225,1800.0,27.4,10.4,normal
1697523760.35,47.225,1800.0,30.7,10.7,normal
1697523760.853,47.225,1800.0,3.5,10.7,normal
1697523761.355,47.712,1800.0,3.5,10.7,normal
1697523761.858,47.225,1800.0,4.0,10.7,normal
1697523762.36,47.225,1800.0,4.0,10.7,normal
1697523762.863,46.738,1800.0,3.5,10.7,normal
1697523763.365,46.738,1800.0,3.5,10.7,normal
1697523763.868,47.225,1800.0,4.0,10.7,normal
1697523764.37,47.225,1800.0,3.5,10.7,normal
1697523764.875,46.738,800.0,3.9,10.7,normal
1697523765.379,45.764,800.0,5.0,10.7,normal
1697523765.882,47.712,1800.0,17.0,10.3,normal
1697523766.385,47.712,1800.0,34.2,10.6,normal
1697523766.888,47.225,1800.0,3.0,10.6,normal
1697523767.39,46.738,1800.0,1.0,10.6,normal
1697523767.893,47.712,1800.0,1.0,10.6,normal
1697523768.395,47.225,1800.0,3.5,10.7,normal
1697523768.898,46.251,1800.0,4.0,10.7,normal
1697523769.4,46.738,1800.0,2.0,10.7,normal
1697523769.903,47.712,1800.0,3.0,10.7,normal
1697523770.406,46.738,1800.0,1.0,10.7,normal
1697523770.91,46.251,800.0,2.0,10.7,normal
1697523771.413,46.738,1800.0,8.5,10.7,normal
1697523771.915,46.738,1800.0,10.9,10.1,normal
1697523772.419,48.199,1800.0,39.3,10.6,normal
1697523772.922,47.225,1800.0,7.0,10.7,normal
1697523773.424,47.712,1800.0,4.0,10.7,normal
1697523773.927,46.738,1800.0,2.5,10.7,normal
1697523774.43,48.199,1800.0,6.4,10.7,normal
1697523774.932,46.738,1800.0,3.5,10.7,normal
1697523775.435,46.738,1800.0,3.9,10.7,normal
1697523775.939,47.225,1800.0,3.0,10.7,normal
1697523776.443,47.225,1200.0,6.4,10.7,normal
1697523776.947,47.225,900.0,4.0,10.7,normal
1697523777.451,47.712,800.0,5.4,10.7,normal
1697523777.956,46.738,800.0,5.9,10.7,normal
1697523778.46,48.199,1800.0,27.4,10.5,normal
1697523778.962,47.712,1800.0,23.6,10.7,normal
1697523779.465,46.738,1800.0,2.5,10.7,normal
1697523779.967,46.738,1800.0,3.5,10.7,normal
1697523780.47,46.738,1800.0,3.0,10.7,normal
1697523780.973,46.738,1800.0,3.0,10.7,normal
1697523781.475,47.712,1800.0,4.5,10.7,normal
1697523781.978,46.738,1800.0,4.4,10.7,normal
1697523782.48,46.251,1800.0,3.5,10.7,normal
1697523782.983,45.764,1800.0,3.0,10.7,normal
1697523783.487,47.225,900.0,4.5,10.8,normal
1697523783.99,47.225,1800.0,11.0,9.7,normal
1697523784.493,46.738,1800.0,29.2,10.7,normal
1697523784.995,46.738,1800.0,20.2,10.7,normal
1697523785.498,47.225,1800.0,3.0,10.7,normal
1697523786.0,47.712,1800.0,3.0,10.7,normal
1697523786.503,46.738,1800.0,3.5,10.7,normal
1697523787.005,46.738,1800.0,3.0,10.7,normal
1697523787.508,48.199,1800.0,3.0,10.7,normal
1697523788.011,47.225,1800.0,3.0,10.6,normal
1697523788.514,46.251,1800.0,4.0,10.7,normal
1697523789.019,46.738,800.0,3.9,10.6,normal
1697523789.523,46.738,800.0,4.5,10.6,normal
1697523790.027,45.764,1000.0,6.0,10.7,normal
1697523790.531,47.712,1800.0,27.2,10.4,normal
1697523791.034,47.225,1800.0,28.9,10.6,normal
1697523791.537,47.225,1800.0,2.5,10.7,normal
1697523792.039,47.225,1800.0,3.5,10.7,normal
1697523792.542,47.225,1800.0,3.0,10.7,normal
1697523793.044,46.251,1800.0,4.0,10.7,normal
1697523793.547,47.712,1800.0,4.0,10.7,normal
1697523794.049,46.738,1800.0,3.5,10.7,normal
1697523794.552,46.738,1800.0,3.0,10.7,normal
1697523795.06,46.738,1800.0,3.5,10.7,normal
1697523795.563,47.225,1000.0,5.4,10.7,normal
1697523796.068,46.738,900.0,4.0,10.7,normal
1697523796.571,47.225,1800.0,20.4,10.2,normal
1697523797.074,47.225,1800.0,34.5,10.6,normal
1697523797.576,47.225,1800.0,3.5,10.6,normal
1697523798.079,46.738,1800.0,3.0,10.6,normal
1697523798.581,46.738,1800.0,3.0,10.7,normal
1697523799.084,47.225,1800.0,3.5,10.7,normal
1697523799.586,46.251,1800.0,4.0,10.7,normal
1697523800.089,46.251,1800.0,4.5,10.7,normal
1697523800.591,47.712,1800.0,3.0,10.7,normal
1697523801.094,46.738,1800.0,3.5,10.7,normal
1697523801.598,46.251,800.0,4.5,10.7,normal
1697523802.103,46.251,900.0,4.5,10.7,normal
1697523802.606,46.738,1800.0,24.9,10.3,normal
1697523803.109,47.225,1800.0,30.5,10.6,normal
1697523803.611,47.225,1800.0,4.5,10.6,normal
1697523804.114,47.225,1800.0,4.0,10.6,normal
1697523804.616,46.251,1800.0,3.0,10.6,normal
1697523805.124,47.225,1800.0,3.9,10.6,normal
1697523805.627,46.738,1800.0,4.0,10.6,normal
1697523806.129,47.225,1800.0,3.5,10.7,normal
1697523806.632,46.738,1800.0,3.0,10.6,normal
1697523807.134,47.225,1800.0,4.0,10.6,normal
1697523807.64,46.738,600.0,5.0,10.7,normal
1697523808.145,47.225,600.0,4.4,10.6,normal
1697523808.648,46.738,1800.0,27.9,10.4,normal
1697523809.151,47.712,1800.0,25.9,10.6,normal
1697523809.654,47.225,1800.0,4.0,10.6,normal
1697523810.156,47.712,1800.0,4.5,10.6,normal
1697523810.659,47.225,1800.0,3.5,10.6,normal
1697523811.161,47.225,1800.0,3.5,10.6,normal
1697523811.664,47.712,1800.0,3.0,10.7,normal
1697523812.166,46.738,1800.0,3.0,10.7,normal
1697523812.669,47.225,1800.0,2.5,10.7,normal
1697523813.171,46.738,1800.0,3.0,10.7,normal
1697523813.677,46.738,600.0,5.4,10.7,normal
1697523814.182,46.738,700.0,4.5,10.7,normal
1697523814.685,47.712,1800.0,22.0,10.4,normal
1697523815.193,48.199,1800.0,33.7,10.7,normal
1697523815.695,47.225,1800.0,5.0,10.7,normal
1697523816.198,46.251,1800.0,4.0,10.7,normal
1697523816.7,46.738,1800.0,3.0,10.7,normal
1697523817.203,48.199,1800.0,3.5,10.7,normal
1697523817.705,46.738,1800.0,4.5,10.7,normal
1697523818.208,45.764,1800.0,3.0,10.7,normal
1697523818.71,46.738,1800.0,3.0,10.7,normal
1697523819.213,46.738,1800.0,4.0,10.7,normal
1697523819.718,45.764,600.0,3.5,10.7,normal
1697523820.229,46.738,600.0,3.9,10.7,normal
1697523820.732,46.251,1800.0,17.4,10.2,normal
1697523821.235,48.686,1800.0,35.7,10.6,normal
1697523821.738,47.712,1800.0,6.5,10.7,normal
1697523822.24,46.738,1800.0,2.5,10.7,normal
1697523822.743,47.712,1800.0,2.5,10.7,normal
1697523823.245,46.738,1800.0,3.0,10.7,normal
1697523823.748,46.738,1800.0,3.9,10.7,normal
1697523824.251,46.251,1800.0,3.5,10.7,normal
1697523824.753,47.712,1800.0,3.0,10.7,normal
1697523825.256,46.738,1800.0,4.0,10.7,normal
1697523825.76,46.738,700.0,3.9,10.7,normal
1697523826.265,46.738,800.0,4.5,10.7,normal
1697523826.77,47.225,700.0,6.9,10.6,normal
1697523827.273,47.712,1800.0,28.0,10.5,normal
1697523827.776,48.199,1800.0,21.7,10.7,normal
1697523828.278,46.738,1800.0,2.5,10.7,normal
1697523828.781,47.225,1800.0,1.0,10.7,normal
1697523829.284,46.251,1800.0,5.0,10.7,normal
1697523829.786,47.712,1800.0,3.5,10.6,normal
1697523830.289,46.738,1800.0,2.5,10.7,normal
1697523830.791,46.251,1800.0,2.0,10.7,normal
1697523831.294,46.738,1800.0,5.0,10.7,normal
1697523831.796,46.251,1800.0,4.0,10.7,normal
1697523832.302,47.712,600.0,5.9,10.7,normal
1697523832.808,46.251,600.0,3.5,10.7,normal
1697523833.311,46.738,1800.0,26.7,10.4,normal
1697523833.814,46.738,1800.0,29.5,10.7,normal
1697523834.316,47.712,1800.0,3.5,10.7,normal
1697523834.819,47.225,1800.0,3.5,10.7,normal
1697523835.321,46.738,1800.0,4.5,10.7,normal
1697523835.824,46.251,1800.0,4.0,10.6,normal
1697523836.327,46.738,1800.0,3.5,10.7,normal
1697523836.829,46.738,1800.0,3.0,10.6,normal
1697523837.332,46.738,1800.0,3.0,10.6,normal
1697523837.834,47.225,1800.0,2.5,10.7,normal
1697523838.34,46.738,600.0,4.5,10.6,normal
1697523838.846,45.764,600.0,5.0,10.6,normal
1697523839.349,46.251,1800.0,18.9,10.2,normal
1697523839.851,47.712,1800.0,36.0,10.6,normal
1697523840.354,47.225,1800.0,4.5,10.6,normal
1697523840.856,47.225,1800.0,3.5,10.7,normal
1697523841.359,47.225,1800.0,3.5,10.7,normal
1697523841.861,47.712,1800.0,3.0,10.7,normal
1697523842.364,45.764,1800.0,4.0,10.7,normal
1697523842.867,46.251,1800.0,3.0,10.7,normal
1697523843.369,46.738,1800.0,2.5,10.7,normal
1697523843.872,47.225,1800.0,3.5,10.7,normal
1697523844.376,46.738,800.0,5.0,10.7,normal
1697523844.881,46.738,700.0,4.5,10.7,normal
1697523845.384,45.764,1800.0,12.1,10.2,normal
1697523845.888,48.199,1800.0,34.8,10.7,normal
1697523846.39,48.199,1800.0,11.9,10.7,normal
1697523846.893,46.738,1800.0,2.5,10.7,normal
1697523847.395,46.738,1800.0,3.0,10.7,normal
1697523847.898,46.251,1800.0,3.0,10.7,normal
1697523848.401,46.738,1800.0,4.5,10.7,normal
1697523848.903,46.738,1800.0,5.0,10.7,normal
1697523849.406,46.738,1800.0,3.0,10.7,normal
1697523849.909,47.225,1800.0,5.0,10.7,normal
1697523850.415,47.225,600.0,5.4,10.7,normal
1697523850.92,46.251,800.0,5.4,10.7,normal
1697523851.423,47.225,1800.0,17.3,10.3,normal
1697523851.928,48.199,1800.0,36.8,10.6,normal
1697523852.431,47.712,1800.0,5.0,10.7,normal
1697523852.933,47.225,1800.0,3.0,10.7,normal
1697523853.436,47.225,1800.0,2.0,10.7,normal
1697523853.938,47.712,1800.0,5.4,10.7,normal
1697523854.441,47.712,1800.0,3.5,10.7,normal
1697523854.943,46.738,1800.0,4.0,10.7,normal
1697523855.446,47.225,1800.0,3.0,10.7,normal
1697523855.948,47.225,1800.0,4.0,10.7,normal
1697523856.452,47.712,1000.0,5.0,10.7,normal
1697523856.956,47.225,900.0,4.4,10.7,normal
1697523857.46,47.712,1800.0,9.5,9.7,normal
1697523857.964,49.173,1800.0,31.0,10.6,normal
1697523858.467,47.712,1800.0,19.4,10.7,normal
1697523858.969,47.225,1800.0,3.5,10.7,normal
1697523859.472,48.199,1800.0,3.0,10.7,normal
1697523859.974,48.199,1800.0,5.0,10.7,normal
1697523860.477,47.712,1800.0,4.0,10.7,normal
1697523860.979,46.738,1800.0,3.0,10.7,normal
1697523861.482,47.712,1800.0,3.0,10.7,normal
1697523861.985,47.712,1800.0,4.0,10.7,normal
1697523862.49,47.712,700.0,3.9,10.7,normal
1697523862.993,46.738,1000.0,2.5,10.7,normal
1697523863.499,45.764,600.0,4.4,10.7,normal
1697523864.002,47.225,1800.0,29.4,10.4,normal
1697523864.505,47.225,1800.0,24.2,10.6,normal
1697523865.008,48.199,1800.0,4.0,10.7,normal
1697523865.51,46.251,1800.0,3.0,10.7,normal
1697523866.013,46.251,1800.0,3.5,10.7,normal
1697523866.515,47.225,1800.0,2.5,10.7,normal
1697523867.018,48.199,1800.0,3.5,10.7,normal
1697523867.52,48.686,1800.0,4.0,10.7,normal
1697523868.023,46.738,1800.0,4.5,10.7,normal
1697523868.526,47.225,1800.0,3.0,10.7,normal
1697523869.03,47.225,900.0,6.9,10.7,normal
1697523869.533,46.251,1200.0,9.5,9.6,normal
1697523870.037,47.225,1800.0,29.6,10.5,normal
1697523870.54,48.199,1800.0,20.5,10.6,normal
1697523871.042,47.712,1800.0,3.0,10.6,normal
1697523871.545,46.251,1800.0,3.0,10.6,normal
1697523872.047,47.225,1800.0,4.5,10.6,normal
1697523872.55,47.225,1800.0,3.5,10.7,normal
1697523873.052,47.712,1800.0,3.9,10.7,normal
1697523873.555,47.225,1800.0,2.5,10.7,normal
1697523874.057,46.251,1800.0,4.0,10.7,normal
1697523874.56,46.251,1800.0,3.0,10.7,normal
1697523875.064,46.738,800.0,5.0,10.7,normal
1697523875.569,47.225,800.0,3.5,10.7,normal
1697523876.073,47.225,1800.0,26.4,10.5,normal
1697523876.575,46.738,1800.0,28.4,10.7,normal
1697523877.078,46.738,1800.0,3.0,10.7,normal
1697523877.581,46.738,1800.0,3.0,10.7,normal
1697523878.083,47.225,1800.0,3.5,10.7,normal
1697523878.586,47.712,1800.0,4.0,10.7,normal
1697523879.089,47.712,1800.0,3.5,10.7,normal
1697523879.591,46.738,1800.0,3.0,10.7,normal
1697523880.094,47.225,1800.0,4.5,10.7,normal
1697523880.597,46.738,1800.0,4.0,10.7,normal
1697523881.101,46.738,800.0,4.5,10.7,normal
1697523881.606,46.251,700.0,5.4,10.7,normal
1697523882.109,47.225,1800.0,20.8,10.4,normal
1697523882.611,47.712,1800.0,33.7,10.7,normal
1697523883.114,46.738,1800.0,3.5,10.7,normal
1697523883.616,48.686,1800.0,3.5,10.7,normal
1697523884.119,46.251,1800.0,3.5,10.7,normal
1697523884.621,46.251,1800.0,2.5,10.7,normal
1697523885.124,46.251,1800.0,5.0,10.7,normal
1697523885.627,47.225,1800.0,4.5,10.7,normal
1697523886.129,48.686,1800.0,2.0,10.7,normal
1697523886.632,46.738,1800.0,3.5,10.7,normal
1697523887.136,46.251,900.0,4.0,10.7,normal
1697523887.641,46.251,600.0,3.0,10.7,normal
1697523888.145,47.712,1800.0,25.4,10.4,normal
1697523888.647,47.225,1800.0,28.0,10.6,normal
1697523889.15,46.738,1800.0,4.0,10.6,normal
1697523889.653,46.738,1800.0,4.5,10.6,normal
1697523890.155,46.738,1800.0,3.5,10.7,normal
1697523890.658,47.225,1800.0,3.9,10.7,normal
1697523891.165,46.251,1800.0,3.0,10.7,normal
1697523891.668,46.738,1800.0,3.5,10.7,normal
1697523892.17,46.251,1800.0,3.9,10.7,normal
1697523892.673,47.225,1800.0,3.5,10.7,normal
1697523893.178,46.251,600.0,4.0,10.7,normal
1697523893.684,46.738,600.0,5.9,10.7,normal
1697523894.187,45.277,1800.0,20.0,10.3,normal
1697523894.69,46.738,1800.0,35.5,10.7,normal
1697523895.192,48.199,1800.0,2.0,10.7,normal
1697523895.695,47.712,1800.0,4.9,10.7,normal
1697523896.201,46.738,1800.0,3.5,10.7,normal
1697523896.703,46.738,1800.0,3.0,10.7,normal
1697523897.205,47.225,1800.0,3.5,10.7,normal
1697523897.708,46.251,1800.0,4.0,10.7,normal
1697523898.211,46.738,1800.0,3.0,10.7,normal
1697523898.713,47.225,1800.0,3.9,10.7,normal
1697523899.219,46.251,600.0,3.5,10.7,normal
1697523899.724,46.251,600.0,4.5,10.7,normal
1697523900.228,46.738,1800.0,25.4,10.4,normal
1697523900.73,47.225,1800.0,31.3,10.7,normal
1697523901.237,47.712,1800.0,4.9,10.7,normal
1697523901.74,47.225,1800.0,3.0,10.7,normal
1697523902.242,47.225,1800.0,4.5,10.7,normal
1697523902.745,47.712,1800.0,3.0,10.7,normal
1697523903.247,46.251,1800.0,4.0,10.7,normal
1697523903.75,45.764,1800.0,4.5,10.7,normal
1697523904.252,46.251,1800.0,4.0,10.7,normal
1697523904.755,47.225,1800.0,2.0,10.7,normal
1697523905.261,46.738,600.0,3.0,10.7,normal
1697523905.766,46.251,600.0,5.0,10.7,normal
1697523906.27,47.712,1800.0,27.9,10.5,normal
1697523906.773,47.712,1800.0,27.3,10.6,normal
1697523907.276,47.712,1800.0,2.5,10.6,normal
1697523907.778,47.225,1800.0,3.9,10.6,normal
1697523908.281,46.738,1800.0,3.0,10.7,normal
1697523908.783,47.225,1800.0,3.5,10.7,normal
1697523909.286,47.712,1800.0,3.5,10.7,normal
1697523909.788,46.738,1800.0,3.5,10.7,normal
1697523910.291,46.738,1800.0,3.9,10.7,normal
1697523910.794,47.225,1800.0,4.0,10.7,normal
1697523911.299,47.225,600.0,4.4,10.7,normal
1697523911.805,46.738,600.0,5.4,10.7,normal
1697523912.307,46.738,1800.0,20.9,10.3,normal
1697523912.81,48.199,1800.0,36.7,10.7,normal
1697523913.313,46.738,1800.0,3.5,10.7,normal
1697523913.815,45.764,1800.0,3.5,10.7,normal
1697523914.318,46.251,1800.0,4.0,10.7,normal
1697523914.82,46.738,1800.0,4.0,10.7,normal
1697523915.323,47.225,1800.0,3.5,10.7,normal
1697523915.825,46.738,1800.0,3.5,10.7,normal
1697523916.328,46.738,1800.0,3.0,10.7,normal
1697523916.831,46.738,1800.0,4.0,10.7,normal
1697523917.335,46.738,700.0,3.0,10.7,normal
1697523917.841,46.738,600.0,4.5,10.7,normal
1697523918.344,47.712,1800.0,25.2,10.4,normal
1697523918.847,46.738,1800.0,31.3,10.7,normal
1697523919.35,47.225,1800.0,4.0,10.7,normal
1697523919.852,47.712,1800.0,3.5,10.7,normal
1697523920.355,46.738,1800.0,4.5,10.7,normal
1697523920.857,46.251,1800.0,3.5,10.7,normal
1697523921.36,47.225,1800.0,4.0,10.7,normal
1697523921.862,47.712,1800.0,4.0,10.7,normal
1697523922.365,47.225,1800.0,3.0,10.7,normal
1697523922.867,46.251,1800.0,3.0,10.7,normal
1697523923.373,46.738,600.0,4.5,10.7,normal
1697523923.878,46.251,600.0,4.9,10.7,normal
1697523924.381,46.738,1800.0,27.9,10.4,normal
1697523924.884,47.712,1800.0,27.8,10.6,normal
1697523925.386,47.712,1800.0,4.0,10.6,normal
1697523925.889,46.738,1800.0,3.5,10.6,normal
1697523926.391,47.712,1800.0,3.0,10.6,normal
1697523926.894,47.225,1800.0,4.0,10.6,normal
1697523927.397,46.738,1800.0,3.0,10.6,normal
1697523927.9,46.251,1800.0,5.4,10.6,normal
1697523928.402,47.225,1800.0,3.5,10.6,normal
1697523928.905,46.738,1800.0,2.0,10.6,normal
1697523929.41,46.738,700.0,2.0,10.6,normal
1697523929.914,45.764,800.0,6.9,10.6,normal
1697523930.418,47.225,1800.0,20.5,10.3,normal
1697523930.92,47.225,1800.0,36.3,10.7,normal
1697523931.423,47.712,1800.0,4.0,10.7,normal
1697523931.926,47.712,1800.0,2.5,10.7,normal
1697523932.429,47.712,1800.0,5.0,10.7,normal
1697523932.931,46.738,1800.0,2.5,10.7,normal
1697523933.434,47.225,1800.0,3.5,10.7,normal
1697523933.936,47.225,1800.0,2.5,10.7,normal
1697523934.439,47.712,1800.0,4.5,10.7,normal
1697523934.942,47.225,1800.0,3.5,10.7,normal
1697523935.447,46.251,600.0,4.4,10.7,normal
1697523935.952,47.225,700.0,5.9,10.7,normal
1697523936.455,46.738,1800.0,13.0,10.1,normal
1697523936.959,48.199,1800.0,36.5,10.6,normal
1697523937.462,47.225,1800.0,9.9,10.7,normal
1697523937.964,46.738,1800.0,4.0,10.7,normal
1697523938.467,46.738,1800.0,3.0,10.7,normal
1697523938.969,48.199,1800.0,2.5,10.7,normal
1697523939.471,46.251,1800.0,5.0,10.7,normal
1697523939.974,46.738,1800.0,4.5,10.7,normal
1697523940.476,47.712,1800.0,3.0,10.7,normal
1697523940.979,46.738,1800.0,3.5,10.7,normal
1697523941.482,46.738,1100.0,5.0,10.7,normal
1697523941.987,47.225,800.0,5.0,10.7,normal
1697523942.491,47.712,1000.0,5.5,10.6,normal
1697523942.994,47.712,1800.0,28.4,10.6,normal
1697523943.497,48.686,1800.0,23.5,10.7,normal
1697523943.999,48.199,1800.0,4.4,10.7,normal
1697523944.502,47.712,1800.0,3.5,10.7,normal
1697523945.004,46.251,1800.0,3.0,10.7,normal
1697523945.507,47.225,1800.0,2.0,10.7,normal
1697523946.009,47.225,1800.0,1.0,10.7,normal
1697523946.512,46.251,1800.0,4.0,10.7,normal
1697523947.015,47.225,1800.0,3.5,10.7,normal
1697523947.517,46.251,1800.0,3.0,10.7,normal
1697523948.022,46.251,600.0,3.0,10.7,normal
1697523948.526,47.225,1800.0,9.4,10.1,normal
1697523949.03,47.712,1800.0,33.3,10.6,normal
1697523949.533,47.225,1800.0,15.8,10.7,normal
1697523950.035,47.712,1800.0,3.5,10.7,normal
1697523950.538,46.738,1800.0,4.0,10.7,normal
1697523951.04,47.225,1800.0,3.0,10.7,normal
1697523951.543,47.225,1800.0,2.0,10.7,normal
1697523952.046,46.738,1800.0,4.0,10.7,normal
1697523952.548,46.738,1800.0,3.0,10.7,normal
1697523953.051,47.225,1800.0,4.5,10.7,normal
1697523953.555,46.738,900.0,3.5,10.7,normal
1697523954.059,46.251,900.0,5.9,10.7,normal
1697523954.562,47.712,1800.0,15.1,10.2,normal
1697523955.065,48.686,1800.0,37.8,10.6,normal
1697523955.567,46.738,1800.0,6.0,10.7,normal
1697523956.07,47.225,1800.0,3.5,10.7,normal
1697523956.572,47.712,1800.0,3.0,10.7,normal
1697523957.075,47.225,1800.0,4.0,10.7,normal
1697523957.578,47.712,1800.0,3.0,10.7,normal
1697523958.08,47.712,1800.0,3.5,10.7,normal
1697523958.583,48.686,1800.0,4.0,10.7,normal
1697523959.085,47.712,1800.0,4.0,10.7,normal
1697523959.59,47.712,700.0,4.9,10.7,normal
1697523960.095,46.738,900.0,4.9,10.7,normal
1697523960.6,45.764,800.0,7.0,10.6,normal
1697523961.103,47.712,1800.0,29.0,10.6,normal
1697523961.606,47.712,1800.0,24.0,10.7,normal
1697523962.108,47.225,1800.0,3.0,10.7,normal
1697523962.611,47.712,1800.0,3.5,10.7,normal
1697523963.113,46.738,1800.0,1.5,10.7,normal
1697523963.616,47.712,1800.0,5.9,10.7,normal
1697523964.119,47.712,1800.0,2.5,10.7,normal
1697523964.622,46.251,1800.0,3.5,10.7,normal
1697523965.125,46.738,1800.0,3.0,10.7,normal
1697523965.628,47.225,1800.0,4.0,10.7,normal
1697523966.133,45.764,700.0,4.5,10.7,normal
1697523966.637,46.738,1800.0,10.9,9.7,normal
1697523967.144,47.225,1800.0,29.9,10.6,normal
1697523967.647,47.225,1800.0,19.1,10.7,normal
1697523968.149,47.712,1800.0,3.0,10.7,normal
1697523968.652,47.225,1800.0,4.0,10.7,normal
1697523969.154,47.225,1800.0,3.5,10.7,normal
1697523969.657,47.225,1800.0,3.0,10.7,normal
1697523970.159,47.225,1800.0,5.0,10.7,normal
1697523970.662,47.225,1800.0,3.0,10.7,normal
1697523971.164,47.712,1800.0,3.5,10.7,normal
1697523971.669,47.225,700.0,4.4,10.7,normal
1697523972.175,46.251,600.0,5.0,10.7,normal
1697523972.68,45.277,700.0,5.0,10.7,normal
1697523973.183,47.225,1800.0,27.7,10.4,normal
1697523973.686,47.225,1800.0,24.7,10.7,normal
1697523974.188,46.251,1800.0,1.5,10.7,normal
1697523974.691,47.225,1800.0,1.5,10.7,normal
1697523975.194,46.738,1800.0,5.0,10.7,normal
1697523975.696,46.251,1800.0,3.0,10.7,normal
1697523976.199,47.712,1800.0,3.5,10.7,normal
1697523976.701,46.738,1800.0,3.5,10.7,normal
1697523977.204,46.738,1800.0,2.5,10.7,normal
1697523977.706,47.225,1800.0,3.5,10.7,normal
1697523978.212,46.738,600.0,3.9,10.7,normal
1697523978.718,47.225,600.0,5.9,10.7,normal
1697523979.221,47.225,1800.0,22.0,10.3,normal
1697523979.724,48.199,1800.0,31.0,10.6,normal
1697523980.226,45.764,1800.0,3.0,10.6,normal
1697523980.729,47.712,1800.0,4.0,10.6,normal
1697523981.232,46.738,1800.0,2.5,10.6,normal
1697523981.734,46.251,1800.0,3.5,10.6,normal
1697523982.237,47.225,1800.0,2.5,10.6,normal
1697523982.739,47.225,1800.0,3.0,10.7,normal
1697523983.242,47.225,1800.0,4.0,10.7,normal
1697523983.744,46.251,1800.0,3.0,10.7,normal
1697523984.25,45.764,600.0,3.9,10.7,normal
1697523984.756,46.251,600.0,4.5,10.7,normal
1697523985.26,47.712,1800.0,29.4,10.4,normal
1697523985.763,47.712,1800.0,28.1,10.7,normal
1697523986.266,46.738,1800.0,4.0,10.7,normal
1697523986.768,47.712,1800.0,2.5,10.7,normal
1697523987.271,46.738,1800.0,4.0,10.7,normal
1697523987.773,47.712,1800.0,2.0,10.7,normal
1697523988.276,46.251,1800.0,2.5,10.7,normal
1697523988.779,47.225,1800.0,2.5,10.7,normal
1697523989.281,45.764,1800.0,1.5,10.7,normal
1697523989.784,47.712,1800.0,3.0,10.7,normal
1697523990.288,45.764,700.0,4.0,10.7,normal
1697523990.796,47.225,600.0,6.4,10.6,normal
1697523991.299,47.712,1800.0,28.9,10.5,normal
1697523991.801,46.738,1800.0,23.5,10.6,normal
1697523992.304,47.712,1800.0,3.5,10.6,normal
1697523992.806,47.225,1800.0,4.0,10.6,normal
1697523993.309,46.738,1800.0,4.0,10.7,normal
1697523993.811,47.225,1800.0,4.5,10.7,normal
1697523994.314,46.738,1800.0,3.0,10.7,normal
1697523994.816,46.251,1800.0,3.9,10.7,normal
1697523995.319,46.738,1800.0,3.0,10.7,normal
1697523995.821,47.225,1800.0,4.0,10.7,normal
1697523996.327,46.251,600.0,3.9,10.7,normal
1697523996.832,46.738,600.0,4.0,10.7,normal
1697523997.336,46.251,1800.0,23.5,10.3,normal
1697523997.839,47.225,1800.0,32.2,10.6,normal
1697523998.342,47.225,1800.0,3.5,10.6,normal
1697523998.844,47.225,1800.0,2.5,10.6,normal
1697523999.347,47.225,1800.0,4.0,10.6,normal
1697523999.849,47.225,1800.0,3.5,10.7,normal
1697524000.352,47.712,1800.0,4.0,10.7,normal
1697524000.854,46.738,1800.0,3.0,10.7,normal
1697524001.357,46.738,1800.0,3.5,10.7,normal
1697524001.859,47.225,1800.0,4.0,10.7,normal
1697524002.365,46.251,600.0,5.0,10.7,normal
1697524002.87,48.199,600.0,5.0,10.6,normal
1697524003.374,46.738,1800.0,29.6,10.4,normal
1697524003.876,47.712,1800.0,24.6,10.6,normal
1697524004.379,46.738,1800.0,1.5,10.6,normal
1697524004.882,45.764,1800.0,4.9,10.6,normal
1697524005.384,46.738,1800.0,3.5,10.7,normal
1697524005.887,46.738,1800.0,4.0,10.7,normal
1697524006.389,47.225,1800.0,2.5,10.7,normal
1697524006.892,46.738,1800.0,1.5,10.7,normal
1697524007.394,46.251,1800.0,3.5,10.7,normal
1697524007.897,46.738,1800.0,2.5,10.7,normal
1697524008.402,46.251,600.0,3.0,10.7,normal
1697524008.907,46.738,800.0,3.5,10.7,normal
1697524009.411,47.225,1800.0,24.8,10.3,normal
1697524009.913,47.712,1800.0,32.7,10.6,normal
1697524010.416,47.225,1800.0,4.5,10.6,normal
1697524010.919,48.199,1800.0,3.0,10.6,normal
1697524011.421,48.686,1800.0,5.5,10.7,normal
1697524011.924,47.225,1800.0,4.0,10.7,normal
1697524012.426,46.738,1800.0,4.0,10.7,normal
1697524012.929,47.712,1800.0,3.5,10.7,normal
1697524013.431,47.225,1800.0,13.6,10.7,normal
1697524013.934,47.712,1800.0,3.5,10.7,normal
1697524014.439,47.225,600.0,4.0,10.7,normal
1697524014.944,46.738,800.0,4.9,10.7,normal
1697524015.447,47.712,1800.0,16.3,10.1,normal
1697524015.951,48.686,1800.0,36.7,10.6,normal
1697524016.454,48.199,1800.0,8.4,10.7,normal
1697524016.957,46.738,1800.0,4.0,10.7,normal
1697524017.459,47.225,1800.0,3.5,10.7,normal
1697524017.962,46.738,1800.0,3.0,10.7,normal
1697524018.464,47.712,1800.0,3.0,10.7,normal
1697524018.967,46.738,1800.0,2.0,10.7,normal
1697524019.469,46.251,1800.0,1.0,10.7,normal
1697524019.972,46.251,1800.0,5.0,10.7,normal
1697524020.476,47.225,900.0,3.5,10.7,normal
1697524020.981,46.738,800.0,5.0,10.7,normal
1697524021.487,46.738,900.0,8.9,10.5,normal
1697524021.99,47.712,1800.0,28.9,10.6,normal
1697524022.492,47.712,1800.0,21.6,10.7,normal
1697524022.995,47.225,1800.0,3.4,10.7,normal
1697524023.497,46.738,1800.0,4.0,10.7,normal
1697524024.0,46.738,1800.0,3.5,10.7,normal
1697524024.503,47.225,1800.0,3.0,10.7,normal
1697524025.005,47.225,1800.0,4.0,10.7,normal
1697524025.508,47.225,1800.0,4.0,10.7,normal
1697524026.01,46.251,1800.0,3.0,10.7,normal
1697524026.514,47.225,1525.0,4.4,10.7,normal
1697524027.018,46.738,1100.0,4.5,10.7,normal
1697524027.522,46.251,1000.0,4.9,10.7,normal
1697524028.025,47.712,1800.0,23.6,10.4,normal
1697524028.528,47.225,1800.0,30.5,10.7,normal
1697524029.03,46.738,1800.0,2.5,10.7,normal
1697524029.533,46.251,1800.0,4.0,10.7,normal
1697524030.035,46.738,1800.0,3.0,10.7,normal
1697524030.538,46.251,1800.0,2.0,10.7,normal
1697524031.041,47.225,1800.0,3.0,10.7,normal
1697524031.543,46.251,1800.0,3.5,10.7,normal
1697524032.046,46.251,1800.0,3.0,10.7,normal
1697524032.548,46.251,1800.0,2.5,10.7,normal
1697524033.053,47.225,800.0,4.5,10.7,normal
1697524033.557,45.764,900.0,4.0,10.6,normal
1697524034.06,46.251,1800.0,26.0,10.5,normal
1697524034.563,45.764,1800.0,23.1,10.7,normal
1697524035.066,46.738,1800.0,5.5,10.7,normal
1697524035.568,47.712,1800.0,3.5,10.7,normal
1697524036.071,46.738,1800.0,4.5,10.7,normal
1697524036.573,46.251,1800.0,2.5,10.7,normal
1697524037.076,46.251,1800.0,4.0,10.7,normal
1697524037.578,46.738,1800.0,3.0,10.7,normal
1697524038.081,46.251,1800.0,4.0,10.7,normal
1697524038.583,45.764,1800.0,3.0,10.7,normal
1697524039.088,46.738,900.0,4.9,10.7,normal
1697524039.591,47.225,1800.0,10.4,9.9,normal
1697524040.097,48.199,1800.0,33.7,10.6,normal
1697524040.6,47.225,1800.0,14.4,10.7,normal
1697524041.103,48.199,1800.0,4.5,10.7,normal
1697524041.605,47.225,1800.0,3.0,10.7,normal
1697524042.108,46.738,1800.0,3.5,10.7,normal
1697524042.61,47.225,1800.0,4.5,10.7,normal
1697524043.113,47.225,1800.0,3.5,10.7,normal
1697524043.615,47.712,1800.0,4.0,10.7,normal
1697524044.118,47.712,1800.0,3.5,10.7,normal
1697524044.623,46.251,700.0,3.9,10.7,normal
1697524045.128,46.251,600.0,6.4,10.7,normal
1697524045.634,46.738,600.0,4.0,10.7,normal
1697524046.138,47.712,1800.0,27.4,10.6,normal
1697524046.641,47.712,1800.0,27.3,10.7,normal
1697524047.144,47.225,1800.0,3.0,10.7,normal
1697524047.646,47.712,1800.0,3.0,10.7,normal
1697524048.149,46.251,1800.0,3.5,10.7,normal
1697524048.651,47.225,1800.0,2.0,10.7,normal
1697524049.154,46.738,1800.0,1.5,10.7,normal
1697524049.656,46.738,1800.0,1.0,10.7,normal
1697524050.159,46.251,1800.0,6.5,10.7,normal
1697524050.661,46.738,1800.0,3.5,10.7,normal
1697524051.167,46.738,600.0,4.5,10.7,normal
1697524051.677,46.738,600.0,9.3,10.5,normal
1697524052.18,47.712,1800.0,29.0,10.5,normal
1697524052.683,47.225,1800.0,22.9,10.6,normal
1697524053.185,46.738,1800.0,3.0,10.7,normal
1697524053.688,47.225,1800.0,3.0,10.7,normal
1697524054.19,46.738,1800.0,3.5,10.7,normal
1697524054.693,47.225,1800.0,3.5,10.7,normal
1697524055.195,47.225,1800.0,4.5,10.7,normal
1697524055.698,47.712,1800.0,2.5,10.7,normal
1697524056.2,46.738,1800.0,2.5,10.7,normal
1697524056.703,46.738,1800.0,4.0,10.7,normal
1697524057.208,47.225,600.0,4.9,10.7,normal
1697524057.712,46.251,1800.0,12.0,10.0,normal
1697524058.216,48.199,1800.0,32.2,10.6,normal
1697524058.719,47.225,1800.0,14.9,10.6,normal
1697524059.222,45.764,1800.0,4.0,10.6,normal
1697524059.724,46.251,1800.0,4.0,10.6,normal
1697524060.227,47.712,1800.0,5.4,10.7,normal
1697524060.729,47.225,1800.0,2.5,10.7,normal
1697524061.232,47.712,1800.0,3.0,10.7,normal
1697524061.734,47.225,1800.0,3.5,10.7,normal
1697524062.237,46.738,1800.0,3.0,10.7,normal
1697524062.741,47.225,700.0,3.5,10.7,normal
1697524063.247,46.738,600.0,5.4,10.7,normal
1697524063.753,45.764,600.0,5.5,10.6,normal
1697524064.256,47.712,1800.0,29.4,10.5,normal
1697524064.759,47.225,1800.0,25.5,10.7,normal
1697524065.261,47.225,1800.0,4.5,10.7,normal
1697524065.764,47.225,1800.0,3.5,10.7,normal
1697524066.266,46.738,1800.0,3.5,10.7,normal
1697524066.769,46.738,1800.0,2.0,10.7,normal
1697524067.272,46.251,1800.0,2.5,10.7,normal
1697524067.774,47.225,1800.0,1.5,10.7,normal
1697524068.277,46.738,1800.0,3.0,10.7,normal
1697524068.779,47.225,1800.0,1.0,10.7,normal
1697524069.285,46.251,600.0,5.9,10.7,normal
1697524069.791,46.738,600.0,5.9,10.7,normal
1697524070.294,47.712,1800.0,21.9,10.4,normal
1697524070.797,46.251,1800.0,31.5,10.7,normal
1697524071.299,46.738,1800.0,2.0,10.7,normal
1697524071.802,46.251,1800.0,4.0,10.7,normal
1697524072.304,45.764,1800.0,2.5,10.7,normal
1697524072.807,46.738,1800.0,2.0,10.7,normal
1697524073.309,46.738,1800.0,3.0,10.7,normal
1697524073.812,46.251,1800.0,3.0,10.7,normal
1697524074.315,46.251,1800.0,3.5,10.7,normal
1697524074.817,46.738,1800.0,3.0,10.7,normal
1697524075.323,47.225,600.0,5.0,10.7,normal
1697524075.825,47.225,1800.0,5.0,10.7,normal
1697524076.328,46.738,1800.0,14.4,10.3,normal
1697524076.831,48.686,1800.0,36.7,10.7,normal
1697524077.334,47.225,1800.0,4.0,10.7,normal
1697524077.836,47.712,1800.0,4.0,10.7,normal
1697524078.339,46.738,1800.0,3.5,10.7,normal
1697524078.841,46.738,1800.0,3.0,10.7,normal
1697524079.344,47.712,1800.0,3.0,10.7,normal
1697524079.846,46.738,1800.0,4.0,10.7,normal
1697524080.349,47.225,1800.0,4.0,10.7,normal
1697524080.854,46.251,600.0,3.5,10.7,normal
1697524081.36,47.225,600.0,5.9,10.7,normal
1697524081.866,46.251,600.0,5.0,10.7,normal
1697524082.369,45.764,1800.0,10.4,9.6,normal
1697524082.871,48.199,1800.0,29.2,10.5,normal
1697524083.374,47.712,1800.0,20.6,10.7,normal
1697524083.877,46.738,1800.0,4.0,10.7,normal
1697524084.379,47.225,1800.0,3.0,10.7,normal
1697524084.882,46.738,1800.0,3.5,10.7,normal
1697524085.384,46.738,1800.0,3.5,10.7,normal
1697524085.887,47.225,1800.0,4.5,10.7,normal
1697524086.389,46.251,1800.0,3.0,10.7,normal
1697524086.892,47.225,1800.0,3.9,10.7,normal
1697524087.397,47.712,700.0,3.0,10.7,normal
1697524087.903,46.738,600.0,6.4,10.7,normal
1697524088.406,46.738,1800.0,15.3,10.2,normal
1697524088.91,48.686,1800.0,37.2,10.7,normal
1697524089.414,46.738,1800.0,7.9,10.7,normal
1697524089.917,47.712,1800.0,4.5,10.7,normal
1697524090.42,47.712,1800.0,2.5,10.7,normal
1697524090.922,47.712,1800.0,4.5,10.7,normal
1697524091.425,47.225,1800.0,2.5,10.7,normal
1697524091.927,47.712,1800.0,5.0,10.7,normal
1697524092.43,47.225,1800.0,3.0,10.7,normal
1697524092.932,46.738,1800.0,4.4,10.7,normal
1697524093.437,47.225,700.0,2.5,10.7,normal
1697524093.942,46.251,800.0,7.0,10.7,normal
1697524094.448,47.225,600.0,9.4,10.6,normal
1697524094.951,49.173,1800.0,29.0,10.5,normal
1697524095.454,46.738,1800.0,22.0,10.7,normal
1697524095.957,47.712,1800.0,2.5,10.7,normal
1697524096.459,46.738,1800.0,4.4,10.6,normal
1697524096.962,47.225,1800.0,3.0,10.6,normal
1697524097.464,47.712,1800.0,3.0,10.6,normal
1697524097.967,47.712,1800.0,4.0,10.6,normal
1697524098.469,47.225,1800.0,3.5,10.6,normal
1697524098.972,47.225,1800.0,3.0,10.6,normal
1697524099.475,46.738,1800.0,3.9,10.6,normal
1697524099.98,46.738,700.0,5.9,10.6,normal
1697524100.484,46.251,900.0,4.9,10.6,normal
1697524100.987,46.251,1800.0,23.0,10.4,normal
1697524101.49,47.712,1800.0,31.8,10.7,normal
1697524101.992,48.199,1800.0,4.0,10.7,normal
1697524102.495,47.712,1800.0,3.0,10.7,normal
1697524102.997,46.251,1800.0,3.0,10.7,normal
1697524103.5,46.738,1800.0,3.5,10.7,normal
1697524104.002,47.225,1800.0,3.5,10.7,normal
1697524104.505,47.225,1800.0,3.5,10.7,normal
1697524105.008,47.225,1800.0,4.5,10.7,normal
1697524105.51,46.738,1800.0,3.5,10.7,normal
1697524106.014,46.738,900.0,4.0,10.7,normal
1697524106.518,47.225,1100.0,5.9,10.7,normal
1697524107.021,48.199,1800.0,15.6,10.2,normal
1697524107.524,48.686,1800.0,36.8,10.6,normal
1697524108.026,47.712,1800.0,5.9,10.6,normal
1697524108.529,47.225,1800.0,4.0,10.6,normal
1697524109.031,47.712,1800.0,4.5,10.6,normal
1697524109.534,46.738,1800.0,3.5,10.6,normal
1697524110.036,47.225,1800.0,3.5,10.6,normal
1697524110.539,46.251,1800.0,3.0,10.6,normal
1697524111.041,46.738,1800.0,4.0,10.6,normal
1697524111.544,47.225,1800.0,3.4,10.6,normal
1697524112.049,47.712,700.0,3.0,10.6,normal
1697524112.553,47.225,1000.0,3.0,10.7,normal
1697524113.055,47.225,1800.0,19.6,10.3,normal
1697524113.558,48.199,1800.0,34.0,10.6,normal
1697524114.061,47.225,1800.0,2.5,10.6,normal
1697524114.563,47.225,1800.0,3.5,10.6,normal
1697524115.066,47.225,1800.0,3.0,10.6,normal
1697524115.568,47.225,1800.0,3.0,10.7,normal
1697524116.071,47.225,1800.0,3.5,10.7,normal
1697524116.573,46.251,1800.0,3.5,10.7,normal
1697524117.076,46.251,1800.0,3.5,10.7,normal
1697524117.578,47.712,1800.0,2.5,10.7,normal
1697524118.083,46.738,700.0,4.5,10.7,normal
1697524118.588,46.738,800.0,4.5,10.7,normal
1697524119.091,47.712,1800.0,15.3,10.2,normal
1697524119.594,48.199,1800.0,37.5,10.6,normal
1697524120.096,47.225,1800.0,8.5,10.6,normal
1697524120.599,47.712,1800.0,3.5,10.6,normal
1697524121.102,46.738,1800.0,5.0,10.6,normal
1697524121.604,47.712,1800.0,3.5,10.6,normal
1697524122.107,47.225,1800.0,3.5,10.7,normal
1697524122.609,46.738,1800.0,3.0,10.7,normal
1697524123.112,47.225,1800.0,3.0,10.7,normal
1697524123.614,47.225,1800.0,4.0,10.7,normal
1697524124.119,46.738,800.0,3.5,10.7,normal
1697524124.624,46.251,700.0,4.4,10.7,normal
1697524125.128,46.738,1000.0,8.0,10.3,normal
1697524125.631,47.225,1800.0,29.4,10.5,normal
1697524126.133,47.225,1800.0,21.0,10.7,normal
1697524126.636,47.225,1800.0,3.0,10.7,normal
1697524127.139,47.225,1800.0,2.0,10.7,normal
1697524127.641,47.712,1800.0,3.5,10.7,normal
1697524128.143,46.738,1800.0,1.5,10.7,normal
1697524128.646,47.225,1800.0,2.0,10.7,normal
1697524129.149,48.686,1800.0,6.0,10.7,normal
1697524129.651,47.712,1800.0,4.0,10.7,normal
1697524130.154,47.712,1800.0,5.0,10.7,normal
1697524130.659,46.738,600.0,5.0,10.7,normal
1697524131.164,47.225,700.0,4.0,10.7,normal
1697524131.668,47.225,1800.0,24.4,10.5,normal
1697524132.171,48.199,1800.0,31.3,10.7,normal
1697524132.673,47.712,1800.0,4.0,10.7,normal
1697524133.176,47.712,1800.0,3.5,10.7,normal
1697524133.679,47.712,1800.0,3.0,10.7,normal
1697524134.181,47.225,1800.0,3.5,10.7,normal
1697524134.684,46.738,1800.0,3.5,10.7,normal
1697524135.186,46.738,1800.0,4.0,10.7,normal
1697524135.689,47.712,1800.0,5.0,10.7,normal
1697524136.191,46.251,1800.0,4.4,10.7,normal
1697524136.697,47.225,600.0,3.5,10.7,normal
1697524137.203,46.738,600.0,5.9,10.6,normal
1697524137.706,48.199,1800.0,28.0,10.5,normal
1697524138.208,47.712,1800.0,28.0,10.7,normal
1697524138.711,47.225,1800.0,3.9,10.7,normal
1697524139.214,48.199,1800.0,2.5,10.7,normal
1697524139.716,47.225,1800.0,3.0,10.7,normal
1697524140.219,46.251,1800.0,4.0,10.7,normal
1697524140.722,47.225,1800.0,4.5,10.7,normal
1697524141.224,47.225,1800.0,4.4,10.7,normal
1697524141.727,46.738,1800.0,3.5,10.7,normal
1697524142.229,46.738,1800.0,3.0,10.7,normal
1697524142.735,46.251,600.0,4.9,10.7,normal
1697524143.24,47.712,600.0,4.0,10.7,normal
1697524143.743,46.251,1800.0,20.3,10.3,normal
1697524144.246,48.199,1800.0,35.2,10.7,normal
1697524144.749,47.712,1800.0,4.0,10.7,normal
1697524145.251,46.738,1800.0,4.4,10.7,normal
1697524145.754,46.738,1800.0,3.0,10.7,normal
1697524146.256,46.251,1800.0,3.0,10.7,normal
1697524146.759,46.738,1800.0,4.4,10.7,normal
1697524147.261,46.738,1800.0,3.5,10.7,normal
1697524147.764,47.225,1800.0,3.5,10.7,normal
1697524148.267,46.251,1800.0,3.0,10.7,normal
1697524148.772,46.738,600.0,3.5,10.7,normal
1697524149.278,46.251,600.0,5.0,10.7,normal
1697524149.782,47.225,1800.0,12.5,10.0,normal
1697524150.289,48.199,1800.0,32.5,10.7,normal
1697524150.792,46.738,1800.0,14.4,10.7,normal
1697524151.294,46.738,1800.0,4.9,10.7,normal
1697524151.797,47.712,1800.0,3.0,10.7,normal
1697524152.299,46.738,1800.0,3.0,10.7,normal
1697524152.802,46.251,1800.0,2.5,10.7,normal
1697524153.305,46.738,1800.0,4.0,10.7,normal
1697524153.807,46.251,1800.0,3.4,10.7,normal
1697524154.31,47.225,1800.0,2.5,10.7,normal
1697524154.814,46.251,700.0,3.0,10.7,normal
1697524155.32,45.764,600.0,5.5,10.7,normal
1697524155.823,47.225,1800.0,17.3,10.4,normal
1697524156.326,47.712,1800.0,36.4,10.7,normal
1697524156.828,48.199,1800.0,3.0,10.7,normal
1697524157.331,47.225,1800.0,3.5,10.7,normal
1697524157.833,46.738,1800.0,3.5,10.7,normal
1697524158.336,47.225,1800.0,2.5,10.7,normal
1697524158.838,47.225,1800.0,3.5,10.7,normal
1697524159.341,46.251,1800.0,3.5,10.7,normal
1697524159.843,46.251,1800.0,3.5,10.7,normal
1697524160.346,46.738,1800.0,4.0,10.7,normal
1697524160.851,47.225,600.0,3.5,10.7,normal
1697524161.357,46.738,600.0,5.0,10.7,normal
1697524161.86,48.199,1800.0,23.8,10.4,normal
1697524162.363,47.712,1800.0,33.2,10.7,normal
1697524162.866,46.738,1800.0,3.0,10.7,normal
1697524163.368,47.225,1800.0,3.5,10.7,normal
1697524163.871,47.225,1800.0,3.5,10.7,normal
1697524164.373,47.712,1800.0,4.0,10.7,normal
1697524164.876,46.251,1800.0,2.5,10.7,normal
1697524165.378,47.225,1800.0,5.4,10.7,normal
1697524165.881,46.738,1800.0,3.5,10.7,normal
1697524166.383,46.738,1800.0,3.0,10.7,normal
1697524166.889,47.225,600.0,3.5,10.6,normal
1697524167.395,46.738,600.0,4.5,10.6,normal
1697524167.898,46.738,1800.0,28.4,10.4,normal
1697524168.401,46.738,1800.0,28.0,10.6,normal
1697524168.903,47.225,1800.0,3.0,10.6,normal
1697524169.406,47.225,1800.0,3.5,10.6,normal
1697524169.909,46.738,1800.0,4.0,10.6,normal
1697524170.411,47.712,1800.0,5.4,10.6,normal
1697524170.914,47.225,1800.0,2.5,10.6,normal
1697524171.416,47.712,1800.0,3.0,10.6,normal
1697524171.92,46.251,1800.0,3.4,10.6,normal
1697524172.423,47.712,1800.0,5.0,10.6,normal
1697524172.928,47.225,600.0,4.9,10.6,normal
1697524173.433,47.225,800.0,5.9,10.7,normal
1697524173.935,47.225,1800.0,20.5,10.3,normal
1697524174.438,47.225,1800.0,35.6,10.6,normal
1697524174.941,47.712,1800.0,4.5,10.6,normal
1697524175.443,47.225,1800.0,3.0,10.6,normal
1697524175.946,47.712,1800.0,3.5,10.7,normal
1697524176.448,47.225,1800.0,4.0,10.7,normal
1697524176.951,46.738,1800.0,4.0,10.7,normal
1697524177.454,48.199,1800.0,3.0,10.7,normal
1697524177.956,46.738,1800.0,4.0,10.7,normal
1697524178.459,47.225,1800.0,3.0,10.7,normal
1697524178.964,47.225,600.0,4.9,10.7,normal
1697524179.468,46.251,900.0,4.0,10.7,normal
1697524179.972,47.225,1800.0,26.4,10.4,normal
1697524180.474,47.712,1800.0,30.3,10.7,normal
1697524180.977,47.225,1800.0,4.0,10.7,normal
1697524181.479,47.225,1800.0,3.5,10.7,normal
1697524181.982,47.225,1800.0,3.5,10.7,normal
1697524182.485,48.199,1800.0,3.5,10.7,normal
1697524182.987,47.712,1800.0,4.9,10.7,normal
1697524183.49,46.738,1800.0,3.0,10.7,normal
1697524183.992,47.225,1800.0,4.0,10.7,normal
1697524184.495,47.225,1800.0,3.5,10.7,normal
1697524184.998,46.738,1100.0,5.5,10.7,normal
1697524185.503,46.251,700.0,4.5,10.7,normal
1697524186.006,48.199,1800.0,17.8,10.4,normal
1697524186.509,48.686,1800.0,34.3,10.7,normal
1697524187.011,46.738,1800.0,3.5,10.7,normal
1697524187.514,48.199,1800.0,2.5,10.7,normal
1697524188.016,46.251,1800.0,2.5,10.7,normal
1697524188.519,46.738,1800.0,2.0,10.7,normal
1697524189.022,46.738,1800.0,5.5,10.7,normal
1697524189.524,47.225,1800.0,2.5,10.7,normal
1697524190.027,47.712,1800.0,4.5,10.7,normal
1697524190.529,47.225,1800.0,3.0,10.7,normal
1697524191.034,46.738,800.0,4.5,10.7,normal
1697524191.538,46.251,1000.0,5.0,10.7,normal
1697524192.042,47.712,1100.0,11.4,9.9,normal
1697524192.545,47.712,1800.0,29.4,10.5,normal
1697524193.048,47.225,1800.0,19.5,10.7,normal
1697524193.55,48.199,1800.0,4.0,10.7,normal
1697524194.053,47.225,1800.0,3.5,10.7,normal
1697524194.556,47.712,1800.0,3.0,10.7,normal
1697524195.058,47.225,1800.0,4.0,10.7,normal
1697524195.561,46.738,1800.0,3.4,10.7,normal
1697524196.063,46.251,1800.0,3.5,10.7,normal
1697524196.566,47.225,1800.0,2.0,10.7,normal
1697524197.068,46.738,1800.0,2.0,10.7,normal
1697524197.572,46.738,1100.0,4.5,10.7,normal
1697524198.076,46.738,800.0,5.4,10.7,normal
1697524198.58,46.251,1800.0,27.9,10.4,normal
1697524199.082,46.251,1800.0,25.6,10.6,normal
1697524199.585,46.738,1800.0,1.5,10.6,normal
1697524200.087,47.225,1800.0,2.0,10.6,normal
1697524200.59,46.251,1800.0,6.4,10.6,normal
1697524201.093,46.738,1800.0,4.0,10.6,normal
1697524201.595,46.738,1800.0,3.5,10.6,normal
1697524202.098,46.251,1800.0,3.0,10.6,normal
1697524202.6,48.199,1800.0,3.5,10.6,normal
1697524203.103,47.225,1800.0,3.0,10.6,normal
1697524203.607,46.738,800.0,4.5,10.6,normal
1697524204.11,47.712,1800.0,8.4,9.6,normal
1697524204.613,47.225,1800.0,29.7,10.6,normal
1697524205.115,47.712,1800.0,20.2,10.7,normal
1697524205.618,47.225,1800.0,3.0,10.7,normal
1697524206.12,48.199,1800.0,3.5,10.7,normal
1697524206.623,46.738,1800.0,3.0,10.7,normal
1697524207.126,47.712,1800.0,4.0,10.7,normal
1697524207.628,47.712,1800.0,3.0,10.7,normal
1697524208.131,48.199,1800.0,2.5,10.7,normal
1697524208.633,46.251,1800.0,4.0,10.7,normal
1697524209.138,46.251,700.0,4.0,10.7,normal
1697524209.643,47.225,700.0,4.0,10.7,normal
1697524210.149,46.738,600.0,4.4,10.7,normal
1697524210.652,47.712,1800.0,29.4,10.5,normal
1697524211.155,47.712,1800.0,27.2,10.7,normal
1697524211.658,46.738,1800.0,3.0,10.7,normal
1697524212.16,47.225,1800.0,3.0,10.7,normal
1697524212.663,46.738,1800.0,3.5,10.7,normal
1697524213.165,47.225,1800.0,5.0,10.7,normal
1697524213.668,46.738,1800.0,3.0,10.7,normal
1697524214.171,47.712,1800.0,3.5,10.7,normal
1697524214.673,47.712,1800.0,4.0,10.7,normal
1697524215.176,48.199,1800.0,5.0,10.7,normal
1697524215.681,47.712,600.0,4.5,10.7,normal
1697524216.184,47.225,1800.0,11.4,9.6,normal
1697524216.687,47.225,1800.0,28.4,10.5,normal
1697524217.19,48.199,1800.0,21.9,10.7,normal
1697524217.692,47.225,1800.0,4.0,10.7,normal
1697524218.195,47.712,1800.0,3.5,10.7,normal
1697524218.697,47.712,1800.0,3.5,10.7,normal
1697524219.2,47.712,1800.0,3.5,10.7,normal
1697524219.702,47.225,1800.0,3.0,10.7,normal
1697524220.205,46.738,1800.0,4.0,10.7,normal
1697524220.707,46.738,1800.0,3.5,10.7,normal
1697524221.212,47.225,700.0,3.5,10.7,normal
1697524221.718,46.738,600.0,6.4,10.7,normal
1697524222.224,45.764,600.0,3.0,10.7,normal
1697524222.728,46.738,1800.0,29.0,10.4,normal
1697524223.231,46.738,1800.0,28.0,10.7,normal
1697524223.734,47.225,1800.0,4.4,10.7,normal
1697524224.236,46.738,1800.0,3.0,10.7,normal
1697524224.739,46.738,1800.0,2.5,10.7,normal
1697524225.242,47.712,1800.0,4.0,10.7,normal
1697524225.744,48.199,1800.0,4.0,10.7,normal
1697524226.247,46.738,1800.0,4.4,10.7,normal
1697524226.749,47.225,1800.0,2.5,10.7,normal
1697524227.252,47.712,1800.0,4.0,10.7,normal
1697524227.757,47.712,600.0,4.9,10.7,normal
1697524228.263,45.764,600.0,4.0,10.7,normal
1697524228.766,48.199,1800.0,19.3,10.3,normal
1697524229.269,47.712,1800.0,36.8,10.6,normal
1697524229.771,47.225,1800.0,1.0,10.6,normal
1697524230.274,47.712,1800.0,4.9,10.6,normal
1697524230.777,47.225,1800.0,2.5,10.6,normal
1697524231.279,47.712,1800.0,3.0,10.6,normal
1697524231.782,46.738,1800.0,4.0,10.7,normal
1697524232.284,46.251,1800.0,4.0,10.7,normal
1697524232.787,47.225,1800.0,2.5,10.7,normal
1697524233.289,46.738,1800.0,3.5,10.7,normal
1697524233.795,47.225,600.0,3.5,10.7,normal
1697524234.301,46.738,600.0,5.9,10.7,normal
1697524234.803,47.225,1800.0,12.4,9.8,normal
1697524235.307,48.199,1800.0,33.2,10.6,normal
1697524235.809,46.738,1800.0,15.1,10.7,normal
1697524236.312,47.225,1800.0,4.0,10.7,normal
1697524236.814,46.738,1800.0,3.0,10.7,normal
1697524237.317,47.712,1800.0,3.0,10.7,normal
1697524237.819,46.738,1800.0,1.5,10.7,normal
1697524238.322,47.225,1800.0,2.0,10.7,normal
1697524238.824,46.738,1800.0,4.0,10.7,normal
1697524239.327,47.225,1800.0,2.5,10.7,normal
1697524239.832,46.251,700.0,3.0,10.7,normal
1697524240.337,46.251,600.0,4.5,10.7,normal
1697524240.843,45.764,600.0,4.9,10.6,normal
1697524241.347,48.199,1800.0,28.4,10.5,normal
1697524241.849,47.225,1800.0,26.3,10.6,normal
1697524242.352,46.738,1800.0,4.0,10.6,normal
1697524242.854,46.738,1800.0,5.9,10.6,normal
1697524243.357,46.251,1800.0,3.5,10.6,normal
1697524243.86,47.225,1800.0,3.0,10.6,normal
1697524244.362,45.764,1800.0,4.0,10.6,normal
1697524244.865,46.251,1800.0,3.5,10.6,normal
1697524245.367,46.738,1800.0,5.0,10.7,normal
1697524245.87,46.738,1800.0,3.5,10.7,normal
1697524246.374,46.738,900.0,5.5,10.7,normal
1697524246.879,46.738,650.0,2.5,10.7,normal
1697524247.382,47.225,1800.0,19.5,10.4,normal
1697524247.885,47.712,1800.0,32.8,10.7,normal
1697524248.388,46.738,1800.0,4.0,10.7,normal
1697524248.89,47.712,1800.0,3.5,10.7,normal
1697524249.393,46.251,1800.0,4.4,10.7,normal
1697524249.895,47.225,1800.0,4.5,10.7,normal
1697524250.398,47.225,1800.0,4.0,10.7,normal
1697524250.901,47.225,1800.0,4.5,10.7,normal
1697524251.403,46.738,1800.0,3.0,10.7,normal
1697524251.906,46.251,1800.0,5.4,10.7,normal
1697524252.412,46.251,600.0,1.5,10.7,normal
1697524252.917,46.738,600.0,6.4,10.7,normal
1697524253.421,47.712,1800.0,26.9,10.5,normal
1697524253.923,47.712,1800.0,30.2,10.7,normal
1697524254.426,46.738,1800.0,2.5,10.7,normal
1697524254.929,47.225,1800.0,3.0,10.7,normal
1697524255.431,47.225,1800.0,4.5,10.7,normal
1697524255.934,47.225,1800.0,4.0,10.7,normal
1697524256.436,47.225,1800.0,2.5,10.7,normal
1697524256.939,46.738,1800.0,3.9,10.7,normal
1697524257.441,47.225,1800.0,2.5,10.7,normal
1697524257.944,46.738,1800.0,4.9,10.7,normal
1697524258.45,46.738,600.0,5.4,10.7,normal
1697524258.955,46.738,600.0,5.5,10.6,normal
1697524259.458,47.225,1800.0,30.8,10.5,normal
1697524259.96,48.199,1800.0,23.5,10.7,normal
1697524260.463,46.251,1800.0,3.5,10.7,normal
1697524260.965,46.738,1800.0,3.0,10.7,normal
1697524261.468,47.712,1800.0,5.4,10.7,normal
1697524261.971,46.251,1800.0,4.0,10.7,normal
1697524262.473,47.225,1800.0,3.0,10.7,normal
1697524262.976,47.712,1800.0,3.5,10.7,normal
1697524263.478,47.225,1800.0,5.0,10.7,normal
1697524263.983,46.251,700.0,3.0,10.7,normal
1697524264.488,47.712,800.0,4.0,10.7,normal
1697524264.991,47.225,1800.0,14.4,10.2,normal
1697524265.496,47.712,1800.0,35.0,10.6,normal
1697524265.999,47.712,1800.0,12.4,10.7,normal
1697524266.501,48.199,1800.0,2.5,10.7,normal
1697524267.004,46.738,1800.0,2.5,10.7,normal
1697524267.506,47.712,1800.0,4.4,10.7,normal
1697524268.009,47.225,1800.0,3.0,10.7,normal
1697524268.511,45.764,1800.0,3.5,10.7,normal
1697524269.014,47.712,1800.0,3.0,10.7,normal
1697524269.516,47.712,1800.0,4.0,10.7,normal
1697524270.021,47.225,700.0,4.9,10.7,normal
1697524270.526,47.225,800.0,4.9,10.7,normal
1697524271.029,48.199,1800.0,16.0,10.1,normal
1697524271.531,48.199,1800.0,38.3,10.6,normal
1697524272.034,48.199,1800.0,6.5,10.6,normal
1697524272.537,47.225,1800.0,3.0,10.6,normal
1697524273.039,48.199,1800.0,3.9,10.6,normal
1697524273.542,47.225,1800.0,4.5,10.6,normal
1697524274.044,48.199,1800.0,3.5,10.6,normal
1697524274.547,47.712,1800.0,3.5,10.6,normal
1697524275.05,47.225,1800.0,4.0,10.6,normal
1697524275.552,47.225,1800.0,4.5,10.6,normal
1697524276.056,47.225,900.0,4.0,10.6,normal
1697524276.561,47.225,700.0,4.0,10.6,normal
1697524277.064,47.225,1800.0,19.3,10.3,normal
1697524277.567,48.199,1800.0,36.4,10.6,normal
1697524278.069,46.738,1800.0,3.0,10.6,normal
1697524278.572,47.225,1800.0,3.0,10.6,normal
1697524279.074,47.225,1800.0,3.0,10.7,normal
1697524279.577,47.225,1800.0,3.0,10.7,normal
1697524280.08,46.738,1800.0,4.0,10.7,normal
1697524280.582,46.738,1800.0,2.5,10.7,normal
1697524281.085,46.738,1800.0,2.0,10.7,normal
1697524281.587,45.764,1800.0,3.4,10.7,normal
1697524282.091,46.251,1000.0,4.0,10.7,normal
1697524282.595,47.712,900.0,4.0,10.7,normal
1697524283.098,46.738,1800.0,9.5,9.9,normal
1697524283.602,47.225,1800.0,31.5,10.5,normal
1697524284.105,47.712,1800.0,14.5,10.6,normal
1697524284.607,47.712,1800.0,4.5,10.6,normal
1697524285.11,46.251,1800.0,4.5,10.6,normal
1697524285.612,47.225,1800.0,3.5,10.6,normal
1697524286.115,47.712,1800.0,1.5,10.6,normal
1697524286.617,47.225,1800.0,2.5,10.6,normal
1697524287.12,46.251,1800.0,4.0,10.6,normal
1697524287.622,47.225,1800.0,4.0,10.6,normal
1697524288.127,46.738,700.0,3.0,10.6,normal
1697524288.632,46.738,900.0,4.5,10.6,normal
1697524289.135,48.199,1800.0,17.3,10.2,normal
1697524289.637,48.199,1800.0,37.0,10.6,normal
1697524290.14,47.712,1800.0,6.0,10.7,normal
1697524290.643,46.738,1800.0,3.5,10.7,normal
1697524291.145,47.225,1800.0,3.5,10.7,normal
1697524291.648,46.738,1800.0,3.5,10.7,normal
1697524292.15,47.712,1800.0,3.5,10.7,normal
1697524292.653,47.225,1800.0,3.0,10.7,normal
1697524293.156,46.251,1800.0,3.5,10.7,normal
1697524293.658,46.738,1800.0,3.5,10.7,normal
1697524294.162,47.225,900.0,4.5,10.7,normal
1697524294.667,47.225,800.0,5.0,10.7,normal
1697524295.172,46.738,800.0,8.9,10.3,normal
1697524295.675,47.225,1800.0,28.4,10.5,normal
1697524296.178,47.225,1800.0,22.5,10.7,normal
1697524296.68,46.738,1800.0,3.0,10.7,normal
1697524297.183,47.225,1800.0,3.0,10.7,normal
1697524297.685,47.712,1800.0,4.0,10.7,normal
1697524298.188,47.225,1800.0,3.5,10.7,normal
1697524298.691,47.712,1800.0,3.5,10.7,normal
1697524299.193,46.251,1800.0,2.5,10.7,normal
1697524299.696,47.225,1800.0,3.5,10.7,normal
1697524300.198,47.225,1800.0,3.5,10.7,normal
1697524300.703,46.738,800.0,4.5,10.7,normal
1697524301.206,47.712,1800.0,13.3,10.2,normal
1697524301.709,48.686,1800.0,36.9,10.6,normal
1697524302.212,47.712,1800.0,8.0,10.7,normal
1697524302.714,46.738,1800.0,4.5,10.7,normal
1697524303.217,47.225,1800.0,2.0,10.7,normal
1697524303.719,47.712,1800.0,3.5,10.7,normal
1697524304.222,47.225,1800.0,4.5,10.7,normal
1697524304.724,47.712,1800.0,4.0,10.7,normal
1697524305.227,46.738,1800.0,3.5,10.7,normal
1697524305.729,47.712,1800.0,2.0,10.7,normal
1697524306.235,47.225,600.0,5.4,10.7,normal
1697524306.74,47.225,900.0,3.5,10.7,normal
1697524307.244,45.277,1200.0,7.0,10.5,normal
1697524307.747,48.199,1800.0,27.2,10.4,normal
1697524308.25,48.199,1800.0,21.8,10.6,normal
1697524308.752,47.712,1800.0,4.0,10.6,normal
1697524309.255,47.712,1800.0,4.5,10.7,normal
1697524309.758,47.712,1800.0,3.0,10.7,normal
1697524310.26,47.225,1800.0,4.0,10.7,normal
1697524310.763,48.199,1800.0,3.5,10.7,normal
1697524311.266,48.199,1800.0,4.5,10.7,normal
1697524311.769,46.251,1800.0,2.5,10.7,normal
1697524312.271,47.225,1800.0,4.0,10.7,normal
1697524312.782,46.738,600.0,4.4,10.7,normal
1697524313.289,46.738,600.0,4.9,10.7,normal
1697524313.792,46.738,1800.0,24.9,10.3,normal
1697524314.295,48.199,1800.0,29.1,10.7,normal
1697524314.798,47.225,1800.0,3.0,10.7,normal
1697524315.3,46.738,1800.0,4.5,10.7,normal
1697524315.803,46.251,1800.0,4.0,10.7,normal
1697524316.305,47.225,1800.0,3.0,10.7,normal
1697524316.808,46.738,1800.0,3.5,10.7,normal
1697524317.31,46.738,1800.0,4.5,10.7,normal
1697524317.818,47.225,1800.0,3.4,10.7,normal
1697524318.32,47.225,1800.0,2.5,10.7,normal
1697524318.826,46.738,600.0,3.9,10.7,normal
1697524319.332,47.225,600.0,5.0,10.7,normal
1697524319.835,46.738,1800.0,19.1,10.3,normal
1697524320.337,48.199,1800.0,35.3,10.6,normal
1697524320.84,47.225,1800.0,3.0,10.6,normal
1697524321.342,47.225,1800.0,3.5,10.7,normal
1697524321.845,47.712,1800.0,2.5,10.7,normal
1697524322.347,46.251,1800.0,2.5,10.7,normal
1697524322.855,48.199,1800.0,2.9,10.7,normal
1697524323.357,47.225,1800.0,3.0,10.7,normal
1697524323.86,46.738,1800.0,2.5,10.7,normal
1697524324.362,46.738,1800.0,3.5,10.7,normal
1697524324.868,46.738,600.0,4.0,10.7,normal
1697524325.374,46.738,600.0,5.4,10.7,normal
1697524325.877,46.738,1800.0,14.6,10.1,normal
1697524326.379,48.199,1800.0,37.5,10.6,normal
1697524326.882,47.225,1800.0,6.9,10.6,normal
1697524327.385,47.225,1800.0,3.5,10.6,normal
1697524327.892,46.251,1800.0,3.5,10.6,normal
1697524328.394,48.199,1800.0,4.0,10.6,normal
1697524328.897,47.225,1800.0,2.5,10.6,normal
1697524329.4,47.225,1800.0,4.4,10.6,normal
1697524329.903,46.738,1800.0,4.0,10.6,normal
1697524330.406,46.251,1800.0,4.5,10.6,normal
1697524330.91,47.225,800.0,5.9,10.6,normal
1697524331.415,46.251,800.0,4.0,10.6,normal
1697524331.918,45.764,1800.0,20.4,10.2,normal
1697524332.421,48.199,1800.0,36.9,10.7,normal
1697524332.924,47.225,1800.0,3.0,10.7,normal
1697524333.426,48.199,1800.0,3.0,10.7,normal
1697524333.929,46.738,1800.0,2.0,10.7,normal
1697524334.431,47.712,1800.0,4.5,10.7,normal
1697524334.934,46.738,1800.0,3.5,10.7,normal
1697524335.436,47.225,1800.0,3.5,10.7,normal
1697524335.939,47.712,1800.0,2.5,10.7,normal
1697524336.442,46.738,1800.0,4.0,10.7,normal
1697524336.947,46.738,600.0,3.9,10.7,normal
1697524337.451,47.225,900.0,5.5,10.7,normal
1697524337.954,46.251,1800.0,13.4,10.0,normal
1697524338.458,48.199,1800.0,37.1,10.6,normal
1697524338.961,47.712,1800.0,9.0,10.6,normal
1697524339.463,45.764,1800.0,3.0,10.6,normal
1697524339.966,46.738,1800.0,4.5,10.6,normal
1697524340.468,47.225,1800.0,4.0,10.6,normal
1697524340.971,46.738,1800.0,4.0,10.6,normal
1697524341.474,48.199,1800.0,3.0,10.6,normal
1697524341.976,47.225,1800.0,3.5,10.6,normal
1697524342.479,47.225,1800.0,4.0,10.6,normal
1697524342.988,47.225,900.0,4.9,10.6,normal
1697524343.493,47.712,600.0,4.5,10.6,normal
1697524343.997,47.225,900.0,7.0,10.5,normal
1697524344.5,47.712,1800.0,27.9,10.5,normal
1697524345.003,47.712,1800.0,24.0,10.6,normal
1697524345.505,47.712,1800.0,3.0,10.7,normal
1697524346.008,48.199,1800.0,4.5,10.7,normal
1697524346.511,47.225,1800.0,3.5,10.7,normal
1697524347.013,46.251,1800.0,4.0,10.7,normal
1697524347.516,46.738,1800.0,3.5,10.7,normal
1697524348.018,47.712,1800.0,3.5,10.7,normal
1697524348.521,48.199,1800.0,3.0,10.7,normal
1697524349.026,47.712,700.0,2.5,10.7,normal
1697524349.53,47.225,900.0,7.8,10.7,normal
1697524350.033,47.712,1800.0,13.1,10.1,normal
1697524350.536,47.712,1800.0,36.0,10.6,normal
1697524351.039,47.225,1800.0,10.3,10.7,normal
1697524351.542,47.712,1800.0,3.5,10.7,normal
1697524352.044,46.738,1800.0,3.5,10.7,normal
1697524352.547,47.225,1800.0,3.0,10.7,normal
1697524353.049,46.738,1800.0,3.0,10.7,normal
1697524353.552,46.738,1800.0,3.5,10.7,normal
1697524354.054,46.738,1800.0,3.5,10.7,normal
1697524354.557,47.712,1800.0,3.5,10.7,normal
1697524355.062,46.738,700.0,4.5,10.7,normal
1697524355.566,46.251,900.0,5.0,10.7,normal
1697524356.069,46.251,1800.0,17.0,10.3,normal
1697524356.571,47.712,1800.0,38.0,10.6,normal
1697524357.074,47.225,1800.0,4.0,10.6,normal
1697524357.577,46.251,1800.0,4.9,10.6,normal
1697524358.079,46.738,1800.0,3.0,10.6,normal
1697524358.582,47.225,1800.0,3.5,10.6,normal
1697524359.084,46.738,1800.0,3.0,10.6,normal
1697524359.587,47.712,1800.0,4.5,10.6,normal
1697524360.089,47.712,1800.0,4.5,10.6,normal
1697524360.592,47.225,1800.0,3.0,10.6,normal
1697524361.097,46.251,600.0,3.5,10.6,normal
1697524361.603,47.225,700.0,5.4,10.6,normal
1697524362.106,46.738,1800.0,19.5,10.3,normal
1697524362.608,47.712,1800.0,33.2,10.7,normal
1697524363.111,47.712,1800.0,2.5,10.7,normal
1697524363.613,46.738,1800.0,2.5,10.7,normal
1697524364.116,46.738,1800.0,4.5,10.7,normal
1697524364.619,46.738,1800.0,3.9,10.7,normal
1697524365.121,47.225,1800.0,4.0,10.7,normal
1697524365.624,47.712,1800.0,2.5,10.7,normal
1697524366.126,47.225,1800.0,4.0,10.7,normal
1697524366.629,47.712,1800.0,3.0,10.7,normal
1697524367.133,46.738,1000.0,3.5,10.7,normal
1697524367.638,46.251,700.0,4.9,10.7,normal
1697524368.142,46.738,1800.0,23.0,10.4,normal
1697524368.644,46.738,1800.0,29.3,10.7,normal
1697524369.147,47.225,1800.0,5.4,10.7,normal
1697524369.65,47.225,1800.0,2.5,10.7,normal
1697524370.152,47.225,1800.0,4.9,10.7,normal
1697524370.655,47.712,1800.0,4.0,10.7,normal
1697524371.157,47.712,1800.0,2.5,10.7,normal
1697524371.66,46.251,1800.0,4.0,10.7,normal
1697524372.162,46.251,1800.0,3.0,10.7,normal
1697524372.665,47.712,1800.0,3.5,10.7,normal
1697524373.169,46.251,800.0,4.0,10.7,normal
1697524373.674,45.764,800.0,5.9,10.6,normal
1697524374.177,46.251,1800.0,28.4,10.4,normal
1697524374.679,47.712,1800.0,27.7,10.6,normal
1697524375.182,48.686,1800.0,4.9,10.6,normal
1697524375.684,47.225,1800.0,4.0,10.6,normal
1697524376.187,46.738,1800.0,3.5,10.7,normal
1697524376.689,47.712,1800.0,3.5,10.7,normal
1697524377.192,46.251,1800.0,3.0,10.7,normal
1697524377.695,45.764,1800.0,4.0,10.7,normal
1697524378.197,47.225,1800.0,2.5,10.7,normal
1697524378.7,47.225,1800.0,4.4,10.7,normal
1697524379.204,46.738,800.0,4.0,10.7,normal
1697524379.709,47.225,800.0,4.5,10.7,normal
1697524380.211,47.225,1800.0,21.9,10.4,normal
1697524380.714,47.712,1800.0,34.7,10.7,normal
1697524381.217,46.738,1800.0,4.0,10.7,normal
1697524381.719,46.738,1800.0,4.5,10.7,normal
1697524382.222,47.712,1800.0,4.0,10.7,normal
1697524382.724,46.738,1800.0,4.0,10.7,normal
1697524383.227,47.225,1800.0,4.0,10.7,normal
1697524383.729,47.225,1800.0,4.0,10.7,normal
1697524384.232,47.712,1800.0,3.5,10.7,normal
1697524384.734,47.225,1800.0,4.0,10.7,normal
1697524385.24,47.225,600.0,5.9,10.7,normal
1697524385.745,46.251,700.0,4.0,10.7,normal
1697524386.248,47.712,1800.0,24.3,10.4,normal
1697524386.751,48.686,1800.0,28.8,10.7,normal
1697524387.254,48.199,1800.0,3.5,10.7,normal
1697524387.756,47.225,1800.0,4.4,10.7,normal
1697524388.259,47.712,1800.0,3.5,10.7,normal
1697524388.761,46.738,1800.0,3.0,10.7,normal
1697524389.264,46.738,1800.0,4.0,10.7,normal
1697524389.767,47.712,1800.0,3.5,10.7,normal
1697524390.269,47.225,1800.0,4.5,10.7,normal
1697524390.772,46.738,1800.0,3.0,10.7,normal
1697524391.278,46.738,600.0,5.0,10.7,normal
1697524391.783,46.738,600.0,5.4,10.7,normal
1697524392.286,47.712,1800.0,19.8,10.3,normal
1697524392.789,47.712,1800.0,33.8,10.7,normal
1697524393.291,48.199,1800.0,4.5,10.7,normal
1697524393.794,47.712,1800.0,3.5,10.7,normal
1697524394.297,48.199,1800.0,3.0,10.7,normal
1697524394.799,47.712,1800.0,1.5,10.7,normal
1697524395.302,47.712,1800.0,3.5,10.7,normal
1697524395.804,46.251,1800.0,5.0,10.7,normal
1697524396.307,46.738,1800.0,3.5,10.7,normal
1697524396.81,46.738,1800.0,3.0,10.7,normal
1697524397.316,47.225,600.0,3.0,10.7,normal
1697524397.822,46.738,600.0,5.0,10.7,normal
1697524398.325,46.251,1800.0,14.0,10.0,normal
1697524398.828,48.199,1800.0,37.4,10.6,normal
1697524399.331,47.225,1800.0,6.5,10.6,normal
1697524399.833,46.738,1800.0,4.0,10.6,normal
1697524400.336,46.738,1800.0,5.0,10.6,normal
1697524400.838,46.738,1800.0,3.5,10.7,normal
1697524401.341,46.251,1800.0,3.0,10.7,normal
1697524401.843,46.251,1800.0,4.5,10.7,normal
1697524402.346,46.738,1800.0,3.0,10.7,normal
1697524402.848,46.251,1800.0,2.0,10.7,normal
1697524403.353,46.738,800.0,2.5,10.7,normal
1697524403.858,46.738,600.0,6.4,10.7,normal
1697524404.364,47.712,600.0,5.9,10.6,normal
1697524404.867,47.225,1800.0,28.9,10.5,normal
1697524405.37,48.686,1800.0,25.0,10.7,normal
1697524405.873,46.738,1800.0,3.5,10.7,normal
1697524406.375,47.225,1800.0,4.0,10.7,normal
1697524406.878,47.225,1800.0,3.0,10.7,normal
1697524407.38,47.225,1800.0,3.0,10.7,normal
1697524407.883,47.712,1800.0,4.0,10.7,normal
1697524408.385,45.764,1800.0,2.5,10.7,normal
1697524408.888,46.738,1800.0,4.4,10.7,normal
1697524409.39,47.225,1800.0,3.0,10.7,normal
1697524409.896,46.738,600.0,3.5,10.7,normal
1697524410.403,46.738,600.0,7.3,10.7,normal
1697524410.906,47.225,1800.0,24.4,10.4,normal
1697524411.409,48.199,1800.0,29.6,10.7,normal
1697524411.911,48.199,1800.0,5.0,10.7,normal
1697524412.414,46.738,1800.0,3.5,10.7,normal
1697524412.916,46.738,1800.0,3.5,10.7,normal
1697524413.419,48.199,1800.0,3.0,10.7,normal
1697524413.922,48.199,1800.0,4.0,10.7,normal
1697524414.424,47.712,1800.0,3.5,10.7,normal
1697524414.927,47.712,1800.0,2.5,10.7,normal
1697524415.429,47.225,1800.0,3.5,10.7,normal
1697524415.934,47.225,600.0,4.5,10.7,normal
1697524416.44,47.225,600.0,4.0,10.7,normal
1697524416.943,46.738,1800.0,18.4,10.3,normal
1697524417.446,48.686,1800.0,37.3,10.7,normal
1697524417.948,47.712,1800.0,4.0,10.7,normal
1697524418.451,46.738,1800.0,2.5,10.7,normal
1697524418.953,47.712,1800.0,3.0,10.7,normal
1697524419.456,46.738,1800.0,4.4,10.7,normal
1697524419.958,47.712,1800.0,4.9,10.8,normal
1697524420.461,46.738,1800.0,2.5,10.7,normal
1697524420.964,47.225,1800.0,4.5,10.8,normal
1697524421.466,47.225,1800.0,4.0,10.8,normal
1697524421.972,46.738,600.0,4.0,10.8,normal
1697524422.476,46.738,800.0,5.4,10.8,normal
1697524422.979,45.764,1800.0,12.0,9.8,normal
1697524423.483,48.199,1800.0,31.3,10.5,normal
1697524423.986,48.199,1800.0,15.7,10.6,normal
1697524424.488,47.712,1800.0,3.5,10.6,normal
1697524424.991,47.225,1800.0,4.5,10.6,normal
1697524425.493,47.712,1800.0,3.5,10.6,normal
1697524425.996,46.738,1800.0,1.5,10.6,normal
1697524426.498,48.199,1800.0,4.5,10.6,normal
1697524427.001,47.712,1800.0,1.5,10.7,normal
1697524427.504,48.199,1800.0,1.5,10.7,normal
1697524428.008,47.225,700.0,3.0,10.6,normal
1697524428.514,46.738,600.0,4.4,10.7,normal
1697524429.018,46.738,1000.0,9.4,10.7,normal
1697524429.521,46.738,1800.0,27.5,10.4,normal
1697524430.024,46.738,1800.0,28.4,10.6,normal
1697524430.526,47.225,1800.0,4.0,10.6,normal
1697524431.029,46.251,1800.0,2.5,10.6,normal
1697524431.531,47.225,1800.0,2.5,10.7,normal
1697524432.034,47.712,1800.0,3.5,10.7,normal
1697524432.536,47.712,1800.0,4.0,10.7,normal
1697524433.039,46.251,1800.0,3.0,10.7,normal
1697524433.542,47.225,1800.0,3.0,10.7,normal
1697524434.044,46.251,1800.0,3.0,10.7,normal
1697524434.548,47.225,1100.0,5.4,10.7,normal
1697524435.052,46.738,800.0,6.4,10.7,normal
1697524435.555,48.199,1800.0,21.4,10.3,normal
1697524436.058,48.199,1800.0,36.1,10.7,normal
1697524436.56,47.225,1800.0,3.5,10.7,normal
1697524437.063,47.712,1800.0,3.5,10.7,normal
1697524437.565,46.738,1800.0,3.5,10.7,normal
1697524438.068,47.712,1800.0,3.5,10.7,normal
1697524438.571,47.225,1800.0,4.0,10.7,normal
1697524439.073,47.225,1800.0,3.5,10.7,normal
1697524439.576,46.738,1800.0,4.0,10.7,normal
1697524440.078,46.738,1800.0,4.5,10.7,normal
1697524440.582,47.225,800.0,4.5,10.7,normal
1697524441.088,46.738,700.0,5.9,10.7,normal
1697524441.59,47.225,1800.0,12.0,10.1,normal
1697524442.094,48.686,1800.0,36.6,10.6,normal
1697524442.597,47.712,1800.0,9.0,10.7,normal
1697524443.099,46.738,1800.0,4.0,10.7,normal
1697524443.602,47.225,1800.0,3.5,10.7,normal
1697524444.104,47.712,1800.0,2.5,10.7,normal
1697524444.607,47.225,1800.0,3.5,10.7,normal
1697524445.109,47.712,1800.0,3.5,10.7,normal
1697524445.612,47.225,1800.0,2.0,10.7,normal
1697524446.115,46.738,1800.0,2.0,10.7,normal
1697524446.619,47.712,700.0,2.5,10.7,normal
1697524447.124,46.251,800.0,4.5,10.7,normal
1697524447.63,47.225,600.0,5.4,10.6,normal
1697524448.133,47.225,1800.0,27.9,10.5,normal
1697524448.636,47.712,1800.0,24.2,10.7,normal
1697524449.139,46.738,1800.0,3.0,10.7,normal
1697524449.641,46.738,1800.0,3.0,10.7,normal
1697524450.144,46.738,1800.0,4.0,10.7,normal
1697524450.646,46.738,1800.0,2.5,10.7,normal
1697524451.149,45.764,1800.0,4.4,10.7,normal
1697524451.651,46.738,1800.0,4.0,10.7,normal
1697524452.154,47.225,1800.0,3.0,10.7,normal
1697524452.656,46.251,1800.0,4.0,10.7,normal
1697524453.161,47.225,700.0,5.0,10.7,normal
1697524453.666,46.251,800.0,5.4,10.7,normal
1697524454.169,48.199,1800.0,22.6,10.3,normal
1697524454.672,46.738,1800.0,33.5,10.7,normal
1697524455.174,46.251,1800.0,4.5,10.7,normal
1697524455.677,47.712,1800.0,4.0,10.7,normal
1697524456.179,47.225,1800.0,3.0,10.7,normal
1697524456.682,46.738,1800.0,3.0,10.7,normal
1697524457.184,47.712,1800.0,4.0,10.7,normal
1697524457.687,47.712,1800.0,4.0,10.7,normal
1697524458.189,47.225,1800.0,3.0,10.7,normal
1697524458.692,46.738,1800.0,4.0,10.7,normal
1697524459.196,47.225,800.0,4.0,10.7,normal
1697524459.7,46.738,900.0,5.0,10.7,normal
1697524460.203,47.712,1800.0,15.6,10.2,normal
1697524460.706,47.712,1800.0,37.5,10.6,normal
1697524461.209,48.199,1800.0,5.5,10.7,normal
1697524461.711,47.712,1800.0,3.5,10.7,normal
1697524462.214,46.738,1800.0,4.0,10.7,normal
1697524462.716,45.764,1800.0,3.0,10.7,normal
1697524463.219,47.225,1800.0,3.0,10.7,normal
1697524463.721,46.738,1800.0,3.5,10.7,normal
1697524464.224,46.251,1800.0,4.0,10.7,normal
1697524464.726,47.225,1800.0,3.0,10.7,normal
1697524465.231,47.225,700.0,4.9,10.7,normal
1697524465.736,45.277,700.0,4.5,10.6,normal
1697524466.239,48.199,1800.0,20.9,10.4,normal
1697524466.742,47.225,1800.0,35.5,10.7,normal
1697524467.244,47.712,1800.0,3.0,10.7,normal
1697524467.747,47.225,1800.0,3.5,10.7,normal
1697524468.25,48.199,1800.0,3.0,10.7,normal
1697524468.752,47.225,1800.0,4.0,10.7,normal
1697524469.255,47.225,1800.0,3.0,10.7,normal
1697524469.757,46.738,1800.0,4.0,10.7,normal
1697524470.26,47.225,1800.0,4.4,10.7,normal
1697524470.763,47.225,1800.0,4.0,10.7,normal
1697524471.268,46.738,600.0,3.5,10.7,normal
1697524471.774,46.738,600.0,4.5,10.7,normal
1697524472.277,47.225,1800.0,25.4,10.4,normal
1697524472.78,47.712,1800.0,31.5,10.7,normal
1697524473.283,47.712,1800.0,3.0,10.7,normal
1697524473.785,46.738,1800.0,3.0,10.7,normal
1697524474.288,47.225,1800.0,3.5,10.7,normal
1697524474.79,48.199,1800.0,4.5,10.7,normal
1697524475.293,47.225,1800.0,3.5,10.7,normal
1697524475.795,48.199,1800.0,3.0,10.7,normal
1697524476.298,45.764,1800.0,3.0,10.7,normal
1697524476.8,47.225,1800.0,3.5,10.7,normal
1697524477.305,46.251,800.0,4.0,10.7,normal
1697524477.81,47.225,600.0,4.0,10.7,normal
1697524478.313,47.225,1800.0,15.9,10.2,normal
1697524478.816,46.738,1800.0,37.8,10.6,normal
1697524479.319,47.225,1800.0,6.9,10.7,normal
1697524479.821,46.738,1800.0,2.5,10.7,normal
1697524480.324,47.225,1800.0,4.9,10.7,normal
1697524480.826,46.738,1800.0,3.5,10.7,normal
1697524481.329,47.225,1800.0,2.0,10.7,normal
1697524481.831,46.738,1800.0,3.0,10.7,normal
1697524482.334,47.225,1800.0,3.0,10.7,normal
1697524482.836,46.738,1800.0,3.0,10.7,normal
1697524483.342,46.738,600.0,4.5,10.7,normal
1697524483.849,46.251,600.0,4.9,10.7,normal
1697524484.352,47.225,1800.0,10.0,9.6,normal
1697524484.855,46.738,1800.0,28.9,10.5,normal
1697524485.358,48.686,1800.0,21.7,10.7,normal
1697524485.86,47.225,1800.0,2.5,10.7,normal
1697524486.363,46.738,1800.0,2.5,10.7,normal
1697524486.865,45.764,1800.0,3.0,10.7,normal
1697524487.368,46.738,1800.0,3.0,10.7,normal
1697524487.87,45.764,1800.0,2.0,10.7,normal
1697524488.373,47.225,1800.0,2.0,10.7,normal
1697524488.876,47.712,1800.0,3.0,10.7,normal
1697524489.38,47.225,700.0,3.0,10.7,normal
1697524489.884,46.738,1800.0,5.5,10.7,normal
1697524490.388,46.251,1800.0,5.0,10.7,normal
1697524490.891,48.686,1800.0,25.7,10.4,normal
1697524491.393,47.712,1800.0,24.9,10.7,normal
1697524491.896,47.225,1800.0,4.9,10.7,normal
1697524492.399,47.225,1800.0,4.0,10.7,normal
1697524492.901,47.225,1800.0,2.5,10.7,normal
1697524493.404,47.225,1800.0,4.5,10.7,normal
1697524493.906,47.225,1800.0,3.5,10.7,normal
1697524494.409,46.738,1800.0,3.0,10.7,normal
1697524494.915,45.764,600.0,3.0,10.7,normal
1697524495.421,46.738,600.0,7.9,10.7,normal
1697524495.927,46.738,700.0,5.9,10.7,normal
1697524496.432,46.251,600.0,5.4,10.7,normal
1697524496.936,48.199,1800.0,23.8,10.4,normal
1697524497.439,47.712,1800.0,31.5,10.7,normal
1697524497.941,47.225,1800.0,3.5,10.7,normal
1697524498.444,47.712,1800.0,3.5,10.7,normal
1697524498.946,46.738,1800.0,3.5,10.7,normal
1697524499.449,47.712,1800.0,4.5,10.7,normal
1697524499.951,46.738,1800.0,4.0,10.7,normal
1697524500.454,47.225,1800.0,4.0,10.7,normal
1697524500.957,46.738,1800.0,3.0,10.7,normal
1697524501.459,46.738,1800.0,5.9,10.7,normal
1697524501.964,46.251,600.0,4.9,10.7,normal
1697524502.47,46.738,600.0,4.9,10.7,normal
1697524502.973,47.712,1800.0,17.1,10.3,normal
1697524503.476,48.199,1800.0,38.3,10.7,normal
1697524503.978,47.712,1800.0,3.0,10.7,normal
1697524504.481,46.738,1800.0,5.4,10.7,normal
1697524504.984,46.738,1800.0,4.0,10.7,normal
1697524505.486,47.712,1800.0,5.0,10.7,normal
1697524505.989,46.251,1800.0,3.0,10.7,normal
1697524506.491,47.712,1800.0,3.0,10.7,normal
1697524506.994,46.738,1800.0,3.0,10.7,normal
1697524507.496,46.738,1800.0,4.0,10.7,normal
1697524508.0,46.251,900.0,4.5,10.7,normal
1697524508.505,47.225,900.0,5.4,10.7,normal
1697524509.008,47.225,1800.0,10.9,9.8,normal
1697524509.512,47.712,1800.0,30.8,10.6,normal
1697524510.015,47.712,1800.0,18.4,10.6,normal
1697524510.518,47.225,1800.0,3.5,10.7,normal
1697524511.02,46.251,1800.0,3.5,10.7,normal
1697524511.523,45.764,1800.0,5.4,10.7,normal
1697524512.025,47.712,1800.0,3.5,10.7,normal
1697524512.528,46.738,1800.0,3.0,10.7,normal
1697524513.031,46.251,1800.0,4.5,10.7,normal
1697524513.533,47.712,1800.0,3.5,10.7,normal
1697524514.038,45.764,700.0,4.0,10.7,normal
1697524514.543,45.764,800.0,4.9,10.7,normal
1697524515.047,46.738,900.0,5.4,10.7,normal
1697524515.551,46.738,1800.0,28.2,10.4,normal
1697524516.054,47.225,1800.0,27.1,10.7,normal
1697524516.556,48.199,1800.0,3.5,10.7,normal
1697524517.059,47.225,1800.0,3.5,10.7,normal
1697524517.561,47.225,1800.0,3.5,10.7,normal
1697524518.064,47.225,1800.0,3.0,10.7,normal
1697524518.567,47.225,1800.0,4.4,10.7,normal
1697524519.069,47.712,1800.0,3.0,10.6,normal
1697524519.572,47.225,1800.0,4.0,10.7,normal
1697524520.074,47.225,1800.0,4.5,10.7,normal
1697524520.58,45.764,600.0,4.5,10.6,normal
1697524521.084,47.225,1000.0,9.5,9.6,normal
1697524521.587,47.712,1800.0,29.2,10.5,normal
1697524522.09,47.225,1800.0,21.1,10.7,normal
1697524522.592,47.225,1800.0,3.0,10.7,normal
1697524523.095,47.225,1800.0,3.5,10.7,normal
1697524523.597,46.251,1800.0,2.5,10.7,normal
1697524524.1,48.199,1800.0,4.5,10.7,normal
1697524524.602,47.225,1800.0,3.5,10.7,normal
1697524525.105,47.225,1800.0,4.5,10.7,normal
1697524525.607,46.738,1800.0,3.0,10.7,normal
1697524526.11,47.225,1800.0,5.4,10.7,normal
1697524526.615,46.738,600.0,3.5,10.7,normal
1697524527.121,46.738,600.0,4.0,10.7,normal
1697524527.624,46.738,1800.0,24.9,10.5,normal
1697524528.127,47.712,1800.0,29.6,10.7,normal
1697524528.63,47.712,1800.0,3.0,10.7,normal
1697524529.132,48.199,1800.0,2.5,10.7,normal
1697524529.635,46.251,1800.0,3.5,10.7,normal
1697524530.137,46.738,1800.0,3.0,10.7,normal
1697524530.64,46.251,1800.0,2.5,10.7,normal
1697524531.142,47.225,1800.0,3.5,10.7,normal
1697524531.645,47.225,1800.0,3.0,10.7,normal
1697524532.147,45.764,1800.0,3.0,10.7,normal
1697524532.651,45.277,1100.0,5.4,10.7,normal
1697524533.153,46.738,1800.0,15.1,10.7,normal
1697524533.656,47.225,1800.0,18.3,10.3,normal
1697524534.159,47.225,1800.0,34.5,10.7,normal
1697524534.661,47.712,1800.0,3.5,10.7,normal
1697524535.164,47.712,1800.0,4.0,10.7,normal
1697524535.667,46.738,1800.0,3.9,10.7,normal
1697524536.169,48.686,1800.0,3.0,10.8,normal
1697524536.672,46.738,1800.0,4.0,10.8,normal
1697524537.174,46.738,1800.0,3.0,10.8,normal
1697524537.677,47.712,1800.0,3.0,10.8,normal
1697524538.181,47.225,800.0,4.4,10.8,normal
1697524538.685,46.738,900.0,6.9,10.8,normal
1697524539.189,47.225,900.0,5.9,10.8,normal
1697524539.692,47.712,1800.0,13.5,10.1,normal
1697524540.196,47.225,1800.0,36.5,10.6,normal
1697524540.698,47.225,1800.0,9.5,10.7,normal
1697524541.201,47.225,1800.0,5.4,10.7,normal
1697524541.703,48.199,1800.0,2.5,10.7,normal
1697524542.206,46.251,1800.0,2.0,10.7,normal
1697524542.709,46.738,1800.0,3.5,10.7,normal
1697524543.211,46.738,1800.0,3.0,10.7,normal
1697524543.714,47.225,1800.0,2.0,10.7,normal
1697524544.216,46.738,1800.0,4.5,10.7,normal
1697524544.721,46.251,700.0,4.0,10.7,normal
1697524545.226,46.251,600.0,6.9,10.8,normal
1697524545.731,47.225,1100.0,6.9,10.6,normal
1697524546.235,46.738,1800.0,28.7,10.5,normal
1697524546.737,46.738,1800.0,24.3,10.7,normal
1697524547.24,47.225,1800.0,3.5,10.7,normal
1697524547.743,48.199,1800.0,4.0,10.7,normal
1697524548.245,47.225,1800.0,2.0,10.7,normal
1697524548.748,45.764,1800.0,3.5,10.7,normal
1697524549.25,47.712,1800.0,6.5,10.7,normal
1697524549.753,47.225,1800.0,4.5,10.7,normal
1697524550.255,47.225,1800.0,3.5,10.7,normal
1697524550.758,47.712,1800.0,3.5,10.7,normal
1697524551.263,47.225,700.0,5.4,10.7,normal
1697524551.767,47.225,800.0,5.4,10.7,normal
1697524552.271,47.712,1800.0,25.2,10.4,normal
1697524552.773,47.225,1800.0,30.8,10.7,normal
1697524553.276,47.225,1800.0,3.0,10.7,normal
1697524553.778,47.225,1800.0,4.5,10.7,normal
1697524554.281,46.738,1800.0,2.5,10.7,normal
1697524554.783,48.199,1800.0,3.5,10.7,normal
1697524555.286,48.199,1800.0,4.0,10.7,normal
1697524555.788,48.686,1800.0,4.9,10.7,normal
1697524556.291,47.712,1800.0,3.5,10.7,normal
1697524556.794,46.738,1800.0,3.5,10.7,normal
1697524557.299,46.738,600.0,4.9,10.7,normal
1697524557.805,46.251,600.0,5.4,10.7,normal
1697524558.307,47.225,1800.0,18.0,10.3,normal
1697524558.81,47.225,1800.0,37.0,10.7,normal
1697524559.312,47.225,1800.0,2.5,10.7,normal
1697524559.815,47.712,1800.0,4.0,10.7,normal
1697524560.318,47.225,1800.0,4.0,10.7,normal
1697524560.82,47.712,1800.0,4.0,10.7,normal
1697524561.323,47.225,1800.0,4.0,10.7,normal
1697524561.825,48.199,1800.0,4.5,10.7,normal
1697524562.328,46.251,1800.0,2.5,10.7,normal
1697524562.83,47.712,1800.0,3.0,10.7,normal
1697524563.336,46.738,600.0,4.4,10.7,normal
1697524563.841,47.225,700.0,5.4,10.7,normal
1697524564.345,45.764,1100.0,10.6,9.7,normal
1697524564.854,47.225,1800.0,31.6,10.5,normal
1697524565.357,48.199,1800.0,17.5,10.6,normal
1697524565.86,47.225,1800.0,3.5,10.6,normal
1697524566.362,46.738,1800.0,3.0,10.6,normal
1697524566.865,47.225,1800.0,4.0,10.6,normal
1697524567.367,47.712,1800.0,3.0,10.7,normal
1697524567.87,48.199,1800.0,5.0,10.7,normal
1697524568.372,47.225,1800.0,3.0,10.7,normal
1697524568.875,48.199,1800.0,3.0,10.6,normal
1697524569.38,46.738,700.0,3.5,10.7,normal
1697524569.886,45.764,600.0,5.4,10.7,normal
1697524570.389,47.712,1800.0,16.9,10.3,normal
1697524570.892,48.199,1800.0,37.5,10.7,normal
1697524571.394,47.225,1800.0,5.9,10.7,normal
1697524571.897,47.225,1800.0,3.0,10.7,normal
1697524572.399,47.225,1800.0,3.0,10.7,normal
1697524572.902,47.225,1800.0,3.0,10.7,normal
1697524573.405,46.738,1800.0,2.0,10.7,normal
1697524573.907,47.225,1800.0,4.5,10.7,normal
1697524574.41,46.738,1800.0,3.0,10.7,normal
1697524574.912,47.712,1800.0,4.5,10.7,normal
1697524575.418,47.225,700.0,3.5,10.8,normal
1697524575.923,47.225,600.0,5.4,10.8,normal
1697524576.43,46.738,600.0,8.0,10.4,normal
1697524576.933,48.199,1800.0,29.6,10.6,normal
1697524577.436,47.712,1800.0,21.7,10.7,normal
1697524577.939,48.686,1800.0,4.0,10.7,normal
1697524578.441,47.225,1800.0,4.4,10.7,normal
1697524578.944,47.712,1800.0,2.5,10.7,normal
1697524579.446,47.225,1800.0,4.5,10.7,normal
1697524579.949,46.738,1800.0,3.5,10.7,normal
1697524580.451,47.225,1800.0,3.5,10.7,normal
1697524580.954,46.738,1800.0,4.0,10.7,normal
1697524581.459,46.251,700.0,4.5,10.7,normal
1697524581.963,46.738,900.0,4.5,10.7,normal
1697524582.467,47.712,1800.0,13.3,10.0,normal
1697524582.971,47.712,1800.0,31.5,10.6,normal
1697524583.474,46.738,1800.0,16.5,10.7,normal
1697524583.977,47.225,1800.0,3.5,10.7,normal
1697524584.48,47.225,1800.0,2.5,10.7,normal
1697524584.982,47.225,1800.0,4.0,10.7,normal
1697524585.485,46.738,1800.0,3.0,10.7,normal
1697524585.987,46.738,1800.0,4.0,10.7,normal
1697524586.49,47.225,1800.0,4.0,10.7,normal
1697524586.992,47.225,1800.0,3.5,10.7,normal
1697524587.497,47.225,700.0,4.4,10.7,normal
1697524588.001,47.712,1000.0,4.5,10.7,normal
1697524588.507,46.251,800.0,5.0,10.7,normal
1697524589.01,47.225,1800.0,29.6,10.5,normal
1697524589.513,47.225,1800.0,25.0,10.7,normal
1697524590.015,47.225,1800.0,4.5,10.7,normal
1697524590.518,46.738,1800.0,3.5,10.7,normal
1697524591.02,46.251,1800.0,4.0,10.7,normal
1697524591.523,47.712,1800.0,4.5,10.7,normal
1697524592.026,47.225,1800.0,3.5,10.7,normal
1697524592.528,46.738,1800.0,2.5,10.7,normal
1697524593.031,47.712,1800.0,3.0,10.7,normal
1697524593.533,46.738,1800.0,4.5,10.7,normal
1697524594.038,46.251,800.0,3.5,10.8,normal
1697524594.543,46.738,900.0,5.4,10.8,normal
1697524595.046,47.712,1800.0,23.0,10.4,normal
1697524595.548,48.199,1800.0,32.2,10.7,normal
1697524596.051,47.225,1800.0,3.5,10.7,normal
1697524596.554,47.712,1800.0,3.0,10.7,normal
1697524597.056,46.738,1800.0,3.5,10.7,normal
1697524597.559,47.712,1800.0,3.0,10.7,normal
1697524598.061,46.738,1800.0,3.5,10.7,normal
1697524598.564,46.738,1800.0,3.9,10.7,normal
1697524599.066,47.712,1800.0,3.5,10.7,normal
1697524599.569,47.225,1800.0,4.0,10.7,normal
1697524600.074,47.225,600.0,5.4,10.7,normal
1697524600.579,46.251,800.0,5.4,10.7,normal
1697524601.082,46.738,1800.0,16.3,10.3,normal
1697524601.585,47.712,1800.0,38.5,10.7,normal
1697524602.088,47.712,1800.0,5.5,10.7,normal
1697524602.59,47.225,1800.0,3.5,10.7,normal
1697524603.093,48.199,1800.0,3.0,10.7,normal
1697524603.595,46.251,1800.0,4.5,10.7,normal
1697524604.098,47.225,1800.0,3.5,10.7,normal
1697524604.6,47.225,1800.0,3.0,10.7,normal
1697524605.103,47.712,1800.0,4.5,10.7,normal
1697524605.605,46.738,1800.0,2.5,10.7,normal
1697524606.11,46.738,800.0,3.4,10.7,normal
1697524606.615,47.225,800.0,3.0,10.7,normal
1697524607.12,45.764,900.0,7.4,9.6,normal
1697524607.623,47.225,1800.0,26.7,10.5,normal
1697524608.126,48.199,1800.0,22.1,10.6,normal
1697524608.629,46.738,1800.0,1.5,10.6,normal
1697524609.131,47.712,1800.0,3.0,10.6,normal
1697524609.634,47.225,1800.0,5.9,10.7,normal
1697524610.136,47.225,1800.0,5.0,10.7,normal
1697524610.639,48.199,1800.0,2.5,10.7,normal
1697524611.141,46.738,1800.0,4.0,10.7,normal
1697524611.644,47.225,1800.0,3.0,10.7,normal
1697524612.147,47.225,1800.0,4.0,10.7,normal
1697524612.653,45.764,600.0,4.9,10.7,normal
1697524613.158,47.225,900.0,2.5,10.7,normal
1697524613.661,47.712,1800.0,24.4,10.4,normal
1697524614.164,48.199,1800.0,30.3,10.7,normal
1697524614.666,47.712,1800.0,2.5,10.7,normal
1697524615.169,47.712,1800.0,3.5,10.7,normal
1697524615.671,47.225,1800.0,2.5,10.7,normal
1697524616.174,47.712,1800.0,5.0,10.7,normal
1697524616.676,46.738,1800.0,3.5,10.7,normal
1697524617.179,47.712,1800.0,2.5,10.7,normal
1697524617.682,46.738,1800.0,4.9,10.7,normal
1697524618.184,47.712,1800.0,4.0,10.7,normal
1697524618.689,47.712,700.0,4.9,10.7,normal
1697524619.195,46.251,600.0,3.5,10.7,normal
1697524619.698,46.738,1800.0,17.0,10.2,normal
1697524620.201,47.712,1800.0,38.2,10.6,normal
1697524620.704,47.712,1800.0,6.4,10.7,normal
1697524621.206,47.225,1800.0,4.0,10.7,normal
1697524621.709,47.712,1800.0,2.5,10.7,normal
1697524622.211,46.738,1800.0,4.0,10.7,normal
1697524622.714,46.738,1800.0,2.5,10.7,normal
1697524623.216,46.738,1800.0,3.5,10.6,normal
1697524623.719,47.225,1800.0,3.5,10.6,normal
1697524624.222,47.225,1800.0,4.5,10.7,normal
1697524624.726,46.738,800.0,3.0,10.7,normal
1697524625.231,45.764,900.0,6.0,10.7,normal
1697524625.737,46.251,900.0,8.5,9.6,normal
1697524626.24,47.712,1800.0,28.9,10.4,normal
1697524626.743,47.225,1800.0,21.4,10.6,normal
1697524627.245,46.251,1800.0,2.5,10.6,normal
1697524627.748,47.712,1800.0,3.5,10.6,normal
1697524628.25,47.225,1800.0,3.5,10.6,normal
1697524628.753,47.225,1800.0,3.9,10.6,normal
1697524629.255,46.738,1800.0,3.0,10.6,normal
1697524629.758,46.738,1800.0,3.5,10.6,normal
1697524630.26,47.225,1800.0,3.5,10.6,normal
1697524630.763,46.251,1800.0,3.5,10.6,normal
1697524631.267,46.738,900.0,5.4,10.6,normal
1697524631.77,46.738,1800.0,12.9,10.1,normal
1697524632.273,48.199,1800.0,34.0,10.6,normal
1697524632.775,48.199,1800.0,12.0,10.6,normal
1697524633.278,47.225,1800.0,3.5,10.6,normal
1697524633.781,46.251,1800.0,3.5,10.6,normal
1697524634.283,47.225,1800.0,3.0,10.7,normal
1697524634.786,47.225,1800.0,3.0,10.7,normal
1697524635.288,46.738,1800.0,4.0,10.7,normal
1697524635.791,46.738,1800.0,3.0,10.7,normal
1697524636.293,46.251,1800.0,3.0,10.7,normal
1697524636.798,46.251,700.0,4.4,10.7,normal
1697524637.303,45.764,800.0,4.0,10.7,normal
1697524637.807,47.225,900.0,5.9,10.6,normal
1697524638.31,47.712,1800.0,29.7,10.5,normal
1697524638.813,47.712,1800.0,24.5,10.7,normal
1697524639.315,47.225,1800.0,3.5,10.7,normal
1697524639.818,47.225,1800.0,3.5,10.7,normal
1697524640.32,46.251,1800.0,4.5,10.7,normal
1697524640.823,47.712,1800.0,3.5,10.7,normal
1697524641.326,46.251,1800.0,3.5,10.7,normal
1697524641.828,47.225,1800.0,3.5,10.7,normal
1697524642.331,46.738,1800.0,3.0,10.7,normal
1697524642.833,46.738,1800.0,4.5,10.7,normal
1697524643.339,46.738,600.0,5.9,10.7,normal
1697524643.843,47.225,1100.0,10.0,9.7,normal
1697524644.345,47.225,1800.0,28.0,10.6,normal
1697524644.848,46.251,1800.0,21.5,10.7,normal
1697524645.351,47.712,1800.0,4.5,10.7,normal
1697524645.853,47.712,1800.0,4.0,10.7,normal
1697524646.355,46.251,1800.0,2.5,10.7,normal
1697524646.858,46.738,1800.0,2.0,10.7,normal
1697524647.36,48.199,1800.0,1.5,10.7,normal
1697524647.863,46.738,1800.0,4.5,10.7,normal
1697524648.365,46.251,1800.0,3.0,10.7,normal
1697524648.868,47.225,1800.0,3.5,10.7,normal
1697524649.373,46.251,600.0,4.9,10.7,normal
1697524649.878,46.738,900.0,5.9,10.7,normal
1697524650.382,47.225,1800.0,28.2,10.3,normal
1697524650.885,48.199,1800.0,29.0,10.6,normal
1697524651.388,47.712,1800.0,3.5,10.6,normal
1697524651.891,46.251,1800.0,2.5,10.6,normal
1697524652.393,48.199,1800.0,3.5,10.6,normal
1697524652.896,48.199,1800.0,3.5,10.6,normal
1697524653.398,47.225,1800.0,3.0,10.6,normal
1697524653.901,47.225,1800.0,2.5,10.6,normal
1697524654.403,47.712,1800.0,3.5,10.6,normal
1697524654.906,47.225,1800.0,2.5,10.7,normal
1697524655.412,46.738,600.0,3.9,10.7,normal
1697524655.917,46.251,800.0,5.4,10.7,normal
1697524656.419,46.251,1800.0,19.0,10.3,normal
1697524656.922,48.686,1800.0,35.5,10.7,normal
1697524657.425,47.712,1800.0,3.5,10.7,normal
1697524657.927,47.225,1800.0,2.5,10.7,normal
1697524658.43,46.738,1800.0,4.0,10.7,normal
1697524658.933,47.712,1800.0,2.5,10.7,normal
1697524659.436,47.225,1800.0,3.5,10.7,normal
1697524659.939,46.738,1800.0,4.5,10.7,normal
1697524660.441,47.712,1800.0,3.0,10.7,normal
1697524660.944,48.199,1800.0,3.5,10.7,normal
1697524661.449,46.738,600.0,5.4,10.7,normal
1697524661.954,46.251,800.0,6.4,10.7,normal
1697524662.459,47.225,900.0,10.0,9.7,normal
1697524662.961,47.225,1800.0,28.9,10.5,normal
1697524663.464,47.225,1800.0,20.5,10.7,normal
1697524663.967,47.225,1800.0,4.0,10.7,normal
1697524664.469,47.712,1800.0,3.5,10.7,normal
1697524664.972,47.712,1800.0,4.0,10.7,normal
1697524665.474,47.225,1800.0,2.5,10.7,normal
1697524665.977,46.738,1800.0,4.0,10.7,normal
1697524666.479,47.225,1800.0,4.0,10.7,normal
1697524666.982,47.225,1800.0,2.5,10.7,normal
1697524667.487,46.251,700.0,2.0,10.7,normal
1697524667.994,47.712,600.0,4.9,10.7,normal
1697524668.5,46.251,600.0,2.5,10.7,normal
1697524669.004,46.251,1800.0,25.9,10.5,normal
1697524669.506,47.225,1800.0,26.5,10.7,normal
1697524670.009,47.225,1800.0,3.0,10.7,normal
1697524670.511,47.225,1800.0,7.9,10.7,normal
1697524671.014,46.251,1800.0,4.0,10.7,normal
1697524671.516,45.764,1800.0,3.0,10.7,normal
1697524672.019,46.738,1800.0,3.5,10.7,normal
1697524672.522,46.251,1800.0,4.0,10.7,normal
1697524673.024,46.738,1800.0,4.0,10.7,normal
1697524673.527,47.712,1800.0,3.5,10.7,normal
1697524674.031,46.251,900.0,4.4,10.7,normal
1697524674.535,46.738,900.0,7.4,10.5,normal
1697524675.038,48.199,1800.0,30.8,10.5,normal
1697524675.541,47.225,1800.0,23.1,10.7,normal
1697524676.043,47.712,1800.0,3.5,10.7,normal
1697524676.546,47.712,1800.0,4.5,10.7,normal
1697524677.048,48.199,1800.0,3.0,10.7,normal
1697524677.551,46.738,1800.0,4.4,10.7,normal
1697524678.053,47.225,1800.0,3.0,10.7,normal
1697524678.556,46.251,1800.0,3.5,10.7,normal
1697524679.058,47.225,1800.0,4.5,10.7,normal
1697524679.561,46.251,1800.0,3.0,10.7,normal
1697524680.064,47.225,1200.0,6.9,10.7,normal
1697524680.568,46.738,1200.0,10.1,9.7,normal
1697524681.072,46.738,1800.0,29.9,10.5,normal
1697524681.577,46.738,1800.0,19.9,10.7,normal
1697524682.08,47.712,1800.0,3.5,10.7,normal
1697524682.582,47.225,1800.0,3.0,10.7,normal
1697524683.085,46.251,1800.0,4.0,10.7,normal
1697524683.587,46.738,1800.0,4.0,10.7,normal
1697524684.09,46.738,1800.0,3.5,10.7,normal
1697524684.592,47.225,1800.0,2.5,10.7,normal
1697524685.095,47.225,1800.0,5.4,10.7,normal
1697524685.6,46.738,700.0,3.5,10.7,normal
1697524686.105,47.712,825.0,4.5,10.7,normal
1697524686.608,47.712,1800.0,15.0,10.2,normal
1697524687.111,48.199,1800.0,37.2,10.6,normal
1697524687.613,46.251,1800.0,6.0,10.7,normal
1697524688.116,46.738,1800.0,3.0,10.7,normal
1697524688.618,47.225,1800.0,4.4,10.7,normal
1697524689.121,46.251,1800.0,4.5,10.7,normal
1697524689.623,47.225,1800.0,3.0,10.7,normal
1697524690.126,46.738,1800.0,4.0,10.7,normal
1697524690.628,46.738,1800.0,3.0,10.7,normal
1697524691.131,46.738,1800.0,4.9,10.7,normal
1697524691.636,45.764,600.0,4.0,10.7,normal
1697524692.142,46.251,800.0,4.0,10.7,normal
1697524692.646,46.251,900.0,8.9,9.6,normal
1697524693.149,48.199,1800.0,28.1,10.5,normal
1697524693.651,47.225,1800.0,21.5,10.7,normal
1697524694.154,47.225,1800.0,3.5,10.7,normal
1697524694.656,47.225,1800.0,4.0,10.7,normal
1697524695.159,46.738,1800.0,5.0,10.7,normal
1697524695.661,47.712,1800.0,2.5,10.7,normal
1697524696.164,46.251,1800.0,2.5,10.7,normal
1697524696.667,47.225,1800.0,3.0,10.7,normal
1697524697.169,47.225,1800.0,2.5,10.7,normal
1697524697.672,46.251,1800.0,1.5,10.7,normal
1697524698.177,46.251,600.0,4.0,10.7,normal
1697524698.683,46.251,600.0,4.9,10.7,normal
1697524699.187,46.738,1800.0,25.9,10.5,normal
1697524699.69,47.712,1800.0,27.5,10.7,normal
1697524700.192,48.199,1800.0,4.9,10.7,normal
1697524700.695,47.712,1800.0,3.5,10.7,normal
1697524701.197,47.712,1800.0,3.5,10.7,normal
1697524701.7,46.738,1800.0,3.0,10.7,normal
1697524702.202,46.738,1800.0,3.0,10.7,normal
1697524702.705,46.738,1800.0,2.5,10.7,normal
1697524703.207,47.225,1800.0,4.5,10.7,normal
1697524703.71,46.738,1800.0,3.0,10.7,normal
1697524704.215,47.225,600.0,4.5,10.7,normal
1697524704.721,46.251,600.0,5.4,10.7,normal
1697524705.224,46.738,1800.0,21.4,10.3,normal
1697524705.727,47.225,1800.0,35.0,10.7,normal
1697524706.229,47.712,1800.0,3.5,10.7,normal
1697524706.732,46.738,1800.0,4.5,10.7,normal
1697524707.235,46.738,1800.0,4.0,10.7,normal
1697524707.737,47.225,1800.0,2.5,10.7,normal
1697524708.24,47.225,1800.0,3.5,10.7,normal
1697524708.742,47.225,1800.0,3.0,10.7,normal
1697524709.245,46.251,1800.0,4.0,10.7,normal
1697524709.747,47.225,1800.0,4.4,10.7,normal
1697524710.253,46.738,600.0,4.5,10.7,normal
1697524710.757,46.738,800.0,4.0,10.7,normal
1697524711.26,47.712,1800.0,12.0,10.1,normal
1697524711.764,47.712,1800.0,35.6,10.7,normal
1697524712.266,48.199,1800.0,10.9,10.7,normal
1697524712.769,48.199,1800.0,3.5,10.7,normal
1697524713.272,48.199,1800.0,4.0,10.7,normal
1697524713.774,46.738,1800.0,4.5,10.7,normal
1697524714.277,46.738,1800.0,3.0,10.7,normal
1697524714.779,46.738,1800.0,3.5,10.7,normal
1697524715.282,46.738,1800.0,4.0,10.7,normal
1697524715.784,47.225,1800.0,4.5,10.7,normal
1697524716.289,47.225,700.0,3.5,10.7,normal
1697524716.793,47.225,800.0,5.0,10.7,normal
1697524717.299,45.277,700.0,6.4,10.6,normal
1697524717.802,46.738,1800.0,29.9,10.5,normal
1697524718.305,47.712,1800.0,22.6,10.6,normal
1697524718.807,46.738,1800.0,4.0,10.7,normal
1697524719.31,47.225,1800.0,3.5,10.7,normal
1697524719.812,46.738,1800.0,3.0,10.7,normal
1697524720.315,46.251,1800.0,5.0,10.7,normal
1697524720.818,46.738,1800.0,3.0,10.7,normal
1697524721.32,46.738,1800.0,3.5,10.7,normal
1697524721.823,47.225,1800.0,3.0,10.7,normal
1697524722.326,46.738,1800.0,5.4,10.7,normal
1697524722.831,46.738,800.0,3.5,10.7,normal
1697524723.335,46.251,800.0,4.5,10.7,normal
1697524723.838,46.251,1800.0,23.8,10.4,normal
1697524724.341,47.712,1800.0,31.5,10.7,normal
1697524724.843,47.712,1800.0,3.0,10.7,normal
1697524725.346,46.738,1800.0,5.0,10.7,normal
1697524725.848,46.251,1800.0,2.5,10.7,normal
1697524726.351,47.712,1800.0,3.5,10.7,normal
1697524726.854,46.738,1800.0,2.0,10.7,normal
1697524727.356,46.251,1800.0,2.0,10.7,normal
1697524727.859,47.712,1800.0,2.5,10.7,normal
1697524728.361,46.738,1800.0,2.0,10.7,normal
1697524728.867,45.764,600.0,6.5,10.7,normal
1697524729.371,46.738,800.0,5.9,10.7,normal
1697524729.874,47.225,1800.0,17.0,10.1,normal
1697524730.377,48.686,1800.0,38.8,10.6,normal
1697524730.88,47.712,1800.0,5.0,10.6,normal
1697524731.383,46.738,1800.0,3.9,10.7,normal
1697524731.886,47.225,1800.0,2.5,10.7,normal
1697524732.388,47.225,1800.0,4.5,10.7,normal
1697524732.891,47.712,1800.0,4.5,10.7,normal
1697524733.393,47.225,1800.0,3.0,10.7,normal
1697524733.896,47.712,1800.0,3.5,10.7,normal
1697524734.398,47.712,1800.0,3.0,10.7,normal
1697524734.905,46.738,600.0,5.0,10.7,normal
1697524735.411,47.225,700.0,6.9,10.7,normal
1697524735.913,46.738,1800.0,10.0,9.6,normal
1697524736.416,48.199,1800.0,27.8,10.5,normal
1697524736.919,47.712,1800.0,20.4,10.6,normal
1697524737.421,46.738,1800.0,3.5,10.7,normal
1697524737.924,47.712,1800.0,3.0,10.7,normal
1697524738.427,46.738,1800.0,1.5,10.7,normal
1697524738.929,47.225,1800.0,3.5,10.7,normal
1697524739.432,47.712,1800.0,1.0,10.7,normal
1697524739.934,47.712,1800.0,4.5,10.7,normal
1697524740.437,47.712,1800.0,4.5,10.7,normal
1697524740.942,47.712,700.0,3.0,10.7,normal
1697524741.446,47.225,900.0,6.9,10.7,normal
1697524741.949,48.199,1800.0,13.9,10.2,normal
1697524742.453,48.199,1800.0,35.5,10.6,normal
1697524742.955,47.225,1800.0,9.4,10.7,normal
1697524743.458,46.738,1800.0,3.5,10.7,normal
1697524743.961,47.225,1800.0,4.0,10.7,normal
1697524744.463,47.225,1800.0,3.0,10.7,normal
1697524744.966,47.225,1800.0,3.5,10.7,normal
1697524745.468,46.738,1800.0,4.0,10.7,normal
1697524745.971,46.738,1800.0,2.5,10.7,normal
1697524746.475,47.225,1800.0,4.4,10.7,normal
1697524746.98,45.764,700.0,4.5,10.7,normal
1697524747.485,46.738,700.0,4.9,10.7,normal
1697524747.987,47.225,1800.0,17.9,10.2,normal
1697524748.49,49.173,1800.0,37.5,10.6,normal
1697524748.993,48.199,1800.0,3.5,10.7,normal
1697524749.495,48.199,1800.0,4.5,10.7,normal
1697524749.998,47.712,1800.0,4.5,10.7,normal
1697524750.5,45.764,1800.0,3.0,10.7,normal
1697524751.003,46.251,1800.0,3.5,10.7,normal
1697524751.506,46.251,1800.0,4.9,10.7,normal
1697524752.008,46.738,1800.0,4.0,10.7,normal
1697524752.511,47.712,1800.0,3.5,10.7,normal
1697524753.015,46.738,900.0,5.0,10.7,normal
1697524753.519,45.764,1000.0,4.5,10.7,normal
1697524754.022,46.738,1200.0,9.5,9.6,normal
1697524754.526,47.712,1800.0,29.2,10.6,normal
1697524755.029,46.738,1800.0,22.9,10.7,normal
1697524755.531,46.738,1800.0,3.5,10.7,normal
1697524756.034,46.251,1800.0,3.5,10.7,normal
1697524756.536,46.738,1800.0,3.5,10.7,normal
1697524757.039,47.712,1800.0,4.5,10.7,normal
1697524757.541,48.199,1800.0,3.5,10.7,normal
1697524758.044,47.712,1800.0,3.5,10.7,normal
1697524758.547,46.251,1800.0,3.0,10.7,normal
1697524759.049,47.225,1800.0,3.5,10.7,normal
1697524759.553,46.738,900.0,4.5,10.7,normal
1697524760.057,46.738,1100.0,6.4,10.7,normal
1697524760.56,48.199,1800.0,24.0,10.4,normal
1697524761.063,47.712,1800.0,31.0,10.7,normal
1697524761.566,46.738,1800.0,3.0,10.7,normal
1697524762.068,48.199,1800.0,3.0,10.7,normal
1697524762.571,47.225,1800.0,4.4,10.7,normal
1697524763.073,47.225,1800.0,3.0,10.7,normal
1697524763.576,46.251,1800.0,3.5,10.7,normal
1697524764.078,47.225,1800.0,3.5,10.7,normal
1697524764.581,47.225,1800.0,3.5,10.7,normal
1697524765.084,45.764,1800.0,4.0,10.7,normal
1697524765.588,47.712,800.0,3.5,10.7,normal
1697524766.093,46.251,700.0,5.0,10.7,normal
1697524766.595,47.712,1800.0,29.7,10.4,normal
1697524767.098,47.225,1800.0,26.9,10.6,normal
1697524767.601,47.712,1800.0,3.0,10.6,normal
1697524768.103,46.738,1800.0,4.0,10.6,normal
1697524768.606,46.738,1800.0,3.5,10.6,normal
1697524769.108,47.712,1800.0,3.5,10.6,normal
1697524769.611,47.712,1800.0,3.0,10.6,normal
1697524770.113,47.225,1800.0,4.4,10.6,normal
1697524770.616,47.225,1800.0,1.0,10.6,normal
1697524771.119,46.251,1800.0,2.0,10.6,normal
1697524771.624,47.225,600.0,7.4,10.6,normal
1697524772.128,45.764,1100.0,8.5,9.7,normal
1697524772.631,47.712,1800.0,28.7,10.6,normal
1697524773.134,47.225,1800.0,22.1,10.7,normal
1697524773.637,47.712,1800.0,4.4,10.7,normal
1697524774.139,46.738,1800.0,3.5,10.7,normal
1697524774.642,46.738,1800.0,4.5,10.7,normal
1697524775.144,46.738,1800.0,4.5,10.7,normal
1697524775.647,46.251,1800.0,3.4,10.7,normal
1697524776.15,47.225,1800.0,3.5,10.7,normal
1697524776.652,47.225,1800.0,3.0,10.7,normal
1697524777.155,46.251,1800.0,3.5,10.7,normal
1697524777.66,46.738,600.0,5.0,10.7,normal
1697524778.166,47.225,600.0,4.5,10.7,normal
1697524778.669,47.225,1800.0,23.9,10.4,normal
1697524779.173,47.225,1800.0,31.7,10.7,normal
1697524779.675,47.225,1800.0,3.0,10.7,normal
1697524780.178,47.712,1800.0,3.0,10.7,normal
1697524780.68,46.738,1800.0,2.0,10.7,normal
1697524781.183,46.251,1800.0,4.0,10.7,normal
1697524781.685,47.225,1800.0,3.5,10.7,normal
1697524782.188,47.712,1800.0,4.0,10.7,normal
1697524782.69,46.251,1800.0,3.0,10.7,normal
1697524783.193,46.251,1800.0,3.5,10.7,normal
1697524783.698,46.738,600.0,4.9,10.7,normal
1697524784.204,47.225,600.0,4.4,10.6,normal
1697524784.707,47.225,1800.0,27.5,10.5,normal
1697524785.21,48.199,1800.0,27.9,10.7,normal
1697524785.712,46.738,1800.0,2.0,10.7,normal
1697524786.215,47.225,1800.0,3.5,10.7,normal
1697524786.718,47.712,1800.0,2.5,10.7,normal
1697524787.221,48.199,1800.0,3.0,10.7,normal
1697524787.723,46.251,1800.0,1.0,10.7,normal
1697524788.226,46.251,1800.0,2.5,10.7,normal
1697524788.728,47.712,1800.0,5.4,10.7,normal
1697524789.231,46.738,1800.0,4.5,10.7,normal
1697524789.736,46.738,600.0,2.5,10.7,normal
1697524790.247,45.764,600.0,2.0,10.7,normal
1697524790.75,45.764,1800.0,17.0,10.3,normal
1697524791.253,46.251,1800.0,32.5,10.7,normal
1697524791.755,47.712,1800.0,6.0,10.7,normal
1697524792.258,47.225,1800.0,2.0,10.7,normal
1697524792.76,46.251,1800.0,1.5,10.7,normal
1697524793.263,47.225,1800.0,4.5,10.7,normal
1697524793.766,46.738,1800.0,4.0,10.7,normal
1697524794.268,47.225,1800.0,4.0,10.7,normal
1697524794.771,47.225,1800.0,3.0,10.7,normal
1697524795.273,46.251,1800.0,4.5,10.7,normal
1697524795.779,46.738,600.0,4.5,10.7,normal
1697524796.284,46.738,700.0,4.4,10.7,normal
1697524796.787,47.225,1800.0,26.6,10.4,normal
1697524797.29,47.225,1800.0,29.4,10.7,normal
1697524797.792,47.712,1800.0,3.0,10.7,normal
1697524798.295,46.738,1800.0,3.5,10.7,normal
1697524798.798,47.712,1800.0,3.0,10.7,normal
1697524799.3,46.251,1800.0,2.5,10.7,normal
1697524799.803,47.225,1800.0,5.0,10.7,normal
1697524800.305,47.225,1800.0,5.0,10.7,normal
1697524800.808,46.738,1800.0,1.5,10.7,normal
1697524801.31,47.225,1800.0,4.0,10.7,normal
1697524801.815,47.225,700.0,4.0,10.7,normal
1697524802.321,46.738,600.0,5.9,10.6,normal
1697524802.824,47.225,1800.0,29.4,10.4,normal
1697524803.327,47.712,1800.0,24.2,10.6,normal
1697524803.83,47.225,1800.0,4.9,10.6,normal
1697524804.332,47.712,1800.0,3.0,10.6,normal
1697524804.835,47.225,1800.0,3.4,10.6,normal
1697524805.337,47.225,1800.0,4.0,10.6,normal
1697524805.84,47.225,1800.0,3.5,10.6,normal
1697524806.343,47.712,1800.0,3.0,10.6,normal
1697524806.845,47.712,1800.0,3.5,10.6,normal
1697524807.348,46.738,1800.0,3.5,10.6,normal
1697524807.852,45.764,700.0,5.9,10.6,normal
1697524808.357,46.738,700.0,3.9,10.6,normal
1697524808.86,47.225,1800.0,24.3,10.4,normal
1697524809.363,48.199,1800.0,28.8,10.6,normal
1697524809.865,47.225,1800.0,5.0,10.6,normal
1697524810.368,48.199,1800.0,4.0,10.6,normal
1697524810.87,47.712,1800.0,3.0,10.6,normal
1697524811.373,46.738,1800.0,4.5,10.6,normal
1697524811.876,46.738,1800.0,3.5,10.6,normal
1697524812.379,47.225,1800.0,3.5,10.6,normal
1697524812.881,47.712,1800.0,4.0,10.6,normal
1697524813.384,46.738,1800.0,2.5,10.6,normal
1697524813.889,46.738,700.0,4.0,10.6,normal
1697524814.397,46.251,800.0,3.9,10.6,normal
1697524814.9,46.251,1800.0,18.4,10.3,normal
1697524815.406,47.712,1800.0,37.9,10.7,normal
1697524815.909,46.738,1800.0,4.0,10.7,normal
1697524816.411,47.225,1800.0,3.0,10.7,normal
1697524816.914,47.712,1800.0,4.5,10.7,normal
1697524817.416,47.712,1800.0,3.5,10.7,normal
1697524817.919,46.738,1800.0,3.5,10.7,normal
1697524818.422,48.199,1800.0,4.4,10.7,normal
1697524818.924,47.712,1800.0,3.0,10.7,normal
1697524819.427,47.225,1800.0,3.0,10.7,normal
1697524819.93,47.225,1000.0,5.9,10.7,normal
1697524820.436,47.225,600.0,5.0,10.7,normal
1697524820.94,47.712,1800.0,11.4,9.8,normal
1697524821.444,48.199,1800.0,30.2,10.6,normal
1697524821.947,47.712,1800.0,17.1,10.7,normal
1697524822.45,46.738,1800.0,3.0,10.7,normal
1697524822.952,47.225,1800.0,2.0,10.7,normal
1697524823.455,46.738,1800.0,3.0,10.7,normal
1697524823.957,46.251,1800.0,2.5,10.7,normal
1697524824.46,47.225,1800.0,3.5,10.7,normal
1697524824.963,47.225,1800.0,4.0,10.7,normal
1697524825.465,46.251,1800.0,4.0,10.7,normal
1697524825.97,46.738,700.0,4.9,10.7,normal
1697524826.473,45.764,1200.0,5.0,10.7,normal
1697524826.978,46.738,725.0,6.4,10.7,normal
1697524827.482,46.251,1800.0,26.9,10.5,normal
1697524827.985,47.225,1800.0,26.6,10.7,normal
1697524828.487,47.712,1800.0,4.0,10.7,normal
1697524828.99,47.225,1800.0,3.5,10.7,normal
1697524829.492,48.199,1800.0,3.0,10.7,normal
1697524829.995,46.738,1800.0,4.5,10.7,normal
1697524830.497,46.738,1800.0,4.0,10.7,normal
1697524831.0,46.738,1800.0,3.5,10.7,normal
1697524831.502,46.738,1800.0,3.5,10.7,normal
1697524832.005,47.225,1800.0,2.5,10.7,normal
1697524832.508,46.738,1000.0,5.0,10.7,normal
1697524833.012,46.738,1800.0,7.4,10.2,normal
1697524833.515,47.712,1800.0,27.9,10.6,normal
1697524834.019,47.225,1800.0,21.2,10.7,normal
1697524834.522,47.712,1800.0,3.5,10.7,normal
1697524835.024,48.199,1800.0,5.9,10.7,normal
1697524835.527,47.225,1800.0,3.5,10.7,normal
1697524836.03,46.251,1800.0,3.0,10.7,normal
1697524836.532,47.225,1800.0,3.0,10.7,normal
1697524837.035,47.225,1800.0,4.0,10.7,normal
1697524837.537,46.738,1800.0,3.5,10.7,normal
1697524838.042,47.225,700.0,4.4,10.7,normal
1697524838.546,46.738,1000.0,5.4,10.7,normal
1697524839.05,46.738,900.0,5.4,10.7,normal
1697524839.554,47.712,1800.0,25.1,10.5,normal
1697524840.056,48.199,1800.0,29.4,10.7,normal
1697524840.559,47.225,1800.0,3.0,10.7,normal
1697524841.062,47.712,1800.0,4.4,10.7,normal
1697524841.564,47.225,1800.0,3.0,10.7,normal
1697524842.067,47.225,1800.0,4.4,10.7,normal
1697524842.569,47.225,1800.0,3.5,10.7,normal
1697524843.072,47.712,1800.0,2.5,10.7,normal
1697524843.574,47.712,1800.0,3.5,10.7,normal
1697524844.077,47.225,1800.0,3.5,10.7,normal
1697524844.581,46.251,800.0,4.5,10.7,normal
1697524845.086,46.738,800.0,6.9,10.7,normal
1697524845.589,47.712,1800.0,18.6,10.3,normal
1697524846.091,47.712,1800.0,34.5,10.6,normal
1697524846.594,47.225,1800.0,1.5,10.7,normal
1697524847.096,46.251,1800.0,2.0,10.7,normal
1697524847.599,47.225,1800.0,3.0,10.7,normal
1697524848.102,46.738,1800.0,0.5,10.7,normal
1697524848.604,46.738,1800.0,5.4,10.7,normal
1697524849.107,46.738,1800.0,5.4,10.7,normal
1697524849.609,47.225,1800.0,3.5,10.7,normal
1697524850.112,46.738,1800.0,5.0,10.7,normal
1697524850.617,46.738,600.0,5.0,10.7,normal
1697524851.123,46.738,600.0,5.9,10.7,normal
1697524851.626,47.225,1800.0,13.4,10.3,normal
1697524852.129,47.712,1800.0,38.3,10.7,normal
1697524852.631,47.225,1800.0,6.5,10.7,normal
1697524853.134,47.712,1800.0,3.5,10.7,normal
1697524853.636,47.225,1800.0,3.0,10.7,normal
1697524854.139,46.738,1800.0,4.0,10.7,normal
1697524854.641,46.738,1800.0,3.0,10.7,normal
1697524855.144,46.251,1800.0,4.9,10.7,normal
1697524855.647,46.251,1800.0,3.5,10.7,normal
1697524856.149,47.225,1800.0,4.0,10.7,normal
1697524856.654,47.225,800.0,3.5,10.7,normal
1697524857.159,47.712,800.0,4.4,10.7,normal
1697524857.666,45.764,600.0,6.0,10.7,normal
1697524858.169,47.712,1800.0,28.4,10.5,normal
1697524858.671,47.712,1800.0,23.5,10.7,normal
1697524859.174,47.712,1800.0,3.5,10.7,normal
1697524859.676,47.225,1800.0,3.0,10.7,normal
1697524860.179,47.712,1800.0,4.9,10.7,normal
1697524860.681,47.225,1800.0,4.0,10.7,normal
1697524861.184,47.712,1800.0,4.0,10.7,normal
1697524861.687,47.712,1800.0,3.5,10.7,normal
1697524862.189,47.712,1800.0,2.5,10.7,normal
1697524862.692,46.738,1800.0,3.5,10.7,normal
1697524863.198,46.738,600.0,4.4,10.7,normal
1697524863.704,47.225,600.0,3.5,10.7,normal
1697524864.208,46.738,1800.0,22.9,10.4,normal
1697524864.71,48.199,1800.0,31.0,10.7,normal
1697524865.213,47.712,1800.0,3.0,10.7,normal
1697524865.715,47.225,1800.0,3.0,10.7,normal
1697524866.218,47.225,1800.0,3.0,10.7,normal
1697524866.72,47.225,1800.0,2.5,10.7,normal
1697524867.223,46.251,1800.0,4.4,10.7,normal
1697524867.725,46.738,1800.0,2.5,10.7,normal
1697524868.228,47.225,1800.0,3.5,10.7,normal
1697524868.731,48.199,1800.0,4.0,10.7,normal
1697524869.236,47.225,600.0,5.0,10.7,normal
1697524869.742,47.712,600.0,5.4,10.7,normal
1697524870.245,46.738,1800.0,28.4,10.4,normal
1697524870.748,47.225,1800.0,27.0,10.6,normal
1697524871.25,46.738,1800.0,4.0,10.6,normal
1697524871.753,46.738,1800.0,3.0,10.6,normal
1697524872.256,46.738,1800.0,2.5,10.6,normal
1697524872.758,47.712,1800.0,2.5,10.6,normal
1697524873.261,47.712,1800.0,4.5,10.6,normal
1697524873.763,47.225,1800.0,3.0,10.6,normal
1697524874.266,47.225,1800.0,3.5,10.6,normal
1697524874.768,45.764,1800.0,3.0,10.6,normal
1697524875.274,45.764,600.0,5.9,10.6,normal
1697524875.779,46.251,600.0,4.9,10.6,normal
1697524876.282,47.225,1800.0,19.2,10.2,normal
1697524876.785,47.225,1800.0,35.8,10.6,normal
1697524877.288,46.738,1800.0,4.0,10.7,normal
1697524877.79,46.738,1800.0,3.5,10.7,normal
1697524878.293,47.225,1800.0,4.0,10.7,normal
1697524878.795,47.225,1800.0,3.5,10.7,normal
1697524879.298,47.712,1800.0,4.0,10.7,normal
1697524879.8,47.712,1800.0,3.0,10.7,normal
1697524880.303,48.199,1800.0,4.0,10.7,normal
1697524880.805,46.251,1800.0,4.0,10.7,normal
1697524881.311,46.738,600.0,4.9,10.7,normal
1697524881.816,47.225,700.0,4.0,10.7,normal
1697524882.319,47.225,1800.0,14.4,10.1,normal
1697524882.823,48.199,1800.0,33.8,10.6,normal
1697524883.326,46.738,1800.0,12.4,10.6,normal
1697524883.829,46.738,1800.0,2.0,10.6,normal
1697524884.331,47.225,1800.0,3.0,10.6,normal
1697524884.834,46.738,1800.0,3.5,10.7,normal
1697524885.336,47.712,1800.0,5.0,10.7,normal
1697524885.839,46.738,1800.0,3.5,10.7,normal
1697524886.341,47.225,1800.0,3.0,10.7,normal
1697524886.844,47.712,1800.0,4.5,10.7,normal
1697524887.349,46.251,700.0,4.4,10.7,normal
1697524887.854,46.738,600.0,5.0,10.7,normal
1697524888.361,46.251,600.0,5.9,10.6,normal
1697524888.863,47.712,1800.0,29.0,10.4,normal
1697524889.366,47.225,1800.0,26.0,10.6,normal
1697524889.868,47.225,1800.0,3.0,10.6,normal
1697524890.371,47.225,1800.0,4.5,10.7,normal
1697524890.874,46.738,1800.0,1.5,10.7,normal
1697524891.376,46.738,1800.0,3.5,10.7,normal
1697524891.879,46.251,1800.0,4.9,10.7,normal
1697524892.382,46.738,1800.0,4.0,10.7,normal
1697524892.885,47.225,1800.0,3.5,10.7,normal
1697524893.387,45.764,1800.0,3.9,10.7,normal
1697524893.893,46.251,600.0,4.5,10.7,normal
1697524894.398,47.225,800.0,5.9,10.7,normal
1697524894.901,47.712,1800.0,22.5,10.3,normal
1697524895.404,47.225,1800.0,30.7,10.7,normal
1697524895.907,47.712,1800.0,4.5,10.7,normal
1697524896.409,46.738,1800.0,3.0,10.7,normal
1697524896.912,47.225,1800.0,3.5,10.7,normal
1697524897.415,47.712,1800.0,3.0,10.7,normal
1697524897.917,47.712,1800.0,4.5,10.7,normal
1697524898.42,46.738,1800.0,3.5,10.7,normal
1697524898.922,46.738,1800.0,3.5,10.7,normal
1697524899.425,46.738,1800.0,4.0,10.7,normal
1697524899.928,46.738,1100.0,5.4,10.7,normal
1697524900.433,46.738,800.0,5.0,10.7,normal
1697524900.936,46.738,1800.0,16.5,10.2,normal
1697524901.438,47.225,1800.0,38.3,10.6,normal
1697524901.941,47.225,1800.0,6.5,10.7,normal
1697524902.444,47.712,1800.0,3.5,10.7,normal
1697524902.946,46.251,1800.0,3.5,10.7,normal
1697524903.449,48.199,1800.0,3.5,10.7,normal
1697524903.951,47.712,1800.0,3.9,10.7,normal
1697524904.454,46.738,1800.0,3.5,10.7,normal
1697524904.957,46.738,1800.0,2.0,10.7,normal
1697524905.46,45.764,1800.0,3.5,10.7,normal
1697524905.962,47.225,1800.0,2.0,10.7,normal
1697524906.467,46.738,800.0,4.5,10.7,normal
1697524906.974,46.251,600.0,4.0,10.6,normal
1697524907.478,47.225,1800.0,25.7,10.5,normal
1697524907.981,47.225,1800.0,20.6,10.6,normal
1697524908.483,47.712,1800.0,4.0,10.6,normal
1697524908.986,47.225,1800.0,5.9,10.6,normal
1697524909.488,46.251,1800.0,1.0,10.6,normal
1697524909.991,46.738,1800.0,3.0,10.6,normal
1697524910.494,48.199,1800.0,1.0,10.6,normal
1697524910.996,47.712,1800.0,1.0,10.6,normal
1697524911.499,46.738,1800.0,7.0,10.6,normal
1697524912.001,47.712,1800.0,4.0,10.6,normal
1697524912.505,47.225,900.0,4.0,10.6,normal
1697524913.009,46.738,1800.0,12.0,9.8,normal
1697524913.513,46.251,1800.0,31.5,10.6,normal
1697524914.016,47.712,1800.0,16.0,10.7,normal
1697524914.518,47.225,1800.0,2.5,10.7,normal
1697524915.021,47.225,1800.0,4.9,10.7,normal
1697524915.523,46.251,1800.0,2.5,10.7,normal
1697524916.026,47.225,1800.0,4.5,10.7,normal
1697524916.528,47.225,1800.0,2.5,10.7,normal
1697524917.031,46.251,1800.0,4.5,10.7,normal
1697524917.534,46.251,1800.0,3.5,10.7,normal
1697524918.039,47.712,700.0,4.0,10.7,normal
1697524918.544,46.738,700.0,4.4,10.7,normal
1697524919.047,47.712,1800.0,15.5,10.2,normal
1697524919.549,48.199,1800.0,36.2,10.6,normal
1697524920.052,47.225,1800.0,7.0,10.7,normal
1697524920.555,47.225,1800.0,3.0,10.7,normal
1697524921.057,46.738,1800.0,4.0,10.7,normal
1697524921.56,46.738,1800.0,4.0,10.7,normal
1697524922.063,46.738,1800.0,5.0,10.7,normal
1697524922.566,46.738,1800.0,3.0,10.7,normal
1697524923.068,47.225,1800.0,3.5,10.7,normal
1697524923.571,47.225,1800.0,3.5,10.7,normal
1697524924.076,46.251,700.0,3.5,10.7,normal
1697524924.581,46.738,800.0,5.0,10.7,normal
1697524925.083,46.738,1800.0,21.8,10.3,normal
1697524925.586,46.738,1800.0,35.0,10.7,normal
1697524926.089,47.225,1800.0,2.0,10.7,normal
1697524926.591,46.738,1800.0,3.5,10.7,normal
1697524927.094,48.199,1800.0,4.5,10.7,normal
1697524927.596,47.225,1800.0,3.0,10.7,normal
1697524928.099,46.251,1800.0,2.5,10.7,normal
1697524928.602,47.225,1800.0,3.9,10.7,normal
1697524929.104,46.251,1800.0,4.0,10.7,normal
1697524929.607,47.225,1800.0,4.0,10.7,normal
1697524930.112,46.738,800.0,4.5,10.7,normal
1697524930.617,46.251,600.0,4.5,10.7,normal
1697524931.12,46.251,1800.0,24.9,10.4,normal
1697524931.623,46.251,1800.0,31.3,10.7,normal
1697524932.125,47.712,1800.0,3.5,10.7,normal
1697524932.628,46.738,1800.0,3.0,10.7,normal
1697524933.13,46.738,1800.0,4.9,10.7,normal
1697524933.633,47.712,1800.0,3.0,10.7,normal
1697524934.135,47.712,1800.0,3.5,10.7,normal
1697524934.638,47.225,1800.0,3.0,10.7,normal
1697524935.141,47.225,1800.0,4.5,10.7,normal
1697524935.643,46.738,1800.0,3.5,10.7,normal
1697524936.149,47.712,600.0,3.9,10.7,normal
1697524936.654,46.738,600.0,5.0,10.7,normal
1697524937.158,47.225,1800.0,28.9,10.5,normal
1697524937.66,46.251,1800.0,27.4,10.7,normal
1697524938.163,47.712,1800.0,3.5,10.7,normal
1697524938.665,47.712,1800.0,2.5,10.7,normal
1697524939.168,46.738,1800.0,4.5,10.7,normal
1697524939.671,47.712,1800.0,3.5,10.7,normal
1697524940.173,46.738,1800.0,4.5,10.7,normal
1697524940.676,47.712,1800.0,2.5,10.7,normal
1697524941.178,46.251,1800.0,3.5,10.7,normal
1697524941.681,48.199,1800.0,4.0,10.7,normal
1697524942.186,46.251,600.0,4.0,10.7,normal
1697524942.692,46.738,600.0,7.9,10.5,normal
1697524943.196,48.199,1800.0,28.0,10.5,normal
1697524943.698,47.225,1800.0,22.5,10.7,normal
1697524944.201,47.712,1800.0,4.4,10.7,normal
1697524944.703,46.738,1800.0,3.0,10.7,normal
1697524945.206,47.712,1800.0,4.0,10.7,normal
1697524945.709,47.225,1800.0,4.5,10.7,normal
1697524946.211,46.738,1800.0,3.5,10.7,normal
1697524946.714,47.225,1800.0,3.0,10.7,normal
1697524947.216,48.686,1800.0,3.0,10.7,normal
1697524947.721,46.738,700.0,2.0,10.7,normal
1697524948.227,47.225,600.0,4.9,10.7,normal
1697524948.733,47.225,600.0,3.0,10.7,normal
1697524949.235,46.738,1800.0,24.4,10.4,normal
1697524949.738,46.738,1800.0,29.3,10.6,normal
1697524950.241,46.738,1800.0,4.5,10.6,normal
1697524950.743,46.738,1800.0,4.0,10.6,normal
1697524951.246,47.225,1800.0,4.0,10.6,normal
1697524951.748,47.225,1800.0,2.5,10.7,normal
1697524952.251,47.225,1800.0,4.5,10.7,normal
1697524952.753,46.738,1800.0,3.0,10.7,normal
1697524953.256,47.712,1800.0,3.0,10.7,normal
1697524953.759,47.225,1800.0,3.5,10.7,normal
1697524954.264,45.764,600.0,4.5,10.7,normal
1697524954.77,47.225,600.0,4.5,10.7,normal
1697524955.273,47.712,1800.0,19.0,10.2,normal
1697524955.775,48.199,1800.0,36.5,10.7,normal
1697524956.278,47.225,1800.0,4.0,10.7,normal
1697524956.78,46.738,1800.0,3.0,10.7,normal
1697524957.283,46.251,1800.0,3.5,10.7,normal
1697524957.785,47.225,1800.0,3.0,10.7,normal
1697524958.288,46.251,1800.0,3.5,10.7,normal
1697524958.791,46.738,1800.0,4.0,10.7,normal
1697524959.293,47.225,1800.0,2.5,10.7,normal
1697524959.796,47.225,1800.0,3.0,10.7,normal
1697524960.301,47.225,600.0,4.4,10.7,normal
1697524960.807,46.738,600.0,6.4,10.7,normal
1697524961.31,47.712,1800.0,23.1,10.3,normal
1697524961.812,47.225,1800.0,31.7,10.7,normal
1697524962.315,47.712,1800.0,3.5,10.7,normal
1697524962.817,46.251,1800.0,4.0,10.7,normal
1697524963.32,46.251,1800.0,3.5,10.7,normal
1697524963.823,46.251,1800.0,3.5,10.7,normal
1697524964.325,47.225,1800.0,3.0,10.7,normal
1697524964.828,46.738,1800.0,3.5,10.7,normal
1697524965.33,47.225,1800.0,5.0,10.7,normal
1697524965.833,46.738,1800.0,2.5,10.7,normal
1697524966.338,47.225,600.0,3.5,10.7,normal
1697524966.844,46.251,600.0,3.9,10.7,normal
1697524967.347,47.712,1800.0,26.2,10.5,normal
1697524967.85,47.225,1800.0,25.3,10.7,normal
1697524968.352,46.738,1800.0,2.0,10.7,normal
1697524968.855,48.199,1800.0,4.5,10.7,normal
1697524969.358,47.225,1800.0,1.5,10.7,normal
1697524969.86,47.712,1800.0,0.0,10.7,normal
1697524970.363,47.225,1800.0,4.4,10.7,normal
1697524970.865,47.712,1800.0,1.0,10.7,normal
1697524971.368,46.251,1800.0,5.5,10.7,normal
1697524971.871,45.764,1800.0,3.5,10.7,normal
1697524972.376,45.764,800.0,4.0,10.7,normal
1697524972.882,46.738,600.0,5.4,10.7,normal
1697524973.385,48.199,1800.0,21.8,10.3,normal
1697524973.887,47.712,1800.0,34.7,10.7,normal
1697524974.39,47.712,1800.0,3.0,10.7,normal
1697524974.893,46.251,1800.0,3.5,10.7,normal
1697524975.396,46.738,1800.0,3.9,10.7,normal
1697524975.898,47.225,1800.0,5.5,10.7,normal
1697524976.401,47.225,1800.0,3.0,10.7,normal
1697524976.903,46.738,1800.0,4.5,10.7,normal
1697524977.406,47.225,1800.0,2.0,10.7,normal
1697524977.909,47.712,1800.0,2.0,10.7,normal
1697524978.414,46.738,700.0,5.0,10.8,normal
1697524978.918,47.225,800.0,5.0,10.8,normal
1697524979.421,47.225,1800.0,13.6,10.1,normal
1697524979.932,48.199,1800.0,36.6,10.6,normal
1697524980.435,47.225,1800.0,9.9,10.7,normal
1697524980.938,47.225,1800.0,3.0,10.7,normal
1697524981.44,47.225,1800.0,4.5,10.7,normal
1697524981.943,47.712,1800.0,3.5,10.7,normal
1697524982.445,48.199,1800.0,3.5,10.7,normal
1697524982.948,46.738,1800.0,3.0,10.7,normal
1697524983.45,48.199,1800.0,3.5,10.7,normal
1697524983.953,47.225,1800.0,4.9,10.7,normal
1697524984.458,46.738,700.0,4.0,10.7,normal
1697524984.962,46.251,900.0,4.5,10.7,normal
1697524985.465,48.199,1800.0,19.0,10.2,normal
1697524985.967,48.199,1800.0,37.5,10.6,normal
1697524986.47,47.225,1800.0,3.0,10.6,normal
1697524986.973,46.738,1800.0,4.9,10.6,normal
1697524987.475,46.738,1800.0,3.0,10.7,normal
1697524987.978,47.225,1800.0,3.5,10.6,normal
1697524988.48,47.225,1800.0,2.5,10.7,normal
1697524988.983,47.225,1800.0,3.0,10.7,normal
1697524989.485,47.712,1800.0,3.0,10.6,normal
1697524989.988,47.225,1800.0,4.0,10.7,normal
1697524990.492,47.712,1000.0,4.5,10.7,normal
1697524990.996,45.277,800.0,3.5,10.7,normal
1697524991.5,47.225,1800.0,10.3,9.6,normal
1697524992.004,47.225,1800.0,27.9,10.6,normal
1697524992.507,47.712,1800.0,20.5,10.7,normal
1697524993.009,47.712,1800.0,3.0,10.7,normal
1697524993.512,46.738,1800.0,3.0,10.7,normal
1697524994.014,47.712,1800.0,4.5,10.7,normal
1697524994.517,47.225,1800.0,3.0,10.7,normal
1697524995.019,46.251,1800.0,5.0,10.7,normal
1697524995.522,46.738,1800.0,3.5,10.7,normal
1697524996.024,47.712,1800.0,3.0,10.7,normal
1697524996.529,46.738,700.0,4.5,10.7,normal
1697524997.033,46.738,900.0,4.0,10.7,normal
1697524997.536,47.712,1800.0,14.4,10.1,normal
1697524998.04,48.199,1800.0,36.1,10.6,normal
1697524998.543,47.712,1800.0,9.0,10.7,normal
1697524999.045,47.712,1800.0,4.0,10.7,normal
1697524999.548,48.199,1800.0,3.5,10.7,normal
1697525000.05,47.225,1800.0,4.0,10.7,normal
1697525000.553,47.712,1800.0,4.0,10.7,normal
1697525001.055,47.225,1800.0,3.5,10.7,normal
1697525001.558,46.738,1800.0,3.5,10.7,normal
1697525002.06,47.712,1800.0,2.0,10.7,normal
1697525002.565,47.225,700.0,4.0,10.7,normal
1697525003.07,46.738,800.0,5.4,10.7,normal
1697525003.573,46.251,1800.0,18.5,10.2,normal
1697525004.075,48.686,1800.0,36.4,10.7,normal
1697525004.578,46.738,1800.0,3.5,10.7,normal
1697525005.08,47.225,1800.0,4.5,10.7,normal
1697525005.583,47.712,1800.0,3.0,10.7,normal
1697525006.085,46.738,1800.0,3.5,10.7,normal
1697525006.588,46.251,1800.0,3.4,10.7,normal
1697525007.091,47.225,1800.0,3.5,10.7,normal
1697525007.594,46.251,1800.0,4.4,10.7,normal
1697525008.097,46.738,1800.0,2.0,10.7,normal
1697525008.604,46.738,600.0,4.0,10.7,normal
1697525009.111,47.225,600.0,5.9,10.7,normal
1697525009.614,46.738,1800.0,23.0,10.4,normal
1697525010.117,48.199,1800.0,33.7,10.7,normal
1697525010.62,47.712,1800.0,3.0,10.7,normal
1697525011.122,47.225,1800.0,3.5,10.7,normal
1697525011.625,47.225,1800.0,4.5,10.7,normal
1697525012.127,48.199,1800.0,3.0,10.7,normal
1697525012.63,47.225,1800.0,3.9,10.7,normal
1697525013.132,46.738,1800.0,3.5,10.7,normal
1697525013.635,47.225,1800.0,3.0,10.7,normal
1697525014.138,46.251,1800.0,4.5,10.7,normal
1697525014.643,47.712,600.0,3.9,10.7,normal
1697525015.149,46.251,600.0,5.0,10.7,normal
1697525015.652,47.712,1800.0,17.7,10.2,normal
1697525016.155,48.199,1800.0,37.5,10.6,normal
1697525016.657,46.738,1800.0,5.0,10.7,normal
1697525017.16,46.251,1800.0,3.5,10.7,normal
1697525017.662,46.738,1800.0,3.5,10.7,normal
1697525018.165,46.251,1800.0,4.0,10.7,normal
1697525018.667,46.738,1800.0,3.5,10.7,normal
1697525019.17,46.738,1800.0,3.9,10.7,normal
1697525019.672,47.225,1800.0,3.5,10.7,normal
1697525020.175,47.712,1800.0,4.5,10.7,normal
1697525020.68,46.251,600.0,4.0,10.7,normal
1697525021.186,46.738,600.0,4.5,10.7,normal
1697525021.689,46.738,1800.0,10.0,9.6,normal
1697525022.193,47.225,1800.0,28.7,10.5,normal
1697525022.695,46.738,1800.0,21.4,10.6,normal
1697525023.198,46.738,1800.0,3.0,10.6,normal
1697525023.7,47.712,1800.0,4.0,10.6,normal
1697525024.203,46.738,1800.0,3.0,10.7,normal
1697525024.706,46.251,1800.0,4.5,10.7,normal
1697525025.208,46.738,1800.0,5.0,10.7,normal
1697525025.711,46.251,1800.0,1.0,10.7,normal
1697525026.213,45.764,1800.0,4.0,10.7,normal
1697525026.718,46.738,800.0,3.4,10.7,normal
1697525027.223,47.225,800.0,4.0,10.7,normal
1697525027.727,46.738,825.0,3.5,10.7,normal
1697525028.23,46.738,1800.0,24.9,10.4,normal
1697525028.733,47.225,1800.0,27.1,10.7,normal
1697525029.235,46.738,1800.0,4.0,10.7,normal
1697525029.738,47.712,1800.0,3.0,10.7,normal
1697525030.24,47.225,1800.0,4.0,10.7,normal
1697525030.743,47.712,1800.0,3.0,10.7,normal
1697525031.246,48.199,1800.0,3.0,10.7,normal
1697525031.748,45.764,1800.0,2.5,10.7,normal
1697525032.251,47.225,1800.0,2.5,10.7,normal
1697525032.753,47.225,1800.0,3.0,10.7,normal
1697525033.259,47.225,600.0,4.5,10.7,normal
1697525033.762,46.738,1800.0,7.5,10.5,normal
1697525034.265,46.738,1800.0,28.4,10.6,normal
1697525034.768,47.225,1800.0,21.1,10.7,normal
1697525035.271,46.738,1800.0,5.9,10.7,normal
1697525035.773,47.225,1800.0,3.0,10.7,normal
1697525036.276,47.712,1800.0,3.0,10.7,normal
1697525036.778,48.686,1800.0,3.0,10.7,normal
1697525037.281,47.225,1800.0,4.9,10.7,normal
1697525037.783,46.738,1800.0,2.0,10.7,normal
1697525038.286,46.738,1800.0,2.0,10.7,normal
1697525038.791,47.225,700.0,5.4,10.7,normal
1697525039.296,45.764,600.0,4.5,10.7,normal
1697525039.802,45.764,600.0,5.4,10.7,normal
1697525040.305,47.225,1800.0,27.0,10.5,normal
1697525040.808,46.251,1800.0,29.6,10.7,normal
1697525041.311,46.738,1800.0,4.4,10.7,normal
1697525041.813,47.225,1800.0,3.5,10.7,normal
1697525042.316,47.225,1800.0,3.0,10.7,normal
1697525042.818,46.251,1800.0,3.9,10.7,normal
1697525043.321,46.251,1800.0,12.4,10.7,normal
1697525043.823,46.738,1800.0,4.0,10.7,normal
1697525044.326,46.738,1800.0,3.5,10.7,normal
1697525044.828,47.712,1800.0,3.0,10.7,normal
1697525045.334,46.251,600.0,4.9,10.7,normal
1697525045.84,46.738,600.0,6.5,10.7,normal
1697525046.343,47.225,1800.0,29.4,10.5,normal
1697525046.846,47.225,1800.0,25.5,10.7,normal
1697525047.349,47.712,1800.0,3.0,10.7,normal
1697525047.851,47.712,1800.0,2.5,10.7,normal
1697525048.354,45.764,1800.0,4.5,10.7,normal
1697525048.856,46.738,1800.0,3.0,10.7,normal
1697525049.359,47.225,1800.0,3.5,10.7,normal
1697525049.861,47.712,1800.0,3.5,10.7,normal
1697525050.364,47.225,1800.0,5.9,10.8,normal
1697525050.867,47.225,1800.0,3.0,10.8,normal
1697525051.373,46.738,600.0,3.5,10.8,normal
1697525051.879,46.738,600.0,5.4,10.8,normal
1697525052.382,46.738,1800.0,22.3,10.3,normal
1697525052.885,47.225,1800.0,30.7,10.7,normal
1697525053.388,46.738,1800.0,4.5,10.7,normal
1697525053.89,47.712,1800.0,3.4,10.7,normal
1697525054.393,48.199,1800.0,4.5,10.7,normal
1697525054.895,47.225,1800.0,2.5,10.7,normal
1697525055.398,46.738,1800.0,5.4,10.7,normal
1697525055.9,45.764,1800.0,3.5,10.7,normal
1697525056.403,47.225,1800.0,3.4,10.7,normal
1697525056.906,46.738,1800.0,4.0,10.7,normal
1697525057.411,47.225,700.0,4.9,10.7,normal
1697525057.915,46.738,800.0,4.5,10.7,normal
1697525058.418,46.251,1800.0,17.9,10.3,normal
1697525058.922,49.66,1800.0,38.5,10.7,normal
1697525059.425,48.199,1800.0,5.0,10.7,normal
1697525059.927,46.738,1800.0,3.5,10.7,normal
1697525060.43,47.225,1800.0,3.0,10.7,normal
1697525060.932,48.199,1800.0,4.5,10.7,normal
1697525061.435,47.225,1800.0,3.0,10.7,normal
1697525061.938,47.712,1800.0,4.0,10.7,normal
1697525062.44,48.199,1800.0,3.0,10.7,normal
1697525062.943,47.225,1800.0,4.5,10.7,normal
1697525063.447,46.251,800.0,4.5,10.7,normal
1697525063.952,47.225,700.0,4.9,10.7,normal
1697525064.455,47.225,1800.0,18.1,10.3,normal
1697525064.958,47.712,1800.0,37.8,10.7,normal
1697525065.46,48.199,1800.0,4.9,10.7,normal
1697525065.963,47.712,1800.0,3.0,10.7,normal
1697525066.466,47.712,1800.0,3.0,10.7,normal
1697525066.968,47.225,1800.0,5.0,10.7,normal
1697525067.471,47.712,1800.0,4.4,10.7,normal
1697525067.973,47.712,1800.0,2.5,10.7,normal
1697525068.476,47.712,1800.0,4.5,10.7,normal
1697525068.978,47.225,1800.0,4.5,10.7,normal
1697525069.482,46.738,1000.0,4.5,10.7,normal
1697525069.986,47.712,1000.0,6.0,10.7,normal
1697525070.49,46.738,1800.0,12.4,9.8,normal
1697525070.995,48.199,1800.0,31.3,10.6,normal
1697525071.497,48.199,1800.0,16.5,10.7,normal
1697525072.0,47.225,1800.0,3.0,10.6,normal
1697525072.502,46.738,1800.0,2.5,10.6,normal
1697525073.005,47.225,1800.0,2.5,10.7,normal
1697525073.508,47.712,1800.0,3.5,10.7,normal
1697525074.01,47.225,1800.0,2.0,10.7,normal
1697525074.513,46.738,1800.0,2.5,10.7,normal
1697525075.015,47.225,1800.0,4.9,10.7,normal
1697525075.52,46.738,700.0,3.0,10.7,normal
1697525076.024,45.764,900.0,4.5,10.7,normal
1697525076.529,46.738,800.0,5.0,10.7,normal
1697525077.032,47.225,1800.0,29.2,10.5,normal
1697525077.535,47.225,1800.0,25.0,10.7,normal
1697525078.037,47.712,1800.0,2.5,10.7,normal
1697525078.54,47.225,1800.0,3.0,10.7,normal
1697525079.042,48.686,1800.0,4.4,10.7,normal
1697525079.545,47.712,1800.0,3.0,10.7,normal
1697525080.047,46.738,1800.0,4.0,10.7,normal
1697525080.55,46.251,1800.0,3.0,10.7,normal
1697525081.052,46.738,1800.0,4.0,10.7,normal
1697525081.555,45.764,1800.0,3.5,10.7,normal
1697525082.059,47.225,900.0,4.5,10.7,normal
1697525082.563,47.225,900.0,4.4,10.7,normal
1697525083.066,47.712,1800.0,22.0,10.4,normal
1697525083.569,47.225,1800.0,33.7,10.7,normal
1697525084.071,46.738,1800.0,2.5,10.7,normal
1697525084.574,47.225,1800.0,4.0,10.7,normal
1697525085.077,46.738,1800.0,4.5,10.7,normal
1697525085.579,47.225,1800.0,3.4,10.7,normal
1697525086.082,47.712,1800.0,3.5,10.7,normal
1697525086.584,47.225,1800.0,2.5,10.7,normal
1697525087.087,47.712,1800.0,2.0,10.7,normal
1697525087.589,45.764,1800.0,3.5,10.7,normal
1697525088.094,47.712,800.0,3.4,10.7,normal
1697525088.598,47.225,800.0,4.0,10.7,normal
1697525089.101,48.199,1800.0,19.0,10.1,normal
1697525089.604,48.686,1800.0,38.0,10.6,normal
1697525090.107,48.199,1800.0,7.5,10.7,normal
1697525090.609,47.225,1800.0,3.5,10.7,normal
1697525091.112,47.225,1800.0,3.5,10.7,normal
1697525091.614,47.225,1800.0,4.5,10.7,normal
1697525092.117,46.738,1800.0,3.0,10.7,normal
1697525092.619,47.225,1800.0,3.0,10.7,normal
1697525093.122,47.225,1800.0,4.0,10.7,normal
1697525093.624,46.251,1800.0,4.0,10.7,normal
1697525094.13,47.712,600.0,3.9,10.7,normal
1697525094.636,46.738,600.0,4.5,10.7,normal
1697525095.139,47.225,1800.0,20.9,10.2,normal
1697525095.641,48.199,1800.0,36.5,10.7,normal
1697525096.144,47.225,1800.0,2.5,10.7,normal
1697525096.647,46.251,1800.0,3.5,10.7,normal
1697525097.15,47.225,1800.0,3.5,10.7,normal
1697525097.652,46.251,1800.0,4.9,10.7,normal
1697525098.155,47.225,1800.0,3.5,10.7,normal
1697525098.657,47.225,1800.0,4.0,10.7,normal
1697525099.16,47.225,1800.0,4.0,10.7,normal
1697525099.663,47.225,1800.0,4.9,10.7,normal
1697525100.168,47.225,600.0,3.5,10.7,normal
1697525100.674,47.225,600.0,2.0,10.7,normal
1697525101.177,48.199,1800.0,21.9,10.3,normal
1697525101.68,48.199,1800.0,35.2,10.7,normal
1697525102.182,46.251,1800.0,3.5,10.7,normal
1697525102.685,46.251,1800.0,3.5,10.7,normal
1697525103.187,47.225,1800.0,3.5,10.7,normal
1697525103.69,47.225,1800.0,4.0,10.7,normal
1697525104.192,47.225,1800.0,3.0,10.7,normal
1697525104.695,47.225,1800.0,3.0,10.7,normal
1697525105.197,47.225,1800.0,4.0,10.7,normal
1697525105.7,46.738,1800.0,4.0,10.7,normal
1697525106.206,47.712,600.0,3.9,10.7,normal
1697525106.712,46.738,600.0,5.9,10.7,normal
1697525107.215,46.738,1800.0,27.0,10.5,normal
1697525107.718,48.686,1800.0,26.6,10.7,normal
1697525108.22,46.251,1800.0,3.0,10.7,normal
1697525108.723,47.225,1800.0,3.5,10.7,normal
1697525109.225,46.251,1800.0,3.0,10.7,normal
1697525109.728,46.738,1800.0,3.5,10.7,normal
1697525110.23,46.738,1800.0,4.9,10.7,normal
1697525110.733,47.712,1800.0,2.5,10.7,normal
1697525111.235,47.225,1800.0,4.0,10.7,normal
1697525111.738,46.738,1800.0,3.5,10.7,normal
1697525112.243,46.738,600.0,4.9,10.7,normal
1697525112.749,46.251,600.0,4.5,10.7,normal
1697525113.252,47.225,1800.0,20.4,10.3,normal
1697525113.755,46.738,1800.0,33.0,10.7,normal
1697525114.257,47.712,1800.0,4.0,10.7,normal
1697525114.76,46.251,1800.0,3.0,10.7,normal
1697525115.262,46.738,1800.0,4.0,10.7,normal
1697525115.765,47.225,1800.0,2.0,10.7,normal
1697525116.267,45.764,1800.0,3.0,10.7,normal
1697525116.77,46.738,1800.0,2.0,10.7,normal
1697525117.273,46.738,1800.0,3.0,10.7,normal
1697525117.775,48.199,1800.0,3.0,10.7,normal
1697525118.281,47.225,600.0,3.0,10.7,normal
1697525118.786,45.764,600.0,4.0,10.7,normal
1697525119.29,46.738,1800.0,26.4,10.4,normal
1697525119.793,46.738,1800.0,28.3,10.7,normal
1697525120.296,47.712,1800.0,4.5,10.7,normal
1697525120.798,46.251,1800.0,4.0,10.7,normal
1697525121.301,47.225,1800.0,3.0,10.7,normal
1697525121.803,46.738,1800.0,3.5,10.7,normal
1697525122.306,46.738,1800.0,3.5,10.7,normal
1697525122.808,47.225,1800.0,4.0,10.7,normal
1697525123.311,47.712,1800.0,3.5,10.7,normal
1697525123.813,45.277,1800.0,2.5,10.7,normal
1697525124.319,48.199,600.0,4.4,10.7,normal
1697525124.825,46.738,600.0,4.5,10.7,normal
1697525125.328,47.225,1800.0,21.4,10.3,normal
1697525125.83,46.738,1800.0,33.3,10.7,normal
1697525126.333,47.225,1800.0,3.5,10.7,normal
1697525126.835,47.225,1800.0,3.5,10.7,normal
1697525127.338,47.712,1800.0,4.5,10.7,normal
1697525127.84,47.712,1800.0,3.0,10.7,normal
1697525128.343,47.225,1800.0,3.0,10.7,normal
1697525128.845,46.738,1800.0,3.9,10.7,normal
1697525129.348,45.764,1800.0,3.5,10.7,normal
1697525129.85,46.738,1800.0,3.0,10.7,normal
1697525130.356,47.225,600.0,4.9,10.7,normal
1697525130.861,47.712,600.0,4.0,10.7,normal
1697525131.364,47.225,1800.0,14.6,10.2,normal
1697525131.867,48.199,1800.0,38.0,10.7,normal
1697525132.37,47.712,1800.0,7.0,10.7,normal
1697525132.872,47.225,1800.0,4.0,10.7,normal
1697525133.375,47.225,1800.0,4.0,10.7,normal
1697525133.878,47.225,1800.0,4.0,10.7,normal
1697525134.381,46.738,1800.0,3.0,10.7,normal
1697525134.883,47.225,1800.0,2.0,10.7,normal
1697525135.386,47.225,1800.0,5.5,10.7,normal
1697525135.888,46.738,1800.0,3.0,10.7,normal
1697525136.393,47.225,700.0,3.5,10.7,normal
1697525136.899,47.225,600.0,4.9,10.7,normal
1697525137.406,46.251,900.0,8.9,10.6,normal
1697525137.909,47.712,1800.0,29.5,10.6,normal
1697525138.411,47.712,1800.0,21.5,10.7,normal
1697525138.914,48.686,1800.0,3.9,10.7,normal
1697525139.416,47.225,1800.0,3.5,10.7,normal
1697525139.919,46.738,1800.0,2.5,10.7,normal
1697525140.422,46.251,1800.0,4.5,10.7,normal
1697525140.924,46.738,1800.0,3.5,10.7,normal
1697525141.427,48.199,1800.0,3.5,10.7,normal
1697525141.929,48.199,1800.0,4.4,10.7,normal
1697525142.434,47.225,700.0,3.5,10.7,normal
1697525142.939,46.251,700.0,4.5,10.7,normal
1697525143.445,46.251,600.0,5.4,10.7,normal
1697525143.949,48.199,1800.0,25.2,10.5,normal
1697525144.452,47.225,1800.0,27.5,10.7,normal
1697525144.955,47.712,1800.0,2.0,10.7,normal
1697525145.457,46.738,1800.0,3.5,10.7,normal
1697525145.96,47.225,1800.0,4.0,10.7,normal
1697525146.463,47.712,1800.0,4.5,10.7,normal
1697525146.965,46.738,1800.0,1.0,10.7,normal
1697525147.468,46.738,1800.0,1.5,10.7,normal
1697525147.97,47.225,1800.0,2.5,10.7,normal
1697525148.473,47.712,1800.0,3.5,10.7,normal
1697525148.977,47.712,900.0,7.5,10.7,normal
1697525149.481,47.225,800.0,8.0,10.5,normal
1697525149.984,48.199,1800.0,30.7,10.6,normal
1697525150.487,47.225,1800.0,22.5,10.7,normal
1697525150.989,47.225,1800.0,3.5,10.7,normal
1697525151.492,47.225,1800.0,4.0,10.7,normal
1697525151.995,47.712,1800.0,3.5,10.7,normal
1697525152.497,47.712,1800.0,3.0,10.7,normal
1697525153.0,47.712,1800.0,3.5,10.7,normal
1697525153.502,47.225,1800.0,3.5,10.7,normal
1697525154.005,46.738,1800.0,2.5,10.7,normal
1697525154.51,46.738,700.0,4.4,10.7,normal
1697525155.014,46.738,1000.0,5.9,10.7,normal
1697525155.517,46.738,1800.0,12.0,10.0,normal
1697525156.021,48.686,1800.0,32.5,10.6,normal
1697525156.524,48.199,1800.0,13.4,10.7,normal
1697525157.026,46.738,1800.0,3.5,10.7,normal
1697525157.529,47.712,1800.0,2.0,10.7,normal
1697525158.032,47.712,1800.0,2.5,10.7,normal
1697525158.534,46.251,1800.0,3.9,10.7,normal
1697525159.037,46.251,1800.0,2.5,10.7,normal
1697525159.539,48.686,1800.0,3.0,10.7,normal
1697525160.042,47.712,1800.0,5.4,10.7,normal
1697525160.547,46.738,700.0,2.5,10.7,normal
1697525161.051,46.251,900.0,5.0,10.7,normal
1697525161.554,46.738,1800.0,16.5,10.2,normal
1697525162.056,48.686,1800.0,37.3,10.6,normal
1697525162.559,47.712,1800.0,5.0,10.7,normal
1697525163.062,47.225,1800.0,3.5,10.7,normal
1697525163.564,48.199,1800.0,4.0,10.7,normal
1697525164.067,46.251,1800.0,3.0,10.7,normal
1697525164.569,46.251,1800.0,2.5,10.7,normal
1697525165.072,47.225,1800.0,5.0,10.7,normal
1697525165.574,46.738,1800.0,4.4,10.7,normal
1697525166.077,47.225,1800.0,3.5,10.7,normal
1697525166.582,46.738,800.0,0.5,10.7,normal
1697525167.087,46.251,600.0,4.4,10.7,normal
1697525167.589,47.712,1800.0,24.0,10.3,normal
1697525168.092,47.712,1800.0,33.3,10.7,normal
1697525168.595,47.225,1800.0,3.0,10.7,normal
1697525169.097,46.738,1800.0,3.0,10.7,normal
1697525169.6,47.712,1800.0,3.5,10.7,normal
1697525170.102,47.225,1800.0,4.9,10.7,normal
1697525170.605,45.764,1800.0,3.5,10.7,normal
1697525171.107,48.199,1800.0,4.0,10.7,normal
1697525171.61,47.712,1800.0,4.0,10.7,normal
1697525172.112,46.738,1800.0,3.0,10.7,normal
1697525172.617,46.738,700.0,4.0,10.7,normal
1697525173.123,46.738,600.0,5.4,10.7,normal
1697525173.627,46.738,1200.0,14.9,10.1,normal
1697525174.131,47.712,1800.0,33.7,10.6,normal
1697525174.634,47.712,1800.0,12.1,10.7,normal
1697525175.136,46.251,1800.0,5.4,10.7,normal
1697525175.639,47.225,1800.0,4.5,10.7,normal
1697525176.141,47.225,1800.0,2.5,10.7,normal
1697525176.644,48.199,1800.0,3.5,10.7,normal
1697525177.146,48.686,1800.0,3.0,10.7,normal
1697525177.649,46.738,1800.0,4.9,10.7,normal
1697525178.151,48.686,1800.0,3.5,10.7,normal
1697525178.654,47.225,1800.0,3.5,10.7,normal
1697525179.159,46.738,600.0,5.0,10.7,normal
1697525179.663,47.225,1800.0,16.0,10.1,normal
1697525180.165,49.173,1800.0,39.0,10.6,normal
1697525180.667,48.199,1800.0,4.5,10.7,normal
1697525181.17,48.199,1800.0,3.5,10.7,normal
1697525181.672,47.225,1800.0,4.0,10.7,normal
1697525182.175,48.199,1800.0,3.0,10.7,normal
1697525182.678,46.738,1800.0,4.0,10.7,normal
1697525183.18,46.251,1800.0,3.5,10.7,normal
1697525183.683,46.738,1800.0,3.5,10.7,normal
1697525184.186,47.225,1800.0,4.5,10.7,normal
1697525184.691,46.251,600.0,3.4,10.7,normal
1697525185.197,45.277,600.0,5.9,10.7,normal
1697525185.7,47.712,1800.0,18.1,10.4,normal
1697525186.202,47.712,1800.0,37.0,10.7,normal
1697525186.705,47.225,1800.0,3.0,10.7,normal
1697525187.207,46.738,1800.0,3.0,10.7,normal
1697525187.71,47.225,1800.0,3.0,10.7,normal
1697525188.213,46.738,1800.0,4.0,10.7,normal
1697525188.715,47.225,1800.0,3.0,10.7,normal
1697525189.218,47.225,1800.0,3.0,10.7,normal
1697525189.72,47.225,1800.0,3.5,10.7,normal
1697525190.223,47.225,1800.0,4.9,10.8,normal
1697525190.728,46.251,600.0,3.0,10.8,normal
1697525191.234,47.225,600.0,4.9,10.8,normal
1697525191.737,48.686,1800.0,23.0,10.4,normal
1697525192.24,47.712,1800.0,34.0,10.7,normal
1697525192.742,47.712,1800.0,3.5,10.7,normal
1697525193.245,47.225,1800.0,3.0,10.7,normal
1697525193.747,46.738,1800.0,3.5,10.7,normal
1697525194.25,46.738,1800.0,4.5,10.7,normal
1697525194.752,47.712,1800.0,3.0,10.8,normal
1697525195.255,47.225,1800.0,4.5,10.8,normal
1697525195.758,47.225,1800.0,3.5,10.7,normal
1697525196.26,46.251,1800.0,4.0,10.8,normal
1697525196.766,46.251,600.0,3.4,10.8,normal
1697525197.271,47.225,600.0,4.4,10.8,normal
1697525197.774,47.225,1800.0,15.0,10.3,normal
1697525198.277,47.712,1800.0,36.8,10.6,normal
1697525198.779,45.764,1800.0,4.5,10.7,normal
1697525199.282,47.225,1800.0,1.5,10.7,normal
1697525199.785,47.225,1800.0,2.0,10.7,normal
1697525200.287,46.738,1800.0,4.9,10.7,normal
1697525200.79,47.225,1800.0,3.5,10.7,normal
1697525201.292,46.251,1800.0,3.0,10.7,normal
1697525201.795,46.251,1800.0,3.5,10.7,normal
1697525202.297,47.225,1800.0,4.9,10.7,normal
1697525202.802,47.225,700.0,3.0,10.7,normal
1697525203.308,46.738,600.0,5.0,10.7,normal
1697525203.811,48.199,1800.0,21.4,10.3,normal
1697525204.314,47.712,1800.0,34.3,10.7,normal
1697525204.816,47.225,1800.0,3.0,10.7,normal
1697525205.319,47.712,1800.0,5.0,10.7,normal
1697525205.821,47.225,1800.0,3.0,10.7,normal
1697525206.324,46.738,1800.0,4.0,10.7,normal
1697525206.826,47.225,1800.0,3.5,10.7,normal
1697525207.329,47.712,1800.0,0.0,10.7,normal
1697525207.832,47.712,1800.0,4.0,10.7,normal
1697525208.334,46.738,1800.0,2.5,10.7,normal
1697525208.838,47.712,800.0,5.4,10.7,normal
1697525209.344,46.251,600.0,4.5,10.7,normal
1697525209.847,47.712,1800.0,16.3,10.3,normal
1697525210.35,47.712,1800.0,39.8,10.6,normal
1697525210.852,46.738,1800.0,5.5,10.7,normal
1697525211.355,46.251,1800.0,3.5,10.7,normal
1697525211.858,47.225,1800.0,3.0,10.7,normal
1697525212.36,47.712,1800.0,4.0,10.7,normal
1697525212.863,47.225,1800.0,3.5,10.7,normal
1697525213.366,47.712,1800.0,3.5,10.7,normal
1697525213.869,47.225,1800.0,2.5,10.7,normal
1697525214.372,46.738,1800.0,4.0,10.7,normal
1697525214.877,48.199,600.0,4.4,10.7,normal
1697525215.383,46.738,700.0,6.4,10.7,normal
1697525215.887,45.764,1100.0,8.0,9.6,normal
1697525216.39,47.225,1800.0,29.7,10.5,normal
1697525216.893,46.738,1800.0,21.7,10.6,normal
1697525217.395,47.712,1800.0,4.5,10.6,normal
1697525217.898,48.199,1800.0,3.5,10.6,normal
1697525218.401,47.225,1800.0,3.0,10.6,normal
1697525218.903,47.712,1800.0,4.5,10.6,normal
1697525219.406,48.686,1800.0,3.5,10.6,normal
1697525219.908,47.225,1800.0,2.5,10.6,normal
1697525220.411,47.712,1800.0,6.4,10.6,normal
1697525220.914,46.251,1800.0,3.5,10.6,normal
1697525221.419,47.225,600.0,6.9,10.6,normal
1697525221.924,46.738,1200.0,13.4,10.0,normal
1697525222.428,48.686,1800.0,31.3,10.5,normal
1697525222.93,47.225,1800.0,15.0,10.6,normal
1697525223.433,47.225,1800.0,2.5,10.6,normal
1697525223.935,47.225,1800.0,4.0,10.6,normal
1697525224.438,47.712,1800.0,4.0,10.6,normal
1697525224.941,47.225,1800.0,3.5,10.6,normal
1697525225.443,48.199,1800.0,4.5,10.6,normal
1697525225.946,47.712,1800.0,3.0,10.6,normal
1697525226.448,46.738,1800.0,2.0,10.6,normal
1697525226.951,47.225,1800.0,4.9,10.6,normal
1697525227.455,47.225,800.0,4.0,10.6,normal
1697525227.961,46.251,700.0,4.5,10.6,normal
1697525228.463,47.712,1800.0,28.9,10.4,normal
1697525228.966,47.712,1800.0,28.0,10.7,normal
1697525229.469,47.712,1800.0,4.0,10.7,normal
1697525229.971,46.738,1800.0,4.0,10.7,normal
1697525230.474,47.225,1800.0,4.0,10.7,normal
1697525230.976,48.199,1800.0,4.0,10.7,normal
1697525231.479,46.738,1800.0,4.0,10.7,normal
1697525231.982,46.251,1800.0,3.0,10.7,normal
1697525232.484,47.225,1800.0,4.5,10.7,normal
1697525232.987,46.738,1800.0,4.5,10.7,normal
1697525233.491,46.738,900.0,4.0,10.7,normal
1697525233.996,46.251,800.0,3.5,10.7,normal
1697525234.499,46.251,1800.0,21.3,10.3,normal
1697525235.001,48.686,1800.0,35.7,10.6,normal
1697525235.504,46.738,1800.0,3.5,10.6,normal
1697525236.006,48.686,1800.0,3.5,10.7,normal
1697525236.509,46.738,1800.0,3.0,10.7,normal
1697525237.011,47.225,1800.0,3.0,10.7,normal
1697525237.514,48.199,1800.0,4.5,10.7,normal
1697525238.016,47.712,1800.0,2.5,10.7,normal
1697525238.519,47.225,1800.0,4.0,10.7,normal
1697525239.022,46.251,1800.0,3.0,10.7,normal
1697525239.525,46.738,1000.0,4.0,10.7,normal
1697525240.03,47.225,900.0,5.0,10.7,normal
1697525240.532,48.199,1800.0,22.5,10.4,normal
1697525241.035,47.712,1800.0,29.5,10.7,normal
1697525241.537,47.712,1800.0,3.5,10.7,normal
1697525242.04,47.225,1800.0,3.0,10.7,normal
1697525242.543,47.225,1800.0,2.5,10.7,normal
1697525243.045,47.225,1800.0,3.0,10.7,normal
1697525243.548,47.712,1800.0,3.0,10.7,normal
1697525244.05,46.738,1800.0,4.0,10.7,normal
1697525244.553,47.225,1800.0,2.0,10.7,normal
1697525245.055,46.251,1800.0,4.5,10.7,normal
1697525245.559,46.738,1100.0,4.5,10.7,normal
1697525246.063,47.225,900.0,5.4,10.7,normal
1697525246.566,47.225,1800.0,16.6,10.3,normal
1697525247.069,47.225,1800.0,38.6,10.7,normal
1697525247.571,47.225,1800.0,4.0,10.7,normal
1697525248.074,46.738,1800.0,4.0,10.7,normal
1697525248.576,48.199,1800.0,4.0,10.8,normal
1697525249.079,45.764,1800.0,3.4,10.8,normal
1697525249.581,46.738,1800.0,3.0,10.8,normal
1697525250.084,48.199,1800.0,5.4,10.8,normal
1697525250.587,47.225,1800.0,4.0,10.8,normal
1697525251.089,48.199,1800.0,3.0,10.8,normal
1697525251.593,46.251,800.0,3.5,10.8,normal
1697525252.098,47.225,700.0,4.5,10.8,normal
1697525252.601,47.712,1800.0,22.0,10.4,normal
1697525253.104,47.712,1800.0,33.0,10.7,normal
1697525253.607,47.712,1800.0,3.5,10.7,normal
1697525254.109,47.712,1800.0,3.0,10.7,normal
1697525254.612,47.225,1800.0,4.4,10.7,normal
1697525255.114,47.712,1800.0,4.0,10.7,normal
1697525255.617,46.738,1800.0,3.5,10.7,normal
1697525256.119,46.738,1800.0,4.0,10.7,normal
1697525256.622,47.712,1800.0,4.0,10.7,normal
1697525257.124,47.225,1800.0,3.0,10.7,normal
1697525257.63,46.251,600.0,4.4,10.7,normal
1697525258.136,46.738,600.0,4.5,10.7,normal
1697525258.639,46.738,1800.0,15.0,10.2,normal
1697525259.142,47.712,1800.0,37.5,10.6,normal
1697525259.645,46.738,1800.0,7.5,10.7,normal
1697525260.147,48.199,1800.0,5.0,10.7,normal
1697525260.65,47.225,1800.0,3.5,10.7,normal
1697525261.152,47.712,1800.0,4.0,10.7,normal
1697525261.655,47.225,1800.0,3.5,10.7,normal
1697525262.158,47.225,1800.0,2.5,10.7,normal
1697525262.66,47.225,1800.0,4.5,10.7,normal
1697525263.163,47.225,1800.0,4.0,10.7,normal
1697525263.667,46.738,700.0,3.5,10.7,normal
1697525264.172,46.251,800.0,5.4,10.7,normal
1697525264.679,47.225,600.0,7.4,10.6,normal
1697525265.182,48.199,1800.0,31.2,10.5,normal
1697525265.684,46.738,1800.0,21.1,10.7,normal
1697525266.187,47.225,1800.0,5.0,10.7,normal
1697525266.69,48.199,1800.0,2.5,10.7,normal
1697525267.192,48.199,1800.0,4.5,10.7,normal
1697525267.695,46.738,1800.0,2.5,10.7,normal
1697525268.197,47.225,1800.0,3.9,10.7,normal
1697525268.7,47.225,1800.0,2.5,10.7,normal
1697525269.202,47.225,1800.0,4.5,10.7,normal
1697525269.707,47.712,700.0,4.5,10.7,normal
1697525270.213,46.738,600.0,5.0,10.7,normal
1697525270.719,45.764,600.0,4.9,10.7,normal
1697525271.222,47.225,1800.0,24.6,10.4,normal
1697525271.724,47.225,1800.0,30.5,10.7,normal
1697525272.227,47.712,1800.0,3.5,10.7,normal
1697525272.729,46.251,1800.0,3.0,10.7,normal
1697525273.232,47.225,1800.0,3.9,10.7,normal
1697525273.734,46.738,1800.0,4.0,10.7,normal
1697525274.237,47.225,1800.0,2.5,10.7,normal
1697525274.74,46.251,1800.0,3.5,10.7,normal
1697525275.242,46.738,1800.0,4.0,10.7,normal
1697525275.745,47.712,1800.0,4.0,10.7,normal
1697525276.25,46.738,600.0,3.9,10.7,normal
1697525276.756,47.712,600.0,6.4,10.7,normal
1697525277.26,47.225,1800.0,28.9,10.5,normal
1697525277.762,47.225,1800.0,26.0,10.7,normal
1697525278.265,47.712,1800.0,3.0,10.7,normal
1697525278.767,47.712,1800.0,3.0,10.7,normal
1697525279.27,47.712,1800.0,3.0,10.7,normal
1697525279.772,48.199,1800.0,3.5,10.7,normal
1697525280.275,46.738,1800.0,4.5,10.7,normal
1697525280.778,46.738,1800.0,3.0,10.7,normal
1697525281.28,47.712,1800.0,3.5,10.7,normal
1697525281.783,47.225,1800.0,3.0,10.7,normal
1697525282.288,47.712,600.0,3.0,10.7,normal
1697525282.791,47.225,1800.0,9.0,9.7,normal
1697525283.294,47.225,1800.0,27.9,10.6,normal
1697525283.797,47.225,1800.0,19.7,10.7,normal
1697525284.299,47.225,1800.0,3.0,10.7,normal
1697525284.802,46.738,1800.0,3.0,10.7,normal
1697525285.304,46.738,1800.0,4.0,10.7,normal
1697525285.807,46.738,1800.0,3.5,10.7,normal
1697525286.309,47.225,1800.0,3.5,10.7,normal
1697525286.812,47.225,1800.0,3.0,10.7,normal
1697525287.314,46.738,1800.0,3.0,10.7,normal
1697525287.819,46.251,700.0,4.0,10.7,normal
1697525288.325,47.225,600.0,4.9,10.7,normal
1697525288.828,47.225,1800.0,14.0,10.2,normal
1697525289.331,47.712,1800.0,37.8,10.6,normal
1697525289.833,47.712,1800.0,7.4,10.7,normal
1697525290.336,47.225,1800.0,4.0,10.7,normal
1697525290.838,47.712,1800.0,3.0,10.7,normal
1697525291.341,46.738,1800.0,3.9,10.7,normal
1697525291.843,47.225,1800.0,3.5,10.7,normal
1697525292.346,47.225,1800.0,4.0,10.7,normal
1697525292.848,46.251,1800.0,2.5,10.7,normal
1697525293.351,47.712,1800.0,3.5,10.7,normal
1697525293.856,47.225,700.0,4.9,10.8,normal
1697525294.362,46.738,600.0,4.9,10.8,normal
1697525294.868,46.738,800.0,7.0,10.6,normal
1697525295.371,46.738,1800.0,31.0,10.5,normal
1697525295.874,47.225,1800.0,24.6,10.7,normal
1697525296.376,47.712,1800.0,4.0,10.7,normal
1697525296.879,47.712,1800.0,3.5,10.7,normal
1697525297.381,47.712,1800.0,3.0,10.7,normal
1697525297.884,46.738,1800.0,5.4,10.7,normal
1697525298.386,46.738,1800.0,3.5,10.7,normal
1697525298.889,46.738,1800.0,3.5,10.7,normal
1697525299.392,45.764,1800.0,2.5,10.7,normal
1697525299.895,46.738,1800.0,4.5,10.7,normal
1697525300.399,47.712,800.0,5.4,10.7,normal
1697525300.905,46.738,600.0,5.4,10.7,normal
1697525301.408,47.712,1800.0,22.9,10.3,normal
1697525301.911,47.225,1800.0,32.7,10.6,normal
1697525302.414,47.712,1800.0,1.0,10.6,normal
1697525302.916,47.225,1800.0,6.4,10.6,normal
1697525303.419,46.738,1800.0,4.0,10.7,normal
1697525303.921,47.712,1800.0,2.0,10.7,normal
1697525304.424,46.738,1800.0,3.5,10.7,normal
1697525304.926,47.712,1800.0,3.0,10.7,normal
1697525305.429,47.225,1800.0,5.0,10.7,normal
1697525305.932,45.764,1800.0,4.0,10.7,normal
1697525306.436,46.738,700.0,3.5,10.7,normal
1697525306.943,46.738,600.0,5.9,10.7,normal
1697525307.446,46.738,1800.0,15.5,10.1,normal
1697525307.948,48.199,1800.0,37.6,10.6,normal
1697525308.451,47.712,1800.0,6.5,10.7,normal
1697525308.954,47.225,1800.0,4.4,10.7,normal
1697525309.456,46.738,1800.0,4.0,10.7,normal
1697525309.959,46.738,1800.0,3.5,10.7,normal
1697525310.462,46.251,1800.0,3.5,10.7,normal
1697525310.964,47.225,1800.0,3.4,10.7,normal
1697525311.467,47.225,1800.0,5.0,10.7,normal
1697525311.97,47.225,1800.0,2.5,10.7,normal
1697525312.474,47.712,800.0,3.5,10.7,normal
1697525312.979,45.764,800.0,3.5,10.7,normal
1697525313.483,46.738,800.0,7.0,10.6,normal
1697525313.986,46.738,1800.0,27.9,10.5,normal
1697525314.489,46.738,1800.0,23.6,10.7,normal
1697525314.991,47.712,1800.0,4.0,10.7,normal
1697525315.494,47.712,1800.0,4.5,10.7,normal
1697525315.996,47.225,1800.0,3.5,10.7,normal
1697525316.499,46.738,1800.0,3.5,10.7,normal
1697525317.002,46.251,1800.0,3.0,10.7,normal
1697525317.504,46.251,1800.0,5.4,10.7,normal
1697525318.007,47.225,1800.0,3.5,10.7,normal
1697525318.509,46.738,1800.0,3.9,10.7,normal
1697525319.014,45.764,800.0,4.0,10.7,normal
1697525319.517,46.251,1100.0,5.0,10.7,normal
1697525320.02,46.251,1800.0,21.9,10.3,normal
1697525320.523,47.712,1800.0,33.7,10.7,normal
1697525321.025,46.738,1800.0,3.0,10.7,normal
1697525321.528,47.225,1800.0,3.0,10.7,normal
1697525322.03,46.738,1800.0,3.0,10.7,normal
1697525322.533,46.738,1800.0,2.0,10.7,normal
1697525323.035,46.251,1800.0,2.5,10.7,normal
1697525323.538,47.225,1800.0,3.0,10.7,normal
1697525324.04,46.738,1800.0,2.5,10.7,normal
1697525324.543,47.225,1800.0,3.0,10.7,normal
1697525325.047,46.738,900.0,5.9,10.7,normal
1697525325.552,46.251,700.0,3.0,10.7,normal
1697525326.056,45.764,1800.0,12.4,10.0,normal
1697525326.564,48.199,1800.0,34.5,10.6,normal
1697525327.067,47.225,1800.0,10.9,10.7,normal
1697525327.57,46.251,1800.0,5.9,10.7,normal
1697525328.072,46.738,1800.0,3.5,10.7,normal
1697525328.575,47.225,1800.0,2.0,10.7,normal
1697525329.077,47.712,1800.0,6.0,10.7,normal
1697525329.58,46.738,1800.0,4.0,10.7,normal
1697525330.082,47.712,1800.0,4.0,10.7,normal
1697525330.585,46.738,1800.0,3.5,10.7,normal
1697525331.09,47.225,700.0,3.9,10.7,normal
1697525331.594,47.225,900.0,5.0,10.7,normal
1697525332.097,46.251,1800.0,17.5,10.2,normal
1697525332.6,47.712,1800.0,37.3,10.6,normal
1697525333.103,47.225,1800.0,5.0,10.7,normal
1697525333.605,47.225,1800.0,4.0,10.7,normal
1697525334.108,47.225,1800.0,3.5,10.7,normal
1697525334.61,47.712,1800.0,3.5,10.7,normal
1697525335.113,46.738,1800.0,3.5,10.7,normal
1697525335.616,48.199,1800.0,4.0,10.7,normal
1697525336.118,47.225,1800.0,3.0,10.7,normal
1697525336.621,46.738,1800.0,3.0,10.7,normal
1697525337.125,46.738,900.0,3.5,10.7,normal
1697525337.63,46.251,600.0,4.9,10.7,normal
1697525338.133,47.225,1800.0,18.1,10.3,normal
1697525338.636,48.686,1800.0,38.1,10.7,normal
1697525339.139,47.712,1800.0,3.5,10.7,normal
1697525339.641,46.251,1800.0,4.0,10.7,normal
1697525340.144,47.225,1800.0,5.0,10.7,normal
1697525340.646,46.251,1800.0,3.0,10.7,normal
1697525341.149,47.225,1800.0,4.0,10.7,normal
1697525341.651,47.225,1800.0,3.5,10.7,normal
1697525342.154,46.251,1800.0,5.0,10.7,normal
1697525342.656,47.225,1800.0,3.5,10.7,normal
1697525343.162,47.225,600.0,4.0,10.7,normal
1697525343.667,46.738,700.0,4.4,10.7,normal
1697525344.171,48.686,1800.0,25.0,10.5,normal
1697525344.673,47.225,1800.0,29.5,10.7,normal
1697525345.176,48.199,1800.0,4.5,10.7,normal
1697525345.678,47.712,1800.0,2.5,10.7,normal
1697525346.181,47.225,1800.0,4.5,10.7,normal
1697525346.683,47.712,1800.0,3.5,10.7,normal
1697525347.186,46.738,1800.0,2.5,10.7,normal
1697525347.688,47.225,1800.0,3.4,10.7,normal
1697525348.191,46.738,1800.0,3.5,10.7,normal
1697525348.693,47.712,1800.0,3.0,10.7,normal
1697525349.199,47.225,600.0,4.5,10.7,normal
1697525349.705,46.251,600.0,5.0,10.7,normal
1697525350.208,47.712,1800.0,29.4,10.5,normal
1697525350.711,47.225,1800.0,26.5,10.7,normal
1697525351.214,47.712,1800.0,3.5,10.7,normal
1697525351.716,47.225,1800.0,2.5,10.7,normal
1697525352.219,47.225,1800.0,3.5,10.7,normal
1697525352.721,47.225,1800.0,4.5,10.7,normal
1697525353.224,47.225,1800.0,4.0,10.7,normal
1697525353.726,46.738,1800.0,2.5,10.7,normal
1697525354.229,47.225,1800.0,3.5,10.7,normal
1697525354.731,47.225,1800.0,3.5,10.7,normal
1697525355.237,46.738,600.0,5.4,10.7,normal
1697525355.743,47.225,600.0,4.4,10.7,normal
1697525356.246,47.225,1800.0,23.3,10.4,normal
1697525356.749,48.199,1800.0,32.7,10.7,normal
1697525357.251,47.225,1800.0,3.9,10.7,normal
1697525357.754,47.712,1800.0,2.5,10.7,normal
1697525358.298,47.225,1800.0,3.2,10.7,normal
1697525358.801,46.251,1800.0,2.5,10.7,normal
1697525359.303,47.225,1800.0,4.0,10.7,normal
1697525359.806,46.738,1800.0,3.5,10.7,normal
1697525360.309,46.738,1800.0,4.0,10.7,normal
1697525360.811,46.738,1800.0,3.0,10.7,normal
1697525361.317,45.277,600.0,4.5,10.7,normal
1697525361.822,46.251,600.0,4.0,10.7,normal
1697525362.325,46.738,1800.0,17.3,10.2,normal
1697525362.827,47.225,1800.0,37.4,10.6,normal
1697525363.333,48.199,1800.0,4.0,10.6,normal
1697525363.835,47.225,1800.0,3.5,10.6,normal
1697525364.338,46.738,1800.0,3.0,10.6,normal
1697525364.84,46.251,1800.0,2.5,10.6,normal
1697525365.343,48.199,1800.0,4.5,10.6,normal
1697525365.846,47.225,1800.0,2.5,10.6,normal
1697525366.348,47.225,1800.0,2.5,10.6,normal
1697525366.851,46.738,1800.0,3.0,10.7,normal
1697525367.356,46.738,600.0,3.0,10.7,normal
1697525367.859,46.738,1800.0,6.4,10.7,normal
1697525368.362,47.712,1800.0,22.3,10.4,normal
1697525368.865,47.225,1800.0,31.3,10.7,normal
1697525369.368,47.225,1800.0,3.0,10.7,normal
1697525369.871,47.712,1800.0,4.0,10.7,normal
1697525370.373,46.738,1800.0,4.0,10.7,normal
1697525370.876,47.712,1800.0,4.0,10.7,normal
1697525371.379,46.738,1800.0,4.0,10.8,normal
1697525371.881,46.738,1800.0,4.0,10.8,normal
1697525372.384,47.225,1800.0,3.0,10.8,normal
1697525372.89,47.712,600.0,3.5,10.8,normal
1697525373.398,46.738,700.0,5.9,10.8,normal
1697525373.903,46.738,700.0,5.0,10.8,normal
1697525374.406,47.225,1800.0,18.2,10.4,normal
1697525374.908,49.173,1800.0,35.9,10.8,normal
1697525375.411,47.712,1800.0,5.4,10.8,normal
1697525375.913,47.225,1800.0,4.0,10.8,normal
1697525376.416,48.199,1800.0,3.5,10.8,normal
1697525376.919,47.225,1800.0,4.0,10.8,normal
1697525377.421,47.225,1800.0,3.5,10.8,normal
1697525377.924,48.199,1800.0,4.0,10.8,normal
1697525378.426,47.225,1800.0,3.0,10.8,normal
1697525378.929,46.738,1800.0,3.5,10.8,normal
1697525379.434,46.738,600.0,5.0,10.8,normal
1697525379.94,46.738,600.0,5.9,10.8,normal
1697525380.443,47.712,1800.0,13.4,10.2,normal
1697525380.947,47.225,1800.0,32.5,10.7,normal
1697525381.45,47.225,1800.0,14.3,10.7,normal
1697525381.952,46.738,1800.0,4.0,10.7,normal
1697525382.455,47.712,1800.0,3.5,10.7,normal
1697525382.957,47.712,1800.0,3.0,10.7,normal
1697525383.46,46.251,1800.0,3.0,10.7,normal
1697525383.963,47.712,1800.0,3.5,10.7,normal
1697525384.465,47.712,1800.0,3.0,10.7,normal
1697525384.968,46.251,1800.0,4.0,10.7,normal
1697525385.473,47.712,700.0,4.0,10.7,normal
1697525385.979,46.251,600.0,3.5,10.7,normal
1697525386.482,47.712,1800.0,17.8,10.3,normal
1697525386.984,47.712,1800.0,35.4,10.6,normal
1697525387.487,47.225,1800.0,2.0,10.7,normal
1697525387.989,47.712,1800.0,2.0,10.7,normal
1697525388.492,46.738,1800.0,2.5,10.7,normal
1697525388.994,46.738,1800.0,6.9,10.7,normal
1697525389.497,47.712,1800.0,3.5,10.7,normal
1697525390.0,47.225,1800.0,4.5,10.7,normal
1697525390.502,46.251,1800.0,3.5,10.7,normal
1697525391.005,46.738,1800.0,4.0,10.7,normal
1697525391.509,47.225,900.0,4.4,10.7,normal
1697525392.013,46.251,900.0,4.5,10.7,normal
1697525392.515,46.738,1800.0,9.9,9.6,normal
1697525393.018,47.712,1800.0,29.4,10.6,normal
1697525393.521,47.225,1800.0,20.5,10.7,normal
1697525394.023,46.738,1800.0,3.0,10.7,normal
1697525394.526,46.738,1800.0,4.0,10.7,normal
1697525395.028,46.251,1800.0,4.5,10.7,normal
1697525395.531,46.251,1800.0,3.5,10.7,normal
1697525396.033,47.225,1800.0,3.0,10.7,normal
1697525396.536,46.251,1800.0,3.5,10.7,normal
1697525397.039,47.712,1800.0,4.0,10.7,normal
1697525397.543,47.225,700.0,3.9,10.7,normal
1697525398.048,46.738,800.0,4.5,10.7,normal
1697525398.551,47.225,1800.0,13.9,10.1,normal
1697525399.055,48.199,1800.0,36.3,10.6,normal
1697525399.558,48.199,1800.0,10.0,10.6,normal
1697525400.06,46.738,1800.0,5.0,10.6,normal
1697525400.563,46.251,1800.0,3.9,10.6,normal
1697525401.065,47.225,1800.0,4.5,10.6,normal
1697525401.568,47.225,1800.0,3.5,10.7,normal
1697525402.07,46.738,1800.0,3.0,10.7,normal
1697525402.573,47.225,1800.0,4.0,10.7,normal
1697525403.076,47.712,1800.0,4.0,10.7,normal
1697525403.58,46.251,700.0,3.5,10.7,normal
1697525404.086,45.764,600.0,4.4,10.7,normal
1697525404.592,47.712,700.0,6.4,10.5,normal
1697525405.095,47.712,1800.0,29.4,10.4,normal
1697525405.597,47.225,1800.0,23.1,10.6,normal
1697525406.1,47.225,1800.0,2.0,10.6,normal
1697525406.603,46.738,1800.0,3.0,10.6,normal
1697525407.105,47.712,1800.0,3.5,10.6,normal
1697525407.608,47.225,1800.0,2.0,10.6,normal
1697525408.11,46.738,1800.0,4.4,10.6,normal
1697525408.613,45.764,1800.0,3.0,10.7,normal
1697525409.115,47.712,1800.0,4.0,10.6,normal
1697525409.618,47.225,1800.0,3.5,10.6,normal
1697525410.122,45.764,1000.0,5.5,10.7,normal
1697525410.627,46.251,600.0,5.4,10.6,normal
1697525411.13,46.738,1800.0,22.7,10.4,normal
1697525411.633,47.225,1800.0,31.3,10.7,normal
1697525412.136,47.225,1800.0,3.0,10.7,normal
1697525412.638,47.712,1800.0,4.4,10.7,normal
1697525413.141,46.251,1800.0,4.5,10.7,normal
1697525413.643,47.225,1800.0,3.0,10.7,normal
1697525414.146,46.738,1800.0,3.5,10.7,normal
1697525414.648,47.712,1800.0,2.5,10.7,normal
1697525415.151,47.712,1800.0,6.4,10.7,normal
1697525415.654,47.225,1800.0,3.5,10.7,normal
1697525416.158,46.738,800.0,4.5,10.7,normal
1697525416.663,46.738,800.0,5.0,10.7,normal
1697525417.167,48.199,1800.0,26.7,10.4,normal
1697525417.669,47.225,1800.0,29.1,10.6,normal
1697525418.172,46.251,1800.0,3.5,10.6,normal
1697525418.675,46.738,1800.0,3.5,10.7,normal
1697525419.177,46.738,1800.0,3.0,10.7,normal
1697525419.68,47.225,1800.0,3.0,10.7,normal
1697525420.182,46.738,1800.0,4.5,10.7,normal
1697525420.685,47.712,1800.0,2.5,10.7,normal
1697525421.187,47.225,1800.0,3.5,10.7,normal
1697525421.69,46.738,1800.0,5.0,10.7,normal
1697525422.195,48.199,600.0,4.9,10.7,normal
1697525422.701,46.738,700.0,4.5,10.7,normal
1697525423.203,47.712,1800.0,19.9,10.3,normal
1697525423.706,48.199,1800.0,36.3,10.7,normal
1697525424.209,47.712,1800.0,2.5,10.7,normal
1697525424.711,48.686,1800.0,4.4,10.7,normal
1697525425.214,46.251,1800.0,4.5,10.7,normal
1697525425.716,47.225,1800.0,4.0,10.7,normal
1697525426.219,46.738,1800.0,4.0,10.7,normal
1697525426.722,47.225,1800.0,3.0,10.7,normal
1697525427.224,45.764,1800.0,3.0,10.7,normal
1697525427.727,47.225,1800.0,5.0,10.7,normal
1697525428.231,46.738,800.0,4.4,10.7,normal
1697525428.736,46.738,800.0,5.0,10.8,normal
1697525429.239,46.738,1800.0,12.9,10.1,normal
1697525429.743,47.712,1800.0,33.8,10.7,normal
1697525430.246,46.738,1800.0,13.1,10.7,normal
1697525430.748,46.738,1800.0,3.9,10.7,normal
1697525431.251,47.225,1800.0,2.5,10.7,normal
1697525431.753,46.738,1800.0,4.0,10.7,normal
1697525432.256,46.738,1800.0,3.5,10.7,normal
1697525432.759,47.225,1800.0,3.5,10.7,normal
1697525433.261,47.712,1800.0,3.5,10.7,normal
1697525433.764,48.199,1800.0,4.0,10.7,normal
1697525434.268,46.251,725.0,3.5,10.7,normal
1697525434.774,46.251,600.0,5.4,10.7,normal
1697525435.28,46.738,600.0,7.5,10.7,normal
1697525435.784,47.712,1800.0,29.4,10.5,normal
1697525436.286,47.712,1800.0,24.5,10.7,normal
1697525436.789,47.712,1800.0,3.0,10.7,normal
1697525437.292,47.225,1800.0,3.0,10.7,normal
1697525437.794,46.738,1800.0,4.9,10.7,normal
1697525438.297,47.225,1800.0,3.0,10.7,normal
1697525438.799,46.738,1800.0,3.9,10.7,normal
1697525439.302,47.225,1800.0,3.0,10.7,normal
1697525439.804,47.712,1800.0,3.5,10.7,normal
1697525440.307,47.225,1800.0,5.4,10.7,normal
1697525440.812,47.225,600.0,5.0,10.7,normal
1697525441.318,47.225,600.0,4.9,10.7,normal
1697525441.822,48.199,1800.0,24.4,10.5,normal
1697525442.324,47.712,1800.0,30.8,10.7,normal
1697525442.827,47.225,1800.0,4.5,10.7,normal
1697525443.33,48.199,1800.0,4.0,10.7,normal
1697525443.832,47.225,1800.0,3.5,10.7,normal
1697525444.335,47.225,1800.0,3.5,10.7,normal
1697525444.839,46.738,1800.0,2.5,10.7,normal
1697525445.342,47.225,1800.0,5.0,10.7,normal
1697525445.845,46.251,1800.0,2.5,10.7,normal
1697525446.347,46.738,1800.0,3.4,10.7,normal
1697525446.851,47.225,900.0,4.9,10.7,normal
1697525447.357,46.738,600.0,2.5,10.6,normal
1697525447.861,48.686,1800.0,29.7,10.5,normal
1697525448.363,46.738,1800.0,25.5,10.7,normal
1697525448.866,47.712,1800.0,3.5,10.7,normal
1697525449.369,46.251,1800.0,2.0,10.7,normal
1697525449.871,47.225,1800.0,4.0,10.7,normal
1697525450.374,47.712,1800.0,3.5,10.7,normal
1697525450.876,47.225,1800.0,3.0,10.7,normal
1697525451.379,47.712,1800.0,3.9,10.7,normal
1697525451.882,47.712,1800.0,4.0,10.7,normal
1697525452.384,45.764,1800.0,2.5,10.7,normal
1697525452.89,46.251,600.0,5.4,10.7,normal
1697525453.395,46.738,600.0,4.0,10.7,normal
1697525453.899,46.251,1800.0,21.3,10.3,normal
1697525454.401,47.225,1800.0,33.3,10.7,normal
1697525454.904,46.738,1800.0,4.0,10.7,normal
1697525455.407,46.738,1800.0,3.5,10.7,normal
1697525455.909,47.225,1800.0,3.5,10.7,normal
1697525456.412,47.712,1800.0,4.0,10.7,normal
1697525456.914,47.712,1800.0,4.5,10.7,normal
1697525457.417,47.712,1800.0,3.0,10.7,normal
1697525457.919,46.738,1800.0,3.0,10.7,normal
1697525458.422,46.251,1800.0,3.5,10.7,normal
1697525458.926,47.225,800.0,5.4,10.7,normal
1697525459.43,46.738,900.0,4.5,10.7,normal
1697525459.933,47.712,1800.0,15.9,10.2,normal
1697525460.436,48.199,1800.0,38.0,10.7,normal
1697525460.939,46.738,1800.0,7.4,10.7,normal
1697525461.441,48.199,1800.0,3.0,10.7,normal
1697525461.944,47.712,1800.0,3.0,10.7,normal
1697525462.447,47.712,1800.0,4.0,10.7,normal
1697525462.949,47.225,1800.0,3.5,10.7,normal
1697525463.452,46.251,1800.0,3.5,10.7,normal
1697525463.954,47.225,1800.0,3.0,10.8,normal
1697525464.457,46.738,1800.0,3.0,10.8,normal
1697525464.961,46.738,900.0,4.5,10.8,normal
1697525465.465,47.225,800.0,6.0,10.8,normal
1697525465.968,48.199,1800.0,6.9,10.5,normal
1697525466.471,47.712,1800.0,28.5,10.5,normal
1697525466.974,46.738,1800.0,22.0,10.7,normal
1697525467.476,48.686,1800.0,3.5,10.7,normal
1697525467.979,46.738,1800.0,3.0,10.7,normal
1697525468.481,46.738,1800.0,3.0,10.7,normal
1697525468.984,48.199,1800.0,3.5,10.7,normal
1697525469.486,46.251,1800.0,4.5,10.7,normal
1697525469.989,47.712,1800.0,3.5,10.7,normal
1697525470.492,46.251,1800.0,4.0,10.7,normal
1697525470.996,47.712,700.0,3.5,10.7,normal
1697525471.5,45.764,1000.0,5.4,10.7,normal
1697525472.003,46.738,1800.0,14.4,10.1,normal
1697525472.506,48.199,1800.0,35.8,10.6,normal
1697525473.009,47.712,1800.0,9.0,10.6,normal
1697525473.512,47.225,1800.0,3.5,10.6,normal
1697525474.014,46.738,1800.0,4.9,10.6,normal
1697525474.517,46.251,1800.0,2.5,10.6,normal
1697525475.019,47.225,1800.0,4.9,10.7,normal
1697525475.522,47.225,1800.0,4.0,10.7,normal
1697525476.024,47.225,1800.0,4.5,10.7,normal
1697525476.527,48.686,1800.0,3.5,10.7,normal
1697525477.031,47.225,800.0,3.0,10.7,normal
1697525477.535,46.738,900.0,4.5,10.7,normal
1697525478.038,47.712,1800.0,18.9,10.2,normal
1697525478.541,48.199,1800.0,37.5,10.6,normal
1697525479.043,47.225,1800.0,2.5,10.7,normal
1697525479.546,47.225,1800.0,3.5,10.7,normal
1697525480.048,46.738,1800.0,5.0,10.7,normal
1697525480.551,47.225,1800.0,3.0,10.7,normal
1697525481.053,47.225,1800.0,3.0,10.7,normal
1697525481.556,45.764,1800.0,3.5,10.7,normal
1697525482.059,46.738,1800.0,3.5,10.7,normal
1697525482.561,47.225,1800.0,4.0,10.7,normal
1697525483.066,47.225,700.0,3.0,10.7,normal
1697525483.57,46.738,900.0,4.9,10.7,normal
1697525484.074,47.712,1800.0,22.0,10.4,normal
1697525484.576,48.199,1800.0,32.5,10.7,normal
1697525485.079,47.225,1800.0,4.0,10.7,normal
1697525485.581,47.712,1800.0,3.0,10.7,normal
1697525486.084,47.225,1800.0,3.0,10.7,normal
1697525486.587,46.251,1800.0,4.5,10.7,normal
1697525487.089,46.738,1800.0,3.5,10.7,normal
1697525487.592,47.225,1800.0,3.0,10.7,normal
1697525488.094,46.738,1800.0,4.0,10.7,normal
1697525488.597,47.225,1800.0,3.5,10.7,normal
1697525489.102,47.225,600.0,4.4,10.7,normal
1697525489.608,46.738,600.0,3.0,10.7,normal
1697525490.111,47.712,1800.0,17.0,10.3,normal
1697525490.614,48.686,1800.0,37.5,10.6,normal
1697525491.116,47.712,1800.0,5.0,10.7,normal
1697525491.619,46.251,1800.0,3.5,10.7,normal
1697525492.121,47.225,1800.0,2.5,10.7,normal
1697525492.624,46.738,1800.0,4.5,10.7,normal
1697525493.126,46.738,1800.0,3.0,10.7,normal
1697525493.629,47.712,1800.0,3.5,10.7,normal
1697525494.131,46.738,1800.0,3.0,10.7,normal
1697525494.634,47.225,1800.0,4.4,10.7,normal
1697525495.138,46.738,800.0,5.4,10.7,normal
1697525495.644,46.251,600.0,4.9,10.7,normal
1697525496.149,45.764,900.0,9.0,9.6,normal
1697525496.652,47.225,1800.0,29.4,10.5,normal
1697525497.154,47.225,1800.0,20.8,10.7,normal
1697525497.657,47.225,1800.0,3.0,10.7,normal
1697525498.159,47.712,1800.0,3.5,10.7,normal
1697525498.662,47.225,1800.0,4.0,10.7,normal
1697525499.164,47.712,1800.0,3.5,10.7,normal
1697525499.667,46.738,1800.0,3.5,10.7,normal
1697525500.17,46.251,1800.0,4.5,10.7,normal
1697525500.672,45.764,1800.0,4.5,10.7,normal
1697525501.177,46.738,1250.0,3.5,10.7,normal
1697525501.681,46.738,800.0,5.0,10.7,normal
1697525502.186,46.251,800.0,4.5,10.6,normal
1697525502.689,47.712,1800.0,27.4,10.4,normal
1697525503.192,48.199,1800.0,29.1,10.6,normal
1697525503.694,46.251,1800.0,3.0,10.7,normal
1697525504.197,47.225,1800.0,3.5,10.7,normal
1697525504.699,47.225,1800.0,4.0,10.7,normal
1697525505.202,47.712,1800.0,5.0,10.7,normal
1697525505.704,47.225,1800.0,1.5,10.7,normal
1697525506.207,47.225,1800.0,4.0,10.7,normal
1697525506.709,47.225,1800.0,1.5,10.7,normal
1697525507.212,47.712,1800.0,4.0,10.6,normal
1697525507.716,46.738,800.0,5.0,10.7,normal
1697525508.22,46.738,1000.0,4.5,10.7,normal
1697525508.723,46.738,1800.0,17.4,10.3,normal
1697525509.226,48.199,1800.0,37.0,10.7,normal
1697525509.728,47.712,1800.0,1.5,10.7,normal
1697525510.231,47.225,1800.0,2.0,10.7,normal
1697525510.734,46.738,1800.0,6.9,10.7,normal
1697525511.236,47.225,1800.0,3.0,10.7,normal
1697525511.739,46.738,1800.0,3.0,10.7,normal
1697525512.241,47.225,1800.0,2.5,10.7,normal
1697525512.744,46.738,1800.0,4.0,10.7,normal
1697525513.246,47.712,1800.0,3.5,10.7,normal
1697525513.75,46.738,900.0,4.9,10.7,normal
1697525514.255,47.225,700.0,3.5,10.7,normal
1697525514.759,48.199,1800.0,25.2,10.4,normal
1697525515.262,47.712,1800.0,31.2,10.7,normal
1697525515.764,45.764,1800.0,3.0,10.7,normal
1697525516.267,46.738,1800.0,3.5,10.7,normal
1697525516.769,47.225,1800.0,4.0,10.7,normal
1697525517.272,47.225,1800.0,3.5,10.7,normal
1697525517.775,48.199,1800.0,2.5,10.7,normal
1697525518.277,47.225,1800.0,5.0,10.7,normal
1697525518.78,47.225,1800.0,4.0,10.7,normal
1697525519.282,47.712,1800.0,3.5,10.7,normal
1697525519.786,46.738,800.0,4.0,10.7,normal
1697525520.291,47.225,700.0,6.4,10.7,normal
1697525520.794,47.712,1800.0,17.5,10.2,normal
1697525521.297,47.712,1800.0,38.7,10.7,normal
1697525521.799,47.225,1800.0,4.0,10.7,normal
1697525522.302,48.199,1800.0,3.0,10.7,normal
1697525522.804,46.738,1800.0,4.0,10.7,normal
1697525523.307,48.686,1800.0,4.5,10.7,normal
1697525523.809,47.712,1800.0,2.5,10.7,normal
1697525524.312,46.738,1800.0,3.0,10.7,normal
1697525524.814,47.225,1800.0,3.0,10.7,normal
1697525525.317,47.712,1800.0,5.5,10.7,normal
1697525525.822,47.225,600.0,3.9,10.7,normal
1697525526.328,46.738,600.0,2.5,10.7,normal
1697525526.834,46.738,1800.0,25.1,10.4,normal
1697525527.337,48.199,1800.0,35.0,10.7,normal
1697525527.839,47.225,1800.0,2.5,10.7,normal
1697525528.342,47.712,1800.0,4.0,10.7,normal
1697525528.844,47.712,1800.0,2.5,10.7,normal
1697525529.347,46.738,1800.0,3.0,10.7,normal
1697525529.85,47.225,1800.0,4.0,10.7,normal
1697525530.352,47.712,1800.0,3.5,10.7,normal
1697525530.855,46.251,1800.0,2.0,10.7,normal
1697525531.358,46.738,1800.0,3.0,10.7,normal
1697525531.864,47.225,600.0,4.0,10.7,normal
1697525532.37,46.251,600.0,4.9,10.7,normal
1697525532.873,45.764,1800.0,12.6,10.1,normal
1697525533.376,48.686,1800.0,35.1,10.7,normal
1697525533.879,47.712,1800.0,11.9,10.7,normal
1697525534.382,48.686,1800.0,3.0,10.7,normal
1697525534.884,47.712,1800.0,4.0,10.7,normal
1697525535.387,47.712,1800.0,4.0,10.7,normal
1697525535.889,47.712,1800.0,3.5,10.7,normal
1697525536.392,47.225,1800.0,3.0,10.7,normal
1697525536.894,47.712,1800.0,3.5,10.7,normal
1697525537.397,46.738,1800.0,3.5,10.7,normal
1697525537.902,46.738,700.0,5.4,10.7,normal
1697525538.408,47.225,600.0,5.4,10.7,normal
1697525538.914,47.225,600.0,5.0,10.6,normal
1697525539.417,47.712,1800.0,29.6,10.5,normal
1697525539.92,47.712,1800.0,26.1,10.6,normal
1697525540.422,47.712,1800.0,4.0,10.6,normal
1697525540.925,46.738,1800.0,3.5,10.6,normal
1697525541.427,46.738,1800.0,3.5,10.6,normal
1697525541.93,46.738,1800.0,4.0,10.6,normal
1697525542.433,46.738,1800.0,1.0,10.6,normal
1697525542.935,47.712,1800.0,5.4,10.7,normal
1697525543.438,46.738,1800.0,3.5,10.7,normal
1697525543.94,46.738,1800.0,5.4,10.7,normal
1697525544.445,46.251,600.0,4.0,10.7,normal
1697525544.95,47.225,700.0,5.0,10.7,normal
1697525545.454,46.738,1800.0,24.3,10.3,normal
1697525545.961,47.225,1800.0,32.0,10.6,normal
1697525546.464,47.712,1800.0,3.5,10.6,normal
1697525546.966,46.738,1800.0,3.5,10.6,normal
1697525547.469,47.712,1800.0,3.5,10.6,normal
1697525547.971,47.225,1800.0,3.5,10.6,normal
1697525548.474,47.225,1800.0,4.5,10.7,normal
1697525548.976,47.712,1800.0,3.0,10.7,normal
1697525549.479,46.738,1800.0,4.4,10.7,normal
1697525549.981,47.225,1800.0,3.5,10.7,normal
1697525550.486,48.199,800.0,5.4,10.7,normal
1697525550.993,47.225,800.0,6.4,10.6,normal
1697525551.495,47.712,1800.0,27.6,10.5,normal
1697525551.998,48.199,1800.0,25.4,10.6,normal
1697525552.501,47.712,1800.0,3.5,10.6,normal
1697525553.003,47.225,1800.0,3.0,10.7,normal
1697525553.506,46.738,1800.0,3.5,10.7,normal
1697525554.008,47.225,1800.0,3.5,10.7,normal
1697525554.511,48.199,1800.0,12.0,10.7,normal
1697525555.013,46.251,1800.0,5.0,10.7,normal
1697525555.516,47.225,1800.0,3.5,10.7,normal
1697525556.018,48.199,1800.0,3.9,10.7,normal
1697525556.523,46.738,900.0,4.5,10.7,normal
1697525557.025,47.712,1800.0,10.9,9.7,normal
1697525557.529,48.199,1800.0,31.0,10.5,normal
1697525558.032,46.738,1800.0,18.5,10.7,normal
1697525558.534,46.738,1800.0,3.5,10.7,normal
1697525559.037,47.712,1800.0,3.5,10.7,normal
1697525559.539,47.712,1800.0,3.5,10.7,normal
1697525560.042,48.199,1800.0,4.5,10.7,normal
1697525560.544,47.712,1800.0,3.0,10.7,normal
1697525561.047,46.738,1800.0,3.5,10.7,normal
1697525561.549,47.712,1800.0,3.5,10.7,normal
1697525562.054,46.738,800.0,4.4,10.7,normal
1697525562.558,46.738,900.0,4.5,10.7,normal
1697525563.061,46.738,1800.0,15.9,10.2,normal
1697525563.563,48.199,1800.0,38.8,10.6,normal
1697525564.066,47.712,1800.0,5.4,10.6,normal
1697525564.568,47.712,1800.0,3.5,10.6,normal
1697525565.071,47.712,1800.0,4.0,10.6,normal
1697525565.574,47.225,1800.0,3.0,10.6,normal
1697525566.076,47.225,1800.0,2.5,10.6,normal
1697525566.579,47.225,1800.0,1.0,10.6,normal
1697525567.081,47.225,1800.0,3.0,10.6,normal
1697525567.584,48.199,1800.0,1.0,10.6,normal
1697525568.089,46.251,700.0,2.5,10.6,normal
1697525568.592,47.225,1800.0,7.5,10.7,normal
1697525569.095,46.738,1800.0,9.0,9.7,normal
1697525569.599,47.712,1800.0,28.0,10.5,normal
1697525570.102,47.225,1800.0,17.7,10.6,normal
1697525570.604,46.251,1800.0,1.5,10.6,normal
1697525571.107,47.712,1800.0,1.0,10.6,normal
1697525571.609,47.712,1800.0,5.5,10.7,normal
1697525572.112,47.712,1800.0,2.5,10.7,normal
1697525572.615,48.199,1800.0,2.5,10.7,normal
1697525573.117,47.225,1800.0,2.5,10.7,normal
1697525573.622,47.225,700.0,2.5,10.7,normal
1697525574.128,46.738,600.0,4.5,10.7,normal
1697525574.634,45.764,600.0,3.5,10.7,normal
1697525575.138,46.738,800.0,5.9,10.6,normal
1697525575.641,47.225,1800.0,27.0,10.4,normal
1697525576.144,47.712,1800.0,28.5,10.6,normal
1697525576.646,47.225,1800.0,3.4,10.6,normal
1697525577.149,47.225,1800.0,2.5,10.7,normal
1697525577.651,47.712,1800.0,3.0,10.7,normal
1697525578.154,46.738,1800.0,3.5,10.7,normal
1697525578.656,46.738,1800.0,4.0,10.7,normal
1697525579.159,47.712,1800.0,3.0,10.7,normal
1697525579.662,47.225,1800.0,3.5,10.7,normal
1697525580.164,47.225,1800.0,4.0,10.7,normal
1697525580.668,47.225,900.0,5.0,10.7,normal
1697525581.172,46.738,900.0,5.4,10.7,normal
1697525581.675,48.686,1800.0,19.5,10.3,normal
1697525582.178,47.712,1800.0,36.0,10.7,normal
1697525582.68,47.225,1800.0,4.9,10.7,normal
1697525583.183,48.199,1800.0,3.0,10.7,normal
1697525583.686,47.712,1800.0,4.0,10.7,normal
1697525584.188,46.738,1800.0,3.5,10.7,normal
1697525584.691,47.225,1800.0,4.0,10.7,normal
1697525585.193,47.225,1800.0,4.5,10.7,normal
1697525585.696,46.251,1800.0,2.5,10.7,normal
1697525586.198,47.712,1800.0,3.5,10.7,normal
1697525586.703,46.738,800.0,4.0,10.7,normal
1697525587.208,45.764,700.0,5.4,10.7,normal
1697525587.711,47.225,1800.0,24.4,10.4,normal
1697525588.214,48.199,1800.0,30.3,10.7,normal
1697525588.716,46.251,1800.0,3.5,10.7,normal
1697525589.219,48.199,1800.0,5.4,10.7,normal
1697525589.721,46.738,1800.0,3.5,10.7,normal
1697525590.224,46.738,1800.0,4.5,10.7,normal
1697525590.727,47.225,1800.0,3.0,10.7,normal
1697525591.229,47.225,1800.0,4.0,10.7,normal
1697525591.732,47.712,1800.0,3.0,10.7,normal
1697525592.234,46.738,1800.0,4.4,10.7,normal
1697525592.738,47.225,900.0,5.0,10.7,normal
1697525593.243,47.225,800.0,6.4,10.7,normal
1697525593.746,47.225,1800.0,17.8,10.3,normal
1697525594.248,46.738,1800.0,37.2,10.6,normal
1697525594.751,47.712,1800.0,3.5,10.7,normal
1697525595.253,47.712,1800.0,4.5,10.7,normal
1697525595.756,48.199,1800.0,4.0,10.7,normal
1697525596.259,47.712,1800.0,3.5,10.7,normal
1697525596.761,47.712,1800.0,2.5,10.7,normal
1697525597.264,47.225,1800.0,3.5,10.7,normal
1697525597.766,46.738,1800.0,3.9,10.7,normal
1697525598.269,46.738,1800.0,2.5,10.7,normal
1697525598.773,46.251,700.0,4.5,10.7,normal
1697525599.279,46.738,600.0,4.9,10.7,normal
1697525599.782,47.712,1800.0,22.4,10.4,normal
1697525600.285,47.225,1800.0,32.7,10.7,normal
1697525600.788,47.225,1800.0,3.0,10.7,normal
1697525601.29,47.712,1800.0,5.0,10.7,normal
1697525601.793,47.225,1800.0,3.5,10.7,normal
1697525602.295,48.199,1800.0,1.5,10.7,normal
1697525602.798,47.712,1800.0,5.0,10.7,normal
1697525603.3,47.712,1800.0,4.0,10.7,normal
1697525603.803,47.712,1800.0,3.5,10.7,normal
1697525604.305,46.738,1800.0,3.5,10.7,normal
1697525604.811,47.712,600.0,4.4,10.7,normal
1697525605.316,45.764,700.0,5.4,10.7,normal
1697525605.819,48.199,1800.0,16.3,10.2,normal
1697525606.322,47.712,1800.0,37.0,10.6,normal
1697525606.825,47.712,1800.0,6.0,10.7,normal
1697525607.327,47.712,1800.0,4.0,10.7,normal
1697525607.83,48.199,1800.0,4.0,10.7,normal
1697525608.332,47.225,1800.0,3.0,10.7,normal
1697525608.835,47.225,1800.0,4.0,10.7,normal
1697525609.337,47.225,1800.0,4.0,10.7,normal
1697525609.84,46.251,1800.0,3.5,10.7,normal
1697525610.342,47.712,1800.0,4.5,10.7,normal
1697525610.848,47.225,600.0,2.5,10.7,normal
1697525611.353,46.251,600.0,5.4,10.7,normal
1697525611.86,46.738,600.0,9.0,10.3,normal
1697525612.364,48.686,1800.0,28.9,10.5,normal
1697525612.867,47.712,1800.0,20.4,10.7,normal
1697525613.37,48.199,1800.0,3.5,10.7,normal
1697525613.873,47.712,1800.0,3.5,10.7,normal
1697525614.375,47.225,1800.0,2.0,10.7,normal
1697525614.878,46.738,1800.0,2.0,10.7,normal
1697525615.381,46.738,1800.0,5.0,10.7,normal
1697525615.883,46.738,1800.0,3.0,10.7,normal
1697525616.386,47.225,1800.0,3.5,10.7,normal
1697525616.891,46.738,700.0,3.0,10.7,normal
1697525617.397,46.251,600.0,5.9,10.7,normal
1697525617.9,46.738,1800.0,13.0,10.2,normal
1697525618.404,48.686,1800.0,34.3,10.6,normal
1697525618.907,48.686,1800.0,13.3,10.7,normal
1697525619.409,48.686,1800.0,3.0,10.7,normal
1697525619.912,47.712,1800.0,3.0,10.7,normal
1697525620.415,48.199,1800.0,4.9,10.7,normal
1697525620.917,48.199,1800.0,2.0,10.7,normal
1697525621.42,46.738,1800.0,4.5,10.7,normal
1697525621.922,47.712,1800.0,3.5,10.7,normal
1697525622.425,48.199,1800.0,3.5,10.7,normal
1697525622.93,47.225,700.0,4.0,10.7,normal
1697525623.435,46.738,700.0,4.9,10.7,normal
1697525623.938,46.251,1800.0,17.9,10.3,normal
1697525624.44,48.199,1800.0,37.0,10.6,normal
1697525624.943,47.712,1800.0,5.0,10.7,normal
1697525625.446,47.712,1800.0,4.0,10.7,normal
1697525625.948,47.712,1800.0,2.5,10.7,normal
1697525626.451,46.251,1800.0,1.5,10.7,normal
1697525626.953,46.738,1800.0,3.0,10.7,normal
1697525627.456,47.712,1800.0,2.5,10.7,normal
1697525627.958,47.225,1800.0,2.5,10.7,normal
1697525628.461,47.712,1800.0,1.5,10.7,normal
1697525628.965,47.225,1000.0,8.5,10.7,normal
1697525629.469,46.738,1000.0,5.9,10.7,normal
1697525629.971,47.712,1800.0,21.0,10.4,normal
1697525630.474,48.199,1800.0,35.7,10.7,normal
1697525630.976,47.225,1800.0,2.5,10.7,normal
1697525631.479,47.225,1800.0,4.5,10.7,normal
1697525631.982,47.712,1800.0,3.0,10.7,normal
1697525632.484,47.225,1800.0,4.0,10.7,normal
1697525632.987,47.712,1800.0,3.0,10.7,normal
1697525633.489,48.199,1800.0,4.0,10.7,normal
1697525633.992,48.199,1800.0,3.5,10.7,normal
1697525634.494,46.738,1800.0,3.0,10.7,normal
1697525634.998,47.225,900.0,5.9,10.7,normal
1697525635.503,47.225,700.0,5.9,10.7,normal
1697525636.007,46.738,1800.0,15.4,10.2,normal
1697525636.512,48.199,1800.0,36.3,10.7,normal
1697525637.015,47.225,1800.0,8.0,10.8,normal
1697525637.518,46.251,1800.0,3.5,10.8,normal
1697525638.02,46.251,1800.0,4.5,10.8,normal
1697525638.523,47.225,1800.0,3.5,10.8,normal
1697525639.026,47.712,1800.0,3.5,10.8,normal
1697525639.528,47.225,1800.0,3.5,10.8,normal
1697525640.031,47.225,1800.0,5.4,10.8,normal
1697525640.533,48.199,1800.0,2.5,10.8,normal
1697525641.038,47.225,700.0,2.5,10.7,normal
1697525641.544,47.225,600.0,3.0,10.7,normal
1697525642.047,48.199,1800.0,10.1,9.9,normal
1697525642.55,48.199,1800.0,28.4,10.5,normal
1697525643.053,47.712,1800.0,21.0,10.7,normal
1697525643.555,47.712,1800.0,3.0,10.7,normal
1697525644.058,47.225,1800.0,3.0,10.7,normal
1697525644.56,48.686,1800.0,4.0,10.7,normal
1697525645.063,46.738,1800.0,4.5,10.7,normal
1697525645.565,47.225,1800.0,4.0,10.7,normal
1697525646.068,47.225,1800.0,3.5,10.7,normal
1697525646.57,47.225,1800.0,3.0,10.7,normal
1697525647.075,46.251,700.0,5.4,10.7,normal
1697525647.581,46.738,600.0,5.0,10.7,normal
1697525648.085,47.225,1800.0,13.4,10.1,normal
1697525648.588,47.225,1800.0,33.0,10.6,normal
1697525649.09,47.712,1800.0,13.9,10.7,normal
1697525649.593,47.712,1800.0,3.5,10.7,normal
1697525650.095,47.225,1800.0,4.5,10.7,normal
1697525650.598,46.251,1800.0,2.5,10.7,normal
1697525651.1,47.712,1800.0,4.4,10.7,normal
1697525651.603,47.225,1800.0,3.5,10.7,normal
1697525652.106,46.251,1800.0,3.5,10.7,normal
1697525652.608,47.225,1800.0,2.5,10.7,normal
1697525653.113,46.738,700.0,5.4,10.7,normal
1697525653.619,46.251,600.0,4.5,10.7,normal
1697525654.125,47.225,600.0,6.4,10.7,normal
1697525654.628,47.712,1800.0,28.0,10.5,normal
1697525655.13,48.199,1800.0,26.2,10.7,normal
1697525655.633,47.225,1800.0,3.0,10.7,normal
1697525656.135,46.738,1800.0,2.5,10.7,normal
1697525656.638,47.712,1800.0,3.9,10.7,normal
1697525657.14,47.712,1800.0,3.0,10.7,normal
1697525657.643,47.712,1800.0,3.5,10.7,normal
1697525658.145,47.225,1800.0,2.5,10.7,normal
1697525658.648,47.712,1800.0,3.4,10.7,normal
1697525659.151,47.225,1800.0,3.5,10.7,normal
1697525659.656,46.738,600.0,4.4,10.7,normal
1697525660.162,47.225,600.0,5.4,10.7,normal
1697525660.665,46.251,1800.0,23.0,10.4,normal
1697525661.167,47.712,1800.0,31.7,10.7,normal
1697525661.67,47.225,1800.0,4.5,10.7,normal
1697525662.172,47.712,1800.0,3.0,10.7,normal
1697525662.675,48.199,1800.0,4.0,10.7,normal
1697525663.178,46.251,1800.0,3.5,10.7,normal
1697525663.68,46.738,1800.0,4.0,10.7,normal
1697525664.183,45.277,1800.0,3.5,10.7,normal
1697525664.685,47.225,1800.0,3.5,10.7,normal
1697525665.188,47.225,1800.0,3.0,10.7,normal
1697525665.693,46.251,600.0,5.0,10.7,normal
1697525666.199,46.738,600.0,4.0,10.7,normal
1697525666.702,46.738,1800.0,18.2,10.2,normal
1697525667.205,47.712,1800.0,36.2,10.6,normal
1697525667.707,47.712,1800.0,5.5,10.7,normal
1697525668.21,46.251,1800.0,3.5,10.7,normal
1697525668.712,47.712,1800.0,2.5,10.7,normal
1697525669.215,47.712,1800.0,2.5,10.7,normal
1697525669.717,47.712,1800.0,2.0,10.7,normal
1697525670.22,47.712,1800.0,6.9,10.7,normal
1697525670.723,46.738,1800.0,4.0,10.7,normal
1697525671.225,47.225,1800.0,3.5,10.7,normal
1697525671.73,46.251,700.0,3.5,10.7,normal
1697525672.234,46.738,800.0,5.9,10.7,normal
1697525672.738,45.764,1000.0,9.0,9.7,normal
1697525673.242,47.225,1800.0,28.9,10.6,normal
1697525673.744,47.712,1800.0,19.7,10.7,normal
1697525674.247,47.225,1800.0,4.0,10.7,normal
1697525674.749,45.764,1800.0,3.5,10.7,normal
1697525675.252,47.225,1800.0,3.5,10.7,normal
1697525675.755,47.225,1800.0,3.5,10.7,normal
1697525676.257,47.712,1800.0,4.5,10.7,normal
1697525676.76,47.225,1800.0,2.5,10.7,normal
1697525677.262,47.712,1800.0,3.5,10.7,normal
1697525677.767,46.738,975.0,3.5,10.7,normal
1697525678.271,46.738,800.0,4.5,10.6,normal
1697525678.774,45.277,1800.0,15.4,10.1,normal
1697525679.278,47.225,1800.0,35.0,10.6,normal
1697525679.78,46.738,1800.0,11.0,10.7,normal
1697525680.283,46.738,1800.0,4.5,10.7,normal
1697525680.786,47.712,1800.0,3.5,10.7,normal
1697525681.288,47.712,1800.0,3.5,10.7,normal
1697525681.791,48.686,1800.0,3.5,10.7,normal
1697525682.293,48.686,1800.0,4.0,10.7,normal
1697525682.796,46.251,1800.0,4.5,10.7,normal
1697525683.299,47.225,1800.0,3.5,10.7,normal
1697525683.803,45.764,800.0,4.4,10.7,normal
1697525684.308,46.738,800.0,4.0,10.7,normal
1697525684.812,46.738,800.0,6.0,10.7,normal
1697525685.316,47.712,1800.0,28.7,10.5,normal
1697525685.818,47.712,1800.0,26.6,10.7,normal
1697525686.321,46.738,1800.0,2.5,10.7,normal
1697525686.823,47.225,1800.0,2.5,10.7,normal
1697525687.326,47.225,1800.0,0.5,10.7,normal
1697525687.833,46.738,1800.0,3.5,10.7,normal
1697525688.336,47.225,1800.0,3.0,10.7,normal
1697525688.839,48.199,1800.0,3.0,10.7,normal
1697525689.341,46.738,1800.0,2.5,10.7,normal
1697525689.844,47.712,1800.0,2.0,10.7,normal
1697525690.349,46.251,600.0,3.0,10.7,normal
1697525690.855,47.225,600.0,3.4,10.7,normal
1697525691.358,47.225,1800.0,23.6,10.3,normal
1697525691.861,48.199,1800.0,32.8,10.7,normal
1697525692.364,48.199,1800.0,4.0,10.7,normal
1697525692.866,47.225,1800.0,3.0,10.7,normal
1697525693.369,46.738,1800.0,3.0,10.7,normal
1697525693.871,48.199,1800.0,4.5,10.7,normal
1697525694.374,47.712,1800.0,3.9,10.7,normal
1697525694.876,48.199,1800.0,2.5,10.7,normal
1697525695.379,47.225,1800.0,3.5,10.7,normal
1697525695.881,46.738,1800.0,4.5,10.7,normal
1697525696.386,46.738,800.0,3.5,10.7,normal
1697525696.89,46.738,800.0,4.5,10.7,normal
1697525697.393,47.712,1800.0,14.4,10.2,normal
1697525697.895,48.686,1800.0,36.8,10.6,normal
1697525698.398,47.712,1800.0,6.0,10.6,normal
1697525698.9,47.225,1800.0,3.0,10.6,normal
1697525699.403,48.199,1800.0,4.0,10.7,normal
1697525699.906,47.712,1800.0,3.0,10.7,normal
1697525700.408,47.712,1800.0,4.0,10.7,normal
1697525700.911,47.712,1800.0,4.5,10.7,normal
1697525701.413,47.712,1800.0,4.5,10.7,normal
1697525701.916,49.173,1800.0,4.0,10.7,normal
1697525702.42,46.738,900.0,3.5,10.7,normal
1697525702.924,47.712,1000.0,5.4,10.6,normal
1697525703.429,46.251,1000.0,3.5,10.6,normal
1697525703.932,46.738,1800.0,30.7,10.4,normal
1697525704.435,46.738,1800.0,24.5,10.7,normal
1697525704.937,48.199,1800.0,3.5,10.7,normal
1697525705.44,47.225,1800.0,5.0,10.7,normal
1697525705.942,46.738,1800.0,3.0,10.7,normal
1697525706.445,47.225,1800.0,2.5,10.7,normal
1697525706.948,47.225,1800.0,4.0,10.7,normal
1697525707.45,47.712,1800.0,4.4,10.7,normal
1697525707.953,47.225,1800.0,3.0,10.7,normal
1697525708.455,47.712,1800.0,3.5,10.6,normal
1697525708.96,46.251,700.0,4.0,10.7,normal
1697525709.464,46.738,1000.0,5.9,10.7,normal
1697525709.968,47.712,1800.0,24.1,10.4,normal
1697525710.471,46.738,1800.0,32.0,10.7,normal
1697525710.973,47.712,1800.0,3.0,10.7,normal
1697525711.476,46.251,1800.0,4.5,10.7,normal
1697525711.978,48.199,1800.0,3.0,10.7,normal
1697525712.481,46.251,1800.0,3.0,10.7,normal
1697525712.983,47.712,1800.0,3.9,10.7,normal
1697525713.486,47.225,1800.0,4.4,10.7,normal
1697525713.988,47.225,1800.0,2.5,10.7,normal
1697525714.491,47.225,1800.0,2.0,10.7,normal
1697525714.994,46.738,1000.0,5.4,10.7,normal
1697525715.499,46.251,800.0,5.4,10.7,normal
1697525716.002,47.712,1800.0,16.5,10.3,normal
1697525716.504,48.199,1800.0,36.7,10.7,normal
1697525717.007,47.225,1800.0,4.0,10.7,normal
1697525717.509,47.712,1800.0,3.5,10.7,normal
1697525718.012,46.738,1800.0,4.0,10.7,normal
1697525718.514,47.712,1800.0,3.5,10.7,normal
1697525719.017,47.225,1800.0,2.5,10.7,normal
1697525719.519,48.199,1800.0,3.5,10.7,normal
1697525720.022,47.225,1800.0,4.9,10.7,normal
1697525720.524,46.738,1800.0,3.0,10.7,normal
1697525721.029,46.738,800.0,4.0,10.7,normal
1697525721.533,47.712,900.0,5.4,10.7,normal
1697525722.037,46.738,1000.0,10.4,9.6,normal
1697525722.542,46.738,1800.0,29.6,10.5,normal
1697525723.045,48.686,1800.0,19.7,10.7,normal
1697525723.547,47.225,1800.0,4.4,10.7,normal
1697525724.05,47.712,1800.0,4.0,10.7,normal
1697525724.552,46.738,1800.0,3.0,10.7,normal
1697525725.055,47.225,1800.0,4.5,10.7,normal
1697525725.557,48.686,1800.0,5.0,10.7,normal
1697525726.06,47.225,1800.0,3.5,10.7,normal
1697525726.563,48.199,1800.0,3.0,10.7,normal
1697525727.068,47.712,700.0,3.9,10.7,normal
1697525727.573,47.225,800.0,5.0,10.7,normal
1697525728.075,46.251,1800.0,14.5,10.2,normal
1697525728.578,48.199,1800.0,37.1,10.6,normal
1697525729.081,47.712,1800.0,5.0,10.6,normal
1697525729.583,47.712,1800.0,4.5,10.6,normal
1697525730.086,48.199,1800.0,4.5,10.6,normal
1697525730.588,46.738,1800.0,3.5,10.6,normal
1697525731.091,47.712,1800.0,3.5,10.6,normal
1697525731.594,47.225,1800.0,4.0,10.7,normal
1697525732.096,48.199,1800.0,4.0,10.7,normal
1697525732.599,46.251,1800.0,4.0,10.7,normal
1697525733.104,48.199,600.0,3.9,10.7,normal
1697525733.61,45.764,800.0,4.4,10.7,normal
1697525734.114,46.251,900.0,9.0,9.6,normal
1697525734.617,47.225,1800.0,27.6,10.5,normal
1697525735.12,47.712,1800.0,23.8,10.7,normal
1697525735.622,47.712,1800.0,3.5,10.7,normal
1697525736.125,47.225,1800.0,4.5,10.7,normal
1697525736.627,47.225,1800.0,3.0,10.7,normal
1697525737.13,47.225,1800.0,3.0,10.7,normal
1697525737.632,47.712,1800.0,3.0,10.7,normal
1697525738.135,48.686,1800.0,4.0,10.7,normal
1697525738.638,47.225,1800.0,3.0,10.7,normal
1697525739.14,45.764,1800.0,2.5,10.7,normal
1697525739.646,46.738,600.0,3.0,10.7,normal
1697525740.151,46.251,700.0,5.9,10.7,normal
1697525740.654,46.738,1800.0,24.4,10.4,normal
1697525741.156,47.712,1800.0,27.3,10.6,normal
1697525741.659,47.225,1800.0,3.0,10.6,normal
1697525742.162,47.712,1800.0,3.5,10.6,normal
1697525742.664,47.225,1800.0,3.5,10.6,normal
1697525743.167,46.738,1800.0,3.5,10.7,normal
1697525743.669,46.738,1800.0,3.5,10.7,normal
1697525744.172,47.225,1800.0,3.5,10.7,normal
1697525744.674,47.712,1800.0,4.0,10.7,normal
1697525745.177,46.251,1800.0,4.4,10.7,normal
1697525745.681,46.738,800.0,3.5,10.7,normal
1697525746.187,47.712,600.0,4.9,10.7,normal
1697525746.69,46.738,1800.0,20.4,10.3,normal
1697525747.192,47.225,1800.0,35.5,10.7,normal
1697525747.695,47.712,1800.0,2.0,10.7,normal
1697525748.198,47.225,1800.0,0.0,10.7,normal
1697525748.7,46.738,1800.0,4.5,10.6,normal
1697525749.203,46.251,1800.0,5.0,10.6,normal
1697525749.705,48.199,1800.0,3.5,10.7,normal
1697525750.208,47.225,1800.0,4.0,10.7,normal
1697525750.71,45.764,1800.0,3.5,10.7,normal
1697525751.213,47.712,1800.0,3.5,10.7,normal
1697525751.718,45.764,600.0,4.4,10.7,normal
1697525752.224,45.764,700.0,4.9,10.7,normal
1697525752.728,47.225,1800.0,23.0,10.3,normal
1697525753.23,47.712,1800.0,31.2,10.7,normal
1697525753.733,47.225,1800.0,3.0,10.7,normal
1697525754.235,46.251,1800.0,3.0,10.7,normal
1697525754.738,46.251,1800.0,3.9,10.7,normal
1697525755.24,46.738,1800.0,5.4,10.7,normal
1697525755.743,46.251,1800.0,3.5,10.7,normal
1697525756.246,46.738,1800.0,4.0,10.7,normal
1697525756.748,47.712,1800.0,3.0,10.7,normal
1697525757.251,47.712,1800.0,4.5,10.7,normal
1697525757.755,47.225,900.0,4.0,10.7,normal
1697525758.259,47.225,800.0,4.0,10.8,normal
1697525758.762,47.712,1800.0,17.3,10.3,normal
1697525759.265,48.199,1800.0,37.5,10.6,normal
1697525759.768,47.225,1800.0,4.5,10.7,normal
1697525760.27,46.738,1800.0,4.0,10.7,normal
1697525760.773,47.712,1800.0,4.0,10.7,normal
1697525761.275,47.225,1800.0,3.5,10.7,normal
1697525761.778,47.712,1800.0,4.0,10.7,normal
1697525762.281,47.225,1800.0,3.0,10.7,normal
1697525762.783,47.225,1800.0,3.5,10.7,normal
1697525763.286,47.225,1800.0,3.5,10.7,normal
1697525763.79,46.738,800.0,3.5,10.7,normal
1697525764.295,46.738,800.0,4.0,10.7,normal
1697525764.798,47.225,1800.0,22.4,10.3,normal
1697525765.3,48.686,1800.0,33.2,10.6,normal
1697525765.803,47.225,1800.0,4.0,10.6,normal
1697525766.306,47.712,1800.0,3.0,10.6,normal
1697525766.808,47.712,1800.0,4.0,10.7,normal
1697525767.311,48.686,1800.0,3.5,10.7,normal
1697525767.813,47.225,1800.0,3.0,10.7,normal
1697525768.316,47.225,1800.0,4.5,10.7,normal
1697525768.818,46.738,1800.0,3.0,10.7,normal
1697525769.321,47.225,1800.0,4.0,10.7,normal
1697525769.825,46.251,800.0,3.0,10.7,normal
1697525770.33,46.738,700.0,6.4,10.7,normal
1697525770.833,47.712,1800.0,15.4,10.1,normal
1697525771.335,49.173,1800.0,36.5,10.6,normal
1697525771.838,46.738,1800.0,7.0,10.6,normal
1697525772.341,47.712,1800.0,4.0,10.6,normal
1697525772.843,47.225,1800.0,2.5,10.7,normal
1697525773.346,48.199,1800.0,3.0,10.7,normal
1697525773.848,47.225,1800.0,3.5,10.7,normal
1697525774.351,46.738,1800.0,4.5,10.7,normal
1697525774.854,47.712,1800.0,3.0,10.7,normal
1697525775.356,47.225,1800.0,4.5,10.7,normal
1697525775.861,47.712,700.0,4.0,10.7,normal
1697525776.367,46.738,600.0,2.0,10.7,normal
1697525776.87,47.712,1800.0,20.9,10.3,normal
1697525777.372,47.712,1800.0,36.5,10.7,normal
1697525777.875,47.712,1800.0,4.0,10.7,normal
1697525778.378,48.199,1800.0,3.0,10.7,normal
1697525778.88,48.199,1800.0,5.0,10.7,normal
1697525779.383,48.199,1800.0,3.5,10.7,normal
1697525779.885,48.686,1800.0,3.0,10.7,normal
1697525780.388,48.199,1800.0,4.0,10.7,normal
1697525780.89,47.225,1800.0,3.0,10.7,normal
1697525781.393,47.225,1800.0,2.5,10.7,normal
1697525781.898,47.712,700.0,4.0,10.7,normal
1697525782.402,46.738,800.0,3.5,10.7,normal
1697525782.905,48.686,1800.0,21.0,10.4,normal
1697525783.408,48.199,1800.0,33.0,10.7,normal
1697525783.91,47.712,1800.0,4.0,10.7,normal
1697525784.413,48.199,1800.0,3.5,10.7,normal
1697525784.915,48.199,1800.0,3.5,10.7,normal
1697525785.418,47.712,1800.0,4.9,10.7,normal
1697525785.921,47.712,1800.0,2.5,10.7,normal
1697525786.423,48.199,1800.0,3.5,10.7,normal
1697525786.926,47.712,1800.0,3.5,10.7,normal
1697525787.429,46.251,1800.0,3.5,10.7,normal
1697525787.934,46.738,600.0,3.5,10.7,normal
1697525788.44,47.225,600.0,5.4,10.7,normal
1697525788.943,47.712,1800.0,15.9,10.2,normal
1697525789.446,48.686,1800.0,37.3,10.6,normal
1697525789.949,47.712,1800.0,6.4,10.7,normal
1697525790.451,47.225,1800.0,4.0,10.7,normal
1697525790.954,46.738,1800.0,4.0,10.7,normal
1697525791.456,48.199,1800.0,3.5,10.7,normal
1697525791.959,47.225,1800.0,3.5,10.7,normal
1697525792.462,48.199,1800.0,3.0,10.7,normal
1697525792.964,47.225,1800.0,3.5,10.7,normal
1697525793.467,46.738,1800.0,4.0,10.7,normal
1697525793.971,48.686,900.0,3.5,10.7,normal
1697525794.475,47.225,800.0,5.0,10.7,normal
1697525794.981,47.225,900.0,8.0,10.0,normal
1697525795.484,48.686,1800.0,30.7,10.5,normal
1697525795.987,47.225,1800.0,22.0,10.6,normal
1697525796.49,46.738,1800.0,3.5,10.7,normal
1697525796.992,48.199,1800.0,3.5,10.7,normal
1697525797.495,47.712,1800.0,5.0,10.7,normal
1697525797.997,47.712,1800.0,3.5,10.7,normal
1697525798.5,48.199,1800.0,3.0,10.7,normal
1697525799.002,46.738,1800.0,3.0,10.7,normal
1697525799.505,47.225,1800.0,4.0,10.7,normal
1697525800.007,47.712,1800.0,4.5,10.7,normal
1697525800.512,46.738,800.0,5.4,10.7,normal
1697525801.017,47.225,900.0,5.4,10.7,normal
1697525801.52,48.199,1800.0,24.0,10.4,normal
1697525802.022,48.199,1800.0,31.8,10.7,normal
1697525802.525,46.738,1800.0,3.0,10.7,normal
1697525803.028,47.225,1800.0,3.5,10.7,normal
1697525803.53,46.251,1800.0,3.5,10.7,normal
1697525804.033,47.225,1800.0,4.0,10.7,normal
1697525804.535,47.712,1800.0,3.5,10.7,normal
1697525805.038,47.712,1800.0,5.0,10.7,normal
1697525805.54,46.738,1800.0,2.5,10.7,normal
1697525806.043,47.225,1800.0,3.5,10.7,normal
1697525806.548,46.251,700.0,1.5,10.7,normal
1697525807.054,45.764,600.0,2.0,10.7,normal
1697525807.556,47.225,1800.0,15.5,10.3,normal
1697525808.06,48.199,1800.0,37.5,10.7,normal
1697525808.562,46.738,1800.0,4.0,10.7,normal
1697525809.065,47.712,1800.0,5.5,10.7,normal
1697525809.567,47.712,1800.0,4.0,10.7,normal
1697525810.07,46.738,1800.0,4.5,10.7,normal
1697525810.572,47.225,1800.0,3.0,10.7,normal
1697525811.075,47.225,1800.0,3.5,10.7,normal
1697525811.578,48.199,1800.0,4.0,10.7,normal
1697525812.08,46.738,1800.0,4.0,10.7,normal
1697525812.585,46.738,700.0,3.9,10.7,normal
1697525813.091,45.764,600.0,4.4,10.8,normal
1697525813.595,46.251,1200.0,9.0,9.7,normal
1697525814.098,47.712,1800.0,29.6,10.6,normal
1697525814.601,47.225,1800.0,21.6,10.7,normal
1697525815.103,48.199,1800.0,4.0,10.7,normal
1697525815.606,47.712,1800.0,3.0,10.7,normal
1697525816.109,47.712,1800.0,4.4,10.7,normal
1697525816.611,46.738,1800.0,2.5,10.7,normal
1697525817.114,46.738,1800.0,3.5,10.7,normal
1697525817.616,47.712,1800.0,3.0,10.8,normal
1697525818.119,46.738,1800.0,4.5,10.8,normal
1697525818.621,46.738,1800.0,3.5,10.8,normal
1697525819.127,46.738,600.0,4.4,10.8,normal
1697525819.63,47.712,1200.0,15.3,10.2,normal
1697525820.134,48.199,1800.0,36.3,10.7,normal
1697525820.636,48.199,1800.0,12.4,10.7,normal
1697525821.139,47.712,1800.0,4.0,10.7,normal
1697525821.642,47.225,1800.0,3.5,10.7,normal
1697525822.144,47.712,1800.0,3.5,10.7,normal
1697525822.647,46.738,1800.0,2.5,10.7,normal
1697525823.149,47.225,1800.0,2.5,10.7,normal
1697525823.652,46.738,1800.0,2.0,10.7,normal
1697525824.154,47.225,1800.0,3.5,10.7,normal
1697525824.657,46.251,1800.0,2.5,10.7,normal
1697525825.161,47.225,800.0,4.9,10.7,normal
1697525825.664,46.251,1800.0,16.6,10.3,normal
1697525826.167,48.686,1800.0,37.8,10.6,normal
1697525826.669,48.199,1800.0,3.5,10.7,normal
1697525827.172,47.712,1800.0,2.5,10.7,normal
1697525827.675,47.225,1800.0,3.5,10.7,normal
1697525828.177,46.251,1800.0,4.0,10.7,normal
1697525828.68,47.225,1800.0,2.5,10.7,normal
1697525829.182,47.225,1800.0,3.5,10.7,normal
1697525829.685,47.225,1800.0,3.0,10.7,normal
1697525830.187,46.738,1800.0,5.0,10.7,normal
1697525830.693,46.251,600.0,2.5,10.7,normal
1697525831.199,46.738,600.0,4.9,10.7,normal
1697525831.703,47.225,1800.0,11.9,9.9,normal
1697525832.207,48.686,1800.0,33.3,10.7,normal
1697525832.709,47.712,1800.0,13.6,10.7,normal
1697525833.212,47.712,1800.0,3.5,10.7,normal
1697525833.715,47.225,1800.0,3.0,10.7,normal
1697525834.217,46.251,1800.0,3.0,10.7,normal
1697525834.72,46.251,1800.0,1.5,10.7,normal
1697525835.222,46.251,1800.0,5.5,10.7,normal
1697525835.725,46.251,1800.0,3.5,10.7,normal
1697525836.227,48.199,1800.0,2.5,10.7,normal
1697525836.732,46.738,700.0,1.5,10.7,normal
1697525837.238,47.225,600.0,7.9,10.7,normal
1697525837.744,45.764,700.0,5.4,10.7,normal
1697525838.247,47.712,1800.0,28.9,10.4,normal
1697525838.75,46.251,1800.0,27.2,10.6,normal
1697525839.252,46.738,1800.0,2.5,10.6,normal
1697525839.755,46.738,1800.0,4.0,10.6,normal
1697525840.257,47.225,1800.0,4.5,10.6,normal
1697525840.76,46.251,1800.0,4.4,10.7,normal
1697525841.262,46.251,1800.0,3.5,10.7,normal
1697525841.765,47.712,1800.0,3.5,10.6,normal
1697525842.267,46.738,1800.0,2.5,10.6,normal
1697525842.77,46.738,1800.0,3.5,10.6,normal
1697525843.274,46.251,800.0,4.5,10.6,normal
1697525843.779,46.251,800.0,4.4,10.6,normal
1697525844.282,47.225,1800.0,21.4,10.3,normal
1697525844.785,48.199,1800.0,36.3,10.6,normal
1697525845.287,47.712,1800.0,4.5,10.6,normal
1697525845.79,46.251,1800.0,3.5,10.6,normal
1697525846.293,47.225,1800.0,3.0,10.6,normal
1697525846.795,46.738,1800.0,3.0,10.7,normal
1697525847.298,47.712,1800.0,5.4,10.7,normal
1697525847.8,46.738,1800.0,2.5,10.7,normal
1697525848.303,47.712,1800.0,3.9,10.7,normal
1697525848.805,47.712,1800.0,3.5,10.7,normal
1697525849.311,46.251,600.0,4.5,10.7,normal
1697525849.816,45.764,800.0,4.4,10.7,normal
1697525850.32,46.738,1800.0,11.4,9.7,normal
1697525850.824,47.712,1800.0,29.7,10.6,normal
1697525851.326,47.712,1800.0,19.5,10.7,normal
1697525851.829,47.712,1800.0,3.0,10.7,normal
1697525852.331,46.738,1800.0,3.5,10.7,normal
1697525852.834,46.738,1800.0,4.0,10.7,normal
1697525853.337,47.225,1800.0,4.0,10.7,normal
1697525853.839,47.225,1800.0,3.0,10.7,normal
1697525854.342,46.738,1800.0,3.0,10.7,normal
1697525854.844,46.738,1800.0,3.0,10.7,normal
1697525855.349,46.738,700.0,5.4,10.7,normal
1697525855.854,46.251,800.0,5.5,10.7,normal
1697525856.358,48.199,1800.0,14.9,10.1,normal
1697525856.864,47.712,1800.0,37.0,10.6,normal
1697525857.367,47.712,1800.0,7.9,10.7,normal
1697525857.869,47.225,1800.0,3.5,10.7,normal
1697525858.372,48.686,1800.0,3.5,10.7,normal
1697525858.875,46.738,1800.0,3.9,10.7,normal
1697525859.377,46.738,1800.0,2.5,10.7,normal
1697525859.88,46.738,1800.0,4.5,10.7,normal
1697525860.382,47.712,1800.0,4.5,10.7,normal
1697525860.885,47.225,1800.0,3.5,10.7,normal
1697525861.39,47.225,700.0,4.4,10.7,normal
1697525861.894,46.251,900.0,5.0,10.7,normal
1697525862.397,47.712,1800.0,18.0,10.2,normal
1697525862.899,47.712,1800.0,35.3,10.6,normal
1697525863.402,47.712,1800.0,3.5,10.6,normal
1697525863.904,47.225,1800.0,3.0,10.6,normal
1697525864.407,46.738,1800.0,3.0,10.6,normal
1697525864.91,47.712,1800.0,2.5,10.7,normal
1697525865.412,48.199,1800.0,3.0,10.7,normal
1697525865.915,47.712,1800.0,3.0,10.7,normal
1697525866.417,46.738,1800.0,1.0,10.7,normal
1697525866.92,47.225,1800.0,2.0,10.7,normal
1697525867.426,47.225,600.0,2.0,10.7,normal
1697525867.931,46.738,600.0,5.9,10.7,normal
1697525868.434,46.251,1800.0,12.9,10.1,normal
1697525868.939,47.225,1800.0,34.3,10.5,normal
1697525869.442,47.712,1800.0,11.9,10.6,normal
1697525869.944,47.225,1800.0,2.5,10.6,normal
1697525870.447,46.251,1800.0,2.0,10.6,normal
1697525870.949,46.251,1800.0,0.0,10.6,normal
1697525871.452,47.712,1800.0,8.0,10.7,normal
1697525871.954,47.225,1800.0,3.5,10.7,normal
1697525872.457,47.225,1800.0,3.5,10.7,normal
1697525872.959,46.251,1800.0,3.5,10.7,normal
1697525873.465,46.251,700.0,3.9,10.7,normal
1697525873.969,47.225,900.0,5.0,10.7,normal
1697525874.474,46.738,900.0,6.9,10.6,normal
1697525874.977,46.251,1800.0,28.0,10.6,normal
1697525875.48,48.199,1800.0,24.1,10.7,normal
1697525875.982,46.251,1800.0,3.5,10.7,normal
1697525876.485,47.712,1800.0,4.5,10.7,normal
1697525876.987,46.738,1800.0,3.5,10.7,normal
1697525877.49,47.225,1800.0,3.0,10.7,normal
1697525877.992,46.738,1800.0,4.0,10.7,normal
1697525878.495,47.712,1800.0,4.5,10.7,normal
1697525878.998,46.738,1800.0,4.0,10.7,normal
1697525879.5,46.738,1800.0,4.0,10.7,normal
1697525880.004,47.712,900.0,5.0,10.7,normal
1697525880.509,46.251,800.0,5.4,10.7,normal
1697525881.013,47.712,1800.0,23.5,10.4,normal
1697525881.52,47.712,1800.0,31.5,10.7,normal
1697525882.022,47.712,1800.0,3.5,10.7,normal
1697525882.525,46.738,1800.0,3.0,10.7,normal
1697525883.027,47.712,1800.0,4.0,10.7,normal
1697525883.53,47.225,1800.0,4.0,10.7,normal
1697525884.032,47.225,1800.0,3.0,10.7,normal
1697525884.535,47.225,1800.0,3.5,10.7,normal
1697525885.037,46.738,1800.0,4.5,10.7,normal
1697525885.54,46.738,1800.0,3.5,10.7,normal
1697525886.044,48.199,800.0,3.5,10.7,normal
1697525886.548,46.251,900.0,5.4,10.8,normal
1697525887.051,47.712,1800.0,19.3,10.3,normal
1697525887.554,48.199,1800.0,37.5,10.6,normal
1697525888.057,47.712,1800.0,3.0,10.7,normal
1697525888.559,47.225,1800.0,3.5,10.7,normal
1697525889.062,47.225,1800.0,4.9,10.7,normal
1697525889.564,48.686,1800.0,3.5,10.7,normal
1697525890.067,48.199,1800.0,3.5,10.7,normal
1697525890.569,46.251,1800.0,3.5,10.7,normal
1697525891.072,46.738,1800.0,3.5,10.7,normal
1697525891.575,47.225,1800.0,5.0,10.7,normal
1697525892.079,47.712,700.0,3.5,10.7,normal
1697525892.584,46.738,700.0,4.0,10.7,normal
1697525893.087,47.225,1800.0,23.3,10.3,normal
1697525893.59,48.199,1800.0,35.7,10.7,normal
1697525894.093,47.712,1800.0,3.5,10.7,normal
1697525894.595,46.738,1800.0,3.5,10.7,normal
1697525895.098,47.225,1800.0,4.0,10.7,normal
1697525895.6,46.738,1800.0,3.5,10.7,normal
1697525896.103,47.712,1800.0,4.0,10.7,normal
1697525896.605,46.251,1800.0,4.0,10.7,normal
1697525897.108,45.764,1800.0,3.0,10.7,normal
1697525897.611,46.738,1800.0,4.0,10.7,normal
1697525898.116,46.738,600.0,4.4,10.7,normal
1697525898.622,46.738,600.0,3.5,10.7,normal
1697525899.125,48.199,1800.0,24.9,10.4,normal
1697525899.628,47.712,1800.0,29.0,10.7,normal
1697525900.131,46.738,1800.0,4.5,10.7,normal
1697525900.633,46.251,1800.0,3.5,10.7,normal
1697525901.136,48.199,1800.0,3.0,10.7,normal
1697525901.638,47.225,1800.0,3.5,10.7,normal
1697525902.141,46.738,1800.0,4.5,10.7,normal
1697525902.643,46.251,1800.0,3.0,10.7,normal
1697525903.146,48.199,1800.0,3.0,10.7,normal
1697525903.648,46.738,1800.0,3.0,10.7,normal
1697525904.154,46.738,600.0,4.0,10.7,normal
1697525904.66,46.738,600.0,6.4,10.6,normal
1697525905.163,47.712,1800.0,29.0,10.5,normal
1697525905.666,47.225,1800.0,25.4,10.7,normal
1697525906.168,47.225,1800.0,3.5,10.7,normal
1697525906.671,48.199,1800.0,3.0,10.7,normal
1697525907.173,46.738,1800.0,2.0,10.7,normal
1697525907.676,47.225,1800.0,3.0,10.7,normal
1697525908.178,46.738,1800.0,3.4,10.7,normal
1697525908.681,47.225,1800.0,3.0,10.7,normal
1697525909.183,47.225,1800.0,2.5,10.7,normal
1697525909.686,47.712,1800.0,2.5,10.7,normal
1697525910.19,46.251,800.0,5.9,10.7,normal
1697525910.696,45.764,600.0,3.0,10.7,normal
1697525911.199,48.199,1800.0,21.5,10.4,normal
1697525911.702,47.712,1800.0,33.0,10.7,normal
1697525912.204,48.199,1800.0,4.5,10.7,normal
1697525912.707,47.225,1800.0,3.5,10.7,normal
1697525913.21,46.738,1800.0,3.5,10.7,normal
1697525913.712,47.225,1800.0,3.5,10.7,normal
1697525914.215,47.225,1800.0,4.5,10.7,normal
1697525914.717,46.738,1800.0,3.5,10.7,normal
1697525915.22,46.738,1800.0,4.5,10.7,normal
1697525915.722,47.225,1800.0,3.5,10.7,normal
1697525916.228,47.225,600.0,5.9,10.7,normal
1697525916.734,47.225,600.0,3.5,10.7,normal
1697525917.237,47.712,1800.0,15.5,10.2,normal
1697525917.739,47.712,1800.0,36.5,10.7,normal
1697525918.242,46.738,1800.0,7.0,10.7,normal
1697525918.744,48.199,1800.0,2.5,10.7,normal
1697525919.247,47.225,1800.0,3.0,10.7,normal
1697525919.749,47.225,1800.0,3.5,10.7,normal
1697525920.252,47.712,1800.0,5.4,10.7,normal
1697525920.755,46.251,1800.0,3.0,10.7,normal
1697525921.257,47.712,1800.0,3.0,10.7,normal
1697525921.76,46.738,1800.0,3.5,10.7,normal
1697525922.265,46.738,600.0,4.0,10.7,normal
1697525922.771,47.225,600.0,5.4,10.7,normal
1697525923.274,47.225,1800.0,8.9,9.8,normal
1697525923.777,47.712,1800.0,29.7,10.6,normal
1697525924.279,48.199,1800.0,22.1,10.7,normal
1697525924.782,47.225,1800.0,3.9,10.7,normal
1697525925.284,47.712,1800.0,3.5,10.7,normal
1697525925.787,46.738,1800.0,3.0,10.7,normal
1697525926.29,47.225,1800.0,2.5,10.7,normal
1697525926.792,47.225,1800.0,3.0,10.7,normal
1697525927.295,48.199,1800.0,3.0,10.7,normal
1697525927.798,46.738,1800.0,0.5,10.7,normal
1697525928.302,47.712,700.0,0.5,10.7,normal
1697525928.807,46.738,900.0,5.4,10.7,normal
1697525929.311,47.225,800.0,8.4,10.7,normal
1697525929.815,47.225,1800.0,25.9,10.4,normal
1697525930.318,46.251,1800.0,30.0,10.7,normal
1697525930.821,47.712,1800.0,4.0,10.7,normal
1697525931.323,47.225,1800.0,3.5,10.7,normal
1697525931.826,46.738,1800.0,3.0,10.7,normal
1697525932.328,47.712,1800.0,4.0,10.7,normal
1697525932.831,47.712,1800.0,3.5,10.7,normal
1697525933.334,46.738,1800.0,3.5,10.7,normal
1697525933.836,47.225,1800.0,3.5,10.7,normal
1697525934.339,46.251,1800.0,3.5,10.7,normal
1697525934.843,46.738,900.0,5.0,10.7,normal
1697525935.347,46.251,900.0,5.5,10.7,normal
1697525935.861,47.225,1800.0,19.1,10.3,normal
1697525936.363,47.712,1800.0,34.5,10.6,normal
1697525936.866,47.225,1800.0,4.4,10.6,normal
1697525937.369,47.712,1800.0,3.0,10.6,normal
1697525937.871,46.738,1800.0,3.0,10.6,normal
1697525938.374,48.199,1800.0,2.5,10.7,normal
1697525938.876,46.738,1800.0,5.4,10.7,normal
1697525939.379,47.225,1800.0,4.0,10.7,normal
1697525939.882,47.225,1800.0,3.0,10.7,normal
1697525940.384,46.738,1800.0,3.5,10.7,normal
1697525940.889,46.251,800.0,4.5,10.7,normal
1697525941.393,47.225,1000.0,6.5,10.7,normal
1697525941.895,46.738,1800.0,11.1,9.9,normal
1697525942.399,48.199,1800.0,31.3,10.5,normal
1697525942.901,47.712,1800.0,15.9,10.6,normal
1697525943.404,48.686,1800.0,3.0,10.7,normal
1697525943.907,47.225,1800.0,3.5,10.7,normal
1697525944.409,47.712,1800.0,4.0,10.7,normal
1697525944.912,47.225,1800.0,3.0,10.7,normal
1697525945.414,46.738,1800.0,3.9,10.7,normal
1697525945.917,46.738,1800.0,2.5,10.7,normal
1697525946.419,47.712,1800.0,3.0,10.7,normal
1697525946.924,46.251,700.0,5.5,10.7,normal
1697525947.428,46.738,1000.0,4.0,10.7,normal
1697525947.933,46.251,700.0,3.5,10.7,normal
1697525948.435,47.225,1800.0,27.2,10.5,normal
1697525948.938,47.712,1800.0,26.4,10.7,normal
1697525949.441,47.225,1800.0,3.0,10.7,normal
1697525949.943,47.712,1800.0,3.0,10.7,normal
1697525950.446,47.225,1800.0,3.0,10.7,normal
1697525950.948,47.225,1800.0,3.5,10.7,normal
1697525951.451,47.712,1800.0,3.5,10.7,normal
1697525951.953,46.738,1800.0,3.9,10.7,normal
1697525952.456,46.738,1800.0,3.5,10.7,normal
1697525952.959,46.738,1800.0,4.0,10.7,normal
1697525953.463,47.712,900.0,4.0,10.7,normal
1697525953.965,47.712,1800.0,8.5,9.7,normal
1697525954.469,49.173,1800.0,28.0,10.6,normal
1697525954.971,47.712,1800.0,22.2,10.7,normal
1697525955.474,47.225,1800.0,5.0,10.7,normal
1697525955.976,47.712,1800.0,3.5,10.7,normal
1697525956.479,47.225,1800.0,3.5,10.7,normal
1697525956.981,46.738,1800.0,3.5,10.7,normal
1697525957.484,47.225,1800.0,4.0,10.7,normal
1697525957.987,46.738,1800.0,3.0,10.7,normal
1697525958.489,46.738,1800.0,3.0,10.7,normal
1697525958.993,46.738,800.0,4.5,10.7,normal
1697525959.498,46.251,800.0,4.5,10.7,normal
1697525960.004,46.251,700.0,5.4,10.7,normal
1697525960.507,47.225,1800.0,27.1,10.5,normal
1697525961.009,47.225,1800.0,25.9,10.7,normal
1697525961.512,47.712,1800.0,4.0,10.7,normal
1697525962.015,47.712,1800.0,3.0,10.7,normal
1697525962.517,47.225,1800.0,3.5,10.7,normal
1697525963.02,47.225,1800.0,3.0,10.7,normal
1697525963.522,47.225,1800.0,4.5,10.7,normal
1697525964.025,46.251,1800.0,3.0,10.7,normal
1697525964.527,46.738,1800.0,3.9,10.7,normal
1697525965.03,46.738,1800.0,4.5,10.7,normal
1697525965.534,47.225,900.0,5.0,10.7,normal
1697525966.038,47.225,900.0,5.0,10.7,normal
1697525966.541,47.225,1800.0,20.2,10.4,normal
1697525967.044,47.225,1800.0,33.3,10.7,normal
1697525967.547,46.251,1800.0,4.4,10.7,normal
1697525968.049,47.712,1800.0,3.5,10.7,normal
1697525968.552,46.738,1800.0,3.0,10.7,normal
1697525969.054,47.712,1800.0,3.0,10.7,normal
1697525969.557,46.738,1800.0,4.5,10.7,normal
1697525970.059,46.251,1800.0,5.4,10.7,normal
1697525970.562,47.225,1800.0,4.0,10.7,normal
1697525971.064,47.712,1800.0,4.0,10.7,normal
1697525971.568,46.738,1000.0,5.0,10.7,normal
1697525972.074,46.251,600.0,4.4,10.7,normal
1697525972.577,47.225,1800.0,13.5,10.2,normal
1697525973.08,47.712,1800.0,36.7,10.6,normal
1697525973.582,47.225,1800.0,7.5,10.7,normal
1697525974.085,47.225,1800.0,3.5,10.7,normal
1697525974.587,47.712,1800.0,3.5,10.7,normal
1697525975.09,47.225,1800.0,4.9,10.7,normal
1697525975.592,46.738,1800.0,4.0,10.7,normal
1697525976.095,47.225,1800.0,4.0,10.7,normal
1697525976.598,47.225,1800.0,4.0,10.7,normal
1697525977.1,46.251,1800.0,3.5,10.7,normal
1697525977.605,48.199,600.0,5.9,10.7,normal
1697525978.111,47.225,600.0,4.5,10.7,normal
1697525978.619,46.738,600.0,8.4,10.5,normal
1697525979.123,47.712,1800.0,29.6,10.5,normal
1697525979.625,47.712,1800.0,22.1,10.7,normal
1697525980.128,47.712,1800.0,4.0,10.7,normal
1697525980.63,47.712,1800.0,3.0,10.7,normal
1697525981.133,47.225,1800.0,3.5,10.7,normal
1697525981.635,45.764,1800.0,4.0,10.7,normal
1697525982.138,47.225,1800.0,3.5,10.7,normal
1697525982.64,46.738,1800.0,3.5,10.7,normal
1697525983.143,47.225,1800.0,4.0,10.7,normal
1697525983.646,47.712,1800.0,3.5,10.7,normal
1697525984.151,47.225,600.0,4.9,10.7,normal
1697525984.655,46.738,1800.0,13.4,10.0,normal
1697525985.159,48.199,1800.0,33.3,10.6,normal
1697525985.662,47.225,1800.0,14.9,10.6,normal
1697525986.164,46.738,1800.0,1.5,10.6,normal
1697525986.667,46.738,1800.0,2.5,10.6,normal
1697525987.169,47.712,1800.0,1.5,10.6,normal
1697525987.672,46.738,1800.0,4.5,10.7,normal
1697525988.174,47.712,1800.0,2.5,10.7,normal
1697525988.677,47.225,1800.0,3.0,10.7,normal
1697525989.179,47.225,1800.0,4.0,10.7,normal
1697525989.685,47.225,700.0,2.0,10.7,normal
1697525990.187,46.738,1800.0,6.4,10.7,normal
1697525990.69,47.712,1800.0,12.4,10.2,normal
1697525991.193,48.199,1800.0,37.3,10.7,normal
1697525991.695,46.738,1800.0,4.0,10.7,normal
1697525992.198,46.738,1800.0,3.0,10.7,normal
1697525992.701,46.738,1800.0,3.0,10.7,normal
1697525993.203,46.251,1800.0,3.5,10.7,normal
1697525993.706,46.738,1800.0,4.0,10.7,normal
1697525994.208,46.738,1800.0,4.5,10.7,normal
1697525994.711,46.738,1800.0,3.5,10.7,normal
1697525995.216,47.225,600.0,4.4,10.7,normal
1697525995.722,47.225,600.0,4.4,10.7,normal
1697525996.228,47.225,600.0,5.9,10.7,normal
1697525996.732,46.738,900.0,9.5,9.6,normal
1697525997.236,46.738,1800.0,28.7,10.6,normal
1697525997.738,48.199,1800.0,21.1,10.7,normal
1697525998.241,48.199,1800.0,4.5,10.7,normal
1697525998.743,47.225,1800.0,3.0,10.7,normal
1697525999.246,46.738,1800.0,4.0,10.7,normal
1697525999.748,47.712,1800.0,3.5,10.7,normal
1697526000.251,48.199,1800.0,4.9,10.7,normal
1697526000.754,47.225,1800.0,4.4,10.7,normal
1697526001.256,46.738,1800.0,4.9,10.7,normal
1697526001.759,47.225,1800.0,4.0,10.7,normal
1697526002.264,46.738,600.0,5.9,10.7,normal
1697526002.77,47.225,600.0,4.9,10.7,normal
1697526003.273,47.712,1800.0,26.0,10.3,normal
1697526003.776,47.712,1800.0,29.0,10.6,normal
1697526004.278,46.738,1800.0,4.0,10.6,normal
1697526004.781,47.225,1800.0,4.0,10.6,normal
1697526005.283,48.686,1800.0,4.0,10.7,normal
1697526005.786,47.712,1800.0,3.5,10.7,normal
1697526006.288,46.738,1800.0,4.5,10.7,normal
1697526006.791,48.199,1800.0,3.5,10.7,normal
1697526007.293,47.225,1800.0,2.5,10.7,normal
1697526007.796,46.251,1800.0,3.9,10.7,normal
1697526008.302,47.225,600.0,4.5,10.7,normal
1697526008.807,46.738,600.0,3.0,10.7,normal
1697526009.31,46.738,1800.0,18.3,10.3,normal
1697526009.813,48.199,1800.0,36.7,10.6,normal
1697526010.315,46.738,1800.0,5.0,10.6,normal
1697526010.818,46.738,1800.0,4.0,10.6,normal
1697526011.321,46.251,1800.0,4.0,10.6,normal
1697526011.823,48.199,1800.0,2.5,10.7,normal
1697526012.326,47.225,1800.0,4.9,10.7,normal
1697526012.828,47.225,1800.0,3.0,10.7,normal
1697526013.331,47.225,1800.0,5.0,10.7,normal
1697526013.833,47.225,1800.0,3.5,10.7,normal
1697526014.339,46.251,600.0,5.0,10.7,normal
1697526014.843,45.764,800.0,6.4,10.7,normal
1697526015.347,46.738,1800.0,14.4,10.1,normal
1697526015.865,47.712,1800.0,35.1,10.6,normal
1697526016.368,47.225,1800.0,8.9,10.6,normal
1697526016.871,47.712,1800.0,1.0,10.6,normal
1697526017.373,48.686,1800.0,5.0,10.7,normal
1697526017.876,47.712,1800.0,4.0,10.7,normal
1697526018.378,48.199,1800.0,5.4,10.7,normal
1697526018.881,46.738,1800.0,2.5,10.7,normal
1697526019.383,47.712,1800.0,4.0,10.7,normal
1697526019.886,47.225,1800.0,3.5,10.7,normal
1697526020.39,47.225,850.0,6.4,10.7,normal
1697526020.895,46.738,700.0,4.0,10.7,normal
1697526021.402,46.738,700.0,5.0,10.6,normal
1697526021.905,45.764,1800.0,29.7,10.5,normal
1697526022.408,47.712,1800.0,25.0,10.6,normal
1697526022.911,47.225,1800.0,4.0,10.6,normal
1697526023.413,46.251,1800.0,3.0,10.6,normal
1697526023.916,47.712,1800.0,4.5,10.7,normal
1697526024.418,47.225,1800.0,3.5,10.7,normal
1697526024.921,46.738,1800.0,3.5,10.7,normal
1697526025.424,47.225,1800.0,5.0,10.7,normal
1697526025.926,47.712,1800.0,3.5,10.7,normal
1697526026.429,47.225,1800.0,4.0,10.7,normal
1697526026.933,47.225,900.0,4.9,10.7,normal
1697526027.438,46.738,800.0,7.5,10.2,normal
1697526027.941,47.225,1800.0,29.7,10.6,normal
1697526028.444,47.712,1800.0,21.0,10.7,normal
1697526028.947,46.738,1800.0,3.5,10.7,normal
1697526029.449,47.712,1800.0,4.5,10.7,normal
1697526029.952,48.199,1800.0,4.0,10.7,normal
1697526030.454,47.712,1800.0,3.5,10.7,normal
1697526030.957,46.251,1800.0,2.0,10.7,normal
1697526031.459,47.225,1800.0,2.5,10.7,normal
1697526031.962,47.712,1800.0,4.0,10.7,normal
1697526032.467,47.225,700.0,3.0,10.7,normal
1697526032.971,46.251,900.0,4.0,10.7,normal
1697526033.476,46.738,900.0,3.5,10.7,normal
1697526033.979,46.738,1800.0,26.7,10.6,normal
1697526034.482,47.712,1800.0,26.6,10.7,normal
1697526034.984,47.712,1800.0,3.9,10.7,normal
1697526035.487,47.225,1800.0,4.0,10.7,normal
1697526035.99,47.225,1800.0,2.5,10.7,normal
1697526036.492,47.712,1800.0,4.5,10.7,normal
1697526036.995,48.199,1800.0,3.5,10.7,normal
1697526037.497,47.712,1800.0,3.5,10.7,normal
1697526038.0,46.251,1800.0,2.5,10.7,normal
1697526038.502,47.225,1800.0,5.0,10.7,normal
1697526039.006,47.225,1000.0,4.0,10.7,normal
1697526039.51,46.738,900.0,8.3,10.3,normal
1697526040.014,48.199,1800.0,30.7,10.5,normal
1697526040.516,47.712,1800.0,22.6,10.7,normal
1697526041.019,47.712,1800.0,3.5,10.7,normal
1697526041.522,47.712,1800.0,2.5,10.7,normal
1697526042.024,46.738,1800.0,3.5,10.7,normal
1697526042.527,47.712,1800.0,4.5,10.7,normal
1697526043.029,46.738,1800.0,3.0,10.7,normal
1697526043.532,47.225,1800.0,3.5,10.7,normal
1697526044.035,46.738,1800.0,3.5,10.7,normal
1697526044.537,46.251,1800.0,3.5,10.7,normal
1697526045.041,46.738,1000.0,6.5,10.7,normal
1697526045.546,46.738,600.0,4.4,10.7,normal
1697526046.05,47.225,1800.0,23.3,10.4,normal
1697526046.552,48.199,1800.0,29.8,10.7,normal
1697526047.055,48.199,1800.0,4.0,10.7,normal
1697526047.558,47.712,1800.0,5.0,10.7,normal
1697526048.06,47.712,1800.0,3.0,10.7,normal
1697526048.563,46.738,1800.0,4.0,10.7,normal
1697526049.066,47.225,1800.0,3.0,10.7,normal
1697526049.568,47.225,1800.0,1.0,10.7,normal
1697526050.071,46.738,1800.0,7.0,10.7,normal
1697526050.573,46.251,1800.0,2.5,10.7,normal
1697526051.079,47.712,600.0,4.9,10.7,normal
1697526051.585,46.738,600.0,4.5,10.7,normal
1697526052.088,47.225,1800.0,17.8,10.2,normal
1697526052.59,48.199,1800.0,37.5,10.7,normal
1697526053.093,47.225,1800.0,3.0,10.7,normal
1697526053.595,47.712,1800.0,3.5,10.7,normal
1697526054.098,48.199,1800.0,4.4,10.7,normal
1697526054.6,47.712,1800.0,2.5,10.7,normal
1697526055.103,47.712,1800.0,4.0,10.7,normal
1697526055.606,47.225,1800.0,3.5,10.7,normal
1697526056.108,47.225,1800.0,4.0,10.7,normal
1697526056.611,47.225,1800.0,4.0,10.7,normal
1697526057.116,47.712,600.0,4.0,10.7,normal
1697526057.621,46.738,800.0,4.0,10.6,normal
1697526058.125,47.225,1800.0,24.9,10.4,normal
1697526058.627,47.225,1800.0,31.2,10.7,normal
1697526059.13,48.199,1800.0,3.5,10.7,normal
1697526059.632,46.738,1800.0,3.0,10.7,normal
1697526060.135,47.225,1800.0,6.4,10.7,normal
1697526060.638,46.738,1800.0,3.0,10.7,normal
1697526061.14,47.225,1800.0,4.0,10.6,normal
1697526061.643,46.738,1800.0,4.0,10.7,normal
1697526062.145,47.225,1800.0,4.0,10.7,normal
1697526062.648,46.738,1800.0,3.0,10.7,normal
1697526063.153,47.225,600.0,4.9,10.7,normal
1697526063.659,47.712,600.0,4.5,10.7,normal
1697526064.162,47.712,1800.0,17.8,10.2,normal
1697526064.665,47.712,1800.0,37.2,10.6,normal
1697526065.167,46.251,1800.0,5.5,10.6,normal
1697526065.67,47.712,1800.0,3.5,10.6,normal
1697526066.172,46.738,1800.0,4.5,10.6,normal
1697526066.675,46.738,1800.0,3.5,10.6,normal
1697526067.177,47.225,1800.0,2.5,10.6,normal
1697526067.68,46.738,1800.0,4.0,10.7,normal
1697526068.183,46.738,1800.0,4.0,10.7,normal
1697526068.685,47.225,1800.0,4.0,10.7,normal
1697526069.19,48.199,700.0,3.5,10.7,normal
1697526069.696,47.225,600.0,5.9,10.7,normal
1697526070.2,48.199,1800.0,26.0,10.0,normal
1697526070.703,47.225,1800.0,33.3,10.6,normal
1697526071.206,47.712,1800.0,13.5,10.7,normal
1697526071.708,47.225,1800.0,3.5,10.7,normal
1697526072.211,47.225,1800.0,2.5,10.7,normal
1697526072.714,47.712,1800.0,3.5,10.7,normal
1697526073.216,47.712,1800.0,2.5,10.7,normal
1697526073.719,46.251,1800.0,3.0,10.7,normal
1697526074.221,48.199,1800.0,3.0,10.7,normal
1697526074.724,47.712,1800.0,4.0,10.7,normal
1697526075.229,46.738,600.0,4.9,10.7,normal
1697526075.735,46.251,600.0,4.4,10.8,normal
1697526076.238,46.738,1800.0,18.3,10.3,normal
1697526076.74,47.712,1800.0,36.9,10.7,normal
1697526077.243,47.712,1800.0,3.0,10.7,normal
1697526077.746,47.225,1800.0,3.0,10.7,normal
1697526078.248,47.225,1800.0,3.5,10.7,normal
1697526078.751,46.738,1800.0,3.5,10.7,normal
1697526079.253,47.712,1800.0,4.5,10.7,normal
1697526079.756,46.738,1800.0,3.5,10.7,normal
1697526080.258,47.225,1800.0,4.5,10.7,normal
1697526080.761,46.251,1800.0,3.5,10.7,normal
1697526081.266,47.712,600.0,4.9,10.7,normal
1697526081.772,47.712,600.0,4.5,10.7,normal
1697526082.275,47.225,1800.0,24.0,10.4,normal
1697526082.778,47.225,1800.0,32.3,10.7,normal
1697526083.28,47.225,1800.0,4.0,10.7,normal
1697526083.783,47.712,1800.0,3.5,10.7,normal
1697526084.285,46.738,1800.0,3.5,10.7,normal
1697526084.788,47.712,1800.0,3.0,10.7,normal
1697526085.29,48.199,1800.0,4.5,10.7,normal
1697526085.793,47.225,1800.0,3.5,10.8,normal
1697526086.295,48.199,1800.0,4.0,10.7,normal
1697526086.798,46.738,1800.0,4.4,10.7,normal
1697526087.303,47.712,600.0,3.9,10.7,normal
1697526087.809,47.225,600.0,5.9,10.7,normal
1697526088.312,47.712,1800.0,14.6,10.2,normal
1697526088.815,48.199,1800.0,37.6,10.6,normal
1697526089.318,47.712,1800.0,6.5,10.7,normal
1697526089.82,47.712,1800.0,4.5,10.7,normal
1697526090.323,47.225,1800.0,4.4,10.7,normal
1697526090.825,47.225,1800.0,3.0,10.7,normal
1697526091.328,47.225,1800.0,3.5,10.7,normal
1697526091.831,46.251,1800.0,5.0,10.7,normal
1697526092.333,46.738,1800.0,3.0,10.7,normal
1697526092.836,47.225,1800.0,3.0,10.7,normal
1697526093.341,47.225,700.0,4.5,10.7,normal
1697526093.847,46.738,600.0,5.0,10.7,normal
1697526094.354,47.225,600.0,7.9,10.6,normal
1697526094.857,48.199,1800.0,28.9,10.5,normal
1697526095.36,48.199,1800.0,24.8,10.7,normal
1697526095.862,47.225,1800.0,3.0,10.7,normal
1697526096.365,46.738,1800.0,5.0,10.7,normal
1697526096.867,46.738,1800.0,3.5,10.7,normal
1697526097.37,46.738,1800.0,4.4,10.7,normal
1697526097.872,46.738,1800.0,2.5,10.7,normal
1697526098.375,46.738,1800.0,4.5,10.7,normal
1697526098.878,47.225,1800.0,3.5,10.7,normal
1697526099.382,47.712,700.0,4.0,10.7,normal
1697526099.887,46.738,900.0,4.9,10.7,normal
1697526100.392,47.225,800.0,5.9,10.8,normal
1697526100.895,47.712,1800.0,23.4,10.4,normal
1697526101.397,48.199,1800.0,30.7,10.7,normal
1697526101.9,47.712,1800.0,4.0,10.7,normal
1697526102.402,47.712,1800.0,3.5,10.7,normal
1697526102.905,47.712,1800.0,3.5,10.7,normal
1697526103.407,47.712,1800.0,3.5,10.7,normal
1697526103.91,46.251,1800.0,4.5,10.7,normal
1697526104.413,47.712,1800.0,3.0,10.7,normal
1697526104.915,46.738,1800.0,3.5,10.7,normal
1697526105.418,46.738,1800.0,5.4,10.7,normal
1697526105.922,47.225,800.0,5.9,10.7,normal
1697526106.427,46.738,800.0,2.5,10.7,normal
1697526106.93,46.251,1800.0,17.8,10.3,normal
1697526107.432,48.686,1800.0,37.7,10.7,normal
1697526107.935,47.712,1800.0,5.0,10.7,normal
1697526108.438,46.251,1800.0,3.0,10.7,normal
1697526108.94,47.225,1800.0,4.0,10.7,normal
1697526109.443,47.712,1800.0,1.5,10.7,normal
1697526109.945,47.225,1800.0,6.9,10.7,normal
1697526110.448,46.738,1800.0,4.5,10.7,normal
1697526110.95,47.225,1800.0,3.5,10.7,normal
1697526111.453,46.251,1800.0,3.0,10.7,normal
1697526111.955,46.738,1800.0,5.0,10.7,normal
1697526112.458,47.225,1800.0,3.0,10.7,normal
1697526112.961,47.712,1800.0,19.9,10.3,normal
1697526113.464,47.712,1800.0,31.3,10.7,normal
1697526113.967,47.712,1800.0,3.0,10.7,normal
1697526114.469,47.225,1800.0,2.0,10.7,normal
1697526114.972,46.738,1800.0,2.0,10.7,normal
1697526115.474,48.199,1800.0,4.0,10.7,normal
1697526115.977,47.225,1800.0,2.5,10.7,normal
1697526116.479,46.738,1800.0,3.4,10.7,normal
1697526116.984,46.738,700.0,3.5,10.7,normal
1697526117.488,47.712,900.0,4.0,10.7,normal
1697526117.993,46.251,900.0,4.5,10.7,normal
1697526118.496,46.251,1000.0,5.0,10.6,normal
1697526119.0,47.225,1800.0,27.9,10.5,normal
1697526119.502,47.712,1800.0,27.0,10.7,normal
1697526120.005,47.712,1800.0,5.0,10.7,normal
1697526120.507,47.225,1800.0,3.5,10.7,normal
1697526121.01,45.764,1800.0,4.0,10.7,normal
1697526121.513,47.712,1800.0,3.5,10.7,normal
1697526122.015,47.712,1800.0,4.0,10.7,normal
1697526122.518,46.738,1800.0,3.5,10.8,normal
1697526123.02,47.712,1800.0,3.0,10.8,normal
1697526123.523,47.225,1800.0,3.0,10.8,normal
1697526124.027,47.225,900.0,5.4,10.8,normal
1697526124.532,45.764,700.0,4.9,10.8,normal
1697526125.035,48.199,1800.0,20.8,10.3,normal
1697526125.538,48.199,1800.0,34.0,10.7,normal
1697526126.04,47.225,1800.0,4.5,10.7,normal
1697526126.543,47.712,1800.0,3.5,10.7,normal
1697526127.045,48.686,1800.0,3.5,10.7,normal
1697526127.547,46.738,1800.0,3.0,10.7,normal
1697526128.05,46.251,1800.0,3.5,10.7,normal
1697526128.552,47.225,1800.0,3.5,10.7,normal
1697526129.055,45.764,1800.0,3.0,10.7,normal
1697526129.557,47.225,1800.0,3.5,10.7,normal
1697526130.062,46.251,800.0,6.4,10.7,normal
1697526130.568,47.225,600.0,4.5,10.7,normal
1697526131.072,47.712,1200.0,11.9,9.7,normal
1697526131.575,48.686,1800.0,28.9,10.5,normal
1697526132.078,47.225,1800.0,21.0,10.7,normal
1697526132.58,47.712,1800.0,3.0,10.7,normal
1697526133.083,47.225,1800.0,4.0,10.7,normal
1697526133.588,46.738,1800.0,3.0,10.7,normal
1697526134.091,46.738,1800.0,3.0,10.7,normal
1697526134.593,47.712,1800.0,4.0,10.7,normal
1697526135.096,47.225,1800.0,4.5,10.7,normal
1697526135.598,47.225,1800.0,3.5,10.7,normal
1697526136.101,46.738,1800.0,3.5,10.7,normal
1697526136.606,47.712,600.0,4.5,10.7,normal
1697526137.113,45.764,600.0,4.5,10.7,normal
1697526137.615,47.712,1800.0,27.2,10.5,normal
1697526138.118,47.712,1800.0,28.9,10.7,normal
1697526138.621,47.712,1800.0,4.0,10.7,normal
1697526139.123,47.225,1800.0,3.5,10.7,normal
1697526139.626,47.225,1800.0,3.5,10.7,normal
1697526140.128,48.199,1800.0,3.5,10.7,normal
1697526140.631,48.199,1800.0,4.5,10.7,normal
1697526141.133,47.225,1800.0,2.5,10.7,normal
1697526141.636,46.251,1800.0,3.5,10.7,normal
1697526142.138,48.199,1800.0,3.9,10.7,normal
1697526142.644,46.738,600.0,4.5,10.7,normal
1697526143.15,46.738,600.0,5.9,10.7,normal
1697526143.652,47.712,1800.0,20.9,10.4,normal
1697526144.155,48.686,1800.0,35.0,10.7,normal
1697526144.658,47.225,1800.0,3.5,10.7,normal
1697526145.16,47.712,1800.0,5.0,10.7,normal
1697526145.663,47.712,1800.0,3.5,10.7,normal
1697526146.166,46.251,1800.0,4.5,10.7,normal
1697526146.668,48.199,1800.0,3.0,10.7,normal
1697526147.171,47.225,1800.0,2.5,10.7,normal
1697526147.673,47.225,1800.0,4.0,10.7,normal
1697526148.176,46.738,1800.0,4.0,10.7,normal
1697526148.681,47.225,600.0,3.5,10.7,normal
1697526149.187,47.712,600.0,5.4,10.7,normal
1697526149.69,47.712,1800.0,25.0,10.4,normal
1697526150.193,47.225,1800.0,31.7,10.7,normal
1697526150.695,47.712,1800.0,3.5,10.7,normal
1697526151.198,47.225,1800.0,3.5,10.7,normal
1697526151.701,47.225,1800.0,4.5,10.7,normal
1697526152.203,48.199,1800.0,3.0,10.7,normal
1697526152.706,47.225,1800.0,2.5,10.7,normal
1697526153.208,47.712,1800.0,4.0,10.7,normal
1697526153.711,47.225,1800.0,4.0,10.7,normal
1697526154.213,46.251,1800.0,2.5,10.7,normal
1697526154.719,46.251,600.0,4.4,10.7,normal
1697526155.224,47.225,700.0,4.5,10.6,normal
1697526155.727,46.738,1800.0,28.9,10.5,normal
1697526156.23,47.225,1800.0,25.7,10.7,normal
1697526156.733,47.712,1800.0,3.5,10.7,normal
1697526157.235,47.225,1800.0,3.0,10.7,normal
1697526157.738,46.738,1800.0,3.0,10.7,normal
1697526158.24,47.225,1800.0,2.5,10.7,normal
1697526158.743,47.225,1800.0,3.5,10.7,normal
1697526159.245,47.225,1800.0,4.0,10.7,normal
1697526159.748,46.738,1800.0,3.0,10.7,normal
1697526160.25,47.225,1800.0,5.4,10.7,normal
1697526160.756,46.738,600.0,4.4,10.7,normal
1697526161.261,46.251,600.0,4.0,10.7,normal
1697526161.764,46.738,1800.0,22.5,10.4,normal
1697526162.267,46.738,1800.0,35.0,10.8,normal
1697526162.77,47.712,1800.0,3.5,10.8,normal
1697526163.272,47.225,1800.0,3.5,10.8,normal
1697526163.775,47.225,1800.0,3.0,10.8,normal
1697526164.277,46.738,1800.0,4.0,10.8,normal
1697526164.78,47.712,1800.0,4.0,10.7,normal
1697526165.282,47.225,1800.0,4.0,10.8,normal
1697526165.785,48.199,1800.0,3.0,10.8,normal
1697526166.287,46.251,1800.0,4.0,10.8,normal
1697526166.793,46.738,600.0,1.5,10.8,normal
1697526167.298,45.764,600.0,3.0,10.8,normal
1697526167.801,46.738,1800.0,12.0,10.2,normal
1697526168.304,48.686,1800.0,35.0,10.6,normal
1697526168.807,47.225,1800.0,9.0,10.7,normal
1697526169.309,46.738,1800.0,2.5,10.7,normal
1697526169.812,46.738,1800.0,2.0,10.7,normal
1697526170.315,47.225,1800.0,5.0,10.7,normal
1697526170.817,47.712,1800.0,4.0,10.7,normal
1697526171.32,46.738,1800.0,4.0,10.7,normal
1697526171.822,47.225,1800.0,3.5,10.7,normal
1697526172.325,48.199,1800.0,3.5,10.7,normal
1697526172.83,46.738,600.0,4.4,10.7,normal
1697526173.335,46.251,800.0,4.4,10.7,normal
1697526173.838,47.225,1800.0,18.7,10.3,normal
1697526174.341,49.173,1800.0,37.8,10.7,normal
1697526174.844,47.225,1800.0,4.0,10.7,normal
1697526175.347,47.225,1800.0,5.0,10.7,normal
1697526175.849,47.225,1800.0,3.0,10.7,normal
1697526176.355,47.712,1800.0,4.9,10.7,normal
1697526176.857,47.225,1800.0,3.0,10.7,normal
1697526177.36,46.738,1800.0,4.5,10.7,normal
1697526177.863,46.738,1800.0,3.5,10.7,normal
1697526178.365,46.738,1800.0,3.5,10.7,normal
1697526178.871,47.712,600.0,3.9,10.7,normal
1697526179.377,46.251,600.0,6.4,10.7,normal
1697526179.88,47.225,1800.0,23.8,10.3,normal
1697526180.382,49.173,1800.0,31.8,10.7,normal
1697526180.885,47.225,1800.0,3.5,10.7,normal
1697526181.388,47.712,1800.0,5.4,10.7,normal
1697526181.89,47.712,1800.0,2.0,10.7,normal
1697526182.393,47.225,1800.0,4.5,10.7,normal
1697526182.895,47.712,1800.0,3.5,10.7,normal
1697526183.398,47.712,1800.0,4.0,10.7,normal
1697526183.9,47.225,1800.0,3.5,10.7,normal
1697526184.403,46.738,1800.0,3.5,10.7,normal
1697526184.908,45.764,700.0,4.0,10.7,normal
1697526185.413,46.738,800.0,6.9,10.7,normal
1697526185.915,46.738,1800.0,15.9,10.3,normal
1697526186.418,46.738,1800.0,37.1,10.7,normal
1697526186.921,47.712,1800.0,6.0,10.7,normal
1697526187.423,48.686,1800.0,3.5,10.7,normal
1697526187.926,46.738,1800.0,3.5,10.7,normal
1697526188.429,47.712,1800.0,3.5,10.7,normal
1697526188.931,47.225,1800.0,3.0,10.7,normal
1697526189.434,47.225,1800.0,4.5,10.7,normal
1697526189.936,46.738,1800.0,3.5,10.7,normal
1697526190.439,47.225,1800.0,4.5,10.7,normal
1697526190.942,46.251,1200.0,4.9,10.7,normal
1697526191.447,46.738,800.0,5.9,10.7,normal
1697526191.95,48.199,1800.0,19.4,10.3,normal
1697526192.452,47.225,1800.0,35.4,10.7,normal
1697526192.955,48.199,1800.0,3.0,10.7,normal
1697526193.457,47.225,1800.0,3.5,10.7,normal
1697526193.96,47.225,1800.0,4.9,10.7,normal
1697526194.463,46.738,1800.0,4.0,10.7,normal
1697526194.965,47.225,1800.0,2.5,10.7,normal
1697526195.468,47.225,1800.0,4.5,10.7,normal
1697526195.97,47.225,1800.0,3.5,10.7,normal
1697526196.473,46.738,1800.0,1.5,10.7,normal
1697526196.977,46.738,900.0,5.0,10.7,normal
1697526197.48,47.225,1000.0,4.5,10.7,normal
1697526197.984,46.738,1800.0,11.9,9.8,normal
1697526198.488,48.199,1800.0,29.9,10.6,normal
1697526198.99,47.225,1800.0,18.0,10.7,normal
1697526199.493,47.225,1800.0,3.0,10.7,normal
1697526199.996,47.225,1800.0,4.4,10.7,normal
1697526200.498,47.712,1800.0,4.0,10.7,normal
1697526201.001,46.738,1800.0,4.0,10.7,normal
1697526201.503,46.738,1800.0,3.0,10.7,normal
1697526202.006,47.225,1800.0,4.0,10.7,normal
1697526202.508,47.225,1800.0,4.0,10.7,normal
1697526203.013,47.225,700.0,3.5,10.7,normal
1697526203.517,47.712,900.0,5.0,10.7,normal
1697526204.02,48.199,1800.0,14.9,10.0,normal
1697526204.524,48.199,1800.0,35.0,10.6,normal
1697526205.027,47.225,1800.0,11.9,10.7,normal
1697526205.529,48.199,1800.0,3.0,10.7,normal
1697526206.032,47.225,1800.0,3.0,10.7,normal
1697526206.534,47.225,1800.0,5.0,10.7,normal
1697526207.037,47.225,1800.0,3.0,10.7,normal
1697526207.539,47.225,1800.0,2.5,10.7,normal
1697526208.042,47.225,1800.0,3.9,10.7,normal
1697526208.544,46.251,1800.0,3.5,10.7,normal
1697526209.049,46.251,800.0,4.9,10.7,normal
1697526209.554,47.225,600.0,3.0,10.7,normal
1697526210.057,47.712,1800.0,19.5,10.2,normal
1697526210.56,48.199,1800.0,38.1,10.6,normal
1697526211.063,48.199,1800.0,5.0,10.7,normal
1697526211.565,47.225,1800.0,3.0,10.7,normal
1697526212.068,47.712,1800.0,4.4,10.7,normal
1697526212.57,47.712,1800.0,4.0,10.7,normal
1697526213.073,46.738,1800.0,1.5,10.7,normal
1697526213.575,47.225,1800.0,4.4,10.7,normal
1697526214.078,46.251,1800.0,4.5,10.7,normal
1697526214.58,47.712,1800.0,3.0,10.7,normal
1697526215.085,46.738,800.0,4.9,10.7,normal
1697526215.591,45.764,600.0,4.5,10.7,normal
1697526216.094,46.738,1800.0,9.5,9.6,normal
1697526216.597,48.686,1800.0,29.0,10.5,normal
1697526217.1,46.738,1800.0,21.4,10.7,normal
1697526217.602,47.225,1800.0,3.5,10.7,normal
1697526218.105,47.225,1800.0,3.0,10.7,normal
1697526218.607,48.686,1800.0,4.0,10.7,normal
1697526219.11,47.712,1800.0,3.0,10.7,normal
1697526219.612,46.738,1800.0,3.0,10.7,normal
1697526220.115,47.225,1800.0,4.5,10.7,normal
1697526220.617,46.738,1800.0,4.5,10.7,normal
1697526221.12,46.251,1800.0,3.5,10.7,normal
1697526221.626,46.251,600.0,4.4,10.7,normal
1697526222.13,46.738,1200.0,14.4,10.1,normal
1697526222.636,48.199,1800.0,36.5,10.6,normal
1697526223.139,47.712,1800.0,11.3,10.7,normal
1697526223.641,46.738,1800.0,2.5,10.7,normal
1697526224.144,47.712,1800.0,3.5,10.7,normal
1697526224.646,46.738,1800.0,4.0,10.7,normal
1697526225.149,47.712,1800.0,5.4,10.7,normal
1697526225.651,47.712,1800.0,3.0,10.7,normal
1697526226.154,48.199,1800.0,1.5,10.7,normal
1697526226.656,48.199,1800.0,2.5,10.7,normal
1697526227.159,45.764,1800.0,3.0,10.7,normal
1697526227.665,46.738,600.0,5.5,10.7,normal
1697526228.167,47.225,1800.0,16.5,10.2,normal
1697526228.67,48.686,1800.0,37.1,10.6,normal
1697526229.173,47.225,1800.0,2.0,10.7,normal
1697526229.675,48.199,1800.0,1.0,10.7,normal
1697526230.178,46.738,1800.0,3.0,10.7,normal
1697526230.68,46.738,1800.0,1.5,10.7,normal
1697526231.183,46.738,1800.0,1.5,10.7,normal
1697526231.685,46.738,1800.0,5.9,10.7,normal
1697526232.188,47.225,1800.0,2.0,10.7,normal
1697526232.69,46.738,1800.0,2.0,10.7,normal
1697526233.196,47.225,600.0,4.0,10.7,normal
1697526233.702,47.712,600.0,4.5,10.7,normal
1697526234.204,46.738,1800.0,22.0,10.4,normal
1697526234.707,48.199,1800.0,33.3,10.7,normal
1697526235.21,47.712,1800.0,4.5,10.7,normal
1697526235.712,47.712,1800.0,3.5,10.7,normal
1697526236.215,48.199,1800.0,2.5,10.7,normal
1697526236.717,47.712,1800.0,3.0,10.7,normal
1697526237.22,45.764,1800.0,3.5,10.7,normal
1697526237.722,47.225,1800.0,3.5,10.7,normal
1697526238.225,47.225,1800.0,3.5,10.7,normal
1697526238.727,46.738,1800.0,2.0,10.7,normal
1697526239.233,46.251,600.0,3.0,10.7,normal
1697526239.739,47.225,600.0,5.0,10.7,normal
1697526240.242,46.251,1800.0,15.9,10.2,normal
1697526240.745,48.199,1800.0,36.7,10.7,normal
1697526241.247,47.712,1800.0,6.5,10.7,normal
1697526241.75,47.225,1800.0,4.5,10.7,normal
1697526242.253,47.225,1800.0,2.0,10.7,normal
1697526242.755,47.225,1800.0,3.5,10.7,normal
1697526243.258,46.251,1800.0,3.0,10.7,normal
1697526243.76,47.712,1800.0,4.0,10.7,normal
1697526244.263,46.738,1800.0,3.5,10.7,normal
1697526244.765,46.738,1800.0,3.0,10.7,normal
1697526245.271,46.738,600.0,4.4,10.7,normal
1697526245.776,47.712,600.0,6.4,10.7,normal
1697526246.283,46.738,1800.0,8.5,10.1,normal
1697526246.786,47.225,1800.0,27.9,10.5,normal
1697526247.289,47.225,1800.0,22.9,10.6,normal
1697526247.791,47.712,1800.0,3.5,10.6,normal
1697526248.294,47.712,1800.0,3.5,10.7,normal
1697526248.796,46.738,1800.0,3.5,10.7,normal
1697526249.299,45.764,1800.0,3.5,10.7,normal
1697526249.801,46.738,1800.0,4.0,10.7,normal
1697526250.304,47.225,1800.0,3.5,10.7,normal
1697526250.806,47.712,1800.0,3.0,10.7,normal
1697526251.311,46.738,700.0,3.9,10.7,normal
1697526251.817,46.251,600.0,5.4,10.7,normal
1697526252.32,46.738,1800.0,12.9,10.1,normal
1697526252.823,47.225,1800.0,35.5,10.7,normal
1697526253.326,47.225,1800.0,9.5,10.7,normal
1697526253.828,47.712,1800.0,4.5,10.7,normal
1697526254.331,46.738,1800.0,3.5,10.7,normal
1697526254.833,45.764,1800.0,2.5,10.7,normal
1697526255.336,47.712,1800.0,3.5,10.7,normal
1697526255.838,46.738,1800.0,2.5,10.7,normal
1697526256.341,48.199,1800.0,5.0,10.7,normal
1697526256.843,46.738,1800.0,3.0,10.7,normal
1697526257.349,47.712,700.0,3.0,10.8,normal
1697526257.854,46.738,600.0,4.4,10.7,normal
1697526258.361,46.251,600.0,7.5,10.7,normal
1697526258.865,47.225,1800.0,30.5,10.4,normal
1697526259.367,48.199,1800.0,26.0,10.7,normal
1697526259.87,47.225,1800.0,2.5,10.7,normal
1697526260.372,47.712,1800.0,6.9,10.7,normal
1697526260.875,48.199,1800.0,3.5,10.7,normal
1697526261.377,48.686,1800.0,4.0,10.7,normal
1697526261.88,46.738,1800.0,3.5,10.7,normal
1697526262.383,47.712,1800.0,4.5,10.7,normal
1697526262.885,46.738,1800.0,3.0,10.7,normal
1697526263.388,48.199,1800.0,3.0,10.7,normal
1697526263.892,46.738,700.0,4.9,10.7,normal
1697526264.397,47.225,900.0,5.4,10.7,normal
1697526264.899,47.225,1800.0,21.9,10.3,normal
1697526265.402,48.686,1800.0,32.8,10.7,normal
1697526265.905,47.225,1800.0,3.0,10.7,normal
1697526266.407,46.738,1800.0,4.5,10.7,normal
1697526266.91,47.225,1800.0,3.5,10.7,normal
1697526267.412,47.225,1800.0,3.0,10.7,normal
1697526267.915,46.738,1800.0,3.5,10.7,normal
1697526268.417,48.199,1800.0,3.0,10.7,normal
1697526268.92,46.738,1800.0,3.5,10.7,normal
1697526269.423,46.738,1800.0,4.0,10.7,normal
1697526269.927,47.712,900.0,5.0,10.7,normal
1697526270.432,47.712,700.0,6.9,10.7,normal
1697526270.935,46.738,1800.0,15.5,10.2,normal
1697526271.438,48.686,1800.0,37.0,10.6,normal
1697526271.94,47.225,1800.0,5.0,10.7,normal
1697526272.443,46.738,1800.0,4.5,10.7,normal
1697526272.945,46.251,1800.0,3.0,10.7,normal
1697526273.448,47.712,1800.0,3.0,10.7,normal
1697526273.95,47.712,1800.0,3.0,10.7,normal
1697526274.453,47.225,1800.0,4.0,10.7,normal
1697526274.956,47.225,1800.0,4.0,10.7,normal
1697526275.458,47.225,1800.0,4.5,10.7,normal
1697526275.962,47.225,1100.0,4.5,10.7,normal
1697526276.466,46.738,900.0,5.4,10.7,normal
1697526276.969,47.712,1800.0,9.0,9.6,normal
1697526277.472,47.225,1800.0,28.1,10.5,normal
1697526277.975,47.225,1800.0,20.6,10.6,normal
1697526278.478,47.712,1800.0,3.0,10.6,normal
1697526278.98,47.225,1800.0,4.0,10.6,normal
1697526279.483,46.738,1800.0,2.5,10.6,normal
1697526279.985,46.251,1800.0,2.5,10.7,normal
1697526280.488,47.225,1800.0,3.5,10.7,normal
1697526280.99,47.225,1800.0,3.5,10.7,normal
1697526281.493,47.712,1800.0,3.5,10.7,normal
1697526281.998,46.738,700.0,3.0,10.7,normal
1697526282.502,46.738,900.0,5.9,10.6,normal
1697526283.006,46.738,900.0,5.0,10.7,normal
1697526283.51,47.225,1800.0,26.4,10.4,normal
1697526284.012,48.199,1800.0,28.1,10.7,normal
1697526284.515,47.225,1800.0,3.0,10.7,normal
1697526285.018,47.225,1800.0,5.0,10.7,normal
1697526285.52,47.225,1800.0,4.0,10.7,normal
1697526286.023,48.199,1800.0,3.0,10.7,normal
1697526286.525,46.251,1800.0,2.0,10.7,normal
1697526287.028,47.225,1800.0,4.5,10.7,normal
1697526287.53,46.251,1800.0,0.5,10.7,normal
1697526288.033,46.738,1800.0,2.0,10.7,normal
1697526288.538,47.712,700.0,2.5,10.6,normal
1697526289.041,47.225,1800.0,7.5,10.7,normal
1697526289.543,47.225,1800.0,18.0,10.2,normal
1697526290.046,48.686,1800.0,37.1,10.6,normal
1697526290.548,47.225,1800.0,4.0,10.6,normal
1697526291.051,47.225,1800.0,3.5,10.6,normal
1697526291.553,47.225,1800.0,3.5,10.6,normal
1697526292.056,47.712,1800.0,4.0,10.6,normal
1697526292.558,47.225,1800.0,3.9,10.6,normal
1697526293.061,47.712,1800.0,3.0,10.7,normal
1697526293.563,47.225,1800.0,3.5,10.7,normal
1697526294.068,47.712,700.0,5.0,10.7,normal
1697526294.573,47.225,800.0,4.0,10.7,normal
1697526295.077,48.199,1000.0,6.4,10.7,normal
1697526295.58,47.712,1800.0,11.5,10.0,normal
1697526296.083,48.199,1800.0,33.3,10.6,normal
1697526296.586,48.199,1800.0,13.0,10.7,normal
1697526297.088,46.251,1800.0,4.0,10.7,normal
1697526297.591,47.225,1800.0,3.0,10.7,normal
1697526298.093,47.712,1800.0,3.5,10.7,normal
1697526298.596,47.225,1800.0,4.0,10.7,normal
1697526299.098,47.225,1800.0,3.5,10.6,normal
1697526299.601,46.251,1800.0,3.0,10.7,normal
1697526300.103,47.225,1800.0,5.9,10.7,normal
1697526300.608,46.738,800.0,3.5,10.7,normal
1697526301.113,46.251,700.0,5.9,10.6,normal
1697526301.615,48.686,1800.0,15.7,10.2,normal
1697526302.118,48.686,1800.0,37.3,10.6,normal
1697526302.621,48.199,1800.0,4.5,10.7,normal
1697526303.123,47.225,1800.0,0.5,10.7,normal
1697526303.626,46.738,1800.0,3.5,10.7,normal
1697526304.129,46.738,1800.0,3.5,10.7,normal
1697526304.631,46.738,1800.0,4.4,10.7,normal
1697526305.134,47.712,1800.0,3.5,10.7,normal
1697526305.637,47.225,1800.0,3.5,10.7,normal
1697526306.139,45.764,1800.0,3.9,10.7,normal
1697526306.645,46.738,600.0,4.0,10.7,normal
1697526307.15,46.251,600.0,5.4,10.7,normal
1697526307.654,47.712,1800.0,23.3,10.4,normal
1697526308.156,48.199,1800.0,31.8,10.7,normal
1697526308.659,47.712,1800.0,3.5,10.7,normal
1697526309.161,45.764,1800.0,4.0,10.7,normal
1697526309.664,46.738,1800.0,3.0,10.7,normal
1697526310.167,46.251,1800.0,4.0,10.7,normal
1697526310.669,47.225,1800.0,3.5,10.7,normal
1697526311.172,47.712,1800.0,4.5,10.7,normal
1697526311.674,46.251,1800.0,3.5,10.7,normal
1697526312.177,47.225,1800.0,3.0,10.7,normal
1697526312.682,46.738,600.0,3.9,10.7,normal
1697526313.188,47.712,600.0,5.0,10.7,normal
1697526313.691,46.251,1800.0,15.9,10.1,normal
1697526314.194,47.712,1800.0,36.8,10.6,normal
1697526314.696,47.225,1800.0,7.0,10.6,normal
1697526315.199,47.712,1800.0,5.9,10.6,normal
1697526315.702,47.225,1800.0,4.0,10.6,normal
1697526316.204,47.712,1800.0,3.0,10.6,normal
1697526316.707,46.251,1800.0,4.0,10.6,normal
1697526317.209,48.199,1800.0,4.0,10.6,normal
1697526317.712,46.738,1800.0,3.0,10.6,normal
1697526318.214,47.225,1800.0,3.0,10.6,normal
1697526318.717,47.712,1800.0,3.5,10.6,normal
1697526319.223,48.686,600.0,5.4,10.6,normal
1697526319.726,46.738,1800.0,8.4,9.6,normal
1697526320.229,48.199,1800.0,29.4,10.5,normal
1697526320.732,47.712,1800.0,20.0,10.6,normal
1697526321.234,47.225,1800.0,4.0,10.6,normal
1697526321.737,46.738,1800.0,2.5,10.7,normal
1697526322.239,48.199,1800.0,2.5,10.7,normal
1697526322.742,46.251,1800.0,3.0,10.7,normal
1697526323.244,48.686,1800.0,2.5,10.7,normal
1697526323.747,46.251,1800.0,2.5,10.7,normal
1697526324.25,47.225,1800.0,2.5,10.7,normal
1697526324.755,45.764,600.0,3.0,10.7,normal
1697526325.261,46.251,600.0,5.9,10.7,normal
1697526325.767,46.738,600.0,4.5,10.7,normal
1697526326.27,47.225,1800.0,27.9,10.4,normal
1697526326.773,47.712,1800.0,28.6,10.7,normal
1697526327.275,47.225,1800.0,4.0,10.7,normal
1697526327.778,48.199,1800.0,4.0,10.7,normal
1697526328.28,47.712,1800.0,3.9,10.7,normal
1697526328.783,47.225,1800.0,3.0,10.7,normal
1697526329.286,46.251,1800.0,3.5,10.7,normal
1697526329.788,46.738,1800.0,3.0,10.7,normal
1697526330.291,47.225,1800.0,5.0,10.7,normal
1697526330.793,46.738,1800.0,3.0,10.7,normal
1697526331.299,46.738,600.0,3.5,10.7,normal
1697526331.805,46.738,600.0,5.9,10.6,normal
1697526332.308,46.738,1800.0,29.4,10.4,normal
1697526332.811,47.225,1800.0,24.5,10.6,normal
1697526333.313,48.199,1800.0,4.0,10.6,normal
1697526333.816,47.712,1800.0,3.5,10.6,normal
1697526334.319,47.225,1800.0,4.4,10.6,normal
1697526334.821,46.738,1800.0,3.5,10.6,normal
1697526335.324,47.225,1800.0,4.0,10.7,normal
1697526335.826,46.251,1800.0,3.5,10.7,normal
1697526336.329,47.712,1800.0,3.5,10.7,normal
1697526336.831,46.251,1800.0,3.5,10.7,normal
1697526337.337,47.225,600.0,5.0,10.7,normal
1697526337.843,46.738,600.0,5.0,10.7,normal
1697526338.346,47.712,1800.0,24.4,10.4,normal
1697526338.849,47.712,1800.0,30.8,10.7,normal
1697526339.351,48.199,1800.0,4.5,10.7,normal
1697526339.854,46.738,1800.0,3.5,10.7,normal
1697526340.356,46.738,1800.0,4.0,10.7,normal
1697526340.859,47.712,1800.0,3.0,10.7,normal
1697526341.362,47.225,1800.0,4.5,10.7,normal
1697526341.864,46.738,1800.0,3.5,10.7,normal
1697526342.367,47.225,1800.0,3.0,10.7,normal
1697526342.869,46.738,1800.0,2.5,10.7,normal
1697526343.375,45.764,600.0,6.8,10.7,normal
1697526343.879,46.251,900.0,6.4,10.6,normal
1697526344.382,48.686,1800.0,27.5,10.4,normal
1697526344.885,47.225,1800.0,25.6,10.7,normal
1697526345.387,47.225,1800.0,4.0,10.7,normal
1697526345.894,47.712,1800.0,3.9,10.7,normal
1697526346.396,46.251,1800.0,2.5,10.7,normal
1697526346.899,47.225,1800.0,3.0,10.7,normal
1697526347.402,47.712,1800.0,1.5,10.7,normal
1697526347.904,46.251,1800.0,2.5,10.7,normal
1697526348.407,47.225,1800.0,3.9,10.7,normal
1697526348.909,46.251,1800.0,4.5,10.7,normal
1697526349.414,46.738,600.0,5.9,10.7,normal
1697526349.918,47.712,1800.0,10.0,9.6,normal
1697526350.421,47.712,1800.0,29.0,10.6,normal
1697526350.924,47.712,1800.0,19.9,10.7,normal
1697526351.426,47.712,1800.0,4.0,10.7,normal
1697526351.929,47.712,1800.0,3.5,10.7,normal
1697526352.431,47.225,1800.0,3.0,10.7,normal
1697526352.934,46.738,1800.0,3.5,10.7,normal
1697526353.436,47.712,1800.0,4.5,10.7,normal
1697526353.939,46.251,1800.0,3.5,10.7,normal
1697526354.442,47.225,1800.0,3.5,10.7,normal
1697526354.946,47.225,700.0,3.9,10.7,normal
1697526355.451,46.251,800.0,5.0,10.7,normal
1697526355.954,46.738,1800.0,14.5,10.2,normal
1697526356.457,48.199,1800.0,37.4,10.7,normal
1697526356.959,47.712,1800.0,6.5,10.7,normal
1697526357.462,47.225,1800.0,3.9,10.7,normal
1697526357.965,47.712,1800.0,4.0,10.7,normal
1697526358.467,46.738,1800.0,3.5,10.7,normal
1697526358.97,47.712,1800.0,3.5,10.7,normal
1697526359.472,46.738,1800.0,3.0,10.7,normal
1697526359.975,47.225,1800.0,5.0,10.7,normal
1697526360.478,46.251,1800.0,4.0,10.7,normal
1697526360.982,46.251,800.0,3.0,10.7,normal
1697526361.487,47.712,800.0,5.9,10.7,normal
1697526361.991,46.251,1100.0,7.0,10.6,normal
1697526362.495,48.686,1800.0,28.4,10.6,normal
1697526362.997,46.738,1800.0,21.5,10.7,normal
1697526363.5,47.225,1800.0,2.5,10.7,normal
1697526364.002,46.251,1800.0,3.0,10.7,normal
1697526364.505,47.225,1800.0,4.0,10.7,normal
1697526365.008,46.251,1800.0,3.5,10.7,normal
1697526365.51,47.225,1800.0,4.9,10.7,normal
1697526366.013,47.712,1800.0,3.5,10.7,normal
1697526366.515,47.225,1800.0,3.5,10.7,normal
1697526367.018,47.225,1800.0,3.5,10.7,normal
1697526367.522,45.764,800.0,5.9,10.7,normal
1697526368.026,47.225,1800.0,12.9,10.1,normal
1697526368.53,48.686,1800.0,33.2,10.6,normal
1697526369.033,47.712,1800.0,14.0,10.6,normal
1697526369.535,47.712,1800.0,4.0,10.6,normal
1697526370.038,47.225,1800.0,4.0,10.6,normal
1697526370.54,45.764,1800.0,4.0,10.6,normal
1697526371.043,46.738,1800.0,4.0,10.6,normal
1697526371.545,47.225,1800.0,3.5,10.6,normal
1697526372.048,47.225,1800.0,3.0,10.6,normal
1697526372.55,47.225,1800.0,3.5,10.6,normal
1697526373.055,47.712,700.0,4.0,10.6,normal
1697526373.56,46.738,800.0,5.4,10.6,normal
1697526374.065,47.712,800.0,6.4,10.5,normal
1697526374.568,47.225,1800.0,28.7,10.5,normal
1697526375.071,47.225,1800.0,23.6,10.7,normal
1697526375.573,47.712,1800.0,4.5,10.7,normal
1697526376.076,47.225,1800.0,3.0,10.7,normal
1697526376.578,47.712,1800.0,3.5,10.7,normal
1697526377.081,46.738,1800.0,4.0,10.7,normal
1697526377.583,47.225,1800.0,3.0,10.7,normal
1697526378.086,47.225,1800.0,3.0,10.7,normal
1697526378.588,47.225,1800.0,3.5,10.7,normal
1697526379.091,47.225,1800.0,3.5,10.7,normal
1697526379.596,46.738,700.0,5.0,10.7,normal
1697526380.1,46.251,1000.0,5.5,10.7,normal
1697526380.603,47.225,1800.0,23.4,10.4,normal
1697526381.106,48.199,1800.0,31.2,10.7,normal
1697526381.608,47.712,1800.0,4.9,10.7,normal
1697526382.111,47.225,1800.0,2.0,10.7,normal
1697526382.613,46.738,1800.0,5.0,10.7,normal
1697526383.116,47.712,1800.0,3.0,10.7,normal
1697526383.619,46.738,1800.0,3.5,10.7,normal
1697526384.121,46.251,1800.0,3.5,10.7,normal
1697526384.624,47.712,1800.0,3.0,10.7,normal
1697526385.126,48.686,1800.0,5.0,10.7,normal
1697526385.632,46.251,600.0,5.0,10.7,normal
1697526386.137,46.251,600.0,4.0,10.7,normal
1697526386.64,46.251,1800.0,17.2,10.3,normal
1697526387.144,48.199,1800.0,37.6,10.6,normal
1697526387.646,47.225,1800.0,5.4,10.7,normal
1697526388.149,47.225,1800.0,3.0,10.7,normal
1697526388.652,47.712,1800.0,2.5,10.7,normal
1697526389.154,48.199,1800.0,3.0,10.7,normal
1697526389.657,47.225,1800.0,2.0,10.7,normal
1697526390.16,47.225,1800.0,5.0,10.7,normal
1697526390.662,48.199,1800.0,4.0,10.7,normal
1697526391.165,47.712,1800.0,4.0,10.7,normal
1697526391.67,46.251,600.0,3.5,10.7,normal
1697526392.176,45.764,600.0,4.9,10.7,normal
1697526392.679,47.225,1800.0,23.0,10.4,normal
1697526393.182,47.712,1800.0,31.8,10.7,normal
1697526393.684,46.738,1800.0,3.5,10.7,normal
1697526394.187,47.225,1800.0,3.5,10.7,normal
1697526394.689,47.225,1800.0,1.5,10.7,normal
1697526395.192,46.251,1800.0,2.5,10.7,normal
1697526395.694,48.199,1800.0,5.0,10.7,normal
1697526396.197,47.712,1800.0,3.5,10.7,normal
1697526396.699,46.738,1800.0,4.5,10.7,normal
1697526397.202,46.738,1800.0,3.0,10.7,normal
1697526397.707,46.738,600.0,3.9,10.7,normal
1697526398.213,46.738,600.0,4.0,10.7,normal
1697526398.716,47.225,1800.0,28.9,10.5,normal
1697526399.219,47.225,1800.0,27.6,10.7,normal
1697526399.721,47.712,1800.0,3.0,10.7,normal
1697526400.224,46.738,1800.0,4.0,10.7,normal
1697526400.726,46.251,1800.0,4.0,10.7,normal
1697526401.229,47.712,1800.0,3.0,10.7,normal
1697526401.731,47.225,1800.0,3.5,10.7,normal
1697526402.234,47.225,1800.0,4.0,10.7,normal
1697526402.736,46.738,1800.0,4.4,10.7,normal
1697526403.239,47.225,1800.0,3.0,10.7,normal
1697526403.744,47.225,600.0,3.4,10.7,normal
1697526404.25,46.738,600.0,4.9,10.7,normal
1697526404.753,47.225,1800.0,20.1,10.3,normal
1697526405.255,47.712,1800.0,38.3,10.7,normal
1697526405.758,46.738,1800.0,3.5,10.7,normal
1697526406.261,47.225,1800.0,3.5,10.7,normal
1697526406.763,47.225,1800.0,1.0,10.7,normal
1697526407.266,46.738,1800.0,1.5,10.7,normal
1697526407.768,47.712,1800.0,4.0,10.7,normal
1697526408.271,47.225,1800.0,2.5,10.7,normal
1697526408.773,47.712,1800.0,1.5,10.7,normal
1697526409.276,47.712,1800.0,4.5,10.7,normal
1697526409.781,46.251,700.0,4.4,10.7,normal
1697526410.287,46.251,600.0,5.9,10.7,normal
1697526410.79,46.738,1800.0,24.5,10.4,normal
1697526411.293,48.199,1800.0,31.8,10.7,normal
1697526411.796,47.225,1800.0,3.0,10.7,normal
1697526412.298,47.225,1800.0,4.0,10.7,normal
1697526412.801,47.225,1800.0,3.5,10.7,normal
1697526413.303,45.764,1800.0,4.9,10.7,normal
1697526413.806,47.712,1800.0,3.5,10.7,normal
1697526414.308,47.225,1800.0,2.5,10.7,normal
1697526414.811,47.225,1800.0,3.5,10.7,normal
1697526415.313,46.738,1800.0,4.0,10.7,normal
1697526415.819,46.251,600.0,4.5,10.7,normal
1697526416.324,47.712,600.0,4.5,10.7,normal
1697526416.827,47.225,1800.0,17.9,10.1,normal
1697526417.33,48.199,1800.0,37.5,10.6,normal
1697526417.833,47.225,1800.0,5.5,10.6,normal
1697526418.335,45.764,1800.0,3.5,10.6,normal
1697526418.838,48.199,1800.0,3.0,10.6,normal
1697526419.34,46.738,1800.0,3.5,10.6,normal
1697526419.843,47.225,1800.0,4.5,10.7,normal
1697526420.346,46.738,1800.0,5.9,10.7,normal
1697526420.849,47.712,1800.0,2.5,10.6,normal
1697526421.351,45.764,1800.0,4.4,10.6,normal
1697526421.856,46.251,700.0,4.5,10.6,normal
1697526422.362,48.199,600.0,5.4,10.6,normal
1697526422.865,47.712,1800.0,9.0,9.6,normal
1697526423.368,47.712,1800.0,28.7,10.5,normal
1697526423.871,47.225,1800.0,22.5,10.7,normal
1697526424.373,46.251,1800.0,2.5,10.7,normal
1697526424.876,47.225,1800.0,5.4,10.6,normal
1697526425.379,47.225,1800.0,4.5,10.7,normal
1697526425.881,47.225,1800.0,3.5,10.7,normal
1697526426.384,47.712,1800.0,4.0,10.6,normal
1697526426.886,47.225,1800.0,3.5,10.7,normal
1697526427.389,46.738,1800.0,4.0,10.7,normal
1697526427.896,46.251,700.0,4.4,10.6,normal
1697526428.401,47.225,600.0,4.0,10.7,normal
1697526428.907,47.225,700.0,4.9,10.7,normal
1697526429.411,46.738,1800.0,27.6,10.5,normal
1697526429.913,47.712,1800.0,28.1,10.7,normal
1697526430.416,48.199,1800.0,5.0,10.7,normal
1697526430.919,47.712,1800.0,3.9,10.7,normal
1697526431.421,47.225,1800.0,3.5,10.7,normal
1697526431.924,46.251,1800.0,3.0,10.7,normal
1697526432.426,46.738,1800.0,3.5,10.7,normal
1697526432.929,47.225,1800.0,3.0,10.7,normal
1697526433.431,46.738,1800.0,4.5,10.7,normal
1697526433.934,47.225,1800.0,3.0,10.7,normal
1697526434.438,47.225,900.0,5.4,10.7,normal
1697526434.943,46.738,700.0,4.5,10.7,normal
1697526435.446,47.712,1800.0,22.8,10.3,normal
1697526435.949,47.225,1800.0,34.3,10.7,normal
1697526436.451,47.712,1800.0,3.9,10.7,normal
1697526436.954,47.225,1800.0,3.0,10.7,normal
1697526437.456,47.225,1800.0,4.0,10.7,normal
1697526437.959,47.712,1800.0,3.0,10.7,normal
1697526438.461,48.199,1800.0,3.5,10.7,normal
1697526438.964,46.738,1800.0,3.0,10.7,normal
1697526439.467,46.738,1800.0,2.5,10.7,normal
1697526439.969,47.712,1800.0,5.0,10.7,normal
1697526440.474,47.225,700.0,5.0,10.7,normal
1697526440.979,46.251,800.0,3.5,10.7,normal
1697526441.482,47.712,1800.0,13.9,10.1,normal
1697526441.985,47.712,1800.0,33.8,10.6,normal
1697526442.488,46.738,1800.0,12.4,10.7,normal
1697526442.99,47.225,1800.0,3.0,10.7,normal
1697526443.493,47.712,1800.0,3.5,10.7,normal
1697526443.995,47.225,1800.0,3.0,10.7,normal
1697526444.498,46.738,1800.0,3.5,10.7,normal
1697526445.0,45.764,1800.0,2.5,10.7,normal
1697526445.503,47.225,1800.0,3.5,10.7,normal
1697526446.005,46.738,1800.0,2.5,10.7,normal
1697526446.51,46.738,700.0,2.5,10.7,normal
1697526447.014,47.225,1000.0,4.5,10.7,normal
1697526447.517,47.225,1800.0,17.4,10.1,normal
1697526448.02,48.686,1800.0,36.2,10.6,normal
1697526448.522,47.712,1800.0,4.0,10.6,normal
1697526449.025,46.738,1800.0,3.0,10.6,normal
1697526449.527,46.251,1800.0,4.0,10.6,normal
1697526450.03,47.225,1800.0,4.5,10.6,normal
1697526450.532,47.225,1800.0,3.0,10.7,normal
1697526451.035,46.738,1800.0,3.5,10.6,normal
1697526451.537,46.738,1800.0,3.5,10.7,normal
1697526452.04,47.712,1800.0,3.5,10.7,normal
1697526452.544,46.738,1000.0,4.9,10.6,normal
1697526453.048,47.225,800.0,5.0,10.7,normal
1697526453.551,47.225,1800.0,20.8,10.4,normal
1697526454.054,47.712,1800.0,34.7,10.7,normal
1697526454.556,47.712,1800.0,3.5,10.7,normal
1697526455.059,47.712,1800.0,4.5,10.7,normal
1697526455.561,47.712,1800.0,3.0,10.7,normal
1697526456.064,47.225,1800.0,2.5,10.7,normal
1697526456.566,47.712,1800.0,3.0,10.7,normal
1697526457.069,46.738,1800.0,3.5,10.7,normal
1697526457.571,46.251,1800.0,3.5,10.7,normal
1697526458.074,47.225,1800.0,4.0,10.7,normal
1697526458.578,46.251,900.0,4.0,10.7,normal
1697526459.083,47.225,800.0,5.0,10.7,normal
1697526459.586,47.712,1800.0,24.8,10.4,normal
1697526460.088,47.712,1800.0,29.5,10.7,normal
1697526460.591,47.712,1800.0,4.0,10.7,normal
1697526461.093,46.738,1800.0,3.5,10.7,normal
1697526461.596,46.738,1800.0,3.0,10.7,normal
1697526462.098,47.712,1800.0,3.5,10.7,normal
1697526462.601,47.712,1800.0,4.0,10.7,normal
1697526463.104,47.225,1800.0,3.0,10.7,normal
1697526463.606,47.225,1800.0,3.5,10.7,normal
1697526464.109,47.225,1800.0,3.9,10.7,normal
1697526464.614,46.251,700.0,5.0,10.7,normal
1697526465.118,46.738,1000.0,7.5,10.6,normal
1697526465.621,47.712,1800.0,28.0,10.4,normal
1697526466.123,48.199,1800.0,23.9,10.6,normal
1697526466.626,46.738,1800.0,3.9,10.7,normal
1697526467.128,47.712,1800.0,2.5,10.7,normal
1697526467.631,47.225,1800.0,2.5,10.7,normal
1697526468.133,46.738,1800.0,2.0,10.7,normal
1697526468.636,46.738,1800.0,3.5,10.7,normal
1697526469.138,47.712,1800.0,6.0,10.7,normal
1697526469.641,47.712,1800.0,1.5,10.7,normal
1697526470.143,46.738,1800.0,2.5,10.7,normal
1697526470.649,46.251,600.0,2.5,10.7,normal
1697526471.154,46.738,600.0,8.4,10.3,normal
1697526471.657,48.199,1800.0,30.7,10.5,normal
1697526472.16,47.712,1800.0,20.7,10.6,normal
1697526472.663,48.199,1800.0,3.4,10.6,normal
1697526473.165,47.225,1800.0,2.5,10.7,normal
1697526473.668,46.738,1800.0,3.0,10.7,normal
1697526474.17,47.225,1800.0,3.5,10.7,normal
1697526474.673,47.225,1800.0,2.5,10.7,normal
1697526475.176,46.251,1800.0,4.5,10.7,normal
1697526475.679,46.738,1800.0,3.9,10.7,normal
1697526476.184,46.251,800.0,3.0,10.7,normal
1697526476.69,46.251,600.0,4.9,10.7,normal
1697526477.196,46.738,600.0,4.5,10.7,normal
1697526477.699,47.712,1800.0,26.9,10.4,normal
1697526478.202,48.199,1800.0,29.7,10.6,normal
1697526478.704,46.251,1800.0,3.0,10.6,normal
1697526479.207,47.712,1800.0,3.0,10.6,normal
1697526479.71,47.225,1800.0,4.4,10.6,normal
1697526480.212,46.738,1800.0,3.5,10.6,normal
1697526480.715,46.738,1800.0,4.5,10.6,normal
1697526481.217,47.712,1800.0,4.5,10.6,normal
1697526481.72,46.738,1800.0,4.0,10.6,normal
1697526482.222,47.225,1800.0,3.5,10.6,normal
1697526482.728,46.251,600.0,4.0,10.6,normal
1697526483.234,46.251,600.0,5.4,10.6,normal
1697526483.737,47.225,1800.0,21.9,10.2,normal
1697526484.239,48.686,1800.0,36.5,10.6,normal
1697526484.742,47.712,1800.0,3.0,10.6,normal
1697526485.244,46.738,1800.0,3.5,10.6,normal
1697526485.747,46.738,1800.0,1.5,10.6,normal
1697526486.254,47.225,1800.0,2.0,10.7,normal
1697526486.757,46.251,1800.0,4.0,10.7,normal
1697526487.259,47.712,1800.0,4.0,10.7,normal
1697526487.762,47.225,1800.0,3.0,10.7,normal
1697526488.264,47.225,1800.0,3.0,10.7,normal
1697526488.77,46.738,600.0,2.5,10.7,normal
1697526489.276,46.251,600.0,3.5,10.7,normal
1697526489.779,47.712,1800.0,10.5,9.8,normal
1697526490.283,47.225,1800.0,31.5,10.6,normal
1697526490.786,47.712,1800.0,16.9,10.7,normal
1697526491.288,47.225,1800.0,3.0,10.7,normal
1697526491.791,47.712,1800.0,3.5,10.7,normal
1697526492.293,47.712,1800.0,3.5,10.7,normal
1697526492.796,46.738,1800.0,4.0,10.7,normal
1697526493.299,47.712,1800.0,3.0,10.7,normal
1697526493.801,46.738,1800.0,3.0,10.7,normal
1697526494.304,45.764,1800.0,4.0,10.7,normal
1697526494.809,47.225,700.0,4.0,10.7,normal
1697526495.314,46.251,600.0,5.4,10.7,normal
1697526495.82,46.738,600.0,5.0,10.7,normal
1697526496.323,47.225,1800.0,28.2,10.5,normal
1697526496.826,47.712,1800.0,27.5,10.7,normal
1697526497.328,48.199,1800.0,2.5,10.7,normal
1697526497.831,46.738,1800.0,3.5,10.7,normal
1697526498.333,48.199,1800.0,3.0,10.7,normal
1697526498.838,47.225,1800.0,4.0,10.7,normal
1697526499.341,47.225,1800.0,3.5,10.7,normal
1697526499.844,46.738,1800.0,3.5,10.7,normal
1697526500.347,46.251,1800.0,3.0,10.7,normal
1697526500.849,46.738,1800.0,1.0,10.8,normal
1697526501.354,47.225,700.0,7.4,10.7,normal
1697526501.857,47.225,1800.0,8.5,9.8,normal
1697526502.361,48.686,1800.0,29.2,10.5,normal
1697526502.864,47.712,1800.0,19.4,10.7,normal
1697526503.366,48.199,1800.0,5.0,10.7,normal
1697526503.869,48.199,1800.0,3.0,10.7,normal
1697526504.371,47.712,1800.0,3.0,10.7,normal
1697526504.874,47.712,1800.0,3.5,10.7,normal
1697526505.377,47.712,1800.0,5.5,10.7,normal
1697526505.879,48.199,1800.0,3.5,10.7,normal
1697526506.382,48.199,1800.0,3.5,10.7,normal
1697526506.887,47.225,700.0,5.0,10.7,normal
1697526507.391,46.738,900.0,4.5,10.7,normal
1697526507.894,48.686,1800.0,15.0,10.2,normal
1697526508.397,48.686,1800.0,36.8,10.6,normal
1697526508.899,48.199,1800.0,7.5,10.6,normal
1697526509.402,47.712,1800.0,3.0,10.6,normal
1697526509.904,47.712,1800.0,2.5,10.6,normal
1697526510.407,46.738,1800.0,5.9,10.6,normal
1697526510.91,48.199,1800.0,4.0,10.6,normal
1697526511.412,47.712,1800.0,3.5,10.6,normal
1697526511.915,47.712,1800.0,3.5,10.6,normal
1697526512.417,47.225,1800.0,2.5,10.6,normal
1697526512.922,46.738,700.0,4.5,10.6,normal
1697526513.428,46.251,600.0,5.0,10.6,normal
1697526513.931,45.764,1800.0,19.4,10.3,normal
1697526514.434,47.712,1800.0,37.0,10.6,normal
1697526514.937,48.199,1800.0,4.5,10.7,normal
1697526515.439,46.738,1800.0,5.4,10.7,normal
1697526515.942,47.712,1800.0,3.5,10.7,normal
1697526516.444,47.225,1800.0,3.0,10.7,normal
1697526516.947,46.738,1800.0,4.0,10.7,normal
1697526517.449,47.712,1800.0,4.0,10.7,normal
1697526517.952,47.225,1800.0,4.0,10.7,normal
1697526518.455,46.738,1800.0,3.0,10.7,normal
1697526518.96,47.225,700.0,3.4,10.7,normal
1697526519.464,48.199,900.0,5.4,10.7,normal
1697526519.968,46.251,1800.0,10.4,9.8,normal
1697526520.472,47.225,1800.0,33.0,10.5,normal
1697526520.975,47.712,1800.0,15.6,10.6,normal
1697526521.477,47.225,1800.0,4.5,10.6,normal
1697526521.98,47.712,1800.0,3.0,10.6,normal
1697526522.482,47.712,1800.0,3.0,10.6,normal
1697526522.985,47.225,1800.0,3.0,10.7,normal
1697526523.487,47.225,1800.0,4.0,10.7,normal
1697526523.99,46.738,1800.0,3.5,10.7,normal
1697526524.492,47.225,1800.0,4.0,10.7,normal
1697526524.997,47.225,700.0,3.9,10.7,normal
1697526525.502,45.764,700.0,6.5,10.7,normal
1697526526.007,46.251,900.0,3.5,10.6,normal
1697526526.51,48.199,1800.0,27.9,10.6,normal
1697526527.013,47.712,1800.0,24.0,10.7,normal
1697526527.515,47.712,1800.0,3.0,10.7,normal
1697526528.018,46.738,1800.0,2.5,10.7,normal
1697526528.52,47.225,1800.0,3.0,10.7,normal
1697526529.023,47.225,1800.0,4.0,10.7,normal
1697526529.526,47.225,1800.0,3.0,10.7,normal
1697526530.028,46.251,1800.0,3.0,10.7,normal
1697526530.531,47.225,1800.0,1.5,10.7,normal
1697526531.033,47.225,1800.0,1.5,10.7,normal
1697526531.537,46.738,1200.0,7.9,10.7,normal
1697526532.041,47.712,1000.0,5.4,10.7,normal
1697526532.544,48.199,1800.0,20.2,10.3,normal
1697526533.046,47.225,1800.0,33.3,10.7,normal
1697526533.549,47.712,1800.0,2.5,10.7,normal
1697526534.051,46.738,1800.0,4.4,10.7,normal
1697526534.554,46.738,1800.0,3.5,10.7,normal
1697526535.056,45.764,1800.0,4.0,10.7,normal
1697526535.559,46.251,1800.0,3.0,10.7,normal
1697526536.062,47.712,1800.0,4.0,10.7,normal
1697526536.564,48.686,1800.0,3.5,10.7,normal
1697526537.067,46.251,1800.0,3.5,10.7,normal
1697526537.571,47.712,700.0,4.0,10.7,normal
1697526538.076,47.225,800.0,5.4,10.7,normal
1697526538.579,47.712,1800.0,25.0,10.4,normal
1697526539.082,46.738,1800.0,29.4,10.7,normal
1697526539.585,48.199,1800.0,3.0,10.7,normal
1697526540.087,47.712,1800.0,5.0,10.7,normal
1697526540.59,48.199,1800.0,4.0,10.7,normal
1697526541.092,47.225,1800.0,3.5,10.7,normal
1697526541.595,46.738,1800.0,4.9,10.7,normal
1697526542.097,47.225,1800.0,3.5,10.7,normal
1697526542.6,47.225,1800.0,4.4,10.7,normal
1697526543.103,46.738,1800.0,3.0,10.7,normal
1697526543.607,47.225,800.0,4.4,10.7,normal
1697526544.111,46.738,800.0,5.0,10.7,normal
1697526544.614,47.225,1800.0,19.9,10.3,normal
1697526545.117,47.712,1800.0,37.5,10.6,normal
1697526545.619,48.199,1800.0,3.5,10.6,normal
1697526546.122,46.738,1800.0,4.9,10.6,normal
1697526546.625,47.712,1800.0,3.0,10.6,normal
1697526547.127,47.225,1800.0,3.9,10.6,normal
1697526547.63,46.738,1800.0,3.0,10.6,normal
1697526548.132,46.738,1800.0,4.5,10.6,normal
1697526548.635,46.738,1800.0,2.5,10.6,normal
1697526549.137,47.225,1800.0,3.5,10.6,normal
1697526549.643,46.738,600.0,3.5,10.6,normal
1697526550.148,46.738,700.0,6.4,10.6,normal
1697526550.652,46.738,1800.0,11.4,9.8,normal
1697526551.155,47.225,1800.0,31.3,10.5,normal
1697526551.658,46.738,1800.0,15.4,10.6,normal
1697526552.161,47.712,1800.0,4.0,10.6,normal
1697526552.663,47.225,1800.0,3.5,10.6,normal
1697526553.166,47.225,1800.0,3.5,10.6,normal
1697526553.668,48.199,1800.0,3.0,10.6,normal
1697526554.171,47.712,1800.0,3.5,10.6,normal
1697526554.673,47.712,1800.0,4.0,10.7,normal
1697526555.176,46.738,1800.0,4.0,10.7,normal
1697526555.681,47.225,700.0,5.0,10.7,normal
1697526556.185,46.251,800.0,6.4,10.7,normal
1697526556.691,45.277,600.0,5.0,10.6,normal
1697526557.194,46.738,1800.0,28.2,10.5,normal
1697526557.697,48.199,1800.0,24.1,10.7,normal
1697526558.2,47.712,1800.0,4.0,10.7,normal
1697526558.702,47.712,1800.0,4.5,10.6,normal
1697526559.205,47.712,1800.0,3.0,10.6,normal
1697526559.707,47.225,1800.0,3.5,10.7,normal
1697526560.21,47.225,1800.0,3.0,10.6,normal
1697526560.712,48.199,1800.0,1.5,10.6,normal
1697526561.215,47.225,1800.0,2.0,10.6,normal
1697526561.718,46.251,1800.0,5.4,10.6,normal
1697526562.223,46.738,600.0,4.9,10.6,normal
1697526562.736,45.764,600.0,5.4,10.7,normal
1697526563.24,47.712,1800.0,22.4,10.3,normal
1697526563.744,47.225,1800.0,32.7,10.7,normal
1697526564.247,47.225,1800.0,3.5,10.7,normal
1697526564.749,48.199,1800.0,4.0,10.7,normal
1697526565.253,48.199,1800.0,4.9,10.7,normal
1697526565.755,46.738,1800.0,3.5,10.7,normal
1697526566.258,47.225,1800.0,3.0,10.7,normal
1697526566.76,47.225,1800.0,3.5,10.7,normal
1697526567.263,46.738,1800.0,4.5,10.7,normal
1697526567.77,46.738,1800.0,3.4,10.7,normal
1697526568.276,47.225,600.0,3.0,10.7,normal
1697526568.781,46.251,600.0,5.4,10.7,normal
1697526569.284,46.251,1800.0,17.3,10.1,normal
1697526569.787,48.199,1800.0,37.3,10.6,normal
1697526570.29,47.712,1800.0,7.0,10.7,normal
1697526570.792,46.738,1800.0,4.0,10.7,normal
1697526571.295,46.738,1800.0,4.0,10.7,normal
1697526571.797,47.225,1800.0,3.0,10.7,normal
1697526572.3,47.225,1800.0,1.5,10.7,normal
1697526572.807,47.712,1800.0,2.5,10.7,normal
1697526573.309,46.251,1800.0,4.0,10.7,normal
1697526573.812,47.225,1800.0,3.0,10.7,normal
1697526574.317,46.251,600.0,3.0,10.7,normal
1697526574.823,45.764,600.0,4.4,10.7,normal
1697526575.326,46.738,1800.0,20.4,10.3,normal
1697526575.828,48.199,1800.0,31.3,10.7,normal
1697526576.331,48.199,1800.0,4.0,10.7,normal
1697526576.834,46.738,1800.0,3.0,10.7,normal
1697526577.337,46.251,1800.0,3.0,10.7,normal
1697526577.84,46.738,1800.0,4.5,10.7,normal
1697526578.343,46.738,1800.0,4.0,10.7,normal
1697526578.845,47.712,1800.0,3.0,10.7,normal
1697526579.348,46.738,1800.0,3.0,10.7,normal
1697526579.851,45.764,1800.0,5.4,10.7,normal
1697526580.357,46.251,600.0,3.5,10.7,normal
1697526580.861,46.251,800.0,5.4,10.7,normal
1697526581.366,46.251,1800.0,26.2,10.4,normal
1697526581.868,47.712,1800.0,41.4,10.7,normal
1697526582.371,46.738,1800.0,3.5,10.7,normal
1697526582.873,48.199,1800.0,2.5,10.7,normal
1697526583.376,46.738,1800.0,4.4,10.7,normal
1697526583.879,46.738,1800.0,4.0,10.7,normal
1697526584.381,48.199,1800.0,3.5,10.7,normal
1697526584.884,47.225,1800.0,2.5,10.7,normal
1697526585.386,46.251,1800.0,4.0,10.7,normal
1697526585.889,46.738,1800.0,4.0,10.7,normal
1697526586.395,46.738,600.0,2.5,10.7,normal
1697526586.9,46.738,600.0,3.5,10.7,normal
1697526587.403,46.251,1800.0,17.9,10.2,normal
1697526587.911,47.712,1800.0,35.8,10.6,normal
1697526588.413,47.712,1800.0,3.0,10.6,normal
1697526588.916,47.225,1800.0,3.0,10.6,normal
1697526589.418,47.225,1800.0,1.5,10.6,normal
1697526589.921,46.251,1800.0,1.5,10.6,normal
1697526590.424,47.225,1800.0,6.9,10.7,normal
1697526590.926,47.225,1800.0,3.5,10.7,normal
1697526591.429,47.225,1800.0,2.5,10.7,normal
1697526591.931,45.764,1800.0,3.5,10.7,normal
1697526592.436,46.738,700.0,4.5,10.7,normal
1697526592.943,47.225,900.0,4.4,10.7,normal
1697526593.447,46.738,1800.0,12.4,10.0,normal
1697526593.951,47.712,1800.0,32.3,10.6,normal
1697526594.454,47.225,1800.0,14.4,10.7,normal
1697526594.956,46.738,1800.0,4.0,10.7,normal
1697526595.459,46.251,1800.0,4.5,10.7,normal
1697526595.961,48.199,1800.0,3.0,10.7,normal
1697526596.464,48.199,1800.0,4.0,10.7,normal
1697526596.967,47.225,1800.0,2.5,10.7,normal
1697526597.469,46.738,1800.0,3.5,10.7,normal
1697526597.972,46.251,1800.0,3.5,10.7,normal
1697526598.477,47.225,700.0,4.0,10.7,normal
1697526598.981,46.738,900.0,4.5,10.7,normal
1697526599.485,47.225,900.0,5.0,10.7,normal
1697526599.987,46.738,1800.0,28.0,10.5,normal
1697526600.49,47.225,1800.0,26.1,10.7,normal
1697526600.992,47.225,1800.0,2.5,10.7,normal
1697526601.495,46.251,1800.0,6.4,10.7,normal
1697526601.998,48.199,1800.0,3.5,10.7,normal
1697526602.5,47.712,1800.0,3.0,10.6,normal
1697526603.003,46.738,1800.0,4.9,10.7,normal
1697526603.505,45.764,1800.0,3.5,10.7,normal
1697526604.008,48.199,1800.0,3.0,10.6,normal
1697526604.51,47.225,1800.0,4.0,10.7,normal
1697526605.016,46.251,775.0,5.0,10.7,normal
1697526605.52,46.738,900.0,6.4,10.7,normal
1697526606.023,47.712,1800.0,21.9,10.3,normal
1697526606.526,48.199,1800.0,31.8,10.7,normal
1697526607.028,47.712,1800.0,4.9,10.7,normal
1697526607.531,48.199,1800.0,3.0,10.7,normal
1697526608.033,47.712,1800.0,3.0,10.7,normal
1697526608.536,46.738,1800.0,3.5,10.7,normal
1697526609.038,47.225,1800.0,4.9,10.7,normal
1697526609.541,46.738,1800.0,3.5,10.7,normal
1697526610.043,46.738,1800.0,4.0,10.7,normal
1697526610.546,46.251,1800.0,3.5,10.7,normal
1697526611.051,47.225,600.0,3.5,10.7,normal
1697526611.556,46.738,900.0,5.4,10.7,normal
1697526612.059,47.225,1800.0,25.9,10.4,normal
1697526612.562,47.712,1800.0,28.6,10.7,normal
1697526613.064,46.738,1800.0,3.0,10.7,normal
1697526613.567,48.199,1800.0,3.0,10.7,normal
1697526614.069,46.738,1800.0,2.0,10.7,normal
1697526614.572,48.199,1800.0,2.5,10.7,normal
1697526615.074,46.251,1800.0,3.5,10.7,normal
1697526615.577,47.225,1800.0,4.0,10.7,normal
1697526616.079,47.225,1800.0,3.0,10.7,normal
1697526616.582,47.225,1800.0,3.5,10.7,normal
1697526617.087,46.251,600.0,4.0,10.7,normal
1697526617.593,47.225,600.0,5.4,10.7,normal
1697526618.096,47.225,1800.0,18.1,10.3,normal
1697526618.599,48.199,1800.0,36.1,10.6,normal
1697526619.101,47.225,1800.0,3.5,10.6,normal
1697526619.604,47.225,1800.0,4.0,10.6,normal
1697526620.106,47.712,1800.0,4.5,10.6,normal
1697526620.609,46.738,1800.0,3.5,10.6,normal
1697526621.112,46.738,1800.0,2.5,10.6,normal
1697526621.614,47.225,1800.0,4.5,10.6,normal
1697526622.117,46.251,1800.0,3.0,10.6,normal
1697526622.619,46.738,1800.0,4.0,10.6,normal
1697526623.125,46.251,600.0,3.5,10.6,normal
1697526623.629,46.251,800.0,5.0,10.6,normal
1697526624.132,47.225,1800.0,12.9,10.1,normal
1697526624.636,48.199,1800.0,35.0,10.6,normal
1697526625.139,47.225,1800.0,11.9,10.7,normal
1697526625.641,46.251,1800.0,4.0,10.7,normal
1697526626.144,46.738,1800.0,3.0,10.7,normal
1697526626.646,45.764,1800.0,3.5,10.7,normal
1697526627.149,46.738,1800.0,3.0,10.7,normal
1697526627.651,46.738,1800.0,4.0,10.7,normal
1697526628.154,46.251,1800.0,3.5,10.7,normal
1697526628.656,45.277,1800.0,2.5,10.7,normal
1697526629.161,47.712,700.0,3.0,10.7,normal
1697526629.666,46.738,800.0,5.9,10.7,normal
1697526630.171,47.225,700.0,6.9,10.6,normal
1697526630.675,47.225,1800.0,29.7,10.5,normal
1697526631.177,47.712,1800.0,26.4,10.7,normal
1697526631.68,48.686,1800.0,3.0,10.7,normal
1697526632.182,47.225,1800.0,3.5,10.7,normal
1697526632.685,47.712,1800.0,3.0,10.7,normal
1697526633.187,47.225,1800.0,3.4,10.7,normal
1697526633.69,45.764,1800.0,4.5,10.7,normal
1697526634.192,46.738,1800.0,3.0,10.7,normal
1697526634.695,47.712,1800.0,3.5,10.7,normal
1697526635.197,46.251,1800.0,4.5,10.7,normal
1697526635.702,46.251,800.0,5.4,10.6,normal
1697526636.206,47.225,800.0,11.9,9.5,normal
1697526636.709,47.712,1800.0,27.5,10.5,normal
1697526637.211,48.199,1800.0,19.6,10.7,normal
1697526637.714,47.225,1800.0,3.0,10.7,normal
1697526638.216,47.712,1800.0,4.0,10.7,normal
1697526638.719,47.225,1800.0,3.5,10.7,normal
1697526639.222,47.712,1800.0,2.5,10.7,normal
1697526639.724,47.225,1800.0,4.4,10.7,normal
1697526640.227,48.199,1800.0,5.0,10.7,normal
1697526640.729,47.712,1800.0,3.5,10.7,normal
1697526641.234,47.225,700.0,3.5,10.7,normal
1697526641.74,46.738,600.0,4.0,10.7,normal
1697526642.243,46.738,1800.0,14.9,10.1,normal
1697526642.746,48.199,1800.0,37.0,10.6,normal
1697526643.249,47.712,1800.0,6.5,10.6,normal
1697526643.751,47.225,1800.0,3.0,10.6,normal
1697526644.254,47.712,1800.0,3.5,10.6,normal
1697526644.757,47.225,1800.0,3.5,10.7,normal
1697526645.259,47.225,1800.0,3.5,10.7,normal
1697526645.762,47.225,1800.0,3.5,10.7,normal
1697526646.264,47.712,1800.0,4.0,10.7,normal
1697526646.767,46.251,1800.0,0.5,10.7,normal
1697526647.273,46.251,750.0,2.5,10.7,normal
1697526647.776,47.225,1800.0,6.4,10.7,normal
1697526648.279,47.712,1800.0,17.0,10.3,normal
1697526648.781,47.712,1800.0,35.7,10.7,normal
1697526649.284,45.764,1800.0,5.5,10.7,normal
1697526649.787,46.738,1800.0,3.5,10.7,normal
1697526650.289,47.225,1800.0,4.5,10.7,normal
1697526650.792,47.225,1800.0,3.5,10.7,normal
1697526651.294,46.738,1800.0,5.0,10.7,normal
1697526651.797,47.225,1800.0,2.5,10.7,normal
1697526652.3,46.738,1800.0,3.5,10.7,normal
1697526652.805,47.712,600.0,3.0,10.7,normal
1697526653.311,46.251,600.0,5.4,10.6,normal
1697526653.819,46.738,600.0,5.0,10.7,normal
1697526654.324,47.225,1800.0,26.2,10.4,normal
1697526654.827,47.712,1800.0,27.5,10.7,normal
1697526655.33,46.251,1800.0,4.5,10.7,normal
1697526655.833,48.199,1800.0,2.5,10.7,normal
1697526656.337,47.225,1800.0,2.5,10.7,normal
1697526656.839,47.225,1800.0,2.5,10.7,normal
1697526657.342,45.764,1800.0,4.0,10.7,normal
1697526657.845,46.738,1800.0,4.0,10.7,normal
1697526658.347,47.225,1800.0,3.0,10.7,normal
1697526658.85,47.225,1800.0,3.5,10.7,normal
1697526659.356,47.712,600.0,5.0,10.7,normal
1697526659.862,46.738,600.0,5.4,10.7,normal
1697526660.365,47.225,1800.0,20.1,10.3,normal
1697526660.868,47.712,1800.0,34.5,10.7,normal
1697526661.371,46.738,1800.0,5.0,10.7,normal
1697526661.873,47.712,1800.0,4.0,10.7,normal
1697526662.376,47.712,1800.0,3.5,10.7,normal
1697526662.878,46.738,1800.0,4.0,10.7,normal
1697526663.381,46.251,1800.0,4.0,10.7,normal
1697526663.883,47.712,1800.0,3.5,10.7,normal
1697526664.386,45.764,1800.0,2.5,10.7,normal
1697526664.888,46.251,1800.0,4.5,10.7,normal
1697526665.394,46.251,600.0,4.9,10.7,normal
1697526665.899,47.225,900.0,5.5,10.7,normal
1697526666.401,45.764,1800.0,13.4,10.2,normal
1697526666.904,48.686,1800.0,39.6,10.6,normal
1697526667.407,47.712,1800.0,6.0,10.7,normal
1697526667.909,48.686,1800.0,3.5,10.7,normal
1697526668.412,47.225,1800.0,3.5,10.7,normal
1697526668.914,46.738,1800.0,4.9,10.7,normal
1697526669.417,46.738,1800.0,3.0,10.7,normal
1697526669.919,46.738,1800.0,4.0,10.7,normal
1697526670.422,46.738,1800.0,3.5,10.7,normal
1697526670.925,47.225,1800.0,4.5,10.7,normal
1697526671.429,46.251,800.0,3.0,10.7,normal
1697526671.934,46.738,600.0,4.9,10.7,normal
1697526672.44,45.764,800.0,6.4,10.5,normal
1697526672.943,47.712,1800.0,29.7,10.5,normal
1697526673.446,47.225,1800.0,23.4,10.7,normal
1697526673.948,47.712,1800.0,3.5,10.7,normal
1697526674.451,47.225,1800.0,4.4,10.7,normal
1697526674.953,47.225,1800.0,2.5,10.7,normal
1697526675.456,46.738,1800.0,5.0,10.7,normal
1697526675.959,47.225,1800.0,4.0,10.7,normal
1697526676.461,46.738,1800.0,3.0,10.7,normal
1697526676.964,46.738,1800.0,3.0,10.7,normal
1697526677.469,47.712,700.0,4.0,10.7,normal
1697526677.973,46.738,900.0,4.0,10.7,normal
1697526678.477,47.225,800.0,5.0,10.7,normal
1697526678.98,48.199,1800.0,25.5,10.4,normal
1697526679.482,46.251,1800.0,31.3,10.7,normal
1697526679.985,47.712,1800.0,2.5,10.7,normal
1697526680.487,46.251,1800.0,4.5,10.7,normal
1697526680.99,47.225,1800.0,3.5,10.7,normal
1697526681.493,46.738,1800.0,3.0,10.7,normal
1697526681.995,47.225,1800.0,4.5,10.7,normal
1697526682.498,47.225,1800.0,3.5,10.7,normal
1697526683.0,46.738,1800.0,3.5,10.7,normal
1697526683.503,46.251,1800.0,3.5,10.7,normal
1697526684.007,46.738,900.0,4.9,10.7,normal
1697526684.511,47.225,800.0,4.0,10.7,normal
1697526685.014,47.712,1800.0,16.0,10.3,normal
1697526685.517,48.199,1800.0,39.3,10.7,normal
1697526686.02,47.225,1800.0,4.5,10.7,normal
1697526686.522,47.225,1800.0,3.0,10.7,normal
1697526687.025,47.712,1800.0,3.0,10.7,normal
1697526687.527,46.738,1800.0,3.5,10.7,normal
1697526688.03,48.199,1800.0,3.5,10.7,normal
1697526688.532,46.738,1800.0,3.5,10.7,normal
1697526689.035,46.738,1800.0,3.5,10.7,normal
1697526689.538,46.738,1800.0,2.5,10.7,normal
1697526690.042,47.712,800.0,5.9,10.7,normal
1697526690.546,46.738,900.0,6.9,10.7,normal
1697526691.05,46.738,1800.0,10.4,9.8,normal
1697526691.557,46.738,1800.0,30.7,10.6,normal
1697526692.06,46.251,1800.0,15.5,10.7,normal
1697526692.563,46.251,1800.0,3.5,10.7,normal
1697526693.065,47.225,1800.0,3.0,10.7,normal
1697526693.568,47.225,1800.0,3.5,10.7,normal
1697526694.07,47.712,1800.0,3.5,10.7,normal
1697526694.573,46.738,1800.0,4.5,10.7,normal
1697526695.075,47.712,1800.0,3.5,10.7,normal
1697526695.578,46.251,1800.0,2.5,10.6,normal
1697526696.083,46.251,700.0,3.0,10.7,normal
1697526696.588,46.251,700.0,3.5,10.7,normal
1697526697.093,46.738,700.0,4.5,10.6,normal
1697526697.596,46.251,1800.0,27.4,10.5,normal
1697526698.099,46.738,1800.0,25.0,10.7,normal
1697526698.602,46.738,1800.0,3.0,10.7,normal
1697526699.104,46.738,1800.0,2.5,10.7,normal
1697526699.607,46.251,1800.0,3.4,10.7,normal
1697526700.109,47.225,1800.0,4.0,10.7,normal
1697526700.612,47.225,1800.0,3.0,10.7,normal
1697526701.115,46.738,1800.0,4.5,10.7,normal
1697526701.617,46.251,1800.0,2.5,10.7,normal
1697526702.12,47.225,1800.0,3.5,10.7,normal
1697526702.625,46.738,600.0,4.0,10.7,normal
1697526703.128,46.251,1800.0,10.9,9.6,normal
1697526703.631,47.712,1800.0,28.5,10.5,normal
1697526704.134,47.225,1800.0,19.6,10.7,normal
1697526704.636,46.738,1800.0,3.5,10.7,normal
1697526705.139,47.712,1800.0,5.9,10.7,normal
1697526705.641,47.225,1800.0,3.5,10.7,normal
1697526706.144,46.251,1800.0,3.5,10.7,normal
1697526706.647,46.738,1800.0,1.5,10.7,normal
1697526707.149,47.225,1800.0,3.0,10.7,normal
1697526707.652,47.225,1800.0,3.0,10.7,normal
1697526708.157,46.738,700.0,3.0,10.7,normal
1697526708.663,46.251,600.0,3.0,10.7,normal
1697526709.166,46.738,1800.0,18.8,10.1,normal
1697526709.669,48.199,1800.0,37.8,10.6,normal
1697526710.172,47.712,1800.0,9.9,10.7,normal
1697526710.675,47.225,1800.0,4.0,10.7,normal
1697526711.177,47.712,1800.0,3.5,10.7,normal
1697526711.68,46.738,1800.0,4.0,10.7,normal
1697526712.183,47.225,1800.0,3.5,10.7,normal
1697526712.685,46.738,1800.0,3.5,10.7,normal
1697526713.188,46.251,1800.0,3.0,10.7,normal
1697526713.69,47.225,1800.0,4.9,10.7,normal
1697526714.193,47.225,1800.0,2.5,10.7,normal
1697526714.698,47.225,800.0,4.5,10.7,normal
1697526715.204,46.738,900.0,7.9,10.6,normal
1697526715.707,47.225,1800.0,29.0,10.5,normal
1697526716.21,47.225,1800.0,24.4,10.7,normal
1697526716.712,47.712,1800.0,3.0,10.7,normal
1697526717.215,46.738,1800.0,3.9,10.7,normal
1697526717.718,46.738,1800.0,3.5,10.7,normal
1697526718.22,47.225,1800.0,4.0,10.7,normal
1697526718.723,46.738,1800.0,3.5,10.7,normal
1697526719.225,46.251,1800.0,3.0,10.7,normal
1697526719.727,46.738,1800.0,3.0,10.7,normal
1697526720.23,46.738,1800.0,5.0,10.7,normal
1697526720.734,47.225,800.0,5.9,10.7,normal
1697526721.238,46.738,1800.0,12.4,9.8,normal
1697526721.742,48.686,1800.0,32.5,10.6,normal
1697526722.245,47.225,1800.0,15.0,10.7,normal
1697526722.747,46.251,1800.0,3.0,10.7,normal
1697526723.25,47.225,1800.0,2.5,10.7,normal
1697526723.752,47.225,1800.0,3.0,10.7,normal
1697526724.255,46.738,1800.0,3.5,10.7,normal
1697526724.757,47.712,1800.0,3.0,10.7,normal
1697526725.26,47.225,1800.0,3.5,10.7,normal
1697526725.763,48.199,1800.0,3.5,10.7,normal
1697526726.267,47.225,700.0,2.5,10.7,normal
1697526726.773,47.225,600.0,8.3,10.7,normal
1697526727.278,46.738,800.0,4.5,10.7,normal
1697526727.781,47.712,1800.0,28.1,10.5,normal
1697526728.284,46.738,1800.0,25.5,10.6,normal
1697526728.786,47.712,1800.0,4.0,10.6,normal
1697526729.289,47.712,1800.0,4.0,10.6,normal
1697526729.791,47.712,1800.0,2.5,10.6,normal
1697526730.294,47.225,1800.0,4.0,10.6,normal
1697526730.797,46.251,1800.0,4.5,10.7,normal
1697526731.299,47.225,1800.0,3.0,10.7,normal
1697526731.802,47.225,1800.0,3.0,10.7,normal
1697526732.304,47.712,1800.0,3.0,10.7,normal
1697526732.81,46.738,600.0,5.4,10.7,normal
1697526733.314,46.738,900.0,9.0,9.7,normal
1697526733.817,47.225,1800.0,29.0,10.6,normal
1697526734.319,46.738,1800.0,21.1,10.7,normal
1697526734.822,47.225,1800.0,4.4,10.7,normal
1697526735.324,46.738,1800.0,5.0,10.7,normal
1697526735.827,47.712,1800.0,2.0,10.7,normal
1697526736.33,46.738,1800.0,4.9,10.7,normal
1697526736.832,46.738,1800.0,4.0,10.7,normal
1697526737.335,46.738,1800.0,4.0,10.7,normal
1697526737.838,46.738,1800.0,3.0,10.7,normal
1697526738.344,47.225,700.0,3.0,10.7,normal
1697526738.85,47.225,600.0,5.4,10.7,normal
1697526739.353,47.225,1800.0,13.0,10.1,normal
1697526739.855,48.199,1800.0,36.0,10.6,normal
1697526740.359,47.225,1800.0,8.0,10.7,normal
1697526740.862,47.712,1800.0,3.0,10.6,normal
1697526741.365,47.225,1800.0,3.0,10.7,normal
1697526741.867,47.225,1800.0,3.5,10.7,normal
1697526742.37,46.738,1800.0,2.5,10.7,normal
1697526742.873,47.225,1800.0,3.5,10.7,normal
1697526743.375,47.225,1800.0,4.0,10.7,normal
1697526743.878,47.225,1800.0,4.0,10.7,normal
1697526744.384,47.225,600.0,5.0,10.7,normal
1697526744.886,47.225,1800.0,5.4,10.7,normal
1697526745.389,46.738,1800.0,18.5,10.4,normal
1697526745.892,47.225,1800.0,34.2,10.7,normal
1697526746.394,47.712,1800.0,4.0,10.7,normal
1697526746.897,47.712,1800.0,4.0,10.7,normal
1697526747.399,47.712,1800.0,4.0,10.7,normal
1697526747.902,46.738,1800.0,3.5,10.7,normal
1697526748.405,47.712,1800.0,3.0,10.7,normal
1697526748.907,47.225,1800.0,4.9,10.7,normal
1697526749.41,47.712,1800.0,3.5,10.7,normal
1697526749.915,46.251,700.0,4.5,10.7,normal
1697526750.42,46.251,600.0,5.4,10.8,normal
1697526750.926,47.225,700.0,5.9,10.7,normal
1697526751.428,46.738,1800.0,24.9,10.5,normal
1697526751.931,47.712,1800.0,28.4,10.7,normal
1697526752.434,46.738,1800.0,3.5,10.7,normal
1697526752.936,47.225,1800.0,4.0,10.7,normal
1697526753.439,46.251,1800.0,4.0,10.7,normal
1697526753.941,47.712,1800.0,3.5,10.7,normal
1697526754.444,47.225,1800.0,3.0,10.7,normal
1697526754.946,47.712,1800.0,5.0,10.7,normal
1697526755.449,47.712,1800.0,4.5,10.8,normal
1697526755.952,47.225,1800.0,4.0,10.8,normal
1697526756.456,46.738,900.0,4.5,10.8,normal
1697526756.96,45.764,1000.0,6.4,10.6,normal
1697526757.463,47.225,1800.0,28.5,10.6,normal
1697526757.966,47.712,1800.0,23.0,10.7,normal
1697526758.468,47.712,1800.0,3.0,10.7,normal
1697526758.971,47.225,1800.0,4.5,10.7,normal
1697526759.473,47.225,1800.0,3.5,10.7,normal
1697526759.976,46.738,1800.0,3.5,10.7,normal
1697526760.478,46.738,1800.0,4.5,10.7,normal
1697526760.981,46.738,1800.0,4.0,10.7,normal
1697526761.483,47.225,1800.0,2.5,10.7,normal
1697526761.986,48.199,1800.0,3.9,10.7,normal
1697526762.49,46.738,900.0,4.5,10.7,normal
1697526762.994,45.764,900.0,5.0,10.7,normal
1697526763.498,47.712,1800.0,24.8,10.4,normal
1697526764.001,47.712,1800.0,30.3,10.7,normal
1697526764.503,47.225,1800.0,3.0,10.7,normal
1697526765.006,47.712,1800.0,4.5,10.7,normal
1697526765.508,47.225,1800.0,4.0,10.7,normal
1697526766.011,47.225,1800.0,3.0,10.7,normal
1697526766.513,47.712,1800.0,1.0,10.7,normal
1697526767.016,47.712,1800.0,2.5,10.7,normal
1697526767.519,47.712,1800.0,3.5,10.7,normal
1697526768.021,47.225,1800.0,2.0,10.7,normal
1697526768.526,47.225,650.0,2.5,10.7,normal
1697526769.03,46.251,1000.0,5.4,10.7,normal
1697526769.533,46.738,1800.0,15.0,10.3,normal
1697526770.036,48.686,1800.0,41.2,10.7,normal
1697526770.538,47.225,1800.0,4.0,10.7,normal
1697526771.041,47.225,1800.0,3.0,10.7,normal
1697526771.543,47.712,1800.0,3.5,10.7,normal
1697526772.046,46.738,1800.0,3.5,10.7,normal
1697526772.548,47.225,1800.0,3.5,10.7,normal
1697526773.051,46.738,1800.0,3.0,10.7,normal
1697526773.553,46.251,1800.0,4.5,10.7,normal
1697526774.056,48.199,1800.0,4.4,10.7,normal
1697526774.561,47.712,800.0,3.0,10.7,normal
1697526775.066,46.251,800.0,5.4,10.7,normal
1697526775.569,46.251,1800.0,10.9,9.9,normal
1697526776.073,47.712,1800.0,31.8,10.6,normal
1697526776.576,47.712,1800.0,14.9,10.6,normal
1697526777.079,48.199,1800.0,4.0,10.7,normal
1697526777.581,46.251,1800.0,3.5,10.7,normal
1697526778.084,46.251,1800.0,3.0,10.7,normal
1697526778.586,46.738,1800.0,3.5,10.7,normal
1697526779.089,47.712,1800.0,4.0,10.7,normal
1697526779.591,47.225,1800.0,3.5,10.7,normal
1697526780.094,46.738,1800.0,4.9,10.7,normal
1697526780.599,47.225,700.0,2.0,10.7,normal
1697526781.104,47.225,700.0,4.5,10.7,normal
1697526781.607,47.225,1800.0,15.6,10.2,normal
1697526782.109,47.712,1800.0,37.7,10.6,normal
1697526782.612,46.738,1800.0,5.0,10.6,normal
1697526783.115,47.712,1800.0,3.9,10.6,normal
1697526783.617,47.712,1800.0,3.0,10.6,normal
1697526784.12,47.225,1800.0,3.5,10.6,normal
1697526784.622,46.738,1800.0,3.4,10.7,normal
1697526785.125,48.199,1800.0,4.0,10.7,normal
1697526785.627,46.738,1800.0,3.0,10.7,normal
1697526786.13,47.225,1800.0,4.0,10.7,normal
1697526786.635,47.225,600.0,3.5,10.7,normal
1697526787.141,48.199,600.0,4.4,10.7,normal
1697526787.645,47.225,1800.0,10.9,9.7,normal
1697526788.149,47.225,1800.0,30.3,10.5,normal
1697526788.651,48.199,1800.0,18.2,10.6,normal
1697526789.154,47.712,1800.0,4.4,10.6,normal
1697526789.657,46.738,1800.0,3.0,10.6,normal
1697526790.159,46.738,1800.0,4.5,10.6,normal
1697526790.662,46.251,1800.0,4.0,10.6,normal
1697526791.164,46.251,1800.0,3.5,10.6,normal
1697526791.667,46.738,1800.0,3.5,10.7,normal
1697526792.169,47.225,1800.0,3.0,10.7,normal
1697526792.674,46.738,700.0,4.9,10.7,normal
1697526793.178,47.225,900.0,4.5,10.6,normal
1697526793.681,47.712,1800.0,16.0,10.1,normal
1697526794.184,46.738,1800.0,37.2,10.6,normal
1697526794.687,47.225,1800.0,6.5,10.7,normal
1697526795.19,46.738,1800.0,4.0,10.7,normal
1697526795.692,46.738,1800.0,3.0,10.7,normal
1697526796.195,46.738,1800.0,4.0,10.7,normal
1697526796.697,47.712,1800.0,5.5,10.7,normal
1697526797.2,47.712,1800.0,4.0,10.7,normal
